tail_number,deptime,year,quarter,month,dayofmonth,dayofweek,flightdate,marketing_airline_network,operated_or_branded_code_share_partners,dot_id_marketing_airline,iata_code_marketing_airline,flight_number_marketing_airline,originally_scheduled_code_share_airline,dot_id_originally_scheduled_code_share_airline,iata_code_originally_scheduled_code_share_airline,flight_num_originally_scheduled_code_share_airline,operating_airline ,dot_id_operating_airline,iata_code_operating_airline,flight_number_operating_airline,originairportid,originairportseqid,origincitymarketid,origin,origincityname,originstate,originstatefips,originstatename,originwac,destairportid,destairportseqid,destcitymarketid,dest,destcityname,deststate,deststatefips,deststatename,destwac,crsdeptime,depdelay,depdelayminutes,depdel15,departuredelaygroups,deptimeblk,taxiout,wheelsoff,wheelson,taxiin,crsarrtime,arrtime,arrdelay,arrdelayminutes,arrdel15,arrivaldelaygroups,arrtimeblk,cancelled,cancellationcode,diverted,crselapsedtime,actualelapsedtime,airtime,flights,distance,distancegroup,carrierdelay,weatherdelay,nasdelay,securitydelay,lateaircraftdelay,firstdeptime,totaladdgtime,longestaddgtime,divairportlandings,divreacheddest,divactualelapsedtime,divarrdelay,divdistance,div1airport,div1airportid,div1airportseqid,div1wheelson,div1totalgtime,div1longestgtime,div1wheelsoff,div1tailnum,div2airport,div2airportid,div2airportseqid,div2wheelson,div2totalgtime,div2longestgtime,div2wheelsoff,div2tailnum,div3airport,div3airportid,div3airportseqid,div3wheelson,div3totalgtime,div3longestgtime,div3wheelsoff,div3tailnum,div4airport,div4airportid,div4airportseqid,div4wheelson,div4totalgtime,div4longestgtime,div4wheelsoff,div4tailnum,div5airport,div5airportid,div5airportseqid,div5wheelson,div5totalgtime,div5longestgtime,div5wheelsoff,div5tailnum,duplicate,orig_tz_adjust,dest_tz_adjust,dep_hour,arr_hour,dep_15min,arr_15min,dep_15bin,arr_15bin,crs_dep_hour,crs_arr_hour,crs_dep_15min,crs_arr_15min,crs_dep_15bin,crs_arr_15bin,flight_val,true_flight_val,tail_flt_num,num_flts_tail,num_flts_after,tail_number,flt_name,dep_earliest_15bin,dep_latest_15bin,actual_tt_15bin,arr_earliest_15bin,arr_latest_15bin,prev_arr_15bin,cxn_time,transferable_delay,new_dep_15bin,new_arr_15bin,new_delay_15bin,new_delay_15bin_weighted
N10156,544.0,2019,2,5,2,4,2019-05-02,UA,UA_CODESHARE,19977,UA,4696,,,,,AX,20237,AX,4696,10627,1062702,30627,BIS,"Bismarck/Mandan, ND",ND,38,North Dakota,66,13930,1393007,30977,ORD,"Chicago, IL",IL,17,Illinois,41,550,-6.0,0.0,0.0,-1.0,0001-0559,36.0,620.0,757.0,15.0,815,812.0,-3.0,0.0,0.0,-1.0,0800-0859,0.0,,0.0,145.0,148.0,97.0,1.0,716.0,3,,,0.0,,0.0,,,,0,,,,,,,,,,,,,,,,,,,,,,,,,,,,,,,,,,,,,,,,,,,,,N,4.0,4.0,5.0,8.0,3.0,1.0,27.0,37.0,5,8,3.0,1.0,27.0,37.0,7,7,0,0.0,0.0,N10156,N10156-UA-0,27.0,39.0,10.0,37.0,49.0,,,0.0,27,37,0.0,0.0
N101HQ,718.0,2019,2,5,2,4,2019-05-02,AA,AA_CODESHARE,19805,AA,4689,,,,,YX,20452,YX,4689,10994,1099402,30994,CHS,"Charleston, SC",SC,45,South Carolina,37,11278,1127805,30852,DCA,"Washington, DC",VA,51,Virginia,38,724,-6.0,0.0,0.0,-1.0,0700-0759,12.0,730.0,834.0,7.0,859,841.0,-18.0,0.0,0.0,-2.0,0800-0859,0.0,,0.0,95.0,83.0,64.0,1.0,444.0,2,,,0.0,,0.0,,,,0,,,,,,,,,,,,,,,,,,,,,,,,,,,,,,,,,,,,,,,,,,,,,N,0.0,0.0,7.0,8.0,1.0,3.0,29.0,35.0,7,8,2.0,4.0,30.0,36.0,7,7,0,0.0,0.0,N101HQ,N101HQ-AA-0,30.0,41.0,6.0,36.0,47.0,,,0.0,30,36,0.0,0.0
N101NN,553.0,2019,2,5,2,4,2019-05-02,AA,AA,19805,AA,197,,,,,AA,19805,AA,197,10721,1072102,30721,BOS,"Boston, MA",MA,25,Massachusetts,13,12478,1247805,31703,JFK,"New York, NY",NY,36,New York,22,600,-7.0,0.0,0.0,-1.0,0600-0659,30.0,623.0,705.0,10.0,729,715.0,-14.0,0.0,0.0,-1.0,0700-0759,0.0,,0.0,89.0,82.0,42.0,1.0,187.0,1,,,0.0,,0.0,,,,0,,,,,,,,,,,,,,,,,,,,,,,,,,,,,,,,,,,,,,,,,,,,,N,0.0,0.0,5.0,7.0,4.0,1.0,24.0,29.0,6,7,0.0,2.0,24.0,30.0,4,4,0,1.0,1.0,N101NN,N101NN-AA-0,24.0,36.0,5.0,29.0,41.0,,,0.0,24,31,2.0,9.08
N101NN,917.0,2019,2,5,2,4,2019-05-02,AA,AA,19805,AA,1140,,,,,AA,19805,AA,1140,12478,1247805,31703,JFK,"New York, NY",NY,36,New York,22,10721,1072102,30721,BOS,"Boston, MA",MA,25,Massachusetts,13,925,-8.0,0.0,0.0,-1.0,0900-0959,45.0,1002.0,1046.0,12.0,1037,1058.0,21.0,21.0,1.0,1.0,1000-1059,0.0,,0.0,72.0,101.0,44.0,1.0,187.0,1,0.0,0.0,21.0,0.0,0.0,,,,0,,,,,,,,,,,,,,,,,,,,,,,,,,,,,,,,,,,,,,,,,,,,,N,0.0,0.0,9.0,10.0,1.0,4.0,37.0,44.0,9,10,2.0,2.0,38.0,42.0,6,6,1,1.0,0.0,N101NN,N101NN-AA-1,38.0,49.0,7.0,45.0,56.0,29.0,8.0,1.0,38,45,0.0,0.0
N102DU,709.0,2019,2,5,2,4,2019-05-02,DL,DL,19790,DL,862,,,,,DL,19790,DL,862,12266,1226603,31453,IAH,"Houston, TX",TX,48,Texas,74,12953,1295304,31703,LGA,"New York, NY",NY,36,New York,22,645,24.0,24.0,1.0,1.0,0600-0659,38.0,747.0,1154.0,8.0,1112,1202.0,50.0,50.0,1.0,3.0,1100-1159,0.0,,0.0,207.0,233.0,187.0,1.0,1416.0,6,24.0,0.0,26.0,0.0,0.0,,,,0,,,,,,,,,,,,,,,,,,,,,,,,,,,,,,,,,,,,,,,,,,,,,N,4.0,0.0,7.0,12.0,1.0,0.0,33.0,48.0,6,11,3.0,1.0,31.0,45.0,2,2,0,0.0,0.0,N102DU,N102DU-DL-0,31.0,45.0,15.0,46.0,60.0,,,2.0,33,48,2.0,4.78
N102HQ,550.0,2019,2,5,2,4,2019-05-02,AA,AA_CODESHARE,19805,AA,4657,,,,,YX,20452,YX,4657,13871,1387102,33316,OMA,"Omaha, NE",NE,31,Nebraska,65,14100,1410005,34100,PHL,"Philadelphia, PA",PA,42,Pennsylvania,23,600,-10.0,0.0,0.0,-1.0,0600-0659,16.0,606.0,937.0,7.0,957,944.0,-13.0,0.0,0.0,-1.0,0900-0959,0.0,,0.0,177.0,174.0,151.0,1.0,1088.0,5,,,0.0,,0.0,,,,0,,,,,,,,,,,,,,,,,,,,,,,,,,,,,,,,,,,,,,,,,,,,,N,4.0,0.0,5.0,9.0,3.0,3.0,27.0,39.0,6,9,0.0,4.0,28.0,40.0,7,7,0,0.0,0.0,N102HQ,N102HQ-AA-0,28.0,39.0,12.0,40.0,51.0,,,0.0,28,40,0.0,0.0
N102UW,725.0,2019,2,5,2,4,2019-05-02,AA,AA,19805,AA,431,,,,,AA,19805,AA,431,11278,1127805,30852,DCA,"Washington, DC",VA,51,Virginia,38,13204,1320402,31454,MCO,"Orlando, FL",FL,12,Florida,33,730,-5.0,0.0,0.0,-1.0,0700-0759,18.0,743.0,936.0,8.0,954,944.0,-10.0,0.0,0.0,-1.0,0900-0959,0.0,,0.0,144.0,139.0,113.0,1.0,759.0,4,,,0.0,,0.0,,,,0,,,,,,,,,,,,,,,,,,,,,,,,,,,,,,,,,,,,,,,,,,,,,N,0.0,0.0,7.0,9.0,2.0,3.0,30.0,39.0,7,9,2.0,4.0,30.0,40.0,7,7,0,0.0,0.0,N102UW,N102UW-AA-0,30.0,42.0,9.0,39.0,51.0,,,0.0,30,39,0.0,0.0
N103DU,728.0,2019,2,5,2,4,2019-05-02,DL,DL,19790,DL,2985,,,,,DL,19790,DL,2985,10721,1072102,30721,BOS,"Boston, MA",MA,25,Massachusetts,13,12953,1295304,31703,LGA,"New York, NY",NY,36,New York,22,730,-2.0,0.0,0.0,-1.0,0700-0759,18.0,746.0,837.0,8.0,856,845.0,-11.0,0.0,0.0,-1.0,0800-0859,0.0,,0.0,86.0,77.0,51.0,1.0,184.0,1,,,0.0,,0.0,,,,0,,,,,,,,,,,,,,,,,,,,,,,,,,,,,,,,,,,,,,,,,,,,,N,0.0,0.0,7.0,8.0,2.0,3.0,30.0,35.0,7,8,2.0,4.0,30.0,36.0,6,6,0,1.0,1.0,N103DU,N103DU-DL-0,30.0,42.0,5.0,35.0,47.0,,,0.0,30,35,0.0,0.0
N103DU,950.0,2019,2,5,2,4,2019-05-02,DL,DL,19790,DL,1799,,,,,DL,19790,DL,1799,12953,1295304,31703,LGA,"New York, NY",NY,36,New York,22,11298,1129806,30194,DFW,"Dallas/Fort Worth, TX",TX,48,Texas,74,950,0.0,0.0,0.0,0.0,0900-0959,32.0,1022.0,1249.0,39.0,1245,1328.0,43.0,43.0,1.0,2.0,1200-1259,0.0,,0.0,235.0,278.0,207.0,1.0,1389.0,6,0.0,0.0,43.0,0.0,0.0,,,,0,,,,,,,,,,,,,,,,,,,,,,,,,,,,,,,,,,,,,,,,,,,,,N,0.0,4.0,9.0,13.0,3.0,2.0,39.0,58.0,9,12,3.0,3.0,39.0,55.0,8,8,1,1.0,0.0,N103DU,N103DU-DL-1,39.0,51.0,19.0,58.0,70.0,35.0,4.0,3.0,40,59,1.0,8.32
N103HQ,555.0,2019,2,5,2,4,2019-05-02,AA,AA_CODESHARE,19805,AA,4542,,,,,YX,20452,YX,4542,13244,1324402,33244,MEM,"Memphis, TN",TN,47,Tennessee,54,11278,1127805,30852,DCA,"Washington, DC",VA,51,Virginia,38,600,-5.0,0.0,0.0,-1.0,0600-0659,14.0,609.0,851.0,4.0,914,855.0,-19.0,0.0,0.0,-2.0,0900-0959,0.0,,0.0,134.0,120.0,102.0,1.0,762.0,4,,,0.0,,0.0,,,,0,,,,,,,,,,,,,,,,,,,,,,,,,,,,,,,,,,,,,,,,,,,,,N,4.0,0.0,5.0,8.0,4.0,4.0,28.0,36.0,6,9,0.0,1.0,28.0,37.0,4,4,0,0.0,0.0,N103HQ,N103HQ-AA-0,28.0,40.0,8.0,36.0,48.0,,,0.0,28,36,0.0,0.0
N103SY,617.0,2019,2,5,2,4,2019-05-02,UA,UA_CODESHARE,19977,UA,5976,,,,,OO,20304,OO,5976,14869,1486903,34614,SLC,"Salt Lake City, UT",UT,49,Utah,87,14771,1477104,32457,SFO,"San Francisco, CA",CA,6,California,91,624,-7.0,0.0,0.0,-1.0,0600-0659,12.0,629.0,714.0,5.0,750,719.0,-31.0,0.0,0.0,-2.0,0700-0759,0.0,,0.0,146.0,122.0,105.0,1.0,599.0,3,,,0.0,,0.0,,,,0,,,,,,,,,,,,,,,,,,,,,,,,,,,,,,,,,,,,,,,,,,,,,N,8.0,12.0,6.0,7.0,1.0,1.0,33.0,41.0,6,7,2.0,3.0,34.0,43.0,6,6,0,0.0,0.0,N103SY,N103SY-UA-0,34.0,45.0,8.0,42.0,53.0,,,0.0,34,42,0.0,0.0
N104HQ,532.0,2019,2,5,2,4,2019-05-02,AA,AA_CODESHARE,19805,AA,4369,,,,,YX,20452,YX,4369,11995,1199502,31995,GSO,"Greensboro/High Point, NC",NC,37,North Carolina,36,14100,1410005,34100,PHL,"Philadelphia, PA",PA,42,Pennsylvania,23,539,-7.0,0.0,0.0,-1.0,0001-0559,19.0,551.0,655.0,11.0,711,706.0,-5.0,0.0,0.0,-1.0,0700-0759,0.0,,0.0,92.0,94.0,64.0,1.0,365.0,2,,,0.0,,0.0,,,,0,,,,,,,,,,,,,,,,,,,,,,,,,,,,,,,,,,,,,,,,,,,,,N,0.0,0.0,5.0,7.0,2.0,0.0,22.0,28.0,5,7,3.0,1.0,23.0,29.0,1,1,0,1.0,1.0,N104HQ,N104HQ-AA-0,23.0,34.0,6.0,29.0,40.0,,,0.0,23,29,0.0,0.0
N104HQ,757.0,2019,2,5,2,4,2019-05-02,AA,AA_CODESHARE,19805,AA,4581,,,,,YX,20452,YX,4581,14100,1410005,34100,PHL,"Philadelphia, PA",PA,42,Pennsylvania,23,13851,1385103,33851,OKC,"Oklahoma City, OK",OK,40,Oklahoma,73,800,-3.0,0.0,0.0,-1.0,0800-0859,26.0,823.0,1027.0,6.0,1039,1033.0,-6.0,0.0,0.0,-1.0,1000-1059,0.0,,0.0,219.0,216.0,184.0,1.0,1261.0,6,,,0.0,,0.0,,,,0,,,,,,,,,,,,,,,,,,,,,,,,,,,,,,,,,,,,,,,,,,,,,N,0.0,4.0,7.0,10.0,4.0,2.0,32.0,46.0,8,10,0.0,3.0,32.0,47.0,5,5,1,1.0,0.0,N104HQ,N104HQ-AA-1,32.0,44.0,14.0,46.0,58.0,28.0,4.0,0.0,33,47,1.0,5.3
N104NN,654.0,2019,2,5,2,4,2019-05-02,AA,AA,19805,AA,76,,,,,AA,19805,AA,76,12478,1247805,31703,JFK,"New York, NY",NY,36,New York,22,14771,1477104,32457,SFO,"San Francisco, CA",CA,6,California,91,700,-6.0,0.0,0.0,-1.0,0700-0759,19.0,713.0,1020.0,6.0,1037,1026.0,-11.0,0.0,0.0,-1.0,1000-1059,0.0,,0.0,397.0,392.0,367.0,1.0,2586.0,11,,,0.0,,0.0,,,,0,,,,,,,,,,,,,,,,,,,,,,,,,,,,,,,,,,,,,,,,,,,,,N,0.0,12.0,6.0,10.0,4.0,2.0,28.0,54.0,7,10,0.0,2.0,28.0,54.0,5,5,0,0.0,0.0,N104NN,N104NN-AA-0,28.0,40.0,26.0,54.0,66.0,,,0.0,28,54,0.0,0.0
N104UW,533.0,2019,2,5,2,4,2019-05-02,AA,AA,19805,AA,2071,,,,,AA,19805,AA,2071,10693,1069302,30693,BNA,"Nashville, TN",TN,47,Tennessee,54,11057,1105703,31057,CLT,"Charlotte, NC",NC,37,North Carolina,36,533,0.0,0.0,0.0,0.0,0001-0559,11.0,544.0,737.0,11.0,810,748.0,-22.0,0.0,0.0,-2.0,0800-0859,0.0,,0.0,97.0,75.0,53.0,1.0,328.0,2,,,0.0,,0.0,,,,0,,,,,,,,,,,,,,,,,,,,,,,,,,,,,,,,,,,,,,,,,,,,,N,4.0,0.0,5.0,7.0,2.0,3.0,26.0,31.0,5,8,2.0,1.0,26.0,33.0,3,3,0,1.0,1.0,N104UW,N104UW-AA-0,26.0,38.0,5.0,31.0,43.0,,,0.0,26,31,0.0,0.0
N104UW,826.0,2019,2,5,2,4,2019-05-02,AA,AA,19805,AA,1699,,,,,AA,19805,AA,1699,11057,1105703,31057,CLT,"Charlotte, NC",NC,37,North Carolina,36,11042,1104205,30647,CLE,"Cleveland, OH",OH,39,Ohio,44,747,39.0,39.0,1.0,2.0,0700-0759,15.0,841.0,948.0,3.0,929,951.0,22.0,22.0,1.0,1.0,0900-0959,0.0,,0.0,102.0,85.0,67.0,1.0,430.0,2,0.0,0.0,0.0,0.0,22.0,,,,0,,,,,,,,,,,,,,,,,,,,,,,,,,,,,,,,,,,,,,,,,,,,,N,0.0,0.0,8.0,9.0,2.0,3.0,34.0,39.0,7,9,3.0,2.0,31.0,38.0,2,2,1,1.0,0.0,N104UW,N104UW-AA-1,33.0,46.0,5.0,38.0,51.0,31.0,3.0,1.0,35,40,2.0,4.88
N10575,825.0,2019,2,5,2,4,2019-05-02,UA,UA_CODESHARE,19977,UA,4197,,,,,EV,20366,EV,4197,14814,1481402,30476,SHV,"Shreveport, LA",LA,22,Louisiana,72,12266,1226603,31453,IAH,"Houston, TX",TX,48,Texas,74,735,50.0,50.0,1.0,3.0,0700-0759,44.0,909.0,1005.0,9.0,840,1014.0,94.0,94.0,1.0,6.0,0800-0859,0.0,,0.0,65.0,109.0,56.0,1.0,192.0,1,0.0,0.0,94.0,0.0,0.0,,,,0,,,,,,,,,,,,,,,,,,,,,,,,,,,,,,,,,,,,,,,,,,,,,N,4.0,4.0,8.0,10.0,2.0,1.0,38.0,45.0,7,8,2.0,3.0,34.0,39.0,2,2,0,0.0,0.0,N10575,N10575-UA-0,34.0,50.0,7.0,41.0,57.0,,,6.0,34,49,8.0,32.36
N105DU,601.0,2019,2,5,2,4,2019-05-02,DL,DL,19790,DL,2545,,,,,DL,19790,DL,2545,12953,1295304,31703,LGA,"New York, NY",NY,36,New York,22,11298,1129806,30194,DFW,"Dallas/Fort Worth, TX",TX,48,Texas,74,600,1.0,1.0,0.0,0.0,0600-0659,18.0,619.0,913.0,9.0,844,922.0,38.0,38.0,1.0,2.0,0800-0859,0.0,,0.0,224.0,261.0,234.0,1.0,1389.0,6,0.0,0.0,38.0,0.0,0.0,,,,0,,,,,,,,,,,,,,,,,,,,,,,,,,,,,,,,,,,,,,,,,,,,,N,0.0,4.0,6.0,9.0,0.0,1.0,24.0,41.0,6,8,0.0,3.0,24.0,39.0,1,1,0,0.0,0.0,N105DU,N105DU-DL-0,24.0,36.0,17.0,41.0,53.0,,,3.0,24,41,0.0,0.0
N105HQ,705.0,2019,2,5,2,4,2019-05-02,AA,AA_CODESHARE,19805,AA,4626,,,,,YX,20452,YX,4626,15249,1524906,35249,TLH,"Tallahassee, FL",FL,12,Florida,33,11278,1127805,30852,DCA,"Washington, DC",VA,51,Virginia,38,711,-6.0,0.0,0.0,-1.0,0700-0759,11.0,716.0,857.0,4.0,913,901.0,-12.0,0.0,0.0,-1.0,0900-0959,0.0,,0.0,122.0,116.0,101.0,1.0,716.0,3,,,0.0,,0.0,,,,0,,,,,,,,,,,,,,,,,,,,,,,,,,,,,,,,,,,,,,,,,,,,,N,0.0,0.0,7.0,9.0,0.0,0.0,28.0,36.0,7,9,1.0,1.0,29.0,37.0,7,7,0,0.0,0.0,N105HQ,N105HQ-AA-0,29.0,40.0,8.0,37.0,48.0,,,0.0,29,37,0.0,0.0
N105SY,708.0,2019,2,5,2,4,2019-05-02,UA,UA_CODESHARE,19977,UA,5347,,,,,OO,20304,OO,5347,13487,1348702,31650,MSP,"Minneapolis, MN",MN,27,Minnesota,63,14771,1477104,32457,SFO,"San Francisco, CA",CA,6,California,91,715,-7.0,0.0,0.0,-1.0,0700-0759,20.0,728.0,927.0,3.0,955,930.0,-25.0,0.0,0.0,-2.0,0900-0959,0.0,,0.0,280.0,262.0,239.0,1.0,1589.0,7,,,0.0,,0.0,,,,0,,,,,,,,,,,,,,,,,,,,,,,,,,,,,,,,,,,,,,,,,,,,,N,4.0,12.0,7.0,9.0,1.0,2.0,33.0,50.0,7,9,1.0,4.0,33.0,52.0,5,5,0,0.0,0.0,N105SY,N105SY-UA-0,33.0,45.0,17.0,50.0,62.0,,,0.0,33,50,0.0,0.0
N105UW,747.0,2019,2,5,2,4,2019-05-02,AA,AA,19805,AA,833,,,,,AA,19805,AA,833,11057,1105703,31057,CLT,"Charlotte, NC",NC,37,North Carolina,36,11618,1161802,31703,EWR,"Newark, NJ",NJ,34,New Jersey,21,733,14.0,14.0,0.0,0.0,0700-0759,20.0,807.0,927.0,9.0,930,936.0,6.0,6.0,0.0,0.0,0900-0959,0.0,,0.0,117.0,109.0,80.0,1.0,529.0,3,,,0.0,,0.0,,,,0,,,,,,,,,,,,,,,,,,,,,,,,,,,,,,,,,,,,,,,,,,,,,N,0.0,0.0,7.0,9.0,3.0,2.0,31.0,38.0,7,9,2.0,2.0,30.0,38.0,7,7,0,0.0,0.0,N105UW,N105UW-AA-0,31.0,43.0,7.0,38.0,50.0,,,0.0,31,38,0.0,0.0
N106DU,653.0,2019,2,5,2,4,2019-05-02,DL,DL,19790,DL,998,,,,,DL,19790,DL,998,11298,1129806,30194,DFW,"Dallas/Fort Worth, TX",TX,48,Texas,74,12953,1295304,31703,LGA,"New York, NY",NY,36,New York,22,700,-7.0,0.0,0.0,-1.0,0700-0759,36.0,729.0,1129.0,5.0,1131,1134.0,3.0,3.0,0.0,0.0,1100-1159,0.0,,0.0,211.0,221.0,180.0,1.0,1389.0,6,,,0.0,,0.0,,,,0,,,,,,,,,,,,,,,,,,,,,,,,,,,,,,,,,,,,,,,,,,,,,N,4.0,0.0,6.0,11.0,4.0,2.0,32.0,46.0,7,11,0.0,2.0,32.0,46.0,7,7,0,1.0,1.0,N106DU,N106DU-DL-0,32.0,44.0,14.0,46.0,58.0,,,0.0,32,46,0.0,0.0
N106DU,1423.0,2019,2,5,2,4,2019-05-02,DL,DL,19790,DL,2109,,,,,DL,19790,DL,2109,12953,1295304,31703,LGA,"New York, NY",NY,36,New York,22,11298,1129806,30194,DFW,"Dallas/Fort Worth, TX",TX,48,Texas,74,745,398.0,398.0,1.0,12.0,0700-0759,14.0,1437.0,1658.0,16.0,1030,1714.0,404.0,404.0,1.0,12.0,1000-1059,0.0,,0.0,225.0,231.0,201.0,1.0,1389.0,6,398.0,0.0,6.0,0.0,0.0,,,,0,,,,,,,,,,,,,,,,,,,,,,,,,,,,,,,,,,,,,,,,,,,,,N,0.0,4.0,14.0,17.0,2.0,1.0,58.0,73.0,7,10,3.0,2.0,31.0,46.0,9,9,1,1.0,0.0,N106DU,N106DU-DL-1,58.0,70.0,15.0,73.0,85.0,46.0,12.0,0.0,58,73,0.0,0.0
N106HQ,549.0,2019,2,5,2,4,2019-05-02,AA,AA_CODESHARE,19805,AA,4616,,,,,YX,20452,YX,4616,10693,1069302,30693,BNA,"Nashville, TN",TN,47,Tennessee,54,11278,1127805,30852,DCA,"Washington, DC",VA,51,Virginia,38,556,-7.0,0.0,0.0,-1.0,0001-0559,15.0,604.0,824.0,18.0,846,842.0,-4.0,0.0,0.0,-1.0,0800-0859,0.0,,0.0,110.0,113.0,80.0,1.0,562.0,3,,,0.0,,0.0,,,,0,,,,,,,,,,,,,,,,,,,,,,,,,,,,,,,,,,,,,,,,,,,,,N,4.0,0.0,5.0,8.0,3.0,3.0,27.0,35.0,5,8,4.0,3.0,28.0,35.0,1,1,0,1.0,1.0,N106HQ,N106HQ-AA-0,28.0,39.0,8.0,36.0,47.0,,,0.0,28,36,0.0,0.0
N106HQ,922.0,2019,2,5,2,4,2019-05-02,AA,AA_CODESHARE,19805,AA,4465,,,,,YX,20452,YX,4465,11278,1127805,30852,DCA,"Washington, DC",VA,51,Virginia,38,12451,1245102,31136,JAX,"Jacksonville, FL",FL,12,Florida,33,927,-5.0,0.0,0.0,-1.0,0900-0959,14.0,936.0,1116.0,6.0,1132,1122.0,-10.0,0.0,0.0,-1.0,1100-1159,0.0,,0.0,125.0,120.0,100.0,1.0,634.0,3,,,0.0,,0.0,,,,0,,,,,,,,,,,,,,,,,,,,,,,,,,,,,,,,,,,,,,,,,,,,,N,0.0,0.0,9.0,11.0,1.0,1.0,37.0,45.0,9,11,2.0,2.0,38.0,46.0,1,1,1,1.0,0.0,N106HQ,N106HQ-AA-1,38.0,49.0,8.0,46.0,57.0,35.0,2.0,0.0,42,50,4.0,7.96
N107DU,608.0,2019,2,5,2,4,2019-05-02,DL,DL,19790,DL,2118,,,,,DL,19790,DL,2118,12953,1295304,31703,LGA,"New York, NY",NY,36,New York,22,12266,1226603,31453,IAH,"Houston, TX",TX,48,Texas,74,615,-7.0,0.0,0.0,-1.0,0600-0659,19.0,627.0,921.0,6.0,914,927.0,13.0,13.0,0.0,0.0,0900-0959,0.0,,0.0,239.0,259.0,234.0,1.0,1416.0,6,,,0.0,,0.0,,,,0,,,,,,,,,,,,,,,,,,,,,,,,,,,,,,,,,,,,,,,,,,,,,N,0.0,4.0,6.0,9.0,1.0,2.0,25.0,42.0,6,9,1.0,1.0,25.0,41.0,9,9,0,0.0,0.0,N107DU,N107DU-DL-0,25.0,37.0,17.0,42.0,54.0,,,0.0,27,45,3.0,29.52
N107HQ,747.0,2019,2,5,2,4,2019-05-02,AA,AA_CODESHARE,19805,AA,4400,,,,,YX,20452,YX,4400,11433,1143302,31295,DTW,"Detroit, MI",MI,26,Michigan,43,14100,1410005,34100,PHL,"Philadelphia, PA",PA,42,Pennsylvania,23,755,-8.0,0.0,0.0,-1.0,0700-0759,13.0,800.0,918.0,8.0,940,926.0,-14.0,0.0,0.0,-1.0,0900-0959,0.0,,0.0,105.0,99.0,78.0,1.0,453.0,2,,,0.0,,0.0,,,,0,,,,,,,,,,,,,,,,,,,,,,,,,,,,,,,,,,,,,,,,,,,,,N,0.0,0.0,7.0,9.0,3.0,2.0,31.0,38.0,7,9,4.0,3.0,32.0,39.0,3,3,0,0.0,0.0,N107HQ,N107HQ-AA-0,32.0,43.0,7.0,39.0,50.0,,,0.0,33,42,3.0,11.16
N107NN,757.0,2019,2,5,2,4,2019-05-02,AA,AA,19805,AA,1,,,,,AA,19805,AA,1,12478,1247805,31703,JFK,"New York, NY",NY,36,New York,22,12892,1289208,32575,LAX,"Los Angeles, CA",CA,6,California,91,800,-3.0,0.0,0.0,-1.0,0800-0859,17.0,814.0,1104.0,7.0,1127,1111.0,-16.0,0.0,0.0,-2.0,1100-1159,0.0,,0.0,387.0,374.0,350.0,1.0,2475.0,10,,,0.0,,0.0,,,,0,,,,,,,,,,,,,,,,,,,,,,,,,,,,,,,,,,,,,,,,,,,,,N,0.0,12.0,7.0,11.0,4.0,1.0,32.0,57.0,8,11,0.0,2.0,32.0,58.0,8,8,0,0.0,0.0,N107NN,N107NN-AA-0,32.0,44.0,25.0,57.0,69.0,,,0.0,32,57,0.0,0.0
N107SY,555.0,2019,2,5,2,4,2019-05-02,UA,UA_CODESHARE,19977,UA,5319,,,,,OO,20304,OO,5319,11884,1188402,31884,GEG,"Spokane, WA",WA,53,Washington,93,14771,1477104,32457,SFO,"San Francisco, CA",CA,6,California,91,602,-7.0,0.0,0.0,-1.0,0600-0659,15.0,610.0,750.0,4.0,825,754.0,-31.0,0.0,0.0,-2.0,0800-0859,0.0,,0.0,143.0,119.0,100.0,1.0,733.0,3,,,0.0,,0.0,,,,0,,,,,,,,,,,,,,,,,,,,,,,,,,,,,,,,,,,,,,,,,,,,,N,12.0,12.0,5.0,7.0,4.0,4.0,36.0,44.0,6,8,0.0,2.0,36.0,46.0,9,9,0,0.0,0.0,N107SY,N107SY-UA-0,36.0,48.0,8.0,44.0,56.0,,,0.0,36,44,0.0,0.0
N107US,757.0,2019,2,5,2,4,2019-05-02,AA,AA,19805,AA,832,,,,,AA,19805,AA,832,14100,1410005,34100,PHL,"Philadelphia, PA",PA,42,Pennsylvania,23,10693,1069302,30693,BNA,"Nashville, TN",TN,47,Tennessee,54,800,-3.0,0.0,0.0,-1.0,0800-0859,21.0,818.0,855.0,7.0,914,902.0,-12.0,0.0,0.0,-1.0,0900-0959,0.0,,0.0,134.0,125.0,97.0,1.0,675.0,3,,,0.0,,0.0,,,,0,,,,,,,,,,,,,,,,,,,,,,,,,,,,,,,,,,,,,,,,,,,,,N,0.0,4.0,7.0,9.0,4.0,0.0,32.0,40.0,8,9,0.0,1.0,32.0,41.0,2,2,0,0.0,0.0,N107US,N107US-AA-0,32.0,44.0,8.0,40.0,52.0,,,0.0,32,40,0.0,0.0
N108HQ,605.0,2019,2,5,2,4,2019-05-02,AA,AA_CODESHARE,19805,AA,4568,,,,,YX,20452,YX,4568,12217,1221702,30255,HSV,"Huntsville, AL",AL,1,Alabama,51,11278,1127805,30852,DCA,"Washington, DC",VA,51,Virginia,38,613,-8.0,0.0,0.0,-1.0,0600-0659,13.0,618.0,845.0,12.0,918,857.0,-21.0,0.0,0.0,-2.0,0900-0959,0.0,,0.0,125.0,112.0,87.0,1.0,613.0,3,,,0.0,,0.0,,,,0,,,,,,,,,,,,,,,,,,,,,,,,,,,,,,,,,,,,,,,,,,,,,N,4.0,0.0,6.0,8.0,0.0,4.0,28.0,36.0,6,9,1.0,1.0,29.0,37.0,3,3,0,0.0,0.0,N108HQ,N108HQ-AA-0,29.0,40.0,8.0,37.0,48.0,,,0.0,29,38,1.0,3.2
N108NN,748.0,2019,2,5,2,4,2019-05-02,AA,AA,19805,AA,1030,,,,,AA,19805,AA,1030,12478,1247805,31703,JFK,"New York, NY",NY,36,New York,22,10721,1072102,30721,BOS,"Boston, MA",MA,25,Massachusetts,13,755,-7.0,0.0,0.0,-1.0,0700-0759,20.0,808.0,848.0,11.0,909,859.0,-10.0,0.0,0.0,-1.0,0900-0959,0.0,,0.0,74.0,71.0,40.0,1.0,187.0,1,,,0.0,,0.0,,,,0,,,,,,,,,,,,,,,,,,,,,,,,,,,,,,,,,,,,,,,,,,,,,N,0.0,0.0,7.0,8.0,3.0,4.0,31.0,36.0,7,9,4.0,1.0,32.0,37.0,7,7,0,0.0,0.0,N108NN,N108NN-AA-0,32.0,43.0,5.0,37.0,48.0,,,0.0,32,37,0.0,0.0
N108SY,759.0,2019,2,5,2,4,2019-05-02,UA,UA_CODESHARE,19977,UA,5689,,,,,OO,20304,OO,5689,10693,1069302,30693,BNA,"Nashville, TN",TN,47,Tennessee,54,13930,1393007,30977,ORD,"Chicago, IL",IL,17,Illinois,41,807,-8.0,0.0,0.0,-1.0,0800-0859,16.0,815.0,934.0,38.0,1005,1012.0,7.0,7.0,0.0,0.0,1000-1059,0.0,,0.0,118.0,133.0,79.0,1.0,409.0,2,,,0.0,,0.0,,,,0,,,,,,,,,,,,,,,,,,,,,,,,,,,,,,,,,,,,,,,,,,,,,N,4.0,4.0,7.0,10.0,4.0,1.0,36.0,45.0,8,10,0.0,0.0,36.0,44.0,2,2,0,0.0,0.0,N108SY,N108SY-UA-0,36.0,48.0,9.0,45.0,57.0,,,0.0,36,45,0.0,0.0
N108UW,1259.0,2019,2,5,2,4,2019-05-02,AA,AA,19805,AA,798,,,,,AA,19805,AA,798,11278,1127805,30852,DCA,"Washington, DC",VA,51,Virginia,38,11057,1105703,31057,CLT,"Charlotte, NC",NC,37,North Carolina,36,830,269.0,269.0,1.0,12.0,0800-0859,20.0,1319.0,1411.0,10.0,1018,1421.0,243.0,243.0,1.0,12.0,1000-1059,0.0,,0.0,108.0,82.0,52.0,1.0,331.0,2,243.0,0.0,0.0,0.0,0.0,,,,0,,,,,,,,,,,,,,,,,,,,,,,,,,,,,,,,,,,,,,,,,,,,,N,0.0,0.0,12.0,14.0,4.0,1.0,52.0,57.0,8,10,2.0,1.0,34.0,41.0,6,6,0,0.0,0.0,N108UW,N108UW-AA-0,52.0,64.0,5.0,57.0,69.0,,,0.0,52,57,0.0,0.0
N109DU,717.0,2019,2,5,2,4,2019-05-02,DL,DL,19790,DL,621,,,,,DL,19790,DL,621,11298,1129806,30194,DFW,"Dallas/Fort Worth, TX",TX,48,Texas,74,11433,1143302,31295,DTW,"Detroit, MI",MI,26,Michigan,43,720,-3.0,0.0,0.0,-1.0,0700-0759,31.0,748.0,1047.0,10.0,1102,1057.0,-5.0,0.0,0.0,-1.0,1100-1159,0.0,,0.0,162.0,160.0,119.0,1.0,986.0,4,,,0.0,,0.0,,,,0,,,,,,,,,,,,,,,,,,,,,,,,,,,,,,,,,,,,,,,,,,,,,N,4.0,0.0,7.0,10.0,1.0,4.0,33.0,44.0,7,11,1.0,0.0,33.0,44.0,6,6,0,0.0,0.0,N109DU,N109DU-DL-0,33.0,45.0,11.0,44.0,56.0,,,0.0,33,44,0.0,0.0
N109HQ,603.0,2019,2,5,2,4,2019-05-02,AA,AA_CODESHARE,19805,AA,4530,,,,,YX,20452,YX,4530,10397,1039707,30397,ATL,"Atlanta, GA",GA,13,Georgia,34,11278,1127805,30852,DCA,"Washington, DC",VA,51,Virginia,38,609,-6.0,0.0,0.0,-1.0,0600-0659,13.0,616.0,734.0,23.0,759,757.0,-2.0,0.0,0.0,-1.0,0700-0759,0.0,,0.0,110.0,114.0,78.0,1.0,547.0,3,,,0.0,,0.0,,,,0,,,,,,,,,,,,,,,,,,,,,,,,,,,,,,,,,,,,,,,,,,,,,N,0.0,0.0,6.0,7.0,0.0,4.0,24.0,32.0,6,7,1.0,4.0,25.0,32.0,5,5,0,1.0,1.0,N109HQ,N109HQ-AA-0,25.0,36.0,8.0,33.0,44.0,,,0.0,25,33,0.0,0.0
N109HQ,845.0,2019,2,5,2,4,2019-05-02,AA,AA_CODESHARE,19805,AA,4417,,,,,YX,20452,YX,4417,11278,1127805,30852,DCA,"Washington, DC",VA,51,Virginia,38,12339,1233904,32337,IND,"Indianapolis, IN",IN,18,Indiana,42,850,-5.0,0.0,0.0,-1.0,0800-0859,26.0,911.0,1031.0,6.0,1050,1037.0,-13.0,0.0,0.0,-1.0,1000-1059,0.0,,0.0,120.0,112.0,80.0,1.0,500.0,3,,,0.0,,0.0,,,,0,,,,,,,,,,,,,,,,,,,,,,,,,,,,,,,,,,,,,,,,,,,,,N,0.0,0.0,8.0,10.0,3.0,2.0,35.0,42.0,8,10,3.0,3.0,35.0,43.0,4,4,1,1.0,0.0,N109HQ,N109HQ-AA-1,35.0,47.0,7.0,42.0,54.0,32.0,3.0,0.0,36,43,1.0,4.24
N109SY,648.0,2019,2,5,2,4,2019-05-02,UA,UA_CODESHARE,19977,UA,5308,,,,,OO,20304,OO,5308,13930,1393007,30977,ORD,"Chicago, IL",IL,17,Illinois,41,11057,1105703,31057,CLT,"Charlotte, NC",NC,37,North Carolina,36,655,-7.0,0.0,0.0,-1.0,0600-0659,17.0,705.0,938.0,12.0,955,950.0,-5.0,0.0,0.0,-1.0,0900-0959,0.0,,0.0,120.0,122.0,93.0,1.0,599.0,3,,,0.0,,0.0,,,,0,,,,,,,,,,,,,,,,,,,,,,,,,,,,,,,,,,,,,,,,,,,,,N,4.0,0.0,6.0,9.0,3.0,3.0,31.0,39.0,6,9,4.0,4.0,32.0,40.0,6,6,0,0.0,0.0,N109SY,N109SY-UA-0,32.0,43.0,8.0,40.0,51.0,,,0.0,32,40,0.0,0.0
N109UW,930.0,2019,2,5,2,4,2019-05-02,AA,AA,19805,AA,1798,,,,,AA,19805,AA,1798,11057,1105703,31057,CLT,"Charlotte, NC",NC,37,North Carolina,36,14492,1449202,34492,RDU,"Raleigh/Durham, NC",NC,37,North Carolina,36,925,5.0,5.0,0.0,0.0,0900-0959,20.0,950.0,1025.0,5.0,1025,1030.0,5.0,5.0,0.0,0.0,1000-1059,0.0,,0.0,60.0,60.0,35.0,1.0,130.0,1,,,0.0,,0.0,,,,0,,,,,,,,,,,,,,,,,,,,,,,,,,,,,,,,,,,,,,,,,,,,,N,0.0,0.0,9.0,10.0,2.0,2.0,38.0,42.0,9,10,2.0,2.0,38.0,42.0,1,1,0,0.0,0.0,N109UW,N109UW-AA-0,38.0,50.0,4.0,42.0,54.0,,,0.0,38,42,0.0,0.0
N110DU,1446.0,2019,2,5,2,4,2019-05-02,DL,DL,19790,DL,905,,,,,DL,19790,DL,905,11298,1129806,30194,DFW,"Dallas/Fort Worth, TX",TX,48,Texas,74,14869,1486903,34614,SLC,"Salt Lake City, UT",UT,49,Utah,87,828,378.0,378.0,1.0,12.0,0800-0859,36.0,1522.0,1649.0,6.0,1020,1655.0,395.0,395.0,1.0,12.0,1000-1059,0.0,,0.0,172.0,189.0,147.0,1.0,989.0,4,0.0,378.0,17.0,0.0,0.0,,,,0,,,,,,,,,,,,,,,,,,,,,,,,,,,,,,,,,,,,,,,,,,,,,N,4.0,8.0,14.0,16.0,3.0,4.0,63.0,76.0,8,10,2.0,1.0,38.0,49.0,9,9,0,0.0,0.0,N110DU,N110DU-DL-0,62.0,75.0,13.0,75.0,88.0,,,1.0,62,75,0.0,0.0
N110HQ,501.0,2019,2,5,2,4,2019-05-02,AA,AA_CODESHARE,19805,AA,4441,,,,,YX,20452,YX,4441,14730,1473003,33044,SDF,"Louisville, KY",KY,21,Kentucky,52,11057,1105703,31057,CLT,"Charlotte, NC",NC,37,North Carolina,36,507,-6.0,0.0,0.0,-1.0,0001-0559,24.0,525.0,624.0,6.0,634,630.0,-4.0,0.0,0.0,-1.0,0600-0659,0.0,,0.0,87.0,89.0,59.0,1.0,335.0,2,,,0.0,,0.0,,,,0,,,,,,,,,,,,,,,,,,,,,,,,,,,,,,,,,,,,,,,,,,,,,N,0.0,0.0,5.0,6.0,0.0,2.0,20.0,26.0,5,6,0.0,2.0,20.0,26.0,4,4,0,2.0,2.0,N110HQ,N110HQ-AA-0,20.0,32.0,6.0,26.0,38.0,,,0.0,20,26,0.0,0.0
N110HQ,741.0,2019,2,5,2,4,2019-05-02,AA,AA_CODESHARE,19805,AA,4529,,,,,YX,20452,YX,4529,11057,1105703,31057,CLT,"Charlotte, NC",NC,37,North Carolina,36,12124,1212402,32124,HHH,"Hilton Head, SC",SC,45,South Carolina,37,747,-6.0,0.0,0.0,-1.0,0700-0759,28.0,809.0,849.0,6.0,904,855.0,-9.0,0.0,0.0,-1.0,0900-0959,0.0,,0.0,77.0,74.0,40.0,1.0,207.0,1,,,0.0,,0.0,,,,0,,,,,,,,,,,,,,,,,,,,,,,,,,,,,,,,,,,,,,,,,,,,,N,0.0,0.0,7.0,8.0,3.0,4.0,31.0,36.0,7,9,3.0,0.0,31.0,36.0,7,7,1,2.0,1.0,N110HQ,N110HQ-AA-1,31.0,43.0,5.0,36.0,48.0,26.0,5.0,0.0,31,36,0.0,0.0
N110HQ,924.0,2019,2,5,2,4,2019-05-02,AA,AA_CODESHARE,19805,AA,4529,,,,,YX,20452,YX,4529,12124,1212402,32124,HHH,"Hilton Head, SC",SC,45,South Carolina,37,11057,1105703,31057,CLT,"Charlotte, NC",NC,37,North Carolina,36,934,-10.0,0.0,0.0,-1.0,0900-0959,18.0,942.0,1036.0,8.0,1050,1044.0,-6.0,0.0,0.0,-1.0,1000-1059,0.0,,0.0,76.0,80.0,54.0,1.0,207.0,1,,,0.0,,0.0,,,,0,,,,,,,,,,,,,,,,,,,,,,,,,,,,,,,,,,,,,,,,,,,,,N,0.0,0.0,9.0,10.0,2.0,3.0,38.0,43.0,9,10,2.0,3.0,38.0,43.0,4,4,2,2.0,0.0,N110HQ,N110HQ-AA-2,38.0,50.0,5.0,43.0,55.0,36.0,2.0,0.0,38,43,0.0,0.0
N110SY,554.0,2019,2,5,2,4,2019-05-02,UA,UA_CODESHARE,19977,UA,5816,,,,,OO,20304,OO,5816,10693,1069302,30693,BNA,"Nashville, TN",TN,47,Tennessee,54,11292,1129202,30325,DEN,"Denver, CO",CO,8,Colorado,82,610,-16.0,0.0,0.0,-2.0,0600-0659,18.0,612.0,756.0,9.0,822,805.0,-17.0,0.0,0.0,-2.0,0800-0859,0.0,,0.0,192.0,191.0,164.0,1.0,1014.0,5,,,0.0,,0.0,,,,0,,,,,,,,,,,,,,,,,,,,,,,,,,,,,,,,,,,,,,,,,,,,,N,4.0,8.0,5.0,8.0,4.0,0.0,28.0,40.0,6,8,1.0,1.0,29.0,41.0,2,2,0,0.0,0.0,N110SY,N110SY-UA-0,29.0,40.0,12.0,41.0,52.0,,,0.0,29,41,0.0,0.0
N110UW,656.0,2019,2,5,2,4,2019-05-02,AA,AA,19805,AA,1723,,,,,AA,19805,AA,1723,14683,1468305,33214,SAT,"San Antonio, TX",TX,48,Texas,74,14100,1410005,34100,PHL,"Philadelphia, PA",PA,42,Pennsylvania,23,700,-4.0,0.0,0.0,-1.0,0700-0759,14.0,710.0,1119.0,6.0,1135,1125.0,-10.0,0.0,0.0,-1.0,1100-1159,0.0,,0.0,215.0,209.0,189.0,1.0,1496.0,6,,,0.0,,0.0,,,,0,,,,,,,,,,,,,,,,,,,,,,,,,,,,,,,,,,,,,,,,,,,,,N,4.0,0.0,6.0,11.0,4.0,2.0,32.0,46.0,7,11,0.0,2.0,32.0,46.0,9,9,0,0.0,0.0,N110UW,N110UW-AA-0,32.0,44.0,14.0,46.0,58.0,,,0.0,32,46,0.0,0.0
N11106,831.0,2019,2,5,2,4,2019-05-02,UA,UA_CODESHARE,19977,UA,4747,,,,,AX,20237,AX,4747,13029,1302902,33029,LNK,"Lincoln, NE",NE,31,Nebraska,65,13930,1393007,30977,ORD,"Chicago, IL",IL,17,Illinois,41,600,151.0,151.0,1.0,10.0,0600-0659,6.0,837.0,943.0,11.0,758,954.0,116.0,116.0,1.0,7.0,0700-0759,0.0,,0.0,118.0,83.0,66.0,1.0,466.0,2,116.0,0.0,0.0,0.0,0.0,,,,0,,,,,,,,,,,,,,,,,,,,,,,,,,,,,,,,,,,,,,,,,,,,,N,4.0,4.0,8.0,9.0,2.0,4.0,38.0,44.0,6,7,0.0,4.0,28.0,36.0,7,7,0,0.0,0.0,N11106,N11106-UA-0,38.0,50.0,6.0,44.0,56.0,,,0.0,38,44,0.0,0.0
N11113,642.0,2019,2,5,2,4,2019-05-02,UA,UA_CODESHARE,19977,UA,4763,,,,,AX,20237,AX,4763,11540,1154005,30615,ELP,"El Paso, TX",TX,48,Texas,74,11292,1129202,30325,DEN,"Denver, CO",CO,8,Colorado,82,645,-3.0,0.0,0.0,-1.0,0600-0659,20.0,702.0,829.0,7.0,845,836.0,-9.0,0.0,0.0,-1.0,0800-0859,0.0,,0.0,120.0,114.0,87.0,1.0,563.0,3,,,0.0,,0.0,,,,0,,,,,,,,,,,,,,,,,,,,,,,,,,,,,,,,,,,,,,,,,,,,,N,8.0,8.0,6.0,8.0,3.0,2.0,35.0,42.0,6,8,3.0,3.0,35.0,43.0,9,9,0,0.0,0.0,N11113,N11113-UA-0,35.0,47.0,7.0,42.0,54.0,,,0.0,35,42,0.0,0.0
N11119,823.0,2019,2,5,2,4,2019-05-02,UA,UA_CODESHARE,19977,UA,4681,,,,,AX,20237,AX,4681,13930,1393007,30977,ORD,"Chicago, IL",IL,17,Illinois,41,15016,1501606,31123,STL,"St. Louis, MO",MO,29,Missouri,64,827,-4.0,0.0,0.0,-1.0,0800-0859,26.0,849.0,947.0,4.0,950,951.0,1.0,1.0,0.0,0.0,0900-0959,0.0,,0.0,83.0,88.0,58.0,1.0,258.0,2,,,0.0,,0.0,,,,0,,,,,,,,,,,,,,,,,,,,,,,,,,,,,,,,,,,,,,,,,,,,,N,4.0,4.0,8.0,9.0,2.0,3.0,38.0,43.0,8,9,2.0,3.0,38.0,43.0,4,4,0,0.0,0.0,N11119,N11119-UA-0,38.0,50.0,5.0,43.0,55.0,,,0.0,38,43,0.0,0.0
N11127,839.0,2019,2,5,2,4,2019-05-02,UA,UA_CODESHARE,19977,UA,4662,,,,,AX,20237,AX,4662,14730,1473003,33044,SDF,"Louisville, KY",KY,21,Kentucky,52,13930,1393007,30977,ORD,"Chicago, IL",IL,17,Illinois,41,842,-3.0,0.0,0.0,-1.0,0800-0859,36.0,915.0,920.0,11.0,920,931.0,11.0,11.0,0.0,0.0,0900-0959,0.0,,0.0,98.0,112.0,65.0,1.0,286.0,2,,,0.0,,0.0,,,,0,,,,,,,,,,,,,,,,,,,,,,,,,,,,,,,,,,,,,,,,,,,,,N,0.0,4.0,8.0,9.0,3.0,2.0,35.0,42.0,8,9,3.0,1.0,35.0,41.0,7,7,0,0.0,0.0,N11127,N11127-UA-0,35.0,47.0,7.0,42.0,54.0,,,0.0,35,42,0.0,0.0
N11137,725.0,2019,2,5,2,4,2019-05-02,UA,UA_CODESHARE,19977,UA,4766,,,,,AX,20237,AX,4766,14730,1473003,33044,SDF,"Louisville, KY",KY,21,Kentucky,52,11292,1129202,30325,DEN,"Denver, CO",CO,8,Colorado,82,725,0.0,0.0,0.0,0.0,0700-0759,12.0,737.0,822.0,5.0,835,827.0,-8.0,0.0,0.0,-1.0,0800-0859,0.0,,0.0,190.0,182.0,165.0,1.0,1024.0,5,,,0.0,,0.0,,,,0,,,,,,,,,,,,,,,,,,,,,,,,,,,,,,,,,,,,,,,,,,,,,N,0.0,8.0,7.0,8.0,2.0,2.0,30.0,42.0,7,8,2.0,2.0,30.0,42.0,1,1,0,0.0,0.0,N11137,N11137-UA-0,30.0,42.0,12.0,42.0,54.0,,,0.0,30,42,0.0,0.0
N11150,729.0,2019,2,5,2,4,2019-05-02,UA,UA_CODESHARE,19977,UA,4687,,,,,AX,20237,AX,4687,15016,1501606,31123,STL,"St. Louis, MO",MO,29,Missouri,64,11292,1129202,30325,DEN,"Denver, CO",CO,8,Colorado,82,715,14.0,14.0,0.0,0.0,0700-0759,16.0,745.0,856.0,6.0,844,902.0,18.0,18.0,1.0,1.0,0800-0859,0.0,,0.0,149.0,153.0,131.0,1.0,770.0,4,0.0,14.0,4.0,0.0,0.0,,,,0,,,,,,,,,,,,,,,,,,,,,,,,,,,,,,,,,,,,,,,,,,,,,N,4.0,8.0,7.0,9.0,2.0,0.0,34.0,44.0,7,8,1.0,3.0,33.0,43.0,1,1,0,0.0,0.0,N11150,N11150-UA-0,34.0,46.0,10.0,44.0,56.0,,,0.0,34,47,3.0,5.78
N11155,625.0,2019,2,5,2,4,2019-05-02,UA,UA_CODESHARE,19977,UA,4761,,,,,AX,20237,AX,4761,13476,1347605,34922,MRY,"Monterey, CA",CA,6,California,91,11292,1129202,30325,DEN,"Denver, CO",CO,8,Colorado,82,630,-5.0,0.0,0.0,-1.0,0600-0659,10.0,635.0,943.0,9.0,1011,952.0,-19.0,0.0,0.0,-2.0,1000-1059,0.0,,0.0,161.0,147.0,128.0,1.0,959.0,4,,,0.0,,0.0,,,,0,,,,,,,,,,,,,,,,,,,,,,,,,,,,,,,,,,,,,,,,,,,,,N,12.0,8.0,6.0,9.0,2.0,3.0,38.0,47.0,6,10,2.0,1.0,38.0,49.0,6,6,0,0.0,0.0,N11155,N11155-UA-0,38.0,50.0,9.0,47.0,59.0,,,0.0,38,47,0.0,0.0
N11164,630.0,2019,2,5,2,4,2019-05-02,UA,UA_CODESHARE,19977,UA,4240,,,,,EV,20366,EV,4240,11003,1100303,31003,CID,"Cedar Rapids/Iowa City, IA",IA,19,Iowa,61,13930,1393007,30977,ORD,"Chicago, IL",IL,17,Illinois,41,630,0.0,0.0,0.0,0.0,0600-0659,22.0,652.0,732.0,21.0,748,753.0,5.0,5.0,0.0,0.0,0700-0759,0.0,,0.0,78.0,83.0,40.0,1.0,196.0,1,,,0.0,,0.0,,,,0,,,,,,,,,,,,,,,,,,,,,,,,,,,,,,,,,,,,,,,,,,,,,N,4.0,4.0,6.0,7.0,2.0,4.0,30.0,36.0,6,7,2.0,3.0,30.0,35.0,3,3,0,1.0,1.0,N11164,N11164-UA-0,30.0,42.0,6.0,36.0,48.0,,,0.0,30,36,0.0,0.0
N11164,825.0,2019,2,5,2,4,2019-05-02,UA,UA_CODESHARE,19977,UA,4241,,,,,EV,20366,EV,4241,13930,1393007,30977,ORD,"Chicago, IL",IL,17,Illinois,41,11267,1126702,31267,DAY,"Dayton, OH",OH,39,Ohio,44,830,-5.0,0.0,0.0,-1.0,0800-0859,47.0,912.0,1100.0,7.0,1050,1107.0,17.0,17.0,1.0,1.0,1000-1059,0.0,,0.0,80.0,102.0,48.0,1.0,240.0,1,0.0,0.0,17.0,0.0,0.0,,,,0,,,,,,,,,,,,,,,,,,,,,,,,,,,,,,,,,,,,,,,,,,,,,N,4.0,0.0,8.0,11.0,2.0,0.0,38.0,44.0,8,10,2.0,3.0,38.0,43.0,9,9,1,1.0,0.0,N11164,N11164-UA-1,38.0,50.0,6.0,44.0,56.0,36.0,2.0,1.0,38,44,0.0,0.0
N11176,757.0,2019,2,5,2,4,2019-05-02,UA,UA_CODESHARE,19977,UA,4906,,,,,C5,20445,C5,4906,11618,1161802,31703,EWR,"Newark, NJ",NJ,34,New Jersey,21,15096,1509602,35096,SYR,"Syracuse, NY",NY,36,New York,22,805,-8.0,0.0,0.0,-1.0,0800-0859,27.0,824.0,905.0,11.0,930,916.0,-14.0,0.0,0.0,-1.0,0900-0959,0.0,,0.0,85.0,79.0,41.0,1.0,195.0,1,,,0.0,,0.0,,,,0,,,,,,,,,,,,,,,,,,,,,,,,,,,,,,,,,,,,,,,,,,,,,N,0.0,0.0,7.0,9.0,4.0,1.0,32.0,37.0,8,9,0.0,2.0,32.0,38.0,4,4,0,0.0,0.0,N11176,N11176-UA-0,32.0,44.0,5.0,37.0,49.0,,,0.0,32,37,0.0,0.0
N11181,557.0,2019,2,5,2,4,2019-05-02,UA,UA_CODESHARE,19977,UA,4931,,,,,C5,20445,C5,4931,11618,1161802,31703,EWR,"Newark, NJ",NJ,34,New Jersey,21,12264,1226402,30852,IAD,"Washington, DC",VA,51,Virginia,38,600,-3.0,0.0,0.0,-1.0,0600-0659,36.0,633.0,738.0,10.0,726,748.0,22.0,22.0,1.0,1.0,0700-0759,0.0,,0.0,86.0,111.0,65.0,1.0,212.0,1,0.0,0.0,22.0,0.0,0.0,,,,0,,,,,,,,,,,,,,,,,,,,,,,,,,,,,,,,,,,,,,,,,,,,,N,0.0,0.0,5.0,7.0,4.0,3.0,24.0,31.0,6,7,0.0,2.0,24.0,30.0,9,9,0,1.0,1.0,N11181,N11181-UA-0,24.0,36.0,7.0,31.0,43.0,,,1.0,24,31,0.0,0.0
N11181,854.0,2019,2,5,2,4,2019-05-02,UA,UA_CODESHARE,19977,UA,4988,,,,,C5,20445,C5,4988,12264,1226402,30852,IAD,"Washington, DC",VA,51,Virginia,38,13230,1323002,32070,MDT,"Harrisburg, PA",PA,42,Pennsylvania,23,845,9.0,9.0,0.0,0.0,0800-0859,26.0,920.0,943.0,2.0,940,945.0,5.0,5.0,0.0,0.0,0900-0959,0.0,,0.0,55.0,51.0,23.0,1.0,94.0,1,,,0.0,,0.0,,,,0,,,,,,,,,,,,,,,,,,,,,,,,,,,,,,,,,,,,,,,,,,,,,N,0.0,0.0,8.0,9.0,4.0,3.0,36.0,39.0,8,9,3.0,3.0,35.0,39.0,1,1,1,1.0,0.0,N11181,N11181-UA-1,36.0,48.0,3.0,39.0,51.0,31.0,5.0,0.0,41,44,5.0,11.86
N11184,545.0,2019,2,5,2,4,2019-05-02,UA,UA_CODESHARE,19977,UA,4011,,,,,EV,20366,EV,4011,11995,1199502,31995,GSO,"Greensboro/High Point, NC",NC,37,North Carolina,36,11618,1161802,31703,EWR,"Newark, NJ",NJ,34,New Jersey,21,600,-15.0,0.0,0.0,-1.0,0600-0659,13.0,558.0,700.0,9.0,744,709.0,-35.0,0.0,0.0,-2.0,0700-0759,0.0,,0.0,104.0,84.0,62.0,1.0,445.0,2,,,0.0,,0.0,,,,0,,,,,,,,,,,,,,,,,,,,,,,,,,,,,,,,,,,,,,,,,,,,,N,0.0,0.0,5.0,7.0,3.0,1.0,23.0,29.0,6,7,0.0,3.0,24.0,31.0,5,5,0,0.0,0.0,N11184,N11184-UA-0,24.0,35.0,6.0,30.0,41.0,,,0.0,25,32,2.0,11.0
N11187,738.0,2019,2,5,2,4,2019-05-02,UA,UA_CODESHARE,19977,UA,4887,,,,,C5,20445,C5,4887,13931,1393102,33667,ORF,"Norfolk, VA",VA,51,Virginia,38,11618,1161802,31703,EWR,"Newark, NJ",NJ,34,New Jersey,21,600,98.0,98.0,1.0,6.0,0600-0659,15.0,753.0,850.0,16.0,731,906.0,95.0,95.0,1.0,6.0,0700-0759,0.0,,0.0,91.0,88.0,57.0,1.0,284.0,2,0.0,95.0,0.0,0.0,0.0,,,,0,,,,,,,,,,,,,,,,,,,,,,,,,,,,,,,,,,,,,,,,,,,,,N,0.0,0.0,7.0,9.0,3.0,0.0,31.0,36.0,6,7,0.0,2.0,24.0,30.0,7,7,0,1.0,1.0,N11187,N11187-UA-0,31.0,43.0,5.0,36.0,48.0,,,0.0,31,36,0.0,0.0
N11187,929.0,2019,2,5,2,4,2019-05-02,UA,UA_CODESHARE,19977,UA,4987,,,,,C5,20445,C5,4987,11618,1161802,31703,EWR,"Newark, NJ",NJ,34,New Jersey,21,11995,1199502,31995,GSO,"Greensboro/High Point, NC",NC,37,North Carolina,36,930,-1.0,0.0,0.0,-1.0,0900-0959,24.0,953.0,1110.0,9.0,1121,1119.0,-2.0,0.0,0.0,-1.0,1100-1159,0.0,,0.0,111.0,110.0,77.0,1.0,445.0,2,,,0.0,,0.0,,,,0,,,,,,,,,,,,,,,,,,,,,,,,,,,,,,,,,,,,,,,,,,,,,N,0.0,0.0,9.0,11.0,2.0,1.0,38.0,45.0,9,11,2.0,1.0,38.0,45.0,5,5,1,1.0,0.0,N11187,N11187-UA-1,38.0,50.0,7.0,45.0,57.0,36.0,2.0,0.0,38,45,0.0,0.0
N11192,552.0,2019,2,5,2,4,2019-05-02,UA,UA_CODESHARE,19977,UA,4416,,,,,EV,20366,EV,4416,14685,1468502,34685,SAV,"Savannah, GA",GA,13,Georgia,34,11618,1161802,31703,EWR,"Newark, NJ",NJ,34,New Jersey,21,600,-8.0,0.0,0.0,-1.0,0600-0659,20.0,612.0,752.0,11.0,815,803.0,-12.0,0.0,0.0,-1.0,0800-0859,0.0,,0.0,135.0,131.0,100.0,1.0,708.0,3,,,0.0,,0.0,,,,0,,,,,,,,,,,,,,,,,,,,,,,,,,,,,,,,,,,,,,,,,,,,,N,0.0,0.0,5.0,8.0,3.0,0.0,23.0,32.0,6,8,0.0,1.0,24.0,33.0,6,6,0,1.0,1.0,N11192,N11192-UA-0,24.0,35.0,9.0,33.0,44.0,,,0.0,24,33,0.0,0.0
N11192,830.0,2019,2,5,2,4,2019-05-02,UA,UA_CODESHARE,19977,UA,4279,,,,,EV,20366,EV,4279,11618,1161802,31703,EWR,"Newark, NJ",NJ,34,New Jersey,21,11996,1199603,31871,GSP,"Greer, SC",SC,45,South Carolina,37,830,0.0,0.0,0.0,0.0,0800-0859,23.0,853.0,1021.0,4.0,1050,1025.0,-25.0,0.0,0.0,-2.0,1000-1059,0.0,,0.0,140.0,115.0,88.0,1.0,594.0,3,,,0.0,,0.0,,,,0,,,,,,,,,,,,,,,,,,,,,,,,,,,,,,,,,,,,,,,,,,,,,N,0.0,0.0,8.0,10.0,2.0,2.0,34.0,42.0,8,10,2.0,3.0,34.0,43.0,4,4,1,1.0,0.0,N11192,N11192-UA-1,34.0,46.0,8.0,42.0,54.0,32.0,2.0,0.0,35,43,1.0,4.18
N11193,750.0,2019,2,5,2,4,2019-05-02,UA,UA_CODESHARE,19977,UA,4882,,,,,C5,20445,C5,4882,10792,1079206,30792,BUF,"Buffalo, NY",NY,36,New York,22,11618,1161802,31703,EWR,"Newark, NJ",NJ,34,New Jersey,21,545,125.0,125.0,1.0,8.0,0001-0559,25.0,815.0,904.0,5.0,714,909.0,115.0,115.0,1.0,7.0,0700-0759,0.0,,0.0,89.0,79.0,49.0,1.0,282.0,2,0.0,115.0,0.0,0.0,0.0,,,,0,,,,,,,,,,,,,,,,,,,,,,,,,,,,,,,,,,,,,,,,,,,,,N,0.0,0.0,7.0,9.0,3.0,1.0,31.0,37.0,5,7,3.0,1.0,23.0,29.0,3,3,0,2.0,2.0,N11193,N11193-UA-0,31.0,43.0,6.0,37.0,49.0,,,0.0,31,37,0.0,0.0
N11193,934.0,2019,2,5,2,4,2019-05-02,UA,UA_CODESHARE,19977,UA,4969,,,,,C5,20445,C5,4969,11618,1161802,31703,EWR,"Newark, NJ",NJ,34,New Jersey,21,14307,1430705,30721,PVD,"Providence, RI",RI,44,Rhode Island,15,759,95.0,95.0,1.0,6.0,0700-0759,21.0,955.0,1025.0,7.0,906,1032.0,86.0,86.0,1.0,5.0,0900-0959,0.0,,0.0,67.0,58.0,30.0,1.0,160.0,1,1.0,0.0,0.0,0.0,85.0,,,,0,,,,,,,,,,,,,,,,,,,,,,,,,,,,,,,,,,,,,,,,,,,,,N,0.0,0.0,9.0,10.0,2.0,2.0,38.0,42.0,7,9,4.0,0.0,32.0,36.0,4,4,1,2.0,1.0,N11193,N11193-UA-1,32.0,50.0,4.0,36.0,54.0,37.0,1.0,6.0,32,36,0.0,0.0
N11193,1054.0,2019,2,5,2,4,2019-05-02,UA,UA_CODESHARE,19977,UA,4907,,,,,C5,20445,C5,4907,14307,1430705,30721,PVD,"Providence, RI",RI,44,Rhode Island,15,12264,1226402,30852,IAD,"Washington, DC",VA,51,Virginia,38,945,69.0,69.0,1.0,4.0,0900-0959,15.0,1109.0,1215.0,4.0,1125,1219.0,54.0,54.0,1.0,3.0,1100-1159,0.0,,0.0,100.0,85.0,66.0,1.0,371.0,2,0.0,0.0,0.0,0.0,54.0,,,,0,,,,,,,,,,,,,,,,,,,,,,,,,,,,,,,,,,,,,,,,,,,,,N,0.0,0.0,10.0,12.0,4.0,1.0,44.0,49.0,9,11,3.0,2.0,39.0,46.0,4,4,2,2.0,0.0,N11193,N11193-UA-2,40.0,56.0,5.0,45.0,61.0,42.0,2.0,4.0,40,45,0.0,0.0
N11194,723.0,2019,2,5,2,4,2019-05-02,UA,UA_CODESHARE,19977,UA,5008,,,,,C5,20445,C5,5008,11618,1161802,31703,EWR,"Newark, NJ",NJ,34,New Jersey,21,11193,1119302,33105,CVG,"Cincinnati, OH",KY,21,Kentucky,52,729,-6.0,0.0,0.0,-1.0,0700-0759,40.0,803.0,942.0,7.0,952,949.0,-3.0,0.0,0.0,-1.0,0900-0959,0.0,,0.0,143.0,146.0,99.0,1.0,569.0,3,,,0.0,,0.0,,,,0,,,,,,,,,,,,,,,,,,,,,,,,,,,,,,,,,,,,,,,,,,,,,N,0.0,0.0,7.0,9.0,2.0,3.0,30.0,39.0,7,9,2.0,3.0,30.0,39.0,2,2,0,0.0,0.0,N11194,N11194-UA-0,30.0,42.0,9.0,39.0,51.0,,,0.0,30,39,0.0,0.0
N11199,1007.0,2019,2,5,2,4,2019-05-02,UA,UA_CODESHARE,19977,UA,4999,,,,,C5,20445,C5,4999,11278,1127805,30852,DCA,"Washington, DC",VA,51,Virginia,38,11618,1161802,31703,EWR,"Newark, NJ",NJ,34,New Jersey,21,755,132.0,132.0,1.0,8.0,0700-0759,28.0,1035.0,1116.0,12.0,918,1128.0,130.0,130.0,1.0,8.0,0900-0959,0.0,,0.0,83.0,81.0,41.0,1.0,199.0,1,0.0,0.0,0.0,0.0,130.0,,,,0,,,,,,,,,,,,,,,,,,,,,,,,,,,,,,,,,,,,,,,,,,,,,N,0.0,0.0,10.0,11.0,0.0,2.0,40.0,46.0,7,9,4.0,1.0,32.0,37.0,2,2,0,0.0,0.0,N11199,N11199-UA-0,32.0,52.0,6.0,38.0,58.0,,,9.0,32,38,0.0,0.0
N111HQ,555.0,2019,2,5,2,4,2019-05-02,AA,AA_CODESHARE,19805,AA,4697,,,,,YX,20452,YX,4697,10785,1078502,30785,BTV,"Burlington, VT",VT,50,Vermont,16,11278,1127805,30852,DCA,"Washington, DC",VA,51,Virginia,38,607,-12.0,0.0,0.0,-1.0,0600-0659,14.0,609.0,726.0,11.0,759,737.0,-22.0,0.0,0.0,-2.0,0700-0759,0.0,,0.0,112.0,102.0,77.0,1.0,437.0,2,,,0.0,,0.0,,,,0,,,,,,,,,,,,,,,,,,,,,,,,,,,,,,,,,,,,,,,,,,,,,N,0.0,0.0,5.0,7.0,4.0,2.0,24.0,30.0,6,7,0.0,4.0,24.0,32.0,9,9,0,1.0,1.0,N111HQ,N111HQ-AA-0,24.0,36.0,6.0,30.0,42.0,,,0.0,24,30,0.0,0.0
N111HQ,836.0,2019,2,5,2,4,2019-05-02,AA,AA_CODESHARE,19805,AA,4428,,,,,YX,20452,YX,4428,11278,1127805,30852,DCA,"Washington, DC",VA,51,Virginia,38,14492,1449202,34492,RDU,"Raleigh/Durham, NC",NC,37,North Carolina,36,845,-9.0,0.0,0.0,-1.0,0800-0859,27.0,903.0,949.0,9.0,1003,958.0,-5.0,0.0,0.0,-1.0,1000-1059,0.0,,0.0,78.0,82.0,46.0,1.0,227.0,1,,,0.0,,0.0,,,,0,,,,,,,,,,,,,,,,,,,,,,,,,,,,,,,,,,,,,,,,,,,,,N,0.0,0.0,8.0,9.0,2.0,4.0,34.0,40.0,8,10,3.0,0.0,35.0,40.0,2,2,1,1.0,0.0,N111HQ,N111HQ-AA-1,35.0,46.0,6.0,41.0,52.0,30.0,4.0,0.0,37,43,2.0,4.96
N111US,525.0,2019,2,5,2,4,2019-05-02,AA,AA,19805,AA,544,,,,,AA,19805,AA,544,10721,1072102,30721,BOS,"Boston, MA",MA,25,Massachusetts,13,14100,1410005,34100,PHL,"Philadelphia, PA",PA,42,Pennsylvania,23,530,-5.0,0.0,0.0,-1.0,0001-0559,15.0,540.0,643.0,12.0,707,655.0,-12.0,0.0,0.0,-1.0,0700-0759,0.0,,0.0,97.0,90.0,63.0,1.0,280.0,2,,,0.0,,0.0,,,,0,,,,,,,,,,,,,,,,,,,,,,,,,,,,,,,,,,,,,,,,,,,,,N,0.0,0.0,5.0,6.0,2.0,4.0,22.0,28.0,5,7,2.0,0.0,22.0,28.0,2,2,0,0.0,0.0,N111US,N111US-AA-0,22.0,34.0,6.0,28.0,40.0,,,0.0,22,28,0.0,0.0
N112AN,554.0,2019,2,5,2,4,2019-05-02,AA,AA,19805,AA,171,,,,,AA,19805,AA,171,12478,1247805,31703,JFK,"New York, NY",NY,36,New York,22,12892,1289208,32575,LAX,"Los Angeles, CA",CA,6,California,91,600,-6.0,0.0,0.0,-1.0,0600-0659,21.0,615.0,921.0,6.0,931,927.0,-4.0,0.0,0.0,-1.0,0900-0959,0.0,,0.0,391.0,393.0,366.0,1.0,2475.0,10,,,0.0,,0.0,,,,0,,,,,,,,,,,,,,,,,,,,,,,,,,,,,,,,,,,,,,,,,,,,,N,0.0,12.0,5.0,9.0,4.0,2.0,24.0,50.0,6,9,0.0,2.0,24.0,50.0,3,3,0,0.0,0.0,N112AN,N112AN-AA-0,24.0,36.0,26.0,50.0,62.0,,,0.0,25,52,2.0,6.68
N112DU,838.0,2019,2,5,2,4,2019-05-02,DL,DL,19790,DL,511,,,,,DL,19790,DL,511,11433,1143302,31295,DTW,"Detroit, MI",MI,26,Michigan,43,11298,1129806,30194,DFW,"Dallas/Fort Worth, TX",TX,48,Texas,74,840,-2.0,0.0,0.0,-1.0,0800-0859,27.0,905.0,1106.0,6.0,1034,1112.0,38.0,38.0,1.0,2.0,1000-1059,0.0,,0.0,174.0,214.0,181.0,1.0,986.0,4,0.0,0.0,38.0,0.0,0.0,,,,0,,,,,,,,,,,,,,,,,,,,,,,,,,,,,,,,,,,,,,,,,,,,,N,0.0,4.0,8.0,11.0,3.0,1.0,35.0,49.0,8,10,3.0,2.0,35.0,46.0,1,1,0,0.0,0.0,N112DU,N112DU-DL-0,35.0,47.0,14.0,49.0,61.0,,,3.0,35,49,0.0,0.0
N112HQ,522.0,2019,2,5,2,4,2019-05-02,AA,AA_CODESHARE,19805,AA,4370,,,,,YX,20452,YX,4370,10868,1086803,30868,CAE,"Columbia, SC",SC,45,South Carolina,37,11057,1105703,31057,CLT,"Charlotte, NC",NC,37,North Carolina,36,526,-4.0,0.0,0.0,-1.0,0001-0559,9.0,531.0,600.0,6.0,626,606.0,-20.0,0.0,0.0,-2.0,0600-0659,0.0,,0.0,60.0,44.0,29.0,1.0,88.0,1,,,0.0,,0.0,,,,0,,,,,,,,,,,,,,,,,,,,,,,,,,,,,,,,,,,,,,,,,,,,,N,0.0,0.0,5.0,6.0,1.0,0.0,21.0,24.0,5,6,2.0,2.0,22.0,26.0,1,1,0,2.0,2.0,N112HQ,N112HQ-AA-0,22.0,33.0,3.0,25.0,36.0,,,0.0,22,25,0.0,0.0
N112HQ,725.0,2019,2,5,2,4,2019-05-02,AA,AA_CODESHARE,19805,AA,4638,,,,,YX,20452,YX,4638,11057,1105703,31057,CLT,"Charlotte, NC",NC,37,North Carolina,36,11066,1106606,31066,CMH,"Columbus, OH",OH,39,Ohio,44,729,-4.0,0.0,0.0,-1.0,0700-0759,19.0,744.0,856.0,4.0,857,900.0,3.0,3.0,0.0,0.0,0800-0859,0.0,,0.0,88.0,95.0,72.0,1.0,347.0,2,,,0.0,,0.0,,,,0,,,,,,,,,,,,,,,,,,,,,,,,,,,,,,,,,,,,,,,,,,,,,N,0.0,0.0,7.0,9.0,2.0,0.0,30.0,36.0,7,8,2.0,4.0,30.0,36.0,4,4,1,2.0,1.0,N112HQ,N112HQ-AA-1,30.0,42.0,6.0,36.0,48.0,24.0,6.0,0.0,31,37,1.0,4.16
N112HQ,930.0,2019,2,5,2,4,2019-05-02,AA,AA_CODESHARE,19805,AA,4638,,,,,YX,20452,YX,4638,11066,1106606,31066,CMH,"Columbus, OH",OH,39,Ohio,44,11057,1105703,31057,CLT,"Charlotte, NC",NC,37,North Carolina,36,930,0.0,0.0,0.0,0.0,0900-0959,12.0,942.0,1041.0,9.0,1105,1050.0,-15.0,0.0,0.0,-1.0,1100-1159,0.0,,0.0,95.0,80.0,59.0,1.0,347.0,2,,,0.0,,0.0,,,,0,,,,,,,,,,,,,,,,,,,,,,,,,,,,,,,,,,,,,,,,,,,,,N,0.0,0.0,9.0,10.0,2.0,3.0,38.0,43.0,9,11,2.0,0.0,38.0,44.0,6,6,2,2.0,0.0,N112HQ,N112HQ-AA-2,38.0,50.0,5.0,43.0,55.0,36.0,2.0,0.0,39,44,1.0,6.28
N112US,759.0,2019,2,5,2,4,2019-05-02,AA,AA,19805,AA,1866,,,,,AA,19805,AA,1866,14100,1410005,34100,PHL,"Philadelphia, PA",PA,42,Pennsylvania,23,10397,1039707,30397,ATL,"Atlanta, GA",GA,13,Georgia,34,800,-1.0,0.0,0.0,-1.0,0800-0859,31.0,830.0,1008.0,18.0,1014,1026.0,12.0,12.0,0.0,0.0,1000-1059,0.0,,0.0,134.0,147.0,98.0,1.0,666.0,3,,,0.0,,0.0,,,,0,,,,,,,,,,,,,,,,,,,,,,,,,,,,,,,,,,,,,,,,,,,,,N,0.0,0.0,7.0,10.0,4.0,2.0,32.0,42.0,8,10,0.0,1.0,32.0,41.0,6,6,0,0.0,0.0,N112US,N112US-AA-0,32.0,44.0,10.0,42.0,54.0,,,0.0,32,42,0.0,0.0
N113AN,852.0,2019,2,5,2,4,2019-05-02,AA,AA,19805,AA,331,,,,,AA,19805,AA,331,12478,1247805,31703,JFK,"New York, NY",NY,36,New York,22,12892,1289208,32575,LAX,"Los Angeles, CA",CA,6,California,91,900,-8.0,0.0,0.0,-1.0,0900-0959,31.0,923.0,1208.0,10.0,1233,1218.0,-15.0,0.0,0.0,-1.0,1200-1259,0.0,,0.0,393.0,386.0,345.0,1.0,2475.0,10,,,0.0,,0.0,,,,0,,,,,,,,,,,,,,,,,,,,,,,,,,,,,,,,,,,,,,,,,,,,,N,0.0,12.0,8.0,12.0,3.0,1.0,35.0,61.0,9,12,0.0,2.0,36.0,62.0,4,4,0,0.0,0.0,N113AN,N113AN-AA-0,36.0,47.0,26.0,62.0,73.0,,,0.0,37,63,1.0,4.16
N113HQ,522.0,2019,2,5,2,4,2019-05-02,AA,AA_CODESHARE,19805,AA,4681,,,,,YX,20452,YX,4681,12339,1233904,32337,IND,"Indianapolis, IN",IN,18,Indiana,42,14100,1410005,34100,PHL,"Philadelphia, PA",PA,42,Pennsylvania,23,517,5.0,5.0,0.0,0.0,0001-0559,11.0,533.0,659.0,8.0,709,707.0,-2.0,0.0,0.0,-1.0,0700-0759,0.0,,0.0,112.0,105.0,86.0,1.0,588.0,3,,,0.0,,0.0,,,,0,,,,,,,,,,,,,,,,,,,,,,,,,,,,,,,,,,,,,,,,,,,,,N,0.0,0.0,5.0,7.0,1.0,0.0,21.0,28.0,5,7,1.0,1.0,21.0,29.0,8,8,0,1.0,1.0,N113HQ,N113HQ-AA-0,21.0,33.0,7.0,28.0,40.0,,,0.0,21,28,0.0,0.0
N113HQ,855.0,2019,2,5,2,4,2019-05-02,AA,AA_CODESHARE,19805,AA,4459,,,,,YX,20452,YX,4459,14100,1410005,34100,PHL,"Philadelphia, PA",PA,42,Pennsylvania,23,12339,1233904,32337,IND,"Indianapolis, IN",IN,18,Indiana,42,900,-5.0,0.0,0.0,-1.0,0900-0959,37.0,932.0,1104.0,9.0,1116,1113.0,-3.0,0.0,0.0,-1.0,1100-1159,0.0,,0.0,136.0,138.0,92.0,1.0,588.0,3,,,0.0,,0.0,,,,0,,,,,,,,,,,,,,,,,,,,,,,,,,,,,,,,,,,,,,,,,,,,,N,0.0,0.0,8.0,11.0,4.0,1.0,36.0,45.0,9,11,0.0,1.0,36.0,45.0,2,2,1,1.0,0.0,N113HQ,N113HQ-AA-1,36.0,48.0,9.0,45.0,57.0,28.0,8.0,0.0,36,45,0.0,0.0
N113SY,649.0,2019,2,5,2,4,2019-05-02,UA,UA_CODESHARE,19977,UA,5604,,,,,OO,20304,OO,5604,11057,1105703,31057,CLT,"Charlotte, NC",NC,37,North Carolina,36,11292,1129202,30325,DEN,"Denver, CO",CO,8,Colorado,82,630,19.0,19.0,1.0,1.0,0600-0659,25.0,714.0,825.0,11.0,831,836.0,5.0,5.0,0.0,0.0,0800-0859,0.0,,0.0,241.0,227.0,191.0,1.0,1337.0,6,,,0.0,,0.0,,,,0,,,,,,,,,,,,,,,,,,,,,,,,,,,,,,,,,,,,,,,,,,,,,N,0.0,8.0,6.0,8.0,3.0,2.0,27.0,42.0,6,8,2.0,2.0,26.0,42.0,1,1,0,0.0,0.0,N113SY,N113SY-UA-0,27.0,39.0,15.0,42.0,54.0,,,0.0,27,42,0.0,0.0
N114SY,623.0,2019,2,5,2,4,2019-05-02,UA,UA_CODESHARE,19977,UA,5288,,,,,OO,20304,OO,5288,14524,1452401,34524,RIC,"Richmond, VA",VA,51,Virginia,38,11292,1129202,30325,DEN,"Denver, CO",CO,8,Colorado,82,625,-2.0,0.0,0.0,-1.0,0600-0659,14.0,637.0,814.0,7.0,840,821.0,-19.0,0.0,0.0,-2.0,0800-0859,0.0,,0.0,255.0,238.0,217.0,1.0,1482.0,6,,,0.0,,0.0,,,,0,,,,,,,,,,,,,,,,,,,,,,,,,,,,,,,,,,,,,,,,,,,,,N,0.0,8.0,6.0,8.0,2.0,1.0,26.0,41.0,6,8,2.0,3.0,26.0,43.0,5,5,0,0.0,0.0,N114SY,N114SY-UA-0,26.0,38.0,15.0,41.0,53.0,,,0.0,26,41,0.0,0.0
N114UW,646.0,2019,2,5,2,4,2019-05-02,AA,AA,19805,AA,1806,,,,,AA,19805,AA,1806,15304,1530402,33195,TPA,"Tampa, FL",FL,12,Florida,33,14100,1410005,34100,PHL,"Philadelphia, PA",PA,42,Pennsylvania,23,650,-4.0,0.0,0.0,-1.0,0600-0659,14.0,700.0,904.0,5.0,925,909.0,-16.0,0.0,0.0,-2.0,0900-0959,0.0,,0.0,155.0,143.0,124.0,1.0,920.0,4,,,0.0,,0.0,,,,0,,,,,,,,,,,,,,,,,,,,,,,,,,,,,,,,,,,,,,,,,,,,,N,0.0,0.0,6.0,9.0,3.0,1.0,27.0,37.0,6,9,3.0,2.0,27.0,38.0,9,9,0,0.0,0.0,N114UW,N114UW-AA-0,27.0,39.0,10.0,37.0,49.0,,,0.0,28,38,1.0,9.28
N11539,1135.0,2019,2,5,2,4,2019-05-02,UA,UA_CODESHARE,19977,UA,4252,,,,,EV,20366,EV,4252,12266,1226603,31453,IAH,"Houston, TX",TX,48,Texas,74,13198,1319801,33198,MCI,"Kansas City, MO",MO,29,Missouri,64,805,210.0,210.0,1.0,12.0,0800-0859,18.0,1153.0,1322.0,7.0,1005,1329.0,204.0,204.0,1.0,12.0,1000-1059,0.0,,0.0,120.0,114.0,89.0,1.0,643.0,3,0.0,204.0,0.0,0.0,0.0,,,,0,,,,,,,,,,,,,,,,,,,,,,,,,,,,,,,,,,,,,,,,,,,,,N,4.0,4.0,11.0,13.0,2.0,2.0,50.0,58.0,8,10,0.0,0.0,36.0,44.0,7,7,0,0.0,0.0,N11539,N11539-UA-0,50.0,62.0,8.0,58.0,70.0,,,0.0,50,58,0.0,0.0
N11544,921.0,2019,2,5,2,4,2019-05-02,UA,UA_CODESHARE,19977,UA,4286,,,,,EV,20366,EV,4286,13061,1306106,33038,LRD,"Laredo, TX",TX,48,Texas,74,12266,1226603,31453,IAH,"Houston, TX",TX,48,Texas,74,710,131.0,131.0,1.0,8.0,0700-0759,19.0,940.0,1034.0,11.0,826,1045.0,139.0,139.0,1.0,9.0,0800-0859,0.0,,0.0,76.0,84.0,54.0,1.0,301.0,2,0.0,0.0,139.0,0.0,0.0,,,,0,,,,,,,,,,,,,,,,,,,,,,,,,,,,,,,,,,,,,,,,,,,,,N,4.0,4.0,9.0,10.0,1.0,3.0,41.0,47.0,7,8,1.0,2.0,33.0,38.0,2,2,0,0.0,0.0,N11544,N11544-UA-0,33.0,53.0,6.0,39.0,59.0,,,9.0,33,49,10.0,45.26
N11548,631.0,2019,2,5,2,4,2019-05-02,UA,UA_CODESHARE,19977,UA,4357,,,,,EV,20366,EV,4357,15412,1541205,35412,TYS,"Knoxville, TN",TN,47,Tennessee,54,11618,1161802,31703,EWR,"Newark, NJ",NJ,34,New Jersey,21,640,-9.0,0.0,0.0,-1.0,0600-0659,12.0,643.0,819.0,13.0,837,832.0,-5.0,0.0,0.0,-1.0,0800-0859,0.0,,0.0,117.0,121.0,96.0,1.0,631.0,3,,,0.0,,0.0,,,,0,,,,,,,,,,,,,,,,,,,,,,,,,,,,,,,,,,,,,,,,,,,,,N,0.0,0.0,6.0,8.0,2.0,2.0,26.0,34.0,6,8,3.0,2.0,27.0,34.0,4,4,0,1.0,1.0,N11548,N11548-UA-0,27.0,38.0,8.0,35.0,46.0,,,0.0,27,35,0.0,0.0
N11548,857.0,2019,2,5,2,4,2019-05-02,UA,UA_CODESHARE,19977,UA,4096,,,,,EV,20366,EV,4096,11618,1161802,31703,EWR,"Newark, NJ",NJ,34,New Jersey,21,10792,1079206,30792,BUF,"Buffalo, NY",NY,36,New York,22,855,2.0,2.0,0.0,0.0,0800-0859,39.0,936.0,1026.0,9.0,1033,1035.0,2.0,2.0,0.0,0.0,1000-1059,0.0,,0.0,98.0,98.0,50.0,1.0,282.0,2,,,0.0,,0.0,,,,0,,,,,,,,,,,,,,,,,,,,,,,,,,,,,,,,,,,,,,,,,,,,,N,0.0,0.0,8.0,10.0,4.0,2.0,36.0,42.0,8,10,4.0,2.0,36.0,42.0,6,6,1,1.0,0.0,N11548,N11548-UA-1,36.0,48.0,6.0,42.0,54.0,34.0,2.0,0.0,37,43,1.0,6.28
N11551,538.0,2019,2,5,2,4,2019-05-02,UA,UA_CODESHARE,19977,UA,4426,,,,,EV,20366,EV,4426,14524,1452401,34524,RIC,"Richmond, VA",VA,51,Virginia,38,11618,1161802,31703,EWR,"Newark, NJ",NJ,34,New Jersey,21,545,-7.0,0.0,0.0,-1.0,0001-0559,17.0,555.0,637.0,11.0,710,648.0,-22.0,0.0,0.0,-2.0,0700-0759,0.0,,0.0,85.0,70.0,42.0,1.0,277.0,2,,,0.0,,0.0,,,,0,,,,,,,,,,,,,,,,,,,,,,,,,,,,,,,,,,,,,,,,,,,,,N,0.0,0.0,5.0,6.0,3.0,3.0,23.0,27.0,5,7,3.0,1.0,23.0,29.0,8,8,0,1.0,1.0,N11551,N11551-UA-0,23.0,35.0,4.0,27.0,39.0,,,0.0,23,27,0.0,0.0
N11551,757.0,2019,2,5,2,4,2019-05-02,UA,UA_CODESHARE,19977,UA,4144,,,,,EV,20366,EV,4144,11618,1161802,31703,EWR,"Newark, NJ",NJ,34,New Jersey,21,14576,1457606,34576,ROC,"Rochester, NY",NY,36,New York,22,759,-2.0,0.0,0.0,-1.0,0700-0759,21.0,818.0,904.0,6.0,930,910.0,-20.0,0.0,0.0,-2.0,0900-0959,0.0,,0.0,91.0,73.0,46.0,1.0,246.0,1,,,0.0,,0.0,,,,0,,,,,,,,,,,,,,,,,,,,,,,,,,,,,,,,,,,,,,,,,,,,,N,0.0,0.0,7.0,9.0,4.0,1.0,32.0,37.0,7,9,4.0,2.0,32.0,38.0,5,5,1,1.0,0.0,N11551,N11551-UA-1,32.0,44.0,5.0,37.0,49.0,27.0,5.0,0.0,32,37,0.0,0.0
N115HQ,558.0,2019,2,5,2,4,2019-05-02,AA,AA_CODESHARE,19805,AA,4375,,,,,YX,20452,YX,4375,13495,1349505,33495,MSY,"New Orleans, LA",LA,22,Louisiana,72,11278,1127805,30852,DCA,"Washington, DC",VA,51,Virginia,38,551,7.0,7.0,0.0,0.0,0001-0559,12.0,610.0,915.0,8.0,928,923.0,-5.0,0.0,0.0,-1.0,0900-0959,0.0,,0.0,157.0,145.0,125.0,1.0,969.0,4,,,0.0,,0.0,,,,0,,,,,,,,,,,,,,,,,,,,,,,,,,,,,,,,,,,,,,,,,,,,,N,4.0,0.0,5.0,9.0,4.0,2.0,28.0,38.0,5,9,3.0,2.0,27.0,38.0,3,3,0,0.0,0.0,N115HQ,N115HQ-AA-0,28.0,40.0,10.0,38.0,50.0,,,0.0,28,38,0.0,0.0
N115NN,715.0,2019,2,5,2,4,2019-05-02,AA,AA,19805,AA,211,,,,,AA,19805,AA,211,10721,1072102,30721,BOS,"Boston, MA",MA,25,Massachusetts,13,12892,1289208,32575,LAX,"Los Angeles, CA",CA,6,California,91,722,-7.0,0.0,0.0,-1.0,0700-0759,28.0,743.0,1055.0,17.0,1110,1112.0,2.0,2.0,0.0,0.0,1100-1159,0.0,,0.0,408.0,417.0,372.0,1.0,2611.0,11,,,0.0,,0.0,,,,0,,,,,,,,,,,,,,,,,,,,,,,,,,,,,,,,,,,,,,,,,,,,,N,0.0,12.0,7.0,11.0,1.0,1.0,29.0,57.0,7,11,1.0,1.0,29.0,57.0,1,1,0,0.0,0.0,N115NN,N115NN-AA-0,29.0,41.0,28.0,57.0,69.0,,,0.0,29,57,0.0,0.0
N116HQ,509.0,2019,2,5,2,4,2019-05-02,AA,AA_CODESHARE,19805,AA,4661,,,,,YX,20452,YX,4661,12339,1233904,32337,IND,"Indianapolis, IN",IN,18,Indiana,42,11057,1105703,31057,CLT,"Charlotte, NC",NC,37,North Carolina,36,517,-8.0,0.0,0.0,-1.0,0001-0559,16.0,525.0,638.0,11.0,651,649.0,-2.0,0.0,0.0,-1.0,0600-0659,0.0,,0.0,94.0,100.0,73.0,1.0,427.0,2,,,0.0,,0.0,,,,0,,,,,,,,,,,,,,,,,,,,,,,,,,,,,,,,,,,,,,,,,,,,,N,0.0,0.0,5.0,6.0,1.0,3.0,21.0,27.0,5,6,1.0,3.0,21.0,27.0,7,7,0,2.0,2.0,N116HQ,N116HQ-AA-0,21.0,33.0,6.0,27.0,39.0,,,0.0,21,27,0.0,0.0
N116HQ,736.0,2019,2,5,2,4,2019-05-02,AA,AA_CODESHARE,19805,AA,4367,,,,,YX,20452,YX,4367,11057,1105703,31057,CLT,"Charlotte, NC",NC,37,North Carolina,36,10693,1069302,30693,BNA,"Nashville, TN",TN,47,Tennessee,54,741,-5.0,0.0,0.0,-1.0,0700-0759,29.0,805.0,804.0,5.0,821,809.0,-12.0,0.0,0.0,-1.0,0800-0859,0.0,,0.0,100.0,93.0,59.0,1.0,328.0,2,,,0.0,,0.0,,,,0,,,,,,,,,,,,,,,,,,,,,,,,,,,,,,,,,,,,,,,,,,,,,N,0.0,4.0,7.0,8.0,2.0,1.0,30.0,37.0,7,8,3.0,1.0,31.0,37.0,3,3,1,2.0,1.0,N116HQ,N116HQ-AA-1,31.0,42.0,7.0,38.0,49.0,27.0,3.0,0.0,31,38,0.0,0.0
N116HQ,844.0,2019,2,5,2,4,2019-05-02,AA,AA_CODESHARE,19805,AA,4640,,,,,YX,20452,YX,4640,10693,1069302,30693,BNA,"Nashville, TN",TN,47,Tennessee,54,14100,1410005,34100,PHL,"Philadelphia, PA",PA,42,Pennsylvania,23,851,-7.0,0.0,0.0,-1.0,0800-0859,8.0,852.0,1136.0,3.0,1156,1139.0,-17.0,0.0,0.0,-2.0,1100-1159,0.0,,0.0,125.0,115.0,104.0,1.0,675.0,3,,,0.0,,0.0,,,,0,,,,,,,,,,,,,,,,,,,,,,,,,,,,,,,,,,,,,,,,,,,,,N,4.0,0.0,8.0,11.0,3.0,3.0,39.0,47.0,8,11,3.0,4.0,39.0,48.0,2,2,2,2.0,0.0,N116HQ,N116HQ-AA-2,39.0,51.0,8.0,47.0,59.0,37.0,2.0,0.0,40,48,1.0,2.22
N116SY,652.0,2019,2,5,2,4,2019-05-02,UA,UA_CODESHARE,19977,UA,5902,,,,,OO,20304,OO,5902,13930,1393007,30977,ORD,"Chicago, IL",IL,17,Illinois,41,12953,1295304,31703,LGA,"New York, NY",NY,36,New York,22,700,-8.0,0.0,0.0,-1.0,0700-0759,25.0,717.0,1003.0,5.0,1012,1008.0,-4.0,0.0,0.0,-1.0,1000-1059,0.0,,0.0,132.0,136.0,106.0,1.0,733.0,3,,,0.0,,0.0,,,,0,,,,,,,,,,,,,,,,,,,,,,,,,,,,,,,,,,,,,,,,,,,,,N,4.0,0.0,6.0,10.0,3.0,1.0,31.0,41.0,7,10,0.0,1.0,32.0,41.0,1,1,0,0.0,0.0,N116SY,N116SY-UA-0,32.0,43.0,10.0,42.0,53.0,,,0.0,32,42,0.0,0.0
N117AN,609.0,2019,2,5,2,4,2019-05-02,AA,AA,19805,AA,234,,,,,AA,19805,AA,234,14771,1477104,32457,SFO,"San Francisco, CA",CA,6,California,91,12478,1247805,31703,JFK,"New York, NY",NY,36,New York,22,615,-6.0,0.0,0.0,-1.0,0600-0659,16.0,625.0,1423.0,9.0,1458,1432.0,-26.0,0.0,0.0,-2.0,1400-1459,0.0,,0.0,343.0,323.0,298.0,1.0,2586.0,11,,,0.0,,0.0,,,,0,,,,,,,,,,,,,,,,,,,,,,,,,,,,,,,,,,,,,,,,,,,,,N,12.0,0.0,6.0,14.0,1.0,2.0,37.0,58.0,6,14,1.0,4.0,37.0,60.0,2,2,0,0.0,0.0,N117AN,N117AN-AA-0,37.0,49.0,21.0,58.0,70.0,,,0.0,37,58,0.0,0.0
N117HQ,559.0,2019,2,5,2,4,2019-05-02,AA,AA_CODESHARE,19805,AA,4331,,,,,YX,20452,YX,4331,11278,1127805,30852,DCA,"Washington, DC",VA,51,Virginia,38,12953,1295304,31703,LGA,"New York, NY",NY,36,New York,22,600,-1.0,0.0,0.0,-1.0,0600-0659,27.0,626.0,706.0,8.0,721,714.0,-7.0,0.0,0.0,-1.0,0700-0759,0.0,,0.0,81.0,75.0,40.0,1.0,214.0,1,,,0.0,,0.0,,,,0,,,,,,,,,,,,,,,,,,,,,,,,,,,,,,,,,,,,,,,,,,,,,N,0.0,0.0,5.0,7.0,4.0,1.0,24.0,29.0,6,7,0.0,1.0,24.0,29.0,9,9,0,1.0,1.0,N117HQ,N117HQ-AA-0,24.0,36.0,5.0,29.0,41.0,,,0.0,24,29,0.0,0.0
N117HQ,753.0,2019,2,5,2,4,2019-05-02,AA,AA_CODESHARE,19805,AA,4317,,,,,YX,20452,YX,4317,12953,1295304,31703,LGA,"New York, NY",NY,36,New York,22,11278,1127805,30852,DCA,"Washington, DC",VA,51,Virginia,38,800,-7.0,0.0,0.0,-1.0,0800-0859,34.0,827.0,913.0,5.0,928,918.0,-10.0,0.0,0.0,-1.0,0900-0959,0.0,,0.0,88.0,85.0,46.0,1.0,214.0,1,,,0.0,,0.0,,,,0,,,,,,,,,,,,,,,,,,,,,,,,,,,,,,,,,,,,,,,,,,,,,N,0.0,0.0,7.0,9.0,4.0,1.0,32.0,37.0,8,9,0.0,2.0,32.0,38.0,6,6,1,1.0,0.0,N117HQ,N117HQ-AA-1,32.0,44.0,5.0,37.0,49.0,29.0,3.0,0.0,32,37,0.0,0.0
N118HQ,830.0,2019,2,5,2,4,2019-05-02,AA,AA_CODESHARE,19805,AA,4382,,,,,YX,20452,YX,4382,14576,1457606,34576,ROC,"Rochester, NY",NY,36,New York,22,11057,1105703,31057,CLT,"Charlotte, NC",NC,37,North Carolina,36,503,207.0,207.0,1.0,12.0,0001-0559,15.0,845.0,1018.0,11.0,709,1029.0,200.0,200.0,1.0,12.0,0700-0759,0.0,,0.0,126.0,119.0,93.0,1.0,573.0,3,200.0,0.0,0.0,0.0,0.0,,,,0,,,,,,,,,,,,,,,,,,,,,,,,,,,,,,,,,,,,,,,,,,,,,N,0.0,0.0,8.0,10.0,2.0,2.0,34.0,42.0,5,7,0.0,1.0,20.0,29.0,9,9,0,0.0,0.0,N118HQ,N118HQ-AA-0,34.0,46.0,8.0,42.0,54.0,,,0.0,34,42,0.0,0.0
N118NN,516.0,2019,2,5,2,4,2019-05-02,AA,AA,19805,AA,1153,,,,,AA,19805,AA,1153,14107,1410702,30466,PHX,"Phoenix, AZ",AZ,4,Arizona,81,11298,1129806,30194,DFW,"Dallas/Fort Worth, TX",TX,48,Texas,74,520,-4.0,0.0,0.0,-1.0,0001-0559,15.0,531.0,922.0,10.0,939,932.0,-7.0,0.0,0.0,-1.0,0900-0959,0.0,,0.0,139.0,136.0,111.0,1.0,868.0,4,,,0.0,,0.0,,,,0,,,,,,,,,,,,,,,,,,,,,,,,,,,,,,,,,,,,,,,,,,,,,N,8.0,4.0,5.0,9.0,1.0,2.0,29.0,42.0,5,9,1.0,3.0,29.0,43.0,2,2,0,0.0,0.0,N118NN,N118NN-AA-0,29.0,41.0,13.0,42.0,54.0,,,0.0,29,42,0.0,0.0
N118SY,624.0,2019,2,5,2,4,2019-05-02,UA,UA_CODESHARE,19977,UA,5660,,,,,OO,20304,OO,5660,13342,1334207,33342,MKE,"Milwaukee, WI",WI,55,Wisconsin,45,11292,1129202,30325,DEN,"Denver, CO",CO,8,Colorado,82,631,-7.0,0.0,0.0,-1.0,0600-0659,38.0,702.0,822.0,9.0,826,831.0,5.0,5.0,0.0,0.0,0800-0859,0.0,,0.0,175.0,187.0,140.0,1.0,896.0,4,,,0.0,,0.0,,,,0,,,,,,,,,,,,,,,,,,,,,,,,,,,,,,,,,,,,,,,,,,,,,N,4.0,8.0,6.0,8.0,2.0,2.0,30.0,42.0,6,8,2.0,2.0,30.0,42.0,7,7,0,0.0,0.0,N118SY,N118SY-UA-0,30.0,42.0,12.0,42.0,54.0,,,0.0,30,42,0.0,0.0
N118US,737.0,2019,2,5,2,4,2019-05-02,AA,AA,19805,AA,632,,,,,AA,19805,AA,632,14307,1430705,30721,PVD,"Providence, RI",RI,44,Rhode Island,15,11057,1105703,31057,CLT,"Charlotte, NC",NC,37,North Carolina,36,743,-6.0,0.0,0.0,-1.0,0700-0759,12.0,749.0,933.0,11.0,1011,944.0,-27.0,0.0,0.0,-2.0,1000-1059,0.0,,0.0,148.0,127.0,104.0,1.0,683.0,3,,,0.0,,0.0,,,,0,,,,,,,,,,,,,,,,,,,,,,,,,,,,,,,,,,,,,,,,,,,,,N,0.0,0.0,7.0,9.0,2.0,3.0,30.0,39.0,7,10,3.0,1.0,31.0,41.0,8,8,0,0.0,0.0,N118US,N118US-AA-0,31.0,42.0,9.0,40.0,51.0,,,0.0,31,40,0.0,0.0
N119NN,554.0,2019,2,5,2,4,2019-05-02,AA,AA,19805,AA,2239,,,,,AA,19805,AA,2239,12892,1289208,32575,LAX,"Los Angeles, CA",CA,6,California,91,10721,1072102,30721,BOS,"Boston, MA",MA,25,Massachusetts,13,600,-6.0,0.0,0.0,-1.0,0600-0659,13.0,607.0,1349.0,8.0,1430,1357.0,-33.0,0.0,0.0,-2.0,1400-1459,0.0,,0.0,330.0,303.0,282.0,1.0,2611.0,11,,,0.0,,0.0,,,,0,,,,,,,,,,,,,,,,,,,,,,,,,,,,,,,,,,,,,,,,,,,,,N,12.0,0.0,5.0,13.0,4.0,4.0,36.0,56.0,6,14,0.0,2.0,36.0,58.0,1,1,0,0.0,0.0,N119NN,N119NN-AA-0,36.0,48.0,20.0,56.0,68.0,,,0.0,36,56,0.0,0.0
N119US,454.0,2019,2,5,2,4,2019-05-02,AA,AA,19805,AA,1837,,,,,AA,19805,AA,1837,15304,1530402,33195,TPA,"Tampa, FL",FL,12,Florida,33,11057,1105703,31057,CLT,"Charlotte, NC",NC,37,North Carolina,36,501,-7.0,0.0,0.0,-1.0,0001-0559,12.0,506.0,626.0,6.0,641,632.0,-9.0,0.0,0.0,-1.0,0600-0659,0.0,,0.0,100.0,98.0,80.0,1.0,507.0,3,,,0.0,,0.0,,,,0,,,,,,,,,,,,,,,,,,,,,,,,,,,,,,,,,,,,,,,,,,,,,N,0.0,0.0,4.0,6.0,4.0,2.0,20.0,26.0,5,6,0.0,3.0,20.0,27.0,8,8,0,1.0,1.0,N119US,N119US-AA-0,20.0,32.0,6.0,26.0,38.0,,,0.0,20,26,0.0,0.0
N119US,727.0,2019,2,5,2,4,2019-05-02,AA,AA,19805,AA,1930,,,,,AA,19805,AA,1930,11057,1105703,31057,CLT,"Charlotte, NC",NC,37,North Carolina,36,13495,1349505,33495,MSY,"New Orleans, LA",LA,22,Louisiana,72,730,-3.0,0.0,0.0,-1.0,0700-0759,13.0,740.0,815.0,3.0,834,818.0,-16.0,0.0,0.0,-2.0,0800-0859,0.0,,0.0,124.0,111.0,95.0,1.0,651.0,3,,,0.0,,0.0,,,,0,,,,,,,,,,,,,,,,,,,,,,,,,,,,,,,,,,,,,,,,,,,,,N,0.0,4.0,7.0,8.0,2.0,1.0,30.0,37.0,7,8,2.0,2.0,30.0,38.0,9,9,1,1.0,0.0,N119US,N119US-AA-1,30.0,42.0,7.0,37.0,49.0,26.0,4.0,0.0,30,37,0.0,0.0
N120SY,557.0,2019,2,5,2,4,2019-05-02,UA,UA_CODESHARE,19977,UA,5348,,,,,OO,20304,OO,5348,10140,1014005,30140,ABQ,"Albuquerque, NM",NM,35,New Mexico,86,14771,1477104,32457,SFO,"San Francisco, CA",CA,6,California,91,605,-8.0,0.0,0.0,-1.0,0600-0659,11.0,608.0,725.0,7.0,758,732.0,-26.0,0.0,0.0,-2.0,0700-0759,0.0,,0.0,173.0,155.0,137.0,1.0,896.0,4,,,0.0,,0.0,,,,0,,,,,,,,,,,,,,,,,,,,,,,,,,,,,,,,,,,,,,,,,,,,,N,8.0,12.0,5.0,7.0,4.0,2.0,32.0,42.0,6,7,0.0,4.0,32.0,44.0,6,6,0,0.0,0.0,N120SY,N120SY-UA-0,32.0,44.0,10.0,42.0,54.0,,,0.0,32,42,0.0,0.0
N12116,632.0,2019,2,5,2,4,2019-05-02,UA,UA,19977,UA,280,,,,,UA,19977,UA,280,11618,1161802,31703,EWR,"Newark, NJ",NJ,34,New Jersey,21,14747,1474703,30559,SEA,"Seattle, WA",WA,53,Washington,93,630,2.0,2.0,0.0,0.0,0600-0659,23.0,655.0,923.0,8.0,928,931.0,3.0,3.0,0.0,0.0,0900-0959,0.0,,0.0,358.0,359.0,328.0,1.0,2402.0,10,,,0.0,,0.0,,,,0,,,,,,,,,,,,,,,,,,,,,,,,,,,,,,,,,,,,,,,,,,,,,N,0.0,12.0,6.0,9.0,2.0,2.0,26.0,50.0,6,9,2.0,2.0,26.0,50.0,1,1,0,0.0,0.0,N12116,N12116-UA-0,26.0,38.0,24.0,50.0,62.0,,,0.0,26,50,0.0,0.0
N12125,554.0,2019,2,5,2,4,2019-05-02,UA,UA,19977,UA,1431,,,,,UA,19977,UA,1431,11618,1161802,31703,EWR,"Newark, NJ",NJ,34,New Jersey,21,12892,1289208,32575,LAX,"Los Angeles, CA",CA,6,California,91,600,-6.0,0.0,0.0,-1.0,0600-0659,26.0,620.0,923.0,6.0,905,929.0,24.0,24.0,1.0,1.0,0900-0959,0.0,,0.0,365.0,395.0,363.0,1.0,2454.0,10,0.0,0.0,24.0,0.0,0.0,,,,0,,,,,,,,,,,,,,,,,,,,,,,,,,,,,,,,,,,,,,,,,,,,,N,0.0,12.0,5.0,9.0,4.0,2.0,24.0,50.0,6,9,0.0,0.0,24.0,48.0,4,4,0,0.0,0.0,N12125,N12125-UA-0,24.0,36.0,26.0,50.0,62.0,,,2.0,24,50,0.0,0.0
N12126,652.0,2019,2,5,2,4,2019-05-02,UA,UA_CODESHARE,19977,UA,4614,,,,,AX,20237,AX,4614,11695,1169502,31695,FLG,"Flagstaff, AZ",AZ,4,Arizona,81,11292,1129202,30325,DEN,"Denver, CO",CO,8,Colorado,82,700,-8.0,0.0,0.0,-1.0,0700-0759,31.0,723.0,939.0,9.0,946,948.0,2.0,2.0,0.0,0.0,0900-0959,0.0,,0.0,106.0,116.0,76.0,1.0,503.0,3,,,0.0,,0.0,,,,0,,,,,,,,,,,,,,,,,,,,,,,,,,,,,,,,,,,,,,,,,,,,,N,8.0,8.0,6.0,9.0,3.0,3.0,35.0,47.0,7,9,0.0,3.0,36.0,47.0,5,5,0,0.0,0.0,N12126,N12126-UA-0,36.0,47.0,12.0,48.0,59.0,,,0.0,36,48,0.0,0.0
N12135,929.0,2019,2,5,2,4,2019-05-02,UA,UA_CODESHARE,19977,UA,4353,,,,,EV,20366,EV,4353,10185,1018502,30185,AEX,"Alexandria, LA",LA,22,Louisiana,72,12266,1226603,31453,IAH,"Houston, TX",TX,48,Texas,74,725,124.0,124.0,1.0,8.0,0700-0759,15.0,944.0,1035.0,12.0,827,1047.0,140.0,140.0,1.0,9.0,0800-0859,0.0,,0.0,62.0,78.0,51.0,1.0,190.0,1,0.0,0.0,140.0,0.0,0.0,,,,0,,,,,,,,,,,,,,,,,,,,,,,,,,,,,,,,,,,,,,,,,,,,,N,4.0,4.0,9.0,10.0,2.0,3.0,42.0,47.0,7,8,2.0,2.0,34.0,38.0,4,4,0,1.0,1.0,N12135,N12135-UA-0,34.0,54.0,5.0,39.0,59.0,,,9.0,34,45,6.0,34.78
N12135,1113.0,2019,2,5,2,4,2019-05-02,UA,UA_CODESHARE,19977,UA,4425,,,,,EV,20366,EV,4425,12266,1226603,31453,IAH,"Houston, TX",TX,48,Texas,74,15016,1501606,31123,STL,"St. Louis, MO",MO,29,Missouri,64,800,193.0,193.0,1.0,12.0,0800-0859,21.0,1134.0,1305.0,5.0,1009,1310.0,181.0,181.0,1.0,12.0,1000-1059,0.0,,0.0,129.0,117.0,91.0,1.0,667.0,3,0.0,41.0,0.0,0.0,140.0,,,,0,,,,,,,,,,,,,,,,,,,,,,,,,,,,,,,,,,,,,,,,,,,,,N,4.0,4.0,11.0,13.0,1.0,1.0,49.0,57.0,8,10,0.0,1.0,36.0,45.0,2,2,1,1.0,0.0,N12135,N12135-UA-1,40.0,61.0,8.0,48.0,69.0,47.0,2.0,9.0,41,49,1.0,2.38
N12136,702.0,2019,2,5,2,4,2019-05-02,UA,UA_CODESHARE,19977,UA,4791,,,,,AX,20237,AX,4791,15412,1541205,35412,TYS,"Knoxville, TN",TN,47,Tennessee,54,11292,1129202,30325,DEN,"Denver, CO",CO,8,Colorado,82,700,2.0,2.0,0.0,0.0,0700-0759,17.0,719.0,811.0,10.0,827,821.0,-6.0,0.0,0.0,-1.0,0800-0859,0.0,,0.0,207.0,199.0,172.0,1.0,1162.0,5,,,0.0,,0.0,,,,0,,,,,,,,,,,,,,,,,,,,,,,,,,,,,,,,,,,,,,,,,,,,,N,0.0,8.0,7.0,8.0,0.0,1.0,28.0,41.0,7,8,0.0,2.0,28.0,42.0,8,8,0,0.0,0.0,N12136,N12136-UA-0,28.0,40.0,13.0,41.0,53.0,,,0.0,28,41,0.0,0.0
N12142,712.0,2019,2,5,2,4,2019-05-02,UA,UA_CODESHARE,19977,UA,4786,,,,,AX,20237,AX,4786,14783,1478302,34783,SGF,"Springfield, MO",MO,29,Missouri,64,11292,1129202,30325,DEN,"Denver, CO",CO,8,Colorado,82,725,-13.0,0.0,0.0,-1.0,0700-0759,28.0,740.0,834.0,8.0,842,842.0,0.0,0.0,0.0,0.0,0800-0859,0.0,,0.0,137.0,150.0,114.0,1.0,637.0,3,,,0.0,,0.0,,,,0,,,,,,,,,,,,,,,,,,,,,,,,,,,,,,,,,,,,,,,,,,,,,N,4.0,8.0,7.0,8.0,1.0,3.0,33.0,43.0,7,8,2.0,3.0,34.0,43.0,2,2,0,0.0,0.0,N12142,N12142-UA-0,34.0,45.0,10.0,44.0,55.0,,,0.0,34,44,0.0,0.0
N12157,746.0,2019,2,5,2,4,2019-05-02,UA,UA_CODESHARE,19977,UA,4991,,,,,C5,20445,C5,4991,10431,1043105,30431,AVL,"Asheville, NC",NC,37,North Carolina,36,11618,1161802,31703,EWR,"Newark, NJ",NJ,34,New Jersey,21,755,-9.0,0.0,0.0,-1.0,0700-0759,24.0,810.0,940.0,11.0,959,951.0,-8.0,0.0,0.0,-1.0,0900-0959,0.0,,0.0,124.0,125.0,90.0,1.0,583.0,3,,,0.0,,0.0,,,,0,,,,,,,,,,,,,,,,,,,,,,,,,,,,,,,,,,,,,,,,,,,,,N,0.0,0.0,7.0,9.0,3.0,3.0,31.0,39.0,7,9,4.0,4.0,32.0,40.0,3,3,0,0.0,0.0,N12157,N12157-UA-0,32.0,43.0,8.0,40.0,51.0,,,0.0,32,40,0.0,0.0
N12160,755.0,2019,2,5,2,4,2019-05-02,UA,UA_CODESHARE,19977,UA,4928,,,,,C5,20445,C5,4928,10785,1078502,30785,BTV,"Burlington, VT",VT,50,Vermont,16,11618,1161802,31703,EWR,"Newark, NJ",NJ,34,New Jersey,21,800,-5.0,0.0,0.0,-1.0,0800-0859,35.0,830.0,918.0,4.0,924,922.0,-2.0,0.0,0.0,-1.0,0900-0959,0.0,,0.0,84.0,87.0,48.0,1.0,266.0,2,,,0.0,,0.0,,,,0,,,,,,,,,,,,,,,,,,,,,,,,,,,,,,,,,,,,,,,,,,,,,N,0.0,0.0,7.0,9.0,4.0,1.0,32.0,37.0,8,9,0.0,2.0,32.0,38.0,3,3,0,0.0,0.0,N12160,N12160-UA-0,32.0,44.0,5.0,37.0,49.0,,,0.0,32,38,1.0,3.3
N12175,553.0,2019,2,5,2,4,2019-05-02,UA,UA_CODESHARE,19977,UA,4880,,,,,C5,20445,C5,4880,11537,1153705,31537,ELM,"Elmira/Corning, NY",NY,36,New York,22,12264,1226402,30852,IAD,"Washington, DC",VA,51,Virginia,38,600,-7.0,0.0,0.0,-1.0,0600-0659,26.0,619.0,706.0,8.0,716,714.0,-2.0,0.0,0.0,-1.0,0700-0759,0.0,,0.0,76.0,81.0,47.0,1.0,224.0,1,,,0.0,,0.0,,,,0,,,,,,,,,,,,,,,,,,,,,,,,,,,,,,,,,,,,,,,,,,,,,N,0.0,0.0,5.0,7.0,4.0,1.0,24.0,29.0,6,7,0.0,1.0,24.0,29.0,1,1,0,1.0,1.0,N12175,N12175-UA-0,24.0,36.0,5.0,29.0,41.0,,,0.0,24,29,0.0,0.0
N12175,815.0,2019,2,5,2,4,2019-05-02,UA,UA_CODESHARE,19977,UA,4909,,,,,C5,20445,C5,4909,12264,1226402,30852,IAD,"Washington, DC",VA,51,Virginia,38,11996,1199603,31871,GSP,"Greer, SC",SC,45,South Carolina,37,815,0.0,0.0,0.0,0.0,0800-0859,34.0,849.0,947.0,1.0,945,948.0,3.0,3.0,0.0,0.0,0900-0959,0.0,,0.0,90.0,93.0,58.0,1.0,384.0,2,,,0.0,,0.0,,,,0,,,,,,,,,,,,,,,,,,,,,,,,,,,,,,,,,,,,,,,,,,,,,N,0.0,0.0,8.0,9.0,1.0,3.0,33.0,39.0,8,9,1.0,3.0,33.0,39.0,6,6,1,1.0,0.0,N12175,N12175-UA-1,33.0,45.0,6.0,39.0,51.0,29.0,4.0,0.0,33,39,0.0,0.0
N12195,623.0,2019,2,5,2,4,2019-05-02,UA,UA_CODESHARE,19977,UA,4932,,,,,C5,20445,C5,4932,10990,1099005,30990,CHO,"Charlottesville, VA",VA,51,Virginia,38,12264,1226402,30852,IAD,"Washington, DC",VA,51,Virginia,38,630,-7.0,0.0,0.0,-1.0,0600-0659,11.0,634.0,707.0,5.0,715,712.0,-3.0,0.0,0.0,-1.0,0700-0759,0.0,,0.0,45.0,49.0,33.0,1.0,77.0,1,,,0.0,,0.0,,,,0,,,,,,,,,,,,,,,,,,,,,,,,,,,,,,,,,,,,,,,,,,,,,N,0.0,0.0,6.0,7.0,2.0,1.0,26.0,29.0,6,7,2.0,1.0,26.0,29.0,7,7,0,0.0,0.0,N12195,N12195-UA-0,26.0,38.0,3.0,29.0,41.0,,,0.0,26,30,1.0,7.34
N121HQ,617.0,2019,2,5,2,4,2019-05-02,AA,AA_CODESHARE,19805,AA,4373,,,,,YX,20452,YX,4373,10994,1099402,30994,CHS,"Charleston, SC",SC,45,South Carolina,37,14100,1410005,34100,PHL,"Philadelphia, PA",PA,42,Pennsylvania,23,555,22.0,22.0,1.0,1.0,0001-0559,13.0,630.0,754.0,7.0,745,801.0,16.0,16.0,1.0,1.0,0700-0759,0.0,,0.0,110.0,104.0,84.0,1.0,550.0,3,16.0,0.0,0.0,0.0,0.0,,,,0,,,,,,,,,,,,,,,,,,,,,,,,,,,,,,,,,,,,,,,,,,,,,N,0.0,0.0,6.0,8.0,1.0,0.0,25.0,32.0,5,7,4.0,3.0,24.0,31.0,7,7,0,1.0,1.0,N121HQ,N121HQ-AA-0,25.0,37.0,7.0,32.0,44.0,,,0.0,25,32,0.0,0.0
N121HQ,919.0,2019,2,5,2,4,2019-05-02,AA,AA_CODESHARE,19805,AA,4347,,,,,YX,20452,YX,4347,14100,1410005,34100,PHL,"Philadelphia, PA",PA,42,Pennsylvania,23,11278,1127805,30852,DCA,"Washington, DC",VA,51,Virginia,38,924,-5.0,0.0,0.0,-1.0,0900-0959,31.0,950.0,1018.0,7.0,1038,1025.0,-13.0,0.0,0.0,-1.0,1000-1059,0.0,,0.0,74.0,66.0,28.0,1.0,119.0,1,,,0.0,,0.0,,,,0,,,,,,,,,,,,,,,,,,,,,,,,,,,,,,,,,,,,,,,,,,,,,N,0.0,0.0,9.0,10.0,1.0,2.0,37.0,42.0,9,10,2.0,3.0,38.0,43.0,5,5,1,1.0,0.0,N121HQ,N121HQ-AA-1,38.0,49.0,5.0,43.0,54.0,32.0,5.0,0.0,38,43,0.0,0.0
N121SY,820.0,2019,2,5,2,4,2019-05-02,UA,UA_CODESHARE,19977,UA,5567,,,,,OO,20304,OO,5567,13851,1385103,33851,OKC,"Oklahoma City, OK",OK,40,Oklahoma,73,13930,1393007,30977,ORD,"Chicago, IL",IL,17,Illinois,41,825,-5.0,0.0,0.0,-1.0,0800-0859,10.0,830.0,1002.0,16.0,1045,1018.0,-27.0,0.0,0.0,-2.0,1000-1059,0.0,,0.0,140.0,118.0,92.0,1.0,693.0,3,,,0.0,,0.0,,,,0,,,,,,,,,,,,,,,,,,,,,,,,,,,,,,,,,,,,,,,,,,,,,N,4.0,4.0,8.0,10.0,1.0,1.0,37.0,45.0,8,10,2.0,3.0,38.0,47.0,7,7,0,0.0,0.0,N121SY,N121SY-UA-0,38.0,49.0,8.0,46.0,57.0,,,0.0,38,46,0.0,0.0
N121UW,623.0,2019,2,5,2,4,2019-05-02,AA,AA,19805,AA,738,,,,,AA,19805,AA,738,14683,1468305,33214,SAT,"San Antonio, TX",TX,48,Texas,74,11057,1105703,31057,CLT,"Charlotte, NC",NC,37,North Carolina,36,626,-3.0,0.0,0.0,-1.0,0600-0659,14.0,637.0,1007.0,18.0,1019,1025.0,6.0,6.0,0.0,0.0,1000-1059,0.0,,0.0,173.0,182.0,150.0,1.0,1095.0,5,,,0.0,,0.0,,,,0,,,,,,,,,,,,,,,,,,,,,,,,,,,,,,,,,,,,,,,,,,,,,N,4.0,0.0,6.0,10.0,2.0,2.0,30.0,42.0,6,10,2.0,1.0,30.0,41.0,7,7,0,0.0,0.0,N121UW,N121UW-AA-0,30.0,42.0,12.0,42.0,54.0,,,0.0,30,42,0.0,0.0
N12216,707.0,2019,2,5,2,4,2019-05-02,UA,UA,19977,UA,1895,,,,,UA,19977,UA,1895,15304,1530402,33195,TPA,"Tampa, FL",FL,12,Florida,33,12266,1226603,31453,IAH,"Houston, TX",TX,48,Texas,74,710,-3.0,0.0,0.0,-1.0,0700-0759,15.0,722.0,846.0,5.0,833,851.0,18.0,18.0,1.0,1.0,0800-0859,0.0,,0.0,143.0,164.0,144.0,1.0,787.0,4,0.0,0.0,18.0,0.0,0.0,,,,0,,,,,,,,,,,,,,,,,,,,,,,,,,,,,,,,,,,,,,,,,,,,,N,0.0,4.0,7.0,8.0,0.0,3.0,28.0,39.0,7,8,1.0,2.0,29.0,38.0,9,9,0,0.0,0.0,N12216,N12216-UA-0,29.0,40.0,11.0,40.0,51.0,,,1.0,31,42,2.0,19.02
N12221,700.0,2019,2,5,2,4,2019-05-02,UA,UA,19977,UA,1424,,,,,UA,19977,UA,1424,14107,1410702,30466,PHX,"Phoenix, AZ",AZ,4,Arizona,81,14771,1477104,32457,SFO,"San Francisco, CA",CA,6,California,91,700,0.0,0.0,0.0,0.0,0700-0759,15.0,715.0,856.0,8.0,906,904.0,-2.0,0.0,0.0,-1.0,0900-0959,0.0,,0.0,126.0,124.0,101.0,1.0,651.0,3,,,0.0,,0.0,,,,0,,,,,,,,,,,,,,,,,,,,,,,,,,,,,,,,,,,,,,,,,,,,,N,8.0,12.0,7.0,9.0,0.0,0.0,36.0,48.0,7,9,0.0,0.0,36.0,48.0,8,8,0,0.0,0.0,N12221,N12221-UA-0,36.0,48.0,12.0,48.0,60.0,,,0.0,36,48,0.0,0.0
N12225,724.0,2019,2,5,2,4,2019-05-02,UA,UA,19977,UA,2057,,,,,UA,19977,UA,2057,12266,1226603,31453,IAH,"Houston, TX",TX,48,Texas,74,10994,1099402,30994,CHS,"Charleston, SC",SC,45,South Carolina,37,730,-6.0,0.0,0.0,-1.0,0700-0759,17.0,741.0,1045.0,3.0,1052,1048.0,-4.0,0.0,0.0,-1.0,1000-1059,0.0,,0.0,142.0,144.0,124.0,1.0,925.0,4,,,0.0,,0.0,,,,0,,,,,,,,,,,,,,,,,,,,,,,,,,,,,,,,,,,,,,,,,,,,,N,4.0,0.0,7.0,10.0,2.0,3.0,34.0,43.0,7,10,2.0,3.0,34.0,43.0,6,6,0,0.0,0.0,N12225,N12225-UA-0,34.0,46.0,9.0,43.0,55.0,,,0.0,34,43,0.0,0.0
N122HQ,738.0,2019,2,5,2,4,2019-05-02,AA,AA_CODESHARE,19805,AA,4345,,,,,YX,20452,YX,4345,12339,1233904,32337,IND,"Indianapolis, IN",IN,18,Indiana,42,14100,1410005,34100,PHL,"Philadelphia, PA",PA,42,Pennsylvania,23,745,-7.0,0.0,0.0,-1.0,0700-0759,14.0,752.0,924.0,11.0,940,935.0,-5.0,0.0,0.0,-1.0,0900-0959,0.0,,0.0,115.0,117.0,92.0,1.0,588.0,3,,,0.0,,0.0,,,,0,,,,,,,,,,,,,,,,,,,,,,,,,,,,,,,,,,,,,,,,,,,,,N,0.0,0.0,7.0,9.0,3.0,2.0,31.0,38.0,7,9,3.0,3.0,31.0,39.0,8,8,0,0.0,0.0,N122HQ,N122HQ-AA-0,31.0,43.0,7.0,38.0,50.0,,,0.0,31,38,0.0,0.0
N122US,734.0,2019,2,5,2,4,2019-05-02,AA,AA,19805,AA,1975,,,,,AA,19805,AA,1975,10529,1052906,30529,BDL,"Hartford, CT",CT,9,Connecticut,11,11057,1105703,31057,CLT,"Charlotte, NC",NC,37,North Carolina,36,741,-7.0,0.0,0.0,-1.0,0700-0759,16.0,750.0,928.0,17.0,1006,945.0,-21.0,0.0,0.0,-2.0,1000-1059,0.0,,0.0,145.0,131.0,98.0,1.0,644.0,3,,,0.0,,0.0,,,,0,,,,,,,,,,,,,,,,,,,,,,,,,,,,,,,,,,,,,,,,,,,,,N,0.0,0.0,7.0,9.0,2.0,3.0,30.0,39.0,7,10,3.0,0.0,31.0,40.0,1,1,0,0.0,0.0,N122US,N122US-AA-0,31.0,42.0,9.0,40.0,51.0,,,0.0,31,40,0.0,0.0
N123HQ,650.0,2019,2,5,2,4,2019-05-02,AA,AA_CODESHARE,19805,AA,4688,,,,,YX,20452,YX,4688,12124,1212402,32124,HHH,"Hilton Head, SC",SC,45,South Carolina,37,11057,1105703,31057,CLT,"Charlotte, NC",NC,37,North Carolina,36,655,-5.0,0.0,0.0,-1.0,0600-0659,23.0,713.0,804.0,11.0,812,815.0,3.0,3.0,0.0,0.0,0800-0859,0.0,,0.0,77.0,85.0,51.0,1.0,207.0,1,,,0.0,,0.0,,,,0,,,,,,,,,,,,,,,,,,,,,,,,,,,,,,,,,,,,,,,,,,,,,N,0.0,0.0,6.0,8.0,3.0,1.0,27.0,33.0,6,8,4.0,1.0,28.0,33.0,5,5,0,1.0,1.0,N123HQ,N123HQ-AA-0,28.0,39.0,6.0,34.0,45.0,,,0.0,28,34,0.0,0.0
N123HQ,849.0,2019,2,5,2,4,2019-05-02,AA,AA_CODESHARE,19805,AA,4611,,,,,YX,20452,YX,4611,11057,1105703,31057,CLT,"Charlotte, NC",NC,37,North Carolina,36,11066,1106606,31066,CMH,"Columbus, OH",OH,39,Ohio,44,855,-6.0,0.0,0.0,-1.0,0800-0859,13.0,902.0,1000.0,5.0,1020,1005.0,-15.0,0.0,0.0,-1.0,1000-1059,0.0,,0.0,85.0,76.0,58.0,1.0,347.0,2,,,0.0,,0.0,,,,0,,,,,,,,,,,,,,,,,,,,,,,,,,,,,,,,,,,,,,,,,,,,,N,0.0,0.0,8.0,10.0,3.0,0.0,35.0,40.0,8,10,4.0,1.0,36.0,41.0,3,3,1,1.0,0.0,N123HQ,N123HQ-AA-1,36.0,47.0,5.0,41.0,52.0,33.0,2.0,0.0,36,41,0.0,0.0
N123NN,100.0,2019,2,5,2,4,2019-05-02,AA,AA,19805,AA,348,,,,,AA,19805,AA,348,12892,1289208,32575,LAX,"Los Angeles, CA",CA,6,California,91,13930,1393007,30977,ORD,"Chicago, IL",IL,17,Illinois,41,59,1.0,1.0,0.0,0.0,0001-0559,12.0,112.0,632.0,22.0,709,654.0,-15.0,0.0,0.0,-1.0,0700-0759,0.0,,0.0,250.0,234.0,200.0,1.0,1744.0,7,,,0.0,,0.0,,,,0,,,,,,,,,,,,,,,,,,,,,,,,,,,,,,,,,,,,,,,,,,,,,N,12.0,4.0,1.0,6.0,0.0,4.0,16.0,32.0,0,7,4.0,1.0,16.0,33.0,9,9,0,0.0,0.0,N123NN,N123NN-AA-0,16.0,28.0,16.0,32.0,44.0,,,0.0,16,32,0.0,0.0
N123UW,623.0,2019,2,5,2,4,2019-05-02,AA,AA,19805,AA,647,,,,,AA,19805,AA,647,11433,1143302,31295,DTW,"Detroit, MI",MI,26,Michigan,43,11057,1105703,31057,CLT,"Charlotte, NC",NC,37,North Carolina,36,627,-4.0,0.0,0.0,-1.0,0600-0659,27.0,650.0,809.0,13.0,821,822.0,1.0,1.0,0.0,0.0,0800-0859,0.0,,0.0,114.0,119.0,79.0,1.0,500.0,3,,,0.0,,0.0,,,,0,,,,,,,,,,,,,,,,,,,,,,,,,,,,,,,,,,,,,,,,,,,,,N,0.0,0.0,6.0,8.0,2.0,1.0,26.0,33.0,6,8,2.0,1.0,26.0,33.0,5,5,0,1.0,1.0,N123UW,N123UW-AA-0,26.0,38.0,7.0,33.0,45.0,,,0.0,26,33,0.0,0.0
N123UW,946.0,2019,2,5,2,4,2019-05-02,AA,AA,19805,AA,784,,,,,AA,19805,AA,784,11057,1105703,31057,CLT,"Charlotte, NC",NC,37,North Carolina,36,10821,1082106,30852,BWI,"Baltimore, MD",MD,24,Maryland,35,940,6.0,6.0,0.0,0.0,0900-0959,29.0,1015.0,1110.0,7.0,1112,1117.0,5.0,5.0,0.0,0.0,1100-1159,0.0,,0.0,92.0,91.0,55.0,1.0,361.0,2,,,0.0,,0.0,,,,0,,,,,,,,,,,,,,,,,,,,,,,,,,,,,,,,,,,,,,,,,,,,,N,0.0,0.0,9.0,11.0,3.0,1.0,39.0,45.0,9,11,3.0,1.0,39.0,45.0,2,2,1,1.0,0.0,N123UW,N123UW-AA-1,39.0,51.0,6.0,45.0,57.0,33.0,6.0,0.0,43,49,4.0,11.76
N124AA,612.0,2019,2,5,2,4,2019-05-02,AA,AA,19805,AA,2452,,,,,AA,19805,AA,2452,12892,1289208,32575,LAX,"Los Angeles, CA",CA,6,California,91,13930,1393007,30977,ORD,"Chicago, IL",IL,17,Illinois,41,610,2.0,2.0,0.0,0.0,0600-0659,17.0,629.0,1152.0,12.0,1222,1204.0,-18.0,0.0,0.0,-2.0,1200-1259,0.0,,0.0,252.0,232.0,203.0,1.0,1744.0,7,,,0.0,,0.0,,,,0,,,,,,,,,,,,,,,,,,,,,,,,,,,,,,,,,,,,,,,,,,,,,N,12.0,4.0,6.0,12.0,1.0,0.0,37.0,52.0,6,12,1.0,1.0,37.0,53.0,3,3,0,0.0,0.0,N124AA,N124AA-AA-0,37.0,49.0,15.0,52.0,64.0,,,0.0,37,52,0.0,0.0
N124HQ,656.0,2019,2,5,2,4,2019-05-02,AA,AA_CODESHARE,19805,AA,4404,,,,,YX,20452,YX,4404,11066,1106606,31066,CMH,"Columbus, OH",OH,39,Ohio,44,11057,1105703,31057,CLT,"Charlotte, NC",NC,37,North Carolina,36,701,-5.0,0.0,0.0,-1.0,0700-0759,16.0,712.0,812.0,13.0,841,825.0,-16.0,0.0,0.0,-2.0,0800-0859,0.0,,0.0,100.0,89.0,60.0,1.0,347.0,2,,,0.0,,0.0,,,,0,,,,,,,,,,,,,,,,,,,,,,,,,,,,,,,,,,,,,,,,,,,,,N,0.0,0.0,6.0,8.0,4.0,2.0,28.0,34.0,7,8,0.0,3.0,28.0,35.0,8,8,0,1.0,1.0,N124HQ,N124HQ-AA-0,28.0,40.0,6.0,34.0,46.0,,,0.0,28,34,0.0,0.0
N124HQ,936.0,2019,2,5,2,4,2019-05-02,AA,AA_CODESHARE,19805,AA,4399,,,,,YX,20452,YX,4399,11057,1105703,31057,CLT,"Charlotte, NC",NC,37,North Carolina,36,11433,1143302,31295,DTW,"Detroit, MI",MI,26,Michigan,43,940,-4.0,0.0,0.0,-1.0,0900-0959,15.0,951.0,1116.0,13.0,1141,1129.0,-12.0,0.0,0.0,-1.0,1100-1159,0.0,,0.0,121.0,113.0,85.0,1.0,500.0,3,,,0.0,,0.0,,,,0,,,,,,,,,,,,,,,,,,,,,,,,,,,,,,,,,,,,,,,,,,,,,N,0.0,0.0,9.0,11.0,2.0,2.0,38.0,46.0,9,11,3.0,3.0,39.0,47.0,2,2,1,1.0,0.0,N124HQ,N124HQ-AA-1,39.0,50.0,8.0,47.0,58.0,34.0,4.0,0.0,44,52,5.0,16.74
N124US,727.0,2019,2,5,2,4,2019-05-02,AA,AA,19805,AA,622,,,,,AA,19805,AA,622,11057,1105703,31057,CLT,"Charlotte, NC",NC,37,North Carolina,36,10529,1052906,30529,BDL,"Hartford, CT",CT,9,Connecticut,11,730,-3.0,0.0,0.0,-1.0,0700-0759,10.0,737.0,909.0,3.0,924,912.0,-12.0,0.0,0.0,-1.0,0900-0959,0.0,,0.0,114.0,105.0,92.0,1.0,644.0,3,,,0.0,,0.0,,,,0,,,,,,,,,,,,,,,,,,,,,,,,,,,,,,,,,,,,,,,,,,,,,N,0.0,0.0,7.0,9.0,2.0,1.0,30.0,37.0,7,9,2.0,2.0,30.0,38.0,2,2,0,0.0,0.0,N124US,N124US-AA-0,30.0,42.0,7.0,37.0,49.0,,,0.0,30,37,0.0,0.0
N12563,646.0,2019,2,5,2,4,2019-05-02,UA,UA_CODESHARE,19977,UA,4297,,,,,EV,20366,EV,4297,12953,1295304,31703,LGA,"New York, NY",NY,36,New York,22,11042,1104205,30647,CLE,"Cleveland, OH",OH,39,Ohio,44,650,-4.0,0.0,0.0,-1.0,0600-0659,9.0,655.0,807.0,3.0,836,810.0,-26.0,0.0,0.0,-2.0,0800-0859,0.0,,0.0,106.0,84.0,72.0,1.0,419.0,2,,,0.0,,0.0,,,,0,,,,,,,,,,,,,,,,,,,,,,,,,,,,,,,,,,,,,,,,,,,,,N,0.0,0.0,6.0,8.0,3.0,1.0,27.0,33.0,6,8,3.0,2.0,27.0,34.0,5,5,0,0.0,0.0,N12563,N12563-UA-0,27.0,39.0,6.0,33.0,45.0,,,0.0,27,33,0.0,0.0
N12564,859.0,2019,2,5,2,4,2019-05-02,UA,UA_CODESHARE,19977,UA,4155,,,,,EV,20366,EV,4155,11042,1104205,30647,CLE,"Cleveland, OH",OH,39,Ohio,44,12953,1295304,31703,LGA,"New York, NY",NY,36,New York,22,907,-8.0,0.0,0.0,-1.0,0900-0959,12.0,911.0,1022.0,5.0,1048,1027.0,-21.0,0.0,0.0,-2.0,1000-1059,0.0,,0.0,101.0,88.0,71.0,1.0,419.0,2,,,0.0,,0.0,,,,0,,,,,,,,,,,,,,,,,,,,,,,,,,,,,,,,,,,,,,,,,,,,,N,0.0,0.0,8.0,10.0,4.0,2.0,36.0,42.0,9,10,0.0,3.0,36.0,43.0,1,1,0,0.0,0.0,N12564,N12564-UA-0,36.0,48.0,6.0,42.0,54.0,,,0.0,36,42,0.0,0.0
N12569,604.0,2019,2,5,2,4,2019-05-02,UA,UA_CODESHARE,19977,UA,4382,,,,,EV,20366,EV,4382,11278,1127805,30852,DCA,"Washington, DC",VA,51,Virginia,38,11042,1104205,30647,CLE,"Cleveland, OH",OH,39,Ohio,44,615,-11.0,0.0,0.0,-1.0,0600-0659,26.0,630.0,726.0,4.0,740,730.0,-10.0,0.0,0.0,-1.0,0700-0759,0.0,,0.0,85.0,86.0,56.0,1.0,310.0,2,,,0.0,,0.0,,,,0,,,,,,,,,,,,,,,,,,,,,,,,,,,,,,,,,,,,,,,,,,,,,N,0.0,0.0,6.0,7.0,0.0,2.0,24.0,30.0,6,7,1.0,3.0,25.0,31.0,4,4,0,1.0,1.0,N12569,N12569-UA-0,25.0,36.0,6.0,31.0,42.0,,,0.0,25,31,0.0,0.0
N12569,842.0,2019,2,5,2,4,2019-05-02,UA,UA_CODESHARE,19977,UA,4281,,,,,EV,20366,EV,4281,11042,1104205,30647,CLE,"Cleveland, OH",OH,39,Ohio,44,11278,1127805,30852,DCA,"Washington, DC",VA,51,Virginia,38,839,3.0,3.0,0.0,0.0,0800-0859,24.0,906.0,958.0,27.0,959,1025.0,26.0,26.0,1.0,1.0,0900-0959,0.0,,0.0,80.0,103.0,52.0,1.0,310.0,2,0.0,0.0,26.0,0.0,0.0,,,,0,,,,,,,,,,,,,,,,,,,,,,,,,,,,,,,,,,,,,,,,,,,,,N,0.0,0.0,8.0,10.0,3.0,2.0,35.0,42.0,8,9,3.0,4.0,35.0,40.0,5,5,1,1.0,0.0,N12569,N12569-UA-1,35.0,47.0,7.0,42.0,54.0,30.0,5.0,2.0,35,42,0.0,0.0
N125HQ,601.0,2019,2,5,2,4,2019-05-02,AA,AA_CODESHARE,19805,AA,4601,,,,,YX,20452,YX,4601,14122,1412202,30198,PIT,"Pittsburgh, PA",PA,42,Pennsylvania,23,14100,1410005,34100,PHL,"Philadelphia, PA",PA,42,Pennsylvania,23,609,-8.0,0.0,0.0,-1.0,0600-0659,25.0,626.0,740.0,11.0,730,751.0,21.0,21.0,1.0,1.0,0700-0759,0.0,,0.0,81.0,110.0,74.0,1.0,268.0,2,0.0,0.0,21.0,0.0,0.0,,,,0,,,,,,,,,,,,,,,,,,,,,,,,,,,,,,,,,,,,,,,,,,,,,N,0.0,0.0,6.0,7.0,0.0,3.0,24.0,31.0,6,7,1.0,2.0,25.0,30.0,4,4,0,1.0,1.0,N125HQ,N125HQ-AA-0,25.0,36.0,7.0,32.0,43.0,,,1.0,25,32,0.0,0.0
N125HQ,833.0,2019,2,5,2,4,2019-05-02,AA,AA_CODESHARE,19805,AA,4646,,,,,YX,20452,YX,4646,14100,1410005,34100,PHL,"Philadelphia, PA",PA,42,Pennsylvania,23,13244,1324402,33244,MEM,"Memphis, TN",TN,47,Tennessee,54,840,-7.0,0.0,0.0,-1.0,0800-0859,34.0,907.0,1011.0,4.0,1037,1015.0,-22.0,0.0,0.0,-2.0,1000-1059,0.0,,0.0,177.0,162.0,124.0,1.0,875.0,4,,,0.0,,0.0,,,,0,,,,,,,,,,,,,,,,,,,,,,,,,,,,,,,,,,,,,,,,,,,,,N,0.0,4.0,8.0,10.0,2.0,1.0,34.0,45.0,8,10,3.0,2.0,35.0,46.0,6,6,1,1.0,0.0,N125HQ,N125HQ-AA-1,35.0,46.0,11.0,46.0,57.0,31.0,3.0,0.0,35,46,0.0,0.0
N125SY,615.0,2019,2,5,2,4,2019-05-02,UA,UA_CODESHARE,19977,UA,5331,,,,,OO,20304,OO,5331,14679,1467903,33570,SAN,"San Diego, CA",CA,6,California,91,12892,1289208,32575,LAX,"Los Angeles, CA",CA,6,California,91,620,-5.0,0.0,0.0,-1.0,0600-0659,17.0,632.0,701.0,7.0,725,708.0,-17.0,0.0,0.0,-2.0,0700-0759,0.0,,0.0,65.0,53.0,29.0,1.0,109.0,1,,,0.0,,0.0,,,,0,,,,,,,,,,,,,,,,,,,,,,,,,,,,,,,,,,,,,,,,,,,,,N,12.0,12.0,6.0,7.0,1.0,1.0,37.0,41.0,6,7,1.0,2.0,37.0,42.0,8,8,0,0.0,0.0,N125SY,N125SY-UA-0,37.0,49.0,4.0,41.0,53.0,,,0.0,37,41,0.0,0.0
N125UW,538.0,2019,2,5,2,4,2019-05-02,AA,AA,19805,AA,1973,,,,,AA,19805,AA,1973,12451,1245102,31136,JAX,"Jacksonville, FL",FL,12,Florida,33,11057,1105703,31057,CLT,"Charlotte, NC",NC,37,North Carolina,36,500,38.0,38.0,1.0,2.0,0001-0559,13.0,551.0,649.0,6.0,624,655.0,31.0,31.0,1.0,2.0,0600-0659,0.0,,0.0,84.0,77.0,58.0,1.0,328.0,2,31.0,0.0,0.0,0.0,0.0,,,,0,,,,,,,,,,,,,,,,,,,,,,,,,,,,,,,,,,,,,,,,,,,,,N,0.0,0.0,5.0,6.0,3.0,4.0,23.0,28.0,5,6,0.0,2.0,20.0,26.0,4,4,0,0.0,0.0,N125UW,N125UW-AA-0,23.0,35.0,5.0,28.0,40.0,,,0.0,23,28,0.0,0.0
N126HQ,618.0,2019,2,5,2,4,2019-05-02,AA,AA_CODESHARE,19805,AA,4482,,,,,YX,20452,YX,4482,14122,1412202,30198,PIT,"Pittsburgh, PA",PA,42,Pennsylvania,23,11278,1127805,30852,DCA,"Washington, DC",VA,51,Virginia,38,623,-5.0,0.0,0.0,-1.0,0600-0659,10.0,628.0,710.0,11.0,739,721.0,-18.0,0.0,0.0,-2.0,0700-0759,0.0,,0.0,76.0,63.0,42.0,1.0,204.0,1,,,0.0,,0.0,,,,0,,,,,,,,,,,,,,,,,,,,,,,,,,,,,,,,,,,,,,,,,,,,,N,0.0,0.0,6.0,7.0,1.0,1.0,25.0,29.0,6,7,2.0,3.0,26.0,31.0,5,5,0,1.0,1.0,N126HQ,N126HQ-AA-0,26.0,37.0,4.0,30.0,41.0,,,0.0,26,30,0.0,0.0
N126HQ,825.0,2019,2,5,2,4,2019-05-02,AA,AA_CODESHARE,19805,AA,4556,,,,,YX,20452,YX,4556,11278,1127805,30852,DCA,"Washington, DC",VA,51,Virginia,38,13198,1319801,33198,MCI,"Kansas City, MO",MO,29,Missouri,64,830,-5.0,0.0,0.0,-1.0,0800-0859,27.0,852.0,1031.0,8.0,1027,1039.0,12.0,12.0,0.0,0.0,1000-1059,0.0,,0.0,177.0,194.0,159.0,1.0,949.0,4,,,0.0,,0.0,,,,0,,,,,,,,,,,,,,,,,,,,,,,,,,,,,,,,,,,,,,,,,,,,,N,0.0,4.0,8.0,10.0,2.0,3.0,34.0,47.0,8,10,2.0,2.0,34.0,46.0,1,1,1,1.0,0.0,N126HQ,N126HQ-AA-1,34.0,46.0,13.0,47.0,59.0,29.0,5.0,0.0,41,54,7.0,19.4
N126UW,635.0,2019,2,5,2,4,2019-05-02,AA,AA,19805,AA,1911,,,,,AA,19805,AA,1911,14524,1452401,34524,RIC,"Richmond, VA",VA,51,Virginia,38,11057,1105703,31057,CLT,"Charlotte, NC",NC,37,North Carolina,36,639,-4.0,0.0,0.0,-1.0,0600-0659,16.0,651.0,739.0,14.0,813,753.0,-20.0,0.0,0.0,-2.0,0800-0859,0.0,,0.0,94.0,78.0,48.0,1.0,257.0,2,,,0.0,,0.0,,,,0,,,,,,,,,,,,,,,,,,,,,,,,,,,,,,,,,,,,,,,,,,,,,N,0.0,0.0,6.0,7.0,2.0,4.0,26.0,32.0,6,8,3.0,1.0,27.0,33.0,4,4,0,1.0,1.0,N126UW,N126UW-AA-0,27.0,38.0,6.0,33.0,44.0,,,0.0,27,33,0.0,0.0
N126UW,917.0,2019,2,5,2,4,2019-05-02,AA,AA,19805,AA,1918,,,,,AA,19805,AA,1918,11057,1105703,31057,CLT,"Charlotte, NC",NC,37,North Carolina,36,13931,1393102,33667,ORF,"Norfolk, VA",VA,51,Virginia,38,920,-3.0,0.0,0.0,-1.0,0900-0959,8.0,925.0,1013.0,3.0,1029,1016.0,-13.0,0.0,0.0,-1.0,1000-1059,0.0,,0.0,69.0,59.0,48.0,1.0,290.0,2,,,0.0,,0.0,,,,0,,,,,,,,,,,,,,,,,,,,,,,,,,,,,,,,,,,,,,,,,,,,,N,0.0,0.0,9.0,10.0,1.0,1.0,37.0,41.0,9,10,1.0,2.0,37.0,42.0,8,8,1,1.0,0.0,N126UW,N126UW-AA-1,37.0,49.0,4.0,41.0,53.0,32.0,5.0,0.0,38,42,1.0,8.28
N127HQ,656.0,2019,2,5,2,4,2019-05-02,AA,AA_CODESHARE,19805,AA,4643,,,,,YX,20452,YX,4643,12451,1245102,31136,JAX,"Jacksonville, FL",FL,12,Florida,33,11278,1127805,30852,DCA,"Washington, DC",VA,51,Virginia,38,700,-4.0,0.0,0.0,-1.0,0700-0759,17.0,713.0,839.0,7.0,858,846.0,-12.0,0.0,0.0,-1.0,0800-0859,0.0,,0.0,118.0,110.0,86.0,1.0,634.0,3,,,0.0,,0.0,,,,0,,,,,,,,,,,,,,,,,,,,,,,,,,,,,,,,,,,,,,,,,,,,,N,0.0,0.0,6.0,8.0,4.0,3.0,28.0,35.0,7,8,0.0,4.0,28.0,36.0,3,3,0,0.0,0.0,N127HQ,N127HQ-AA-0,28.0,40.0,7.0,35.0,47.0,,,0.0,28,35,0.0,0.0
N127SY,716.0,2019,2,5,2,4,2019-05-02,UA,UA_CODESHARE,19977,UA,5215,,,,,OO,20304,OO,5215,13871,1387102,33316,OMA,"Omaha, NE",NE,31,Nebraska,65,14771,1477104,32457,SFO,"San Francisco, CA",CA,6,California,91,725,-9.0,0.0,0.0,-1.0,0700-0759,12.0,728.0,920.0,7.0,929,927.0,-2.0,0.0,0.0,-1.0,0900-0959,0.0,,0.0,244.0,251.0,232.0,1.0,1433.0,6,,,0.0,,0.0,,,,0,,,,,,,,,,,,,,,,,,,,,,,,,,,,,,,,,,,,,,,,,,,,,N,4.0,12.0,7.0,9.0,1.0,2.0,33.0,50.0,7,9,2.0,2.0,34.0,50.0,8,8,0,0.0,0.0,N127SY,N127SY-UA-0,34.0,45.0,17.0,51.0,62.0,,,0.0,34,51,0.0,0.0
N127UW,729.0,2019,2,5,2,4,2019-05-02,AA,AA,19805,AA,774,,,,,AA,19805,AA,774,11057,1105703,31057,CLT,"Charlotte, NC",NC,37,North Carolina,36,13487,1348702,31650,MSP,"Minneapolis, MN",MN,27,Minnesota,63,735,-6.0,0.0,0.0,-1.0,0700-0759,20.0,749.0,907.0,9.0,922,916.0,-6.0,0.0,0.0,-1.0,0900-0959,0.0,,0.0,167.0,167.0,138.0,1.0,930.0,4,,,0.0,,0.0,,,,0,,,,,,,,,,,,,,,,,,,,,,,,,,,,,,,,,,,,,,,,,,,,,N,0.0,4.0,7.0,9.0,2.0,1.0,30.0,41.0,7,9,2.0,1.0,30.0,41.0,1,1,0,0.0,0.0,N127UW,N127UW-AA-0,30.0,42.0,11.0,41.0,53.0,,,0.0,30,41,0.0,0.0
N128AN,758.0,2019,2,5,2,4,2019-05-02,AA,AA,19805,AA,1405,,,,,AA,19805,AA,1405,11298,1129806,30194,DFW,"Dallas/Fort Worth, TX",TX,48,Texas,74,12892,1289208,32575,LAX,"Los Angeles, CA",CA,6,California,91,705,53.0,53.0,1.0,3.0,0700-0759,19.0,817.0,908.0,20.0,841,928.0,47.0,47.0,1.0,3.0,0800-0859,0.0,,0.0,216.0,210.0,171.0,1.0,1235.0,5,47.0,0.0,0.0,0.0,0.0,,,,0,,,,,,,,,,,,,,,,,,,,,,,,,,,,,,,,,,,,,,,,,,,,,N,4.0,12.0,7.0,9.0,4.0,2.0,36.0,50.0,7,8,0.0,3.0,32.0,47.0,5,5,0,0.0,0.0,N128AN,N128AN-AA-0,36.0,48.0,14.0,50.0,62.0,,,0.0,36,50,0.0,0.0
N128HQ,551.0,2019,2,5,2,4,2019-05-02,AA,AA_CODESHARE,19805,AA,4564,,,,,YX,20452,YX,4564,14321,1432105,34321,PWM,"Portland, ME",ME,23,Maine,12,11278,1127805,30852,DCA,"Washington, DC",VA,51,Virginia,38,559,-8.0,0.0,0.0,-1.0,0001-0559,16.0,607.0,738.0,8.0,759,746.0,-13.0,0.0,0.0,-1.0,0700-0759,0.0,,0.0,120.0,115.0,91.0,1.0,482.0,2,,,0.0,,0.0,,,,0,,,,,,,,,,,,,,,,,,,,,,,,,,,,,,,,,,,,,,,,,,,,,N,0.0,0.0,5.0,7.0,3.0,3.0,23.0,31.0,5,7,4.0,4.0,24.0,32.0,6,6,0,1.0,1.0,N128HQ,N128HQ-AA-0,24.0,35.0,8.0,32.0,43.0,,,0.0,24,32,0.0,0.0
N128HQ,836.0,2019,2,5,2,4,2019-05-02,AA,AA_CODESHARE,19805,AA,4469,,,,,YX,20452,YX,4469,11278,1127805,30852,DCA,"Washington, DC",VA,51,Virginia,38,14986,1498603,34986,SRQ,"Sarasota/Bradenton, FL",FL,12,Florida,33,840,-4.0,0.0,0.0,-1.0,0800-0859,33.0,909.0,1119.0,3.0,1117,1122.0,5.0,5.0,0.0,0.0,1100-1159,0.0,,0.0,157.0,166.0,130.0,1.0,851.0,4,,,0.0,,0.0,,,,0,,,,,,,,,,,,,,,,,,,,,,,,,,,,,,,,,,,,,,,,,,,,,N,0.0,0.0,8.0,11.0,2.0,1.0,34.0,45.0,8,11,3.0,1.0,35.0,45.0,4,4,1,1.0,0.0,N128HQ,N128HQ-AA-1,35.0,46.0,11.0,46.0,57.0,31.0,3.0,0.0,35,46,0.0,0.0
N128UW,804.0,2019,2,5,2,4,2019-05-02,AA,AA,19805,AA,1824,,,,,AA,19805,AA,1824,14122,1412202,30198,PIT,"Pittsburgh, PA",PA,42,Pennsylvania,23,11057,1105703,31057,CLT,"Charlotte, NC",NC,37,North Carolina,36,808,-4.0,0.0,0.0,-1.0,0800-0859,11.0,815.0,917.0,9.0,951,926.0,-25.0,0.0,0.0,-2.0,0900-0959,0.0,,0.0,103.0,82.0,62.0,1.0,366.0,2,,,0.0,,0.0,,,,0,,,,,,,,,,,,,,,,,,,,,,,,,,,,,,,,,,,,,,,,,,,,,N,0.0,0.0,8.0,9.0,0.0,2.0,32.0,38.0,8,9,1.0,3.0,33.0,39.0,5,5,0,0.0,0.0,N128UW,N128UW-AA-0,33.0,44.0,6.0,39.0,50.0,,,0.0,33,39,0.0,0.0
N12900,739.0,2019,2,5,2,4,2019-05-02,UA,UA_CODESHARE,19977,UA,4088,,,,,EV,20366,EV,4088,14685,1468502,34685,SAV,"Savannah, GA",GA,13,Georgia,34,11618,1161802,31703,EWR,"Newark, NJ",NJ,34,New Jersey,21,745,-6.0,0.0,0.0,-1.0,0700-0759,14.0,753.0,935.0,10.0,958,945.0,-13.0,0.0,0.0,-1.0,0900-0959,0.0,,0.0,133.0,126.0,102.0,1.0,708.0,3,,,0.0,,0.0,,,,0,,,,,,,,,,,,,,,,,,,,,,,,,,,,,,,,,,,,,,,,,,,,,N,0.0,0.0,7.0,9.0,3.0,3.0,31.0,39.0,7,9,3.0,4.0,31.0,40.0,5,5,0,0.0,0.0,N12900,N12900-UA-0,31.0,43.0,8.0,39.0,51.0,,,0.0,31,39,0.0,0.0
N129HQ,605.0,2019,2,5,2,4,2019-05-02,AA,AA_CODESHARE,19805,AA,4655,,,,,YX,20452,YX,4655,15016,1501606,31123,STL,"St. Louis, MO",MO,29,Missouri,64,14100,1410005,34100,PHL,"Philadelphia, PA",PA,42,Pennsylvania,23,614,-9.0,0.0,0.0,-1.0,0600-0659,12.0,617.0,911.0,6.0,930,917.0,-13.0,0.0,0.0,-1.0,0900-0959,0.0,,0.0,136.0,132.0,114.0,1.0,814.0,4,,,0.0,,0.0,,,,0,,,,,,,,,,,,,,,,,,,,,,,,,,,,,,,,,,,,,,,,,,,,,N,4.0,0.0,6.0,9.0,0.0,1.0,28.0,37.0,6,9,1.0,2.0,29.0,38.0,3,3,0,0.0,0.0,N129HQ,N129HQ-AA-0,29.0,40.0,9.0,38.0,49.0,,,0.0,29,38,0.0,0.0
N130HQ,559.0,2019,2,5,2,4,2019-05-02,AA,AA_CODESHARE,19805,AA,4405,,,,,YX,20452,YX,4405,13296,1329604,30721,MHT,"Manchester, NH",NH,33,New Hampshire,14,11278,1127805,30852,DCA,"Washington, DC",VA,51,Virginia,38,609,-10.0,0.0,0.0,-1.0,0600-0659,12.0,611.0,737.0,9.0,756,746.0,-10.0,0.0,0.0,-1.0,0700-0759,0.0,,0.0,107.0,107.0,86.0,1.0,406.0,2,,,0.0,,0.0,,,,0,,,,,,,,,,,,,,,,,,,,,,,,,,,,,,,,,,,,,,,,,,,,,N,0.0,0.0,5.0,7.0,4.0,3.0,24.0,31.0,6,7,1.0,4.0,25.0,32.0,7,7,0,1.0,1.0,N130HQ,N130HQ-AA-0,25.0,36.0,7.0,32.0,43.0,,,0.0,25,32,0.0,0.0
N130HQ,829.0,2019,2,5,2,4,2019-05-02,AA,AA_CODESHARE,19805,AA,4503,,,,,YX,20452,YX,4503,11278,1127805,30852,DCA,"Washington, DC",VA,51,Virginia,38,10693,1069302,30693,BNA,"Nashville, TN",TN,47,Tennessee,54,836,-7.0,0.0,0.0,-1.0,0800-0859,25.0,854.0,921.0,6.0,943,927.0,-16.0,0.0,0.0,-2.0,0900-0959,0.0,,0.0,127.0,118.0,87.0,1.0,562.0,3,,,0.0,,0.0,,,,0,,,,,,,,,,,,,,,,,,,,,,,,,,,,,,,,,,,,,,,,,,,,,N,0.0,4.0,8.0,9.0,2.0,2.0,34.0,42.0,8,9,2.0,3.0,34.0,43.0,6,6,1,1.0,0.0,N130HQ,N130HQ-AA-1,34.0,46.0,8.0,42.0,54.0,31.0,3.0,0.0,35,43,1.0,6.18
N130SY,626.0,2019,2,5,2,4,2019-05-02,UA,UA_CODESHARE,19977,UA,5516,,,,,OO,20304,OO,5516,14489,1448902,34489,RDM,"Bend/Redmond, OR",OR,41,Oregon,92,11292,1129202,30325,DEN,"Denver, CO",CO,8,Colorado,82,640,-14.0,0.0,0.0,-1.0,0600-0659,13.0,639.0,933.0,13.0,1006,946.0,-20.0,0.0,0.0,-2.0,1000-1059,0.0,,0.0,146.0,140.0,114.0,1.0,898.0,4,,,0.0,,0.0,,,,0,,,,,,,,,,,,,,,,,,,,,,,,,,,,,,,,,,,,,,,,,,,,,N,12.0,8.0,6.0,9.0,2.0,3.0,38.0,47.0,6,10,3.0,0.0,39.0,48.0,9,9,0,0.0,0.0,N130SY,N130SY-UA-0,39.0,50.0,9.0,48.0,59.0,,,0.0,39,48,0.0,0.0
N13110,527.0,2019,2,5,2,4,2019-05-02,UA,UA,19977,UA,2139,,,,,UA,19977,UA,2139,11618,1161802,31703,EWR,"Newark, NJ",NJ,34,New Jersey,21,13930,1393007,30977,ORD,"Chicago, IL",IL,17,Illinois,41,530,-3.0,0.0,0.0,-1.0,0001-0559,25.0,552.0,646.0,15.0,654,701.0,7.0,7.0,0.0,0.0,0600-0659,0.0,,0.0,144.0,154.0,114.0,1.0,719.0,3,,,0.0,,0.0,,,,0,,,,,,,,,,,,,,,,,,,,,,,,,,,,,,,,,,,,,,,,,,,,,N,0.0,4.0,5.0,7.0,2.0,0.0,22.0,32.0,5,6,2.0,4.0,22.0,32.0,5,5,0,1.0,1.0,N13110,N13110-UA-0,22.0,34.0,10.0,32.0,44.0,,,0.0,22,32,0.0,0.0
N13110,752.0,2019,2,5,2,4,2019-05-02,UA,UA,19977,UA,427,,,,,UA,19977,UA,427,13930,1393007,30977,ORD,"Chicago, IL",IL,17,Illinois,41,11618,1161802,31703,EWR,"Newark, NJ",NJ,34,New Jersey,21,800,-8.0,0.0,0.0,-1.0,0800-0859,22.0,814.0,1109.0,7.0,1107,1116.0,9.0,9.0,0.0,0.0,1100-1159,0.0,,0.0,127.0,144.0,115.0,1.0,719.0,3,,,0.0,,0.0,,,,0,,,,,,,,,,,,,,,,,,,,,,,,,,,,,,,,,,,,,,,,,,,,,N,4.0,0.0,7.0,11.0,3.0,1.0,35.0,45.0,8,11,0.0,0.0,36.0,44.0,4,4,1,1.0,0.0,N13110,N13110-UA-1,36.0,47.0,10.0,46.0,57.0,32.0,3.0,0.0,36,46,0.0,0.0
N13138,922.0,2019,2,5,2,4,2019-05-02,UA,UA,19977,UA,1763,,,,,UA,19977,UA,1763,12264,1226402,30852,IAD,"Washington, DC",VA,51,Virginia,38,14771,1477104,32457,SFO,"San Francisco, CA",CA,6,California,91,900,22.0,22.0,1.0,1.0,0900-0959,12.0,934.0,1224.0,8.0,1153,1232.0,39.0,39.0,1.0,2.0,1100-1159,0.0,,0.0,353.0,370.0,350.0,1.0,2419.0,10,22.0,0.0,17.0,0.0,0.0,,,,0,,,,,,,,,,,,,,,,,,,,,,,,,,,,,,,,,,,,,,,,,,,,,N,0.0,12.0,9.0,12.0,1.0,2.0,37.0,62.0,9,11,0.0,4.0,36.0,60.0,8,8,0,0.0,0.0,N13138,N13138-UA-0,36.0,49.0,25.0,61.0,74.0,,,1.0,36,61,0.0,0.0
N13161,935.0,2019,2,5,2,4,2019-05-02,UA,UA_CODESHARE,19977,UA,4995,,,,,C5,20445,C5,4995,12451,1245102,31136,JAX,"Jacksonville, FL",FL,12,Florida,33,12264,1226402,30852,IAD,"Washington, DC",VA,51,Virginia,38,945,-10.0,0.0,0.0,-1.0,0900-0959,14.0,949.0,1119.0,6.0,1142,1125.0,-17.0,0.0,0.0,-2.0,1100-1159,0.0,,0.0,117.0,110.0,90.0,1.0,630.0,3,,,0.0,,0.0,,,,0,,,,,,,,,,,,,,,,,,,,,,,,,,,,,,,,,,,,,,,,,,,,,N,0.0,0.0,9.0,11.0,2.0,2.0,38.0,46.0,9,11,3.0,3.0,39.0,47.0,9,9,0,0.0,0.0,N13161,N13161-UA-0,39.0,50.0,8.0,47.0,58.0,,,0.0,39,47,0.0,0.0
N131EV,613.0,2019,2,5,2,4,2019-05-02,DL,DL_CODESHARE,19790,DL,3464,,,,,9E,20363,9E,3464,14122,1412202,30198,PIT,"Pittsburgh, PA",PA,42,Pennsylvania,23,12478,1247805,31703,JFK,"New York, NY",NY,36,New York,22,610,3.0,3.0,0.0,0.0,0600-0659,14.0,627.0,736.0,5.0,744,741.0,-3.0,0.0,0.0,-1.0,0700-0759,0.0,,0.0,94.0,88.0,69.0,1.0,340.0,2,,,0.0,,0.0,,,,0,,,,,,,,,,,,,,,,,,,,,,,,,,,,,,,,,,,,,,,,,,,,,N,0.0,0.0,6.0,7.0,1.0,3.0,25.0,31.0,6,7,1.0,3.0,25.0,31.0,8,8,0,1.0,1.0,N131EV,N131EV-DL-0,25.0,37.0,6.0,31.0,43.0,,,0.0,25,31,0.0,0.0
N131EV,825.0,2019,2,5,2,4,2019-05-02,DL,DL_CODESHARE,19790,DL,5022,,,,,9E,20363,9E,5022,12478,1247805,31703,JFK,"New York, NY",NY,36,New York,22,11278,1127805,30852,DCA,"Washington, DC",VA,51,Virginia,38,830,-5.0,0.0,0.0,-1.0,0800-0859,16.0,841.0,925.0,4.0,956,929.0,-27.0,0.0,0.0,-2.0,0900-0959,0.0,,0.0,86.0,64.0,44.0,1.0,213.0,1,,,0.0,,0.0,,,,0,,,,,,,,,,,,,,,,,,,,,,,,,,,,,,,,,,,,,,,,,,,,,N,0.0,0.0,8.0,9.0,2.0,2.0,34.0,38.0,8,9,2.0,4.0,34.0,40.0,3,3,1,1.0,0.0,N131EV,N131EV-DL-1,34.0,46.0,4.0,38.0,50.0,31.0,3.0,0.0,35,40,2.0,7.06
N131HQ,658.0,2019,2,5,2,4,2019-05-02,AA,AA_CODESHARE,19805,AA,4594,,,,,YX,20452,YX,4594,13487,1348702,31650,MSP,"Minneapolis, MN",MN,27,Minnesota,63,11278,1127805,30852,DCA,"Washington, DC",VA,51,Virginia,38,706,-8.0,0.0,0.0,-1.0,0700-0759,16.0,714.0,1021.0,9.0,1045,1030.0,-15.0,0.0,0.0,-1.0,1000-1059,0.0,,0.0,159.0,152.0,127.0,1.0,931.0,4,,,0.0,,0.0,,,,0,,,,,,,,,,,,,,,,,,,,,,,,,,,,,,,,,,,,,,,,,,,,,N,4.0,0.0,6.0,10.0,4.0,2.0,32.0,42.0,7,10,0.0,3.0,32.0,43.0,3,3,0,0.0,0.0,N131HQ,N131HQ-AA-0,32.0,44.0,10.0,42.0,54.0,,,0.0,32,42,0.0,0.0
N131NN,705.0,2019,2,5,2,4,2019-05-02,AA,AA,19805,AA,1384,,,,,AA,19805,AA,1384,13930,1393007,30977,ORD,"Chicago, IL",IL,17,Illinois,41,12892,1289208,32575,LAX,"Los Angeles, CA",CA,6,California,91,705,0.0,0.0,0.0,0.0,0700-0759,28.0,733.0,936.0,45.0,947,1021.0,34.0,34.0,1.0,2.0,0900-0959,0.0,,0.0,282.0,316.0,243.0,1.0,1744.0,7,0.0,0.0,34.0,0.0,0.0,,,,0,,,,,,,,,,,,,,,,,,,,,,,,,,,,,,,,,,,,,,,,,,,,,N,4.0,12.0,7.0,10.0,0.0,1.0,32.0,53.0,7,9,0.0,3.0,32.0,51.0,4,4,0,0.0,0.0,N131NN,N131NN-AA-0,32.0,44.0,21.0,53.0,65.0,,,2.0,32,53,0.0,0.0
N131SY,657.0,2019,2,5,2,4,2019-05-02,UA,UA_CODESHARE,19977,UA,5681,,,,,OO,20304,OO,5681,15016,1501606,31123,STL,"St. Louis, MO",MO,29,Missouri,64,14771,1477104,32457,SFO,"San Francisco, CA",CA,6,California,91,700,-3.0,0.0,0.0,-1.0,0700-0759,16.0,713.0,934.0,17.0,950,951.0,1.0,1.0,0.0,0.0,0900-0959,0.0,,0.0,290.0,294.0,261.0,1.0,1735.0,7,,,0.0,,0.0,,,,0,,,,,,,,,,,,,,,,,,,,,,,,,,,,,,,,,,,,,,,,,,,,,N,4.0,12.0,6.0,9.0,4.0,3.0,32.0,51.0,7,9,0.0,3.0,32.0,51.0,3,3,0,0.0,0.0,N131SY,N131SY-UA-0,32.0,44.0,19.0,51.0,63.0,,,0.0,32,52,1.0,3.18
N13227,755.0,2019,2,5,2,4,2019-05-02,UA,UA,19977,UA,1950,,,,,UA,19977,UA,1950,11066,1106606,31066,CMH,"Columbus, OH",OH,39,Ohio,44,11292,1129202,30325,DEN,"Denver, CO",CO,8,Colorado,82,708,47.0,47.0,1.0,3.0,0700-0759,19.0,814.0,903.0,6.0,823,909.0,46.0,46.0,1.0,3.0,0800-0859,0.0,,0.0,195.0,194.0,169.0,1.0,1154.0,5,46.0,0.0,0.0,0.0,0.0,,,,0,,,,,,,,,,,,,,,,,,,,,,,,,,,,,,,,,,,,,,,,,,,,,N,0.0,8.0,7.0,9.0,4.0,1.0,32.0,45.0,7,8,1.0,2.0,29.0,42.0,8,8,0,0.0,0.0,N13227,N13227-UA-0,32.0,44.0,13.0,45.0,57.0,,,0.0,32,45,0.0,0.0
N13248,753.0,2019,2,5,2,4,2019-05-02,UA,UA,19977,UA,1499,,,,,UA,19977,UA,1499,14524,1452401,34524,RIC,"Richmond, VA",VA,51,Virginia,38,13930,1393007,30977,ORD,"Chicago, IL",IL,17,Illinois,41,800,-7.0,0.0,0.0,-1.0,0800-0859,27.0,820.0,900.0,18.0,908,918.0,10.0,10.0,0.0,0.0,0900-0959,0.0,,0.0,128.0,145.0,100.0,1.0,642.0,3,,,0.0,,0.0,,,,0,,,,,,,,,,,,,,,,,,,,,,,,,,,,,,,,,,,,,,,,,,,,,N,0.0,4.0,7.0,9.0,4.0,1.0,32.0,41.0,8,9,0.0,1.0,32.0,41.0,4,4,0,0.0,0.0,N13248,N13248-UA-0,32.0,44.0,9.0,41.0,53.0,,,0.0,32,41,0.0,0.0
N132EV,611.0,2019,2,5,2,4,2019-05-02,DL,DL_CODESHARE,19790,DL,5180,,,,,9E,20363,9E,5180,13029,1302902,33029,LNK,"Lincoln, NE",NE,31,Nebraska,65,10397,1039707,30397,ATL,"Atlanta, GA",GA,13,Georgia,34,600,11.0,11.0,0.0,0.0,0600-0659,37.0,648.0,1004.0,11.0,919,1015.0,56.0,56.0,1.0,3.0,0900-0959,0.0,,0.0,139.0,184.0,136.0,1.0,841.0,4,11.0,0.0,45.0,0.0,0.0,,,,0,,,,,,,,,,,,,,,,,,,,,,,,,,,,,,,,,,,,,,,,,,,,,N,4.0,0.0,6.0,10.0,1.0,1.0,29.0,41.0,6,9,0.0,1.0,28.0,37.0,5,5,0,0.0,0.0,N132EV,N132EV-DL-0,28.0,41.0,12.0,40.0,53.0,,,3.0,28,40,0.0,0.0
N132HQ,553.0,2019,2,5,2,4,2019-05-02,AA,AA_CODESHARE,19805,AA,4645,,,,,YX,20452,YX,4645,12953,1295304,31703,LGA,"New York, NY",NY,36,New York,22,11066,1106606,31066,CMH,"Columbus, OH",OH,39,Ohio,44,600,-7.0,0.0,0.0,-1.0,0600-0659,15.0,608.0,816.0,11.0,748,827.0,39.0,39.0,1.0,2.0,0700-0759,0.0,,0.0,108.0,154.0,128.0,1.0,479.0,2,0.0,0.0,39.0,0.0,0.0,,,,0,,,,,,,,,,,,,,,,,,,,,,,,,,,,,,,,,,,,,,,,,,,,,N,0.0,0.0,5.0,8.0,4.0,2.0,24.0,34.0,6,7,0.0,3.0,24.0,31.0,1,1,0,1.0,1.0,N132HQ,N132HQ-AA-0,24.0,36.0,10.0,34.0,46.0,,,3.0,24,34,0.0,0.0
N132HQ,903.0,2019,2,5,2,4,2019-05-02,AA,AA_CODESHARE,19805,AA,4559,,,,,YX,20452,YX,4559,11066,1106606,31066,CMH,"Columbus, OH",OH,39,Ohio,44,14100,1410005,34100,PHL,"Philadelphia, PA",PA,42,Pennsylvania,23,820,43.0,43.0,1.0,2.0,0800-0859,25.0,928.0,1035.0,4.0,1000,1039.0,39.0,39.0,1.0,2.0,1000-1059,0.0,,0.0,100.0,96.0,67.0,1.0,406.0,2,5.0,0.0,0.0,0.0,34.0,,,,0,,,,,,,,,,,,,,,,,,,,,,,,,,,,,,,,,,,,,,,,,,,,,N,0.0,0.0,9.0,10.0,0.0,3.0,36.0,43.0,8,10,1.0,0.0,33.0,40.0,9,9,1,1.0,0.0,N132HQ,N132HQ-AA-1,34.0,48.0,7.0,41.0,55.0,34.0,2.0,2.0,34,41,0.0,0.0
N133EV,648.0,2019,2,5,2,4,2019-05-02,DL,DL_CODESHARE,19790,DL,3480,,,,,9E,20363,9E,3480,12339,1233904,32337,IND,"Indianapolis, IN",IN,18,Indiana,42,12478,1247805,31703,JFK,"New York, NY",NY,36,New York,22,650,-2.0,0.0,0.0,-1.0,0600-0659,20.0,708.0,852.0,11.0,900,903.0,3.0,3.0,0.0,0.0,0900-0959,0.0,,0.0,130.0,135.0,104.0,1.0,665.0,3,,,0.0,,0.0,,,,0,,,,,,,,,,,,,,,,,,,,,,,,,,,,,,,,,,,,,,,,,,,,,N,0.0,0.0,6.0,9.0,3.0,0.0,27.0,36.0,6,9,3.0,0.0,27.0,36.0,1,1,0,1.0,1.0,N133EV,N133EV-DL-0,27.0,39.0,9.0,36.0,48.0,,,0.0,27,36,0.0,0.0
N133EV,939.0,2019,2,5,2,4,2019-05-02,DL,DL_CODESHARE,19790,DL,3478,,,,,9E,20363,9E,3478,12478,1247805,31703,JFK,"New York, NY",NY,36,New York,22,13930,1393007,30977,ORD,"Chicago, IL",IL,17,Illinois,41,940,-1.0,0.0,0.0,-1.0,0900-0959,21.0,1000.0,1105.0,15.0,1130,1120.0,-10.0,0.0,0.0,-1.0,1100-1159,0.0,,0.0,170.0,161.0,125.0,1.0,740.0,3,,,0.0,,0.0,,,,0,,,,,,,,,,,,,,,,,,,,,,,,,,,,,,,,,,,,,,,,,,,,,N,0.0,4.0,9.0,11.0,3.0,1.0,39.0,49.0,9,11,3.0,2.0,39.0,50.0,7,7,1,1.0,0.0,N133EV,N133EV-DL-1,39.0,51.0,10.0,49.0,61.0,36.0,3.0,0.0,39,49,0.0,0.0
N133HQ,613.0,2019,2,5,2,4,2019-05-02,AA,AA_CODESHARE,19805,AA,4346,,,,,YX,20452,YX,4346,12339,1233904,32337,IND,"Indianapolis, IN",IN,18,Indiana,42,11278,1127805,30852,DCA,"Washington, DC",VA,51,Virginia,38,618,-5.0,0.0,0.0,-1.0,0600-0659,11.0,624.0,740.0,4.0,759,744.0,-15.0,0.0,0.0,-1.0,0700-0759,0.0,,0.0,101.0,91.0,76.0,1.0,500.0,3,,,0.0,,0.0,,,,0,,,,,,,,,,,,,,,,,,,,,,,,,,,,,,,,,,,,,,,,,,,,,N,0.0,0.0,6.0,7.0,1.0,3.0,25.0,31.0,6,7,1.0,4.0,25.0,32.0,4,4,0,1.0,1.0,N133HQ,N133HQ-AA-0,25.0,37.0,6.0,31.0,43.0,,,0.0,25,31,0.0,0.0
N133HQ,842.0,2019,2,5,2,4,2019-05-02,AA,AA_CODESHARE,19805,AA,4662,,,,,YX,20452,YX,4662,11278,1127805,30852,DCA,"Washington, DC",VA,51,Virginia,38,13244,1324402,33244,MEM,"Memphis, TN",TN,47,Tennessee,54,850,-8.0,0.0,0.0,-1.0,0800-0859,30.0,912.0,1005.0,7.0,1023,1012.0,-11.0,0.0,0.0,-1.0,1000-1059,0.0,,0.0,153.0,150.0,113.0,1.0,762.0,4,,,0.0,,0.0,,,,0,,,,,,,,,,,,,,,,,,,,,,,,,,,,,,,,,,,,,,,,,,,,,N,0.0,4.0,8.0,10.0,3.0,1.0,35.0,45.0,8,10,3.0,2.0,35.0,46.0,8,8,1,1.0,0.0,N133HQ,N133HQ-AA-1,35.0,47.0,10.0,45.0,57.0,31.0,4.0,0.0,35,45,0.0,0.0
N133SY,614.0,2019,2,5,2,4,2019-05-02,UA,UA_CODESHARE,19977,UA,5277,,,,,OO,20304,OO,5277,14771,1477104,32457,SFO,"San Francisco, CA",CA,6,California,91,12889,1288903,32211,LAS,"Las Vegas, NV",NV,32,Nevada,85,615,-1.0,0.0,0.0,-1.0,0600-0659,20.0,634.0,740.0,9.0,755,749.0,-6.0,0.0,0.0,-1.0,0700-0759,0.0,,0.0,100.0,95.0,66.0,1.0,414.0,2,,,0.0,,0.0,,,,0,,,,,,,,,,,,,,,,,,,,,,,,,,,,,,,,,,,,,,,,,,,,,N,12.0,12.0,6.0,7.0,1.0,3.0,37.0,43.0,6,7,1.0,4.0,37.0,44.0,1,1,0,0.0,0.0,N133SY,N133SY-UA-0,37.0,49.0,6.0,43.0,55.0,,,0.0,37,43,0.0,0.0
N134EV,541.0,2019,2,5,2,4,2019-05-02,DL,DL_CODESHARE,19790,DL,3489,,,,,9E,20363,9E,3489,10785,1078502,30785,BTV,"Burlington, VT",VT,50,Vermont,16,11433,1143302,31295,DTW,"Detroit, MI",MI,26,Michigan,43,550,-9.0,0.0,0.0,-1.0,0001-0559,16.0,557.0,720.0,14.0,748,734.0,-14.0,0.0,0.0,-1.0,0700-0759,0.0,,0.0,118.0,113.0,83.0,1.0,537.0,3,,,0.0,,0.0,,,,0,,,,,,,,,,,,,,,,,,,,,,,,,,,,,,,,,,,,,,,,,,,,,N,0.0,0.0,5.0,7.0,3.0,2.0,23.0,30.0,5,7,3.0,3.0,23.0,31.0,3,3,0,1.0,1.0,N134EV,N134EV-DL-0,23.0,35.0,7.0,30.0,42.0,,,0.0,23,30,0.0,0.0
N134EV,830.0,2019,2,5,2,4,2019-05-02,DL,DL_CODESHARE,19790,DL,5005,,,,,9E,20363,9E,5005,11433,1143302,31295,DTW,"Detroit, MI",MI,26,Michigan,43,14683,1468305,33214,SAT,"San Antonio, TX",TX,48,Texas,74,836,-6.0,0.0,0.0,-1.0,0800-0859,24.0,854.0,1055.0,5.0,1054,1100.0,6.0,6.0,0.0,0.0,1000-1059,0.0,,0.0,198.0,210.0,181.0,1.0,1214.0,5,,,0.0,,0.0,,,,0,,,,,,,,,,,,,,,,,,,,,,,,,,,,,,,,,,,,,,,,,,,,,N,0.0,4.0,8.0,11.0,2.0,0.0,34.0,48.0,8,10,2.0,4.0,34.0,48.0,3,3,1,1.0,0.0,N134EV,N134EV-DL-1,34.0,46.0,14.0,48.0,60.0,30.0,4.0,0.0,34,48,0.0,0.0
N134HQ,817.0,2019,2,5,2,4,2019-05-02,AA,AA_CODESHARE,19805,AA,4699,,,,,YX,20452,YX,4699,11057,1105703,31057,CLT,"Charlotte, NC",NC,37,North Carolina,36,11624,1162403,31624,EYW,"Key West, FL",FL,12,Florida,33,829,-12.0,0.0,0.0,-1.0,0800-0859,23.0,840.0,1029.0,6.0,1044,1035.0,-9.0,0.0,0.0,-1.0,1000-1059,0.0,,0.0,135.0,138.0,109.0,1.0,736.0,3,,,0.0,,0.0,,,,0,,,,,,,,,,,,,,,,,,,,,,,,,,,,,,,,,,,,,,,,,,,,,N,0.0,0.0,8.0,10.0,1.0,2.0,33.0,42.0,8,10,2.0,3.0,34.0,43.0,7,7,0,0.0,0.0,N134HQ,N134HQ-AA-0,34.0,45.0,9.0,43.0,54.0,,,0.0,34,43,0.0,0.0
N13538,542.0,2019,2,5,2,4,2019-05-02,UA,UA_CODESHARE,19977,UA,4101,,,,,EV,20366,EV,4101,12915,1291503,31205,LCH,"Lake Charles, LA",LA,22,Louisiana,72,12266,1226603,31453,IAH,"Houston, TX",TX,48,Texas,74,550,-8.0,0.0,0.0,-1.0,0001-0559,9.0,551.0,620.0,5.0,644,625.0,-19.0,0.0,0.0,-2.0,0600-0659,0.0,,0.0,54.0,43.0,29.0,1.0,127.0,1,,,0.0,,0.0,,,,0,,,,,,,,,,,,,,,,,,,,,,,,,,,,,,,,,,,,,,,,,,,,,N,4.0,4.0,5.0,6.0,3.0,2.0,27.0,30.0,5,6,3.0,3.0,27.0,31.0,6,6,0,1.0,1.0,N13538,N13538-UA-0,27.0,39.0,3.0,30.0,42.0,,,0.0,27,30,0.0,0.0
N13538,730.0,2019,2,5,2,4,2019-05-02,UA,UA_CODESHARE,19977,UA,4015,,,,,EV,20366,EV,4015,12266,1226603,31453,IAH,"Houston, TX",TX,48,Texas,74,11540,1154005,30615,ELP,"El Paso, TX",TX,48,Texas,74,745,-15.0,0.0,0.0,-1.0,0700-0759,24.0,754.0,841.0,7.0,851,848.0,-3.0,0.0,0.0,-1.0,0800-0859,0.0,,0.0,126.0,138.0,107.0,1.0,667.0,3,,,0.0,,0.0,,,,0,,,,,,,,,,,,,,,,,,,,,,,,,,,,,,,,,,,,,,,,,,,,,N,4.0,8.0,7.0,8.0,2.0,3.0,34.0,43.0,7,8,3.0,3.0,35.0,43.0,2,2,1,1.0,0.0,N13538,N13538-UA-1,35.0,46.0,9.0,44.0,55.0,30.0,4.0,0.0,37,46,2.0,4.96
N135EV,755.0,2019,2,5,2,4,2019-05-02,DL,DL_CODESHARE,19790,DL,3472,,,,,9E,20363,9E,3472,14321,1432105,34321,PWM,"Portland, ME",ME,23,Maine,12,12953,1295304,31703,LGA,"New York, NY",NY,36,New York,22,805,-10.0,0.0,0.0,-1.0,0800-0859,18.0,813.0,912.0,6.0,934,918.0,-16.0,0.0,0.0,-2.0,0900-0959,0.0,,0.0,89.0,83.0,59.0,1.0,269.0,2,,,0.0,,0.0,,,,0,,,,,,,,,,,,,,,,,,,,,,,,,,,,,,,,,,,,,,,,,,,,,N,0.0,0.0,7.0,9.0,4.0,1.0,32.0,37.0,8,9,0.0,2.0,32.0,38.0,6,6,0,0.0,0.0,N135EV,N135EV-DL-0,32.0,44.0,5.0,37.0,49.0,,,0.0,32,37,0.0,0.0
N135HQ,1245.0,2019,2,5,2,4,2019-05-02,AA,AA_CODESHARE,19805,AA,4586,,,,,YX,20452,YX,4586,11066,1106606,31066,CMH,"Columbus, OH",OH,39,Ohio,44,11278,1127805,30852,DCA,"Washington, DC",VA,51,Virginia,38,800,285.0,285.0,1.0,12.0,0800-0859,11.0,1256.0,1349.0,4.0,928,1353.0,265.0,265.0,1.0,12.0,0900-0959,0.0,,0.0,88.0,68.0,53.0,1.0,323.0,2,265.0,0.0,0.0,0.0,0.0,,,,0,,,,,,,,,,,,,,,,,,,,,,,,,,,,,,,,,,,,,,,,,,,,,N,0.0,0.0,12.0,13.0,3.0,4.0,51.0,56.0,8,9,0.0,2.0,32.0,38.0,1,1,0,0.0,0.0,N135HQ,N135HQ-AA-0,51.0,63.0,5.0,56.0,68.0,,,0.0,51,56,0.0,0.0
N135SY,550.0,2019,2,5,2,4,2019-05-02,UA,UA_CODESHARE,19977,UA,5538,,,,,OO,20304,OO,5538,14698,1469802,34236,SBP,"San Luis Obispo, CA",CA,6,California,91,12892,1289208,32575,LAX,"Los Angeles, CA",CA,6,California,91,600,-10.0,0.0,0.0,-1.0,0600-0659,19.0,609.0,647.0,13.0,710,700.0,-10.0,0.0,0.0,-1.0,0700-0759,0.0,,0.0,70.0,70.0,38.0,1.0,156.0,1,,,0.0,,0.0,,,,0,,,,,,,,,,,,,,,,,,,,,,,,,,,,,,,,,,,,,,,,,,,,,N,12.0,12.0,5.0,7.0,3.0,0.0,35.0,40.0,6,7,0.0,1.0,36.0,41.0,6,6,0,0.0,0.0,N135SY,N135SY-UA-0,36.0,47.0,5.0,41.0,52.0,,,0.0,36,41,0.0,0.0
N136EV,820.0,2019,2,5,2,4,2019-05-02,DL,DL_CODESHARE,19790,DL,3301,,,,,9E,20363,9E,3301,10397,1039707,30397,ATL,"Atlanta, GA",GA,13,Georgia,34,15919,1591904,31834,XNA,"Fayetteville, AR",AR,5,Arkansas,71,820,0.0,0.0,0.0,0.0,0800-0859,20.0,840.0,904.0,3.0,920,907.0,-13.0,0.0,0.0,-1.0,0900-0959,0.0,,0.0,120.0,107.0,84.0,1.0,589.0,3,,,0.0,,0.0,,,,0,,,,,,,,,,,,,,,,,,,,,,,,,,,,,,,,,,,,,,,,,,,,,N,0.0,4.0,8.0,9.0,1.0,0.0,33.0,40.0,8,9,1.0,1.0,33.0,41.0,7,7,0,0.0,0.0,N136EV,N136EV-DL-0,33.0,45.0,7.0,40.0,52.0,,,0.0,33,40,0.0,0.0
N136HQ,521.0,2019,2,5,2,4,2019-05-02,AA,AA_CODESHARE,19805,AA,4492,,,,,YX,20452,YX,4492,14730,1473003,33044,SDF,"Louisville, KY",KY,21,Kentucky,52,14100,1410005,34100,PHL,"Philadelphia, PA",PA,42,Pennsylvania,23,530,-9.0,0.0,0.0,-1.0,0001-0559,22.0,543.0,735.0,7.0,724,742.0,18.0,18.0,1.0,1.0,0700-0759,0.0,,0.0,114.0,141.0,112.0,1.0,576.0,3,0.0,0.0,18.0,0.0,0.0,,,,0,,,,,,,,,,,,,,,,,,,,,,,,,,,,,,,,,,,,,,,,,,,,,N,0.0,0.0,5.0,7.0,1.0,3.0,21.0,31.0,5,7,2.0,2.0,22.0,30.0,6,6,0,1.0,1.0,N136HQ,N136HQ-AA-0,22.0,33.0,10.0,32.0,43.0,,,1.0,22,32,0.0,0.0
N136HQ,806.0,2019,2,5,2,4,2019-05-02,AA,AA_CODESHARE,19805,AA,4437,,,,,YX,20452,YX,4437,14100,1410005,34100,PHL,"Philadelphia, PA",PA,42,Pennsylvania,23,11066,1106606,31066,CMH,"Columbus, OH",OH,39,Ohio,44,810,-4.0,0.0,0.0,-1.0,0800-0859,23.0,829.0,932.0,13.0,954,945.0,-9.0,0.0,0.0,-1.0,0900-0959,0.0,,0.0,104.0,99.0,63.0,1.0,406.0,2,,,0.0,,0.0,,,,0,,,,,,,,,,,,,,,,,,,,,,,,,,,,,,,,,,,,,,,,,,,,,N,0.0,0.0,8.0,9.0,0.0,3.0,32.0,39.0,8,9,1.0,4.0,33.0,40.0,3,3,1,1.0,0.0,N136HQ,N136HQ-AA-1,33.0,44.0,7.0,40.0,51.0,31.0,1.0,0.0,33,40,0.0,0.0
N136SY,745.0,2019,2,5,2,4,2019-05-02,UA,UA_CODESHARE,19977,UA,5427,,,,,OO,20304,OO,5427,13851,1385103,33851,OKC,"Oklahoma City, OK",OK,40,Oklahoma,73,14771,1477104,32457,SFO,"San Francisco, CA",CA,6,California,91,755,-10.0,0.0,0.0,-1.0,0700-0759,13.0,758.0,911.0,10.0,955,921.0,-34.0,0.0,0.0,-2.0,0900-0959,0.0,,0.0,240.0,216.0,193.0,1.0,1384.0,6,,,0.0,,0.0,,,,0,,,,,,,,,,,,,,,,,,,,,,,,,,,,,,,,,,,,,,,,,,,,,N,4.0,12.0,7.0,9.0,3.0,1.0,35.0,49.0,7,9,4.0,4.0,36.0,52.0,3,3,0,0.0,0.0,N136SY,N136SY-UA-0,36.0,47.0,14.0,50.0,61.0,,,0.0,36,52,2.0,7.08
N13716,628.0,2019,2,5,2,4,2019-05-02,UA,UA,19977,UA,1282,,,,,UA,19977,UA,1282,11618,1161802,31703,EWR,"Newark, NJ",NJ,34,New Jersey,21,10721,1072102,30721,BOS,"Boston, MA",MA,25,Massachusetts,13,640,-12.0,0.0,0.0,-1.0,0600-0659,26.0,654.0,734.0,6.0,750,740.0,-10.0,0.0,0.0,-1.0,0700-0759,0.0,,0.0,70.0,72.0,40.0,1.0,200.0,1,,,0.0,,0.0,,,,0,,,,,,,,,,,,,,,,,,,,,,,,,,,,,,,,,,,,,,,,,,,,,N,0.0,0.0,6.0,7.0,2.0,3.0,26.0,31.0,6,7,3.0,3.0,27.0,31.0,4,4,0,1.0,1.0,N13716,N13716-UA-0,27.0,38.0,5.0,32.0,43.0,,,0.0,27,32,0.0,0.0
N13716,850.0,2019,2,5,2,4,2019-05-02,UA,UA,19977,UA,700,,,,,UA,19977,UA,700,10721,1072102,30721,BOS,"Boston, MA",MA,25,Massachusetts,13,11618,1161802,31703,EWR,"Newark, NJ",NJ,34,New Jersey,21,900,-10.0,0.0,0.0,-1.0,0900-0959,25.0,915.0,959.0,6.0,1019,1005.0,-14.0,0.0,0.0,-1.0,1000-1059,0.0,,0.0,79.0,75.0,44.0,1.0,200.0,1,,,0.0,,0.0,,,,0,,,,,,,,,,,,,,,,,,,,,,,,,,,,,,,,,,,,,,,,,,,,,N,0.0,0.0,8.0,10.0,3.0,0.0,35.0,40.0,9,10,0.0,1.0,36.0,41.0,4,4,1,1.0,0.0,N13716,N13716-UA-1,36.0,47.0,5.0,41.0,52.0,31.0,4.0,0.0,37,42,1.0,4.2
N13718,754.0,2019,2,5,2,4,2019-05-02,UA,UA,19977,UA,2409,,,,,UA,19977,UA,2409,14100,1410005,34100,PHL,"Philadelphia, PA",PA,42,Pennsylvania,23,13930,1393007,30977,ORD,"Chicago, IL",IL,17,Illinois,41,801,-7.0,0.0,0.0,-1.0,0800-0859,12.0,806.0,858.0,17.0,920,915.0,-5.0,0.0,0.0,-1.0,0900-0959,0.0,,0.0,139.0,141.0,112.0,1.0,678.0,3,,,0.0,,0.0,,,,0,,,,,,,,,,,,,,,,,,,,,,,,,,,,,,,,,,,,,,,,,,,,,N,0.0,4.0,7.0,9.0,4.0,1.0,32.0,41.0,8,9,0.0,1.0,32.0,41.0,1,1,0,0.0,0.0,N13718,N13718-UA-0,32.0,44.0,9.0,41.0,53.0,,,0.0,32,47,6.0,14.44
N13720,837.0,2019,2,5,2,4,2019-05-02,UA,UA,19977,UA,754,,,,,UA,19977,UA,754,13487,1348702,31650,MSP,"Minneapolis, MN",MN,27,Minnesota,63,13930,1393007,30977,ORD,"Chicago, IL",IL,17,Illinois,41,730,67.0,67.0,1.0,4.0,0700-0759,14.0,851.0,946.0,12.0,902,958.0,56.0,56.0,1.0,3.0,0900-0959,0.0,,0.0,92.0,81.0,55.0,1.0,334.0,2,0.0,0.0,56.0,0.0,0.0,,,,0,,,,,,,,,,,,,,,,,,,,,,,,,,,,,,,,,,,,,,,,,,,,,N,4.0,4.0,8.0,9.0,2.0,4.0,38.0,44.0,7,9,2.0,0.0,34.0,40.0,1,1,0,0.0,0.0,N13720,N13720-UA-0,34.0,50.0,6.0,40.0,56.0,,,4.0,38,44,4.0,7.72
N137EV,705.0,2019,2,5,2,4,2019-05-02,DL,DL_CODESHARE,19790,DL,5227,,,,,9E,20363,9E,5227,13487,1348702,31650,MSP,"Minneapolis, MN",MN,27,Minnesota,63,11298,1129806,30194,DFW,"Dallas/Fort Worth, TX",TX,48,Texas,74,710,-5.0,0.0,0.0,-1.0,0700-0759,24.0,729.0,950.0,53.0,954,1043.0,49.0,49.0,1.0,3.0,0900-0959,0.0,,0.0,164.0,218.0,141.0,1.0,852.0,4,0.0,0.0,49.0,0.0,0.0,,,,0,,,,,,,,,,,,,,,,,,,,,,,,,,,,,,,,,,,,,,,,,,,,,N,4.0,4.0,7.0,10.0,0.0,3.0,32.0,47.0,7,9,1.0,4.0,33.0,44.0,3,3,0,0.0,0.0,N137EV,N137EV-DL-0,33.0,44.0,15.0,48.0,59.0,,,3.0,37,55,7.0,34.14
N137HQ,559.0,2019,2,5,2,4,2019-05-02,AA,AA_CODESHARE,19805,AA,4359,,,,,YX,20452,YX,4359,15412,1541205,35412,TYS,"Knoxville, TN",TN,47,Tennessee,54,12953,1295304,31703,LGA,"New York, NY",NY,36,New York,22,608,-9.0,0.0,0.0,-1.0,0600-0659,15.0,614.0,749.0,6.0,814,755.0,-19.0,0.0,0.0,-2.0,0800-0859,0.0,,0.0,126.0,116.0,95.0,1.0,648.0,3,,,0.0,,0.0,,,,0,,,,,,,,,,,,,,,,,,,,,,,,,,,,,,,,,,,,,,,,,,,,,N,0.0,0.0,5.0,7.0,4.0,4.0,24.0,32.0,6,8,1.0,1.0,25.0,33.0,5,5,0,1.0,1.0,N137HQ,N137HQ-AA-0,25.0,36.0,8.0,33.0,44.0,,,0.0,25,33,0.0,0.0
N137HQ,901.0,2019,2,5,2,4,2019-05-02,AA,AA_CODESHARE,19805,AA,4546,,,,,YX,20452,YX,4546,12953,1295304,31703,LGA,"New York, NY",NY,36,New York,22,14027,1402702,34027,PBI,"West Palm Beach/Palm Beach, FL",FL,12,Florida,33,900,1.0,1.0,0.0,0.0,0900-0959,30.0,931.0,1204.0,6.0,1216,1210.0,-6.0,0.0,0.0,-1.0,1200-1259,0.0,,0.0,196.0,189.0,153.0,1.0,1035.0,5,,,0.0,,0.0,,,,0,,,,,,,,,,,,,,,,,,,,,,,,,,,,,,,,,,,,,,,,,,,,,N,0.0,0.0,9.0,12.0,0.0,1.0,36.0,49.0,9,12,0.0,1.0,36.0,49.0,4,4,1,1.0,0.0,N137HQ,N137HQ-AA-1,36.0,48.0,13.0,49.0,61.0,32.0,4.0,0.0,38,51,2.0,8.96
N138EV,715.0,2019,2,5,2,4,2019-05-02,DL,DL_CODESHARE,19790,DL,5110,,,,,9E,20363,9E,5110,13487,1348702,31650,MSP,"Minneapolis, MN",MN,27,Minnesota,63,14100,1410005,34100,PHL,"Philadelphia, PA",PA,42,Pennsylvania,23,720,-5.0,0.0,0.0,-1.0,0700-0759,8.0,723.0,1030.0,4.0,1110,1034.0,-36.0,0.0,0.0,-2.0,1100-1159,0.0,,0.0,170.0,139.0,127.0,1.0,980.0,4,,,0.0,,0.0,,,,0,,,,,,,,,,,,,,,,,,,,,,,,,,,,,,,,,,,,,,,,,,,,,N,4.0,0.0,7.0,10.0,1.0,2.0,33.0,42.0,7,11,1.0,1.0,33.0,45.0,1,1,0,0.0,0.0,N138EV,N138EV-DL-0,33.0,45.0,9.0,42.0,54.0,,,0.0,37,46,4.0,9.3
N138HQ,838.0,2019,2,5,2,4,2019-05-02,AA,AA_CODESHARE,19805,AA,4572,,,,,YX,20452,YX,4572,12339,1233904,32337,IND,"Indianapolis, IN",IN,18,Indiana,42,11057,1105703,31057,CLT,"Charlotte, NC",NC,37,North Carolina,36,843,-5.0,0.0,0.0,-1.0,0800-0859,19.0,857.0,1015.0,13.0,1024,1028.0,4.0,4.0,0.0,0.0,1000-1059,0.0,,0.0,101.0,110.0,78.0,1.0,427.0,2,,,0.0,,0.0,,,,0,,,,,,,,,,,,,,,,,,,,,,,,,,,,,,,,,,,,,,,,,,,,,N,0.0,0.0,8.0,10.0,3.0,2.0,35.0,42.0,8,10,3.0,2.0,35.0,42.0,1,1,0,0.0,0.0,N138HQ,N138HQ-AA-0,35.0,47.0,7.0,42.0,54.0,,,0.0,35,42,0.0,0.0
N138SY,556.0,2019,2,5,2,4,2019-05-02,UA,UA_CODESHARE,19977,UA,5893,,,,,OO,20304,OO,5893,14004,1400402,34004,PAE,"Everett, WA",WA,53,Washington,93,14771,1477104,32457,SFO,"San Francisco, CA",CA,6,California,91,600,-4.0,0.0,0.0,-1.0,0600-0659,24.0,620.0,759.0,13.0,816,812.0,-4.0,0.0,0.0,-1.0,0800-0859,0.0,,0.0,136.0,136.0,99.0,1.0,710.0,3,,,0.0,,0.0,,,,0,,,,,,,,,,,,,,,,,,,,,,,,,,,,,,,,,,,,,,,,,,,,,N,12.0,12.0,5.0,8.0,4.0,1.0,36.0,45.0,6,8,0.0,1.0,36.0,45.0,3,3,0,0.0,0.0,N138SY,N138SY-UA-0,36.0,48.0,9.0,45.0,57.0,,,0.0,36,45,0.0,0.0
N13903,558.0,2019,2,5,2,4,2019-05-02,UA,UA_CODESHARE,19977,UA,4034,,,,,EV,20366,EV,4034,15016,1501606,31123,STL,"St. Louis, MO",MO,29,Missouri,64,11618,1161802,31703,EWR,"Newark, NJ",NJ,34,New Jersey,21,600,-2.0,0.0,0.0,-1.0,0600-0659,15.0,613.0,911.0,5.0,934,916.0,-18.0,0.0,0.0,-2.0,0900-0959,0.0,,0.0,154.0,138.0,118.0,1.0,872.0,4,,,0.0,,0.0,,,,0,,,,,,,,,,,,,,,,,,,,,,,,,,,,,,,,,,,,,,,,,,,,,N,4.0,0.0,5.0,9.0,4.0,1.0,28.0,37.0,6,9,0.0,2.0,28.0,38.0,1,1,0,0.0,0.0,N13903,N13903-UA-0,28.0,40.0,9.0,37.0,49.0,,,0.0,28,39,2.0,2.9
N13913,521.0,2019,2,5,2,4,2019-05-02,UA,UA_CODESHARE,19977,UA,4418,,,,,EV,20366,EV,4418,10747,1074706,30747,BRO,"Brownsville, TX",TX,48,Texas,74,12266,1226603,31453,IAH,"Houston, TX",TX,48,Texas,74,531,-10.0,0.0,0.0,-1.0,0001-0559,17.0,538.0,634.0,7.0,645,641.0,-4.0,0.0,0.0,-1.0,0600-0659,0.0,,0.0,74.0,80.0,56.0,1.0,308.0,2,,,0.0,,0.0,,,,0,,,,,,,,,,,,,,,,,,,,,,,,,,,,,,,,,,,,,,,,,,,,,N,4.0,4.0,5.0,6.0,1.0,3.0,25.0,31.0,5,6,2.0,3.0,26.0,31.0,6,6,0,1.0,1.0,N13913,N13913-UA-0,26.0,37.0,6.0,32.0,43.0,,,0.0,26,32,0.0,0.0
N13913,722.0,2019,2,5,2,4,2019-05-02,UA,UA_CODESHARE,19977,UA,4025,,,,,EV,20366,EV,4025,12266,1226603,31453,IAH,"Houston, TX",TX,48,Texas,74,12992,1299206,32600,LIT,"Little Rock, AR",AR,5,Arkansas,71,735,-13.0,0.0,0.0,-1.0,0700-0759,43.0,805.0,919.0,9.0,902,928.0,26.0,26.0,1.0,1.0,0900-0959,0.0,,0.0,87.0,126.0,74.0,1.0,374.0,2,0.0,0.0,26.0,0.0,0.0,,,,0,,,,,,,,,,,,,,,,,,,,,,,,,,,,,,,,,,,,,,,,,,,,,N,4.0,4.0,7.0,9.0,1.0,2.0,33.0,42.0,7,9,2.0,0.0,34.0,40.0,2,2,1,1.0,0.0,N13913,N13913-UA-1,34.0,45.0,9.0,43.0,54.0,31.0,2.0,2.0,34,43,0.0,0.0
N13978,539.0,2019,2,5,2,4,2019-05-02,UA,UA_CODESHARE,19977,UA,3985,,,,,EV,20366,EV,3985,11982,1198202,31982,GRK,"Killeen, TX",TX,48,Texas,74,12266,1226603,31453,IAH,"Houston, TX",TX,48,Texas,74,540,-1.0,0.0,0.0,-1.0,0001-0559,15.0,554.0,643.0,6.0,642,649.0,7.0,7.0,0.0,0.0,0600-0659,0.0,,0.0,62.0,70.0,49.0,1.0,166.0,1,,,0.0,,0.0,,,,0,,,,,,,,,,,,,,,,,,,,,,,,,,,,,,,,,,,,,,,,,,,,,N,4.0,4.0,5.0,6.0,3.0,3.0,27.0,31.0,5,6,3.0,3.0,27.0,31.0,9,9,0,1.0,1.0,N13978,N13978-UA-0,27.0,39.0,4.0,31.0,43.0,,,0.0,27,31,0.0,0.0
N13978,756.0,2019,2,5,2,4,2019-05-02,UA,UA_CODESHARE,19977,UA,4168,,,,,EV,20366,EV,4168,12266,1226603,31453,IAH,"Houston, TX",TX,48,Texas,74,15370,1537002,34653,TUL,"Tulsa, OK",OK,40,Oklahoma,73,800,-4.0,0.0,0.0,-1.0,0800-0859,54.0,850.0,954.0,5.0,933,959.0,26.0,26.0,1.0,1.0,0900-0959,0.0,,0.0,93.0,123.0,64.0,1.0,429.0,2,0.0,0.0,26.0,0.0,0.0,,,,0,,,,,,,,,,,,,,,,,,,,,,,,,,,,,,,,,,,,,,,,,,,,,N,4.0,4.0,7.0,9.0,4.0,4.0,36.0,44.0,8,9,0.0,2.0,36.0,42.0,8,8,1,1.0,0.0,N13978,N13978-UA-1,36.0,48.0,8.0,44.0,56.0,31.0,5.0,2.0,36,44,0.0,0.0
N13979,633.0,2019,2,5,2,4,2019-05-02,UA,UA_CODESHARE,19977,UA,4478,,,,,EV,20366,EV,4478,15624,1562404,31504,VPS,"Valparaiso, FL",FL,12,Florida,33,12266,1226603,31453,IAH,"Houston, TX",TX,48,Texas,74,640,-7.0,0.0,0.0,-1.0,0600-0659,15.0,648.0,858.0,8.0,841,906.0,25.0,25.0,1.0,1.0,0800-0859,0.0,,0.0,121.0,153.0,130.0,1.0,528.0,3,0.0,0.0,25.0,0.0,0.0,,,,0,,,,,,,,,,,,,,,,,,,,,,,,,,,,,,,,,,,,,,,,,,,,,N,4.0,4.0,6.0,9.0,2.0,0.0,30.0,40.0,6,8,3.0,3.0,31.0,39.0,9,9,0,0.0,0.0,N13979,N13979-UA-0,31.0,42.0,10.0,41.0,52.0,,,2.0,31,41,0.0,0.0
N13988,928.0,2019,2,5,2,4,2019-05-02,UA,UA_CODESHARE,19977,UA,4002,,,,,EV,20366,EV,4002,10599,1059904,30599,BHM,"Birmingham, AL",AL,1,Alabama,51,12266,1226603,31453,IAH,"Houston, TX",TX,48,Texas,74,645,163.0,163.0,1.0,10.0,0600-0659,12.0,940.0,1118.0,10.0,855,1128.0,153.0,153.0,1.0,10.0,0800-0859,0.0,,0.0,130.0,120.0,98.0,1.0,562.0,3,0.0,0.0,153.0,0.0,0.0,,,,0,,,,,,,,,,,,,,,,,,,,,,,,,,,,,,,,,,,,,,,,,,,,,N,4.0,4.0,9.0,11.0,2.0,2.0,42.0,50.0,6,8,3.0,4.0,31.0,40.0,3,3,0,0.0,0.0,N13988,N13988-UA-0,32.0,54.0,8.0,40.0,62.0,,,10.0,32,47,7.0,33.48
N13995,918.0,2019,2,5,2,4,2019-05-02,UA,UA_CODESHARE,19977,UA,4325,,,,,EV,20366,EV,4325,10781,1078105,30781,BTR,"Baton Rouge, LA",LA,22,Louisiana,72,12266,1226603,31453,IAH,"Houston, TX",TX,48,Texas,74,705,133.0,133.0,1.0,8.0,0700-0759,13.0,931.0,1024.0,9.0,825,1033.0,128.0,128.0,1.0,8.0,0800-0859,0.0,,0.0,80.0,75.0,53.0,1.0,253.0,2,0.0,0.0,128.0,0.0,0.0,,,,0,,,,,,,,,,,,,,,,,,,,,,,,,,,,,,,,,,,,,,,,,,,,,N,4.0,4.0,9.0,10.0,1.0,2.0,41.0,46.0,7,8,0.0,2.0,32.0,38.0,9,9,0,0.0,0.0,N13995,N13995-UA-0,32.0,53.0,5.0,37.0,58.0,,,9.0,32,37,0.0,0.0
N139AN,535.0,2019,2,5,2,4,2019-05-02,AA,AA,19805,AA,2322,,,,,AA,19805,AA,2322,14747,1474703,30559,SEA,"Seattle, WA",WA,53,Washington,93,11298,1129806,30194,DFW,"Dallas/Fort Worth, TX",TX,48,Texas,74,540,-5.0,0.0,0.0,-1.0,0001-0559,25.0,600.0,1123.0,10.0,1135,1133.0,-2.0,0.0,0.0,-1.0,1100-1159,0.0,,0.0,235.0,238.0,203.0,1.0,1660.0,7,,,0.0,,0.0,,,,0,,,,,,,,,,,,,,,,,,,,,,,,,,,,,,,,,,,,,,,,,,,,,N,12.0,4.0,5.0,11.0,2.0,2.0,34.0,50.0,5,11,3.0,2.0,35.0,50.0,5,5,0,0.0,0.0,N139AN,N139AN-AA-0,35.0,46.0,16.0,51.0,62.0,,,0.0,35,51,0.0,0.0
N139SY,556.0,2019,2,5,2,4,2019-05-02,UA,UA_CODESHARE,19977,UA,5596,,,,,OO,20304,OO,5596,14689,1468902,34689,SBA,"Santa Barbara, CA",CA,6,California,91,12892,1289208,32575,LAX,"Los Angeles, CA",CA,6,California,91,600,-4.0,0.0,0.0,-1.0,0600-0659,14.0,610.0,634.0,13.0,706,647.0,-19.0,0.0,0.0,-2.0,0700-0759,0.0,,0.0,66.0,51.0,24.0,1.0,89.0,1,,,0.0,,0.0,,,,0,,,,,,,,,,,,,,,,,,,,,,,,,,,,,,,,,,,,,,,,,,,,,N,12.0,12.0,5.0,6.0,4.0,3.0,36.0,39.0,6,7,0.0,0.0,36.0,40.0,8,8,0,0.0,0.0,N139SY,N139SY-UA-0,36.0,48.0,3.0,39.0,51.0,,,0.0,36,39,0.0,0.0
N140AN,21.0,2019,2,5,2,4,2019-05-02,AA,AA,19805,AA,1184,,,,,AA,19805,AA,1184,12892,1289208,32575,LAX,"Los Angeles, CA",CA,6,California,91,13303,1330303,32467,MIA,"Miami, FL",FL,12,Florida,33,15,6.0,6.0,0.0,0.0,0001-0559,15.0,36.0,802.0,7.0,812,809.0,-3.0,0.0,0.0,-1.0,0800-0859,0.0,,0.0,297.0,288.0,266.0,1.0,2342.0,10,,,0.0,,0.0,,,,0,,,,,,,,,,,,,,,,,,,,,,,,,,,,,,,,,,,,,,,,,,,,,N,12.0,0.0,0.0,8.0,1.0,1.0,13.0,33.0,0,8,1.0,1.0,13.0,33.0,3,3,0,1.0,1.0,N140AN,N140AN-AA-0,13.0,25.0,20.0,33.0,45.0,,,0.0,13,33,0.0,0.0
N140AN,1059.0,2019,2,5,2,4,2019-05-02,AA,AA,19805,AA,260,,,,,AA,19805,AA,260,13303,1330303,32467,MIA,"Miami, FL",FL,12,Florida,33,13204,1320402,31454,MCO,"Orlando, FL",FL,12,Florida,33,918,101.0,101.0,1.0,6.0,0900-0959,21.0,1120.0,1203.0,9.0,1025,1212.0,107.0,107.0,1.0,7.0,1000-1059,0.0,,0.0,67.0,73.0,43.0,1.0,192.0,1,0.0,0.0,107.0,0.0,0.0,,,,0,,,,,,,,,,,,,,,,,,,,,,,,,,,,,,,,,,,,,,,,,,,,,N,0.0,0.0,10.0,12.0,4.0,1.0,44.0,49.0,9,10,1.0,2.0,37.0,42.0,5,5,1,1.0,0.0,N140AN,N140AN-AA-1,37.0,56.0,5.0,42.0,61.0,33.0,11.0,7.0,39,44,2.0,10.82
N140SY,613.0,2019,2,5,2,4,2019-05-02,UA,UA_CODESHARE,19977,UA,5341,,,,,OO,20304,OO,5341,12884,1288403,32884,LAN,"Lansing, MI",MI,26,Michigan,43,13930,1393007,30977,ORD,"Chicago, IL",IL,17,Illinois,41,621,-8.0,0.0,0.0,-1.0,0600-0659,14.0,627.0,613.0,12.0,635,625.0,-10.0,0.0,0.0,-1.0,0600-0659,0.0,,0.0,74.0,72.0,46.0,1.0,179.0,1,,,0.0,,0.0,,,,0,,,,,,,,,,,,,,,,,,,,,,,,,,,,,,,,,,,,,,,,,,,,,N,0.0,4.0,6.0,6.0,1.0,2.0,25.0,30.0,6,6,1.0,2.0,25.0,30.0,8,8,0,0.0,0.0,N140SY,N140SY-UA-0,25.0,37.0,5.0,30.0,42.0,,,0.0,25,30,0.0,0.0
N14102,720.0,2019,2,5,2,4,2019-05-02,UA,UA,19977,UA,627,,,,,UA,19977,UA,627,11292,1129202,30325,DEN,"Denver, CO",CO,8,Colorado,82,11618,1161802,31703,EWR,"Newark, NJ",NJ,34,New Jersey,21,725,-5.0,0.0,0.0,-1.0,0700-0759,16.0,736.0,1234.0,5.0,1305,1239.0,-26.0,0.0,0.0,-2.0,1300-1359,0.0,,0.0,220.0,199.0,178.0,1.0,1605.0,7,,,0.0,,0.0,,,,0,,,,,,,,,,,,,,,,,,,,,,,,,,,,,,,,,,,,,,,,,,,,,N,8.0,0.0,7.0,12.0,1.0,3.0,37.0,51.0,7,13,2.0,0.0,38.0,52.0,7,7,0,0.0,0.0,N14102,N14102-UA-0,38.0,49.0,14.0,52.0,63.0,,,0.0,38,52,0.0,0.0
N14107,745.0,2019,2,5,2,4,2019-05-02,UA,UA,19977,UA,1649,,,,,UA,19977,UA,1649,13204,1320402,31454,MCO,"Orlando, FL",FL,12,Florida,33,11618,1161802,31703,EWR,"Newark, NJ",NJ,34,New Jersey,21,750,-5.0,0.0,0.0,-1.0,0700-0759,17.0,802.0,1007.0,15.0,1028,1022.0,-6.0,0.0,0.0,-1.0,1000-1059,0.0,,0.0,158.0,157.0,125.0,1.0,937.0,4,,,0.0,,0.0,,,,0,,,,,,,,,,,,,,,,,,,,,,,,,,,,,,,,,,,,,,,,,,,,,N,0.0,0.0,7.0,10.0,3.0,1.0,31.0,41.0,7,10,3.0,2.0,31.0,42.0,3,3,0,0.0,0.0,N14107,N14107-UA-0,31.0,43.0,10.0,41.0,53.0,,,0.0,31,41,0.0,0.0
N14116,600.0,2019,2,5,2,4,2019-05-02,UA,UA_CODESHARE,19977,UA,4620,,,,,AX,20237,AX,4620,12896,1289607,32896,LBB,"Lubbock, TX",TX,48,Texas,74,11292,1129202,30325,DEN,"Denver, CO",CO,8,Colorado,82,605,-5.0,0.0,0.0,-1.0,0600-0659,14.0,614.0,625.0,10.0,641,635.0,-6.0,0.0,0.0,-1.0,0600-0659,0.0,,0.0,96.0,95.0,71.0,1.0,456.0,2,,,0.0,,0.0,,,,0,,,,,,,,,,,,,,,,,,,,,,,,,,,,,,,,,,,,,,,,,,,,,N,4.0,8.0,6.0,6.0,0.0,2.0,28.0,34.0,6,6,0.0,3.0,28.0,35.0,5,5,0,0.0,0.0,N14116,N14116-UA-0,28.0,40.0,6.0,34.0,46.0,,,0.0,28,34,0.0,0.0
N14117,602.0,2019,2,5,2,4,2019-05-02,UA,UA_CODESHARE,19977,UA,4737,,,,,AX,20237,AX,4737,14783,1478302,34783,SGF,"Springfield, MO",MO,29,Missouri,64,13930,1393007,30977,ORD,"Chicago, IL",IL,17,Illinois,41,600,2.0,2.0,0.0,0.0,0600-0659,9.0,611.0,737.0,10.0,752,747.0,-5.0,0.0,0.0,-1.0,0700-0759,0.0,,0.0,112.0,105.0,86.0,1.0,438.0,2,,,0.0,,0.0,,,,0,,,,,,,,,,,,,,,,,,,,,,,,,,,,,,,,,,,,,,,,,,,,,N,4.0,4.0,6.0,7.0,0.0,3.0,28.0,35.0,6,7,0.0,3.0,28.0,35.0,2,2,0,1.0,1.0,N14117,N14117-UA-0,28.0,40.0,7.0,35.0,47.0,,,0.0,28,35,0.0,0.0
N14117,825.0,2019,2,5,2,4,2019-05-02,UA,UA_CODESHARE,19977,UA,4744,,,,,AX,20237,AX,4744,13930,1393007,30977,ORD,"Chicago, IL",IL,17,Illinois,41,13244,1324402,33244,MEM,"Memphis, TN",TN,47,Tennessee,54,830,-5.0,0.0,0.0,-1.0,0800-0859,29.0,854.0,1046.0,6.0,1030,1052.0,22.0,22.0,1.0,1.0,1000-1059,0.0,,0.0,120.0,147.0,112.0,1.0,491.0,2,0.0,0.0,22.0,0.0,0.0,,,,0,,,,,,,,,,,,,,,,,,,,,,,,,,,,,,,,,,,,,,,,,,,,,N,4.0,4.0,8.0,10.0,2.0,3.0,38.0,47.0,8,10,2.0,2.0,38.0,46.0,4,4,1,1.0,0.0,N14117,N14117-UA-1,38.0,50.0,9.0,47.0,59.0,35.0,3.0,1.0,38,48,1.0,4.26
N14143,642.0,2019,2,5,2,4,2019-05-02,UA,UA_CODESHARE,19977,UA,5000,,,,,C5,20445,C5,5000,13244,1324402,33244,MEM,"Memphis, TN",TN,47,Tennessee,54,11618,1161802,31703,EWR,"Newark, NJ",NJ,34,New Jersey,21,645,-3.0,0.0,0.0,-1.0,0600-0659,19.0,701.0,1009.0,19.0,1024,1028.0,4.0,4.0,0.0,0.0,1000-1059,0.0,,0.0,159.0,166.0,128.0,1.0,946.0,4,,,0.0,,0.0,,,,0,,,,,,,,,,,,,,,,,,,,,,,,,,,,,,,,,,,,,,,,,,,,,N,4.0,0.0,6.0,10.0,3.0,2.0,31.0,42.0,6,10,3.0,2.0,31.0,42.0,7,7,0,0.0,0.0,N14143,N14143-UA-0,31.0,43.0,11.0,42.0,54.0,,,0.0,31,42,0.0,0.0
N14148,910.0,2019,2,5,2,4,2019-05-02,UA,UA_CODESHARE,19977,UA,4184,,,,,EV,20366,EV,4184,14524,1452401,34524,RIC,"Richmond, VA",VA,51,Virginia,38,11618,1161802,31703,EWR,"Newark, NJ",NJ,34,New Jersey,21,920,-10.0,0.0,0.0,-1.0,0900-0959,18.0,928.0,1016.0,9.0,1046,1025.0,-21.0,0.0,0.0,-2.0,1000-1059,0.0,,0.0,86.0,75.0,48.0,1.0,277.0,2,,,0.0,,0.0,,,,0,,,,,,,,,,,,,,,,,,,,,,,,,,,,,,,,,,,,,,,,,,,,,N,0.0,0.0,9.0,10.0,1.0,2.0,37.0,42.0,9,10,1.0,3.0,37.0,43.0,9,9,0,0.0,0.0,N14148,N14148-UA-0,37.0,49.0,5.0,42.0,54.0,,,0.0,37,42,0.0,0.0
N14153,738.0,2019,2,5,2,4,2019-05-02,UA,UA_CODESHARE,19977,UA,4666,,,,,AX,20237,AX,4666,11648,1164802,31648,FCA,"Kalispell, MT",MT,30,Montana,84,11292,1129202,30325,DEN,"Denver, CO",CO,8,Colorado,82,745,-7.0,0.0,0.0,-1.0,0700-0759,23.0,801.0,940.0,5.0,1007,945.0,-22.0,0.0,0.0,-2.0,1000-1059,0.0,,0.0,142.0,127.0,99.0,1.0,752.0,4,,,0.0,,0.0,,,,0,,,,,,,,,,,,,,,,,,,,,,,,,,,,,,,,,,,,,,,,,,,,,N,8.0,8.0,7.0,9.0,3.0,3.0,39.0,47.0,7,10,3.0,0.0,39.0,48.0,8,8,0,0.0,0.0,N14153,N14153-UA-0,39.0,51.0,8.0,47.0,59.0,,,0.0,39,47,0.0,0.0
N14162,844.0,2019,2,5,2,4,2019-05-02,UA,UA_CODESHARE,19977,UA,4917,,,,,C5,20445,C5,4917,13230,1323002,32070,MDT,"Harrisburg, PA",PA,42,Pennsylvania,23,12264,1226402,30852,IAD,"Washington, DC",VA,51,Virginia,38,630,134.0,134.0,1.0,8.0,0600-0659,24.0,908.0,934.0,6.0,721,940.0,139.0,139.0,1.0,9.0,0700-0759,0.0,,0.0,51.0,56.0,26.0,1.0,94.0,1,134.0,0.0,5.0,0.0,0.0,,,,0,,,,,,,,,,,,,,,,,,,,,,,,,,,,,,,,,,,,,,,,,,,,,N,0.0,0.0,8.0,9.0,3.0,3.0,35.0,39.0,6,7,2.0,1.0,26.0,29.0,1,1,0,1.0,1.0,N14162,N14162-UA-0,35.0,47.0,4.0,39.0,51.0,,,0.0,35,39,0.0,0.0
N14162,1029.0,2019,2,5,2,4,2019-05-02,UA,UA_CODESHARE,19977,UA,4956,,,,,C5,20445,C5,4956,12264,1226402,30852,IAD,"Washington, DC",VA,51,Virginia,38,14685,1468502,34685,SAV,"Savannah, GA",GA,13,Georgia,34,845,104.0,104.0,1.0,6.0,0800-0859,13.0,1042.0,1211.0,4.0,1041,1215.0,94.0,94.0,1.0,6.0,1000-1059,0.0,,0.0,116.0,106.0,89.0,1.0,515.0,3,23.0,0.0,0.0,0.0,71.0,,,,0,,,,,,,,,,,,,,,,,,,,,,,,,,,,,,,,,,,,,,,,,,,,,N,0.0,0.0,10.0,12.0,2.0,1.0,42.0,49.0,8,10,3.0,3.0,35.0,43.0,7,7,1,1.0,0.0,N14162,N14162-UA-1,37.0,54.0,7.0,44.0,61.0,39.0,3.0,5.0,37,44,0.0,0.0
N14168,804.0,2019,2,5,2,4,2019-05-02,UA,UA_CODESHARE,19977,UA,4896,,,,,C5,20445,C5,4896,10257,1025702,30257,ALB,"Albany, NY",NY,36,New York,22,11618,1161802,31703,EWR,"Newark, NJ",NJ,34,New Jersey,21,700,64.0,64.0,1.0,4.0,0700-0759,35.0,839.0,909.0,9.0,814,918.0,64.0,64.0,1.0,4.0,0800-0859,0.0,,0.0,74.0,74.0,30.0,1.0,143.0,1,0.0,64.0,0.0,0.0,0.0,,,,0,,,,,,,,,,,,,,,,,,,,,,,,,,,,,,,,,,,,,,,,,,,,,N,0.0,0.0,8.0,9.0,0.0,1.0,32.0,37.0,7,8,0.0,1.0,28.0,33.0,7,7,0,1.0,1.0,N14168,N14168-UA-0,32.0,44.0,5.0,37.0,49.0,,,0.0,32,37,0.0,0.0
N14168,958.0,2019,2,5,2,4,2019-05-02,UA,UA_CODESHARE,19977,UA,4989,,,,,C5,20445,C5,4989,11618,1161802,31703,EWR,"Newark, NJ",NJ,34,New Jersey,21,13485,1348502,33485,MSN,"Madison, WI",WI,55,Wisconsin,45,915,43.0,43.0,1.0,2.0,0900-0959,21.0,1019.0,1121.0,3.0,1054,1124.0,30.0,30.0,1.0,2.0,1000-1059,0.0,,0.0,159.0,146.0,122.0,1.0,799.0,4,11.0,0.0,0.0,0.0,19.0,,,,0,,,,,,,,,,,,,,,,,,,,,,,,,,,,,,,,,,,,,,,,,,,,,N,0.0,4.0,9.0,11.0,4.0,2.0,40.0,50.0,9,10,1.0,4.0,37.0,48.0,7,7,1,1.0,0.0,N14168,N14168-UA-1,39.0,52.0,10.0,49.0,62.0,37.0,3.0,1.0,39,49,0.0,0.0
N14173,717.0,2019,2,5,2,4,2019-05-02,UA,UA_CODESHARE,19977,UA,4915,,,,,C5,20445,C5,4915,10257,1025702,30257,ALB,"Albany, NY",NY,36,New York,22,11618,1161802,31703,EWR,"Newark, NJ",NJ,34,New Jersey,21,600,77.0,77.0,1.0,5.0,0600-0659,9.0,726.0,803.0,9.0,729,812.0,43.0,43.0,1.0,2.0,0700-0759,0.0,,0.0,89.0,55.0,37.0,1.0,143.0,1,0.0,43.0,0.0,0.0,0.0,,,,0,,,,,,,,,,,,,,,,,,,,,,,,,,,,,,,,,,,,,,,,,,,,,N,0.0,0.0,7.0,8.0,1.0,1.0,29.0,33.0,6,7,0.0,2.0,24.0,30.0,6,6,0,1.0,1.0,N14173,N14173-UA-0,29.0,41.0,4.0,33.0,45.0,,,0.0,29,33,0.0,0.0
N14173,858.0,2019,2,5,2,4,2019-05-02,UA,UA_CODESHARE,19977,UA,4908,,,,,C5,20445,C5,4908,11618,1161802,31703,EWR,"Newark, NJ",NJ,34,New Jersey,21,10257,1025702,30257,ALB,"Albany, NY",NY,36,New York,22,859,-1.0,0.0,0.0,-1.0,0800-0859,37.0,935.0,1010.0,4.0,1023,1014.0,-9.0,0.0,0.0,-1.0,1000-1059,0.0,,0.0,84.0,76.0,35.0,1.0,143.0,1,,,0.0,,0.0,,,,0,,,,,,,,,,,,,,,,,,,,,,,,,,,,,,,,,,,,,,,,,,,,,N,0.0,0.0,8.0,10.0,4.0,1.0,36.0,41.0,8,10,4.0,2.0,36.0,42.0,3,3,1,1.0,0.0,N14173,N14173-UA-1,36.0,48.0,5.0,41.0,53.0,33.0,3.0,0.0,36,41,0.0,0.0
N14174,600.0,2019,2,5,2,4,2019-05-02,UA,UA_CODESHARE,19977,UA,4998,,,,,C5,20445,C5,4998,12397,1239702,32397,ITH,"Ithaca/Cortland, NY",NY,36,New York,22,12264,1226402,30852,IAD,"Washington, DC",VA,51,Virginia,38,600,0.0,0.0,0.0,0.0,0600-0659,17.0,617.0,716.0,4.0,726,720.0,-6.0,0.0,0.0,-1.0,0700-0759,0.0,,0.0,86.0,80.0,59.0,1.0,250.0,2,,,0.0,,0.0,,,,0,,,,,,,,,,,,,,,,,,,,,,,,,,,,,,,,,,,,,,,,,,,,,N,0.0,0.0,6.0,7.0,0.0,1.0,24.0,29.0,6,7,0.0,2.0,24.0,30.0,4,4,0,0.0,0.0,N14174,N14174-UA-0,24.0,36.0,5.0,29.0,41.0,,,0.0,24,32,3.0,14.4
N14177,801.0,2019,2,5,2,4,2019-05-02,UA,UA_CODESHARE,19977,UA,4894,,,,,C5,20445,C5,4894,10785,1078502,30785,BTV,"Burlington, VT",VT,50,Vermont,16,11618,1161802,31703,EWR,"Newark, NJ",NJ,34,New Jersey,21,600,121.0,121.0,1.0,8.0,0600-0659,37.0,838.0,925.0,11.0,724,936.0,132.0,132.0,1.0,8.0,0700-0759,0.0,,0.0,84.0,95.0,47.0,1.0,266.0,2,0.0,121.0,11.0,0.0,0.0,,,,0,,,,,,,,,,,,,,,,,,,,,,,,,,,,,,,,,,,,,,,,,,,,,N,0.0,0.0,8.0,9.0,0.0,2.0,32.0,38.0,6,7,0.0,2.0,24.0,30.0,2,2,0,1.0,1.0,N14177,N14177-UA-0,31.0,44.0,6.0,37.0,50.0,,,1.0,31,38,1.0,2.28
N14177,1008.0,2019,2,5,2,4,2019-05-02,UA,UA_CODESHARE,19977,UA,4945,,,,,C5,20445,C5,4945,11618,1161802,31703,EWR,"Newark, NJ",NJ,34,New Jersey,21,10785,1078502,30785,BTV,"Burlington, VT",VT,50,Vermont,16,759,129.0,129.0,1.0,8.0,0700-0759,22.0,1030.0,1117.0,5.0,925,1122.0,117.0,117.0,1.0,7.0,0900-0959,0.0,,0.0,86.0,74.0,47.0,1.0,266.0,2,7.0,0.0,0.0,0.0,110.0,,,,0,,,,,,,,,,,,,,,,,,,,,,,,,,,,,,,,,,,,,,,,,,,,,N,0.0,0.0,10.0,11.0,1.0,1.0,41.0,45.0,7,9,4.0,2.0,32.0,38.0,8,8,1,1.0,0.0,N14177,N14177-UA-1,34.0,53.0,4.0,38.0,57.0,38.0,3.0,7.0,34,38,0.0,0.0
N14179,532.0,2019,2,5,2,4,2019-05-02,UA,UA_CODESHARE,19977,UA,4902,,,,,C5,20445,C5,4902,14321,1432105,34321,PWM,"Portland, ME",ME,23,Maine,12,12264,1226402,30852,IAD,"Washington, DC",VA,51,Virginia,38,540,-8.0,0.0,0.0,-1.0,0001-0559,19.0,551.0,711.0,6.0,735,717.0,-18.0,0.0,0.0,-2.0,0700-0759,0.0,,0.0,115.0,105.0,80.0,1.0,493.0,2,,,0.0,,0.0,,,,0,,,,,,,,,,,,,,,,,,,,,,,,,,,,,,,,,,,,,,,,,,,,,N,0.0,0.0,5.0,7.0,2.0,1.0,22.0,29.0,5,7,3.0,2.0,23.0,30.0,7,7,0,1.0,1.0,N14179,N14179-UA-0,23.0,34.0,7.0,30.0,41.0,,,0.0,23,30,0.0,0.0
N14179,819.0,2019,2,5,2,4,2019-05-02,UA,UA_CODESHARE,19977,UA,4917,,,,,C5,20445,C5,4917,12264,1226402,30852,IAD,"Washington, DC",VA,51,Virginia,38,14307,1430705,30721,PVD,"Providence, RI",RI,44,Rhode Island,15,825,-6.0,0.0,0.0,-1.0,0800-0859,32.0,851.0,948.0,3.0,953,951.0,-2.0,0.0,0.0,-1.0,0900-0959,0.0,,0.0,88.0,92.0,57.0,1.0,371.0,2,,,0.0,,0.0,,,,0,,,,,,,,,,,,,,,,,,,,,,,,,,,,,,,,,,,,,,,,,,,,,N,0.0,0.0,8.0,9.0,1.0,3.0,33.0,39.0,8,9,2.0,4.0,34.0,40.0,6,6,1,1.0,0.0,N14179,N14179-UA-1,34.0,45.0,6.0,40.0,51.0,29.0,4.0,0.0,34,40,0.0,0.0
N14188,546.0,2019,2,5,2,4,2019-05-02,UA,UA_CODESHARE,19977,UA,4361,,,,,EV,20366,EV,4361,11996,1199603,31871,GSP,"Greer, SC",SC,45,South Carolina,37,11618,1161802,31703,EWR,"Newark, NJ",NJ,34,New Jersey,21,555,-9.0,0.0,0.0,-1.0,0001-0559,21.0,607.0,726.0,9.0,759,735.0,-24.0,0.0,0.0,-2.0,0700-0759,0.0,,0.0,124.0,109.0,79.0,1.0,594.0,3,,,0.0,,0.0,,,,0,,,,,,,,,,,,,,,,,,,,,,,,,,,,,,,,,,,,,,,,,,,,,N,0.0,0.0,5.0,7.0,3.0,2.0,23.0,30.0,5,7,4.0,4.0,24.0,32.0,1,1,0,1.0,1.0,N14188,N14188-UA-0,24.0,35.0,7.0,31.0,42.0,,,0.0,24,31,0.0,0.0
N14188,841.0,2019,2,5,2,4,2019-05-02,UA,UA_CODESHARE,19977,UA,4121,,,,,EV,20366,EV,4121,11618,1161802,31703,EWR,"Newark, NJ",NJ,34,New Jersey,21,13244,1324402,33244,MEM,"Memphis, TN",TN,47,Tennessee,54,845,-4.0,0.0,0.0,-1.0,0800-0859,28.0,909.0,1025.0,6.0,1056,1031.0,-25.0,0.0,0.0,-2.0,1000-1059,0.0,,0.0,191.0,170.0,136.0,1.0,946.0,4,,,0.0,,0.0,,,,0,,,,,,,,,,,,,,,,,,,,,,,,,,,,,,,,,,,,,,,,,,,,,N,0.0,4.0,8.0,10.0,3.0,2.0,35.0,46.0,8,10,3.0,4.0,35.0,48.0,8,8,1,1.0,0.0,N14188,N14188-UA-1,35.0,47.0,11.0,46.0,58.0,30.0,5.0,0.0,36,47,1.0,8.26
N14198,628.0,2019,2,5,2,4,2019-05-02,UA,UA_CODESHARE,19977,UA,4933,,,,,C5,20445,C5,4933,12264,1226402,30852,IAD,"Washington, DC",VA,51,Virginia,38,11618,1161802,31703,EWR,"Newark, NJ",NJ,34,New Jersey,21,600,28.0,28.0,1.0,1.0,0600-0659,22.0,650.0,742.0,7.0,728,749.0,21.0,21.0,1.0,1.0,0700-0759,0.0,,0.0,88.0,81.0,52.0,1.0,212.0,1,21.0,0.0,0.0,0.0,0.0,,,,0,,,,,,,,,,,,,,,,,,,,,,,,,,,,,,,,,,,,,,,,,,,,,N,0.0,0.0,6.0,7.0,2.0,3.0,26.0,31.0,6,7,0.0,2.0,24.0,30.0,2,2,0,1.0,1.0,N14198,N14198-UA-0,26.0,38.0,5.0,31.0,43.0,,,0.0,26,31,0.0,0.0
N14198,1020.0,2019,2,5,2,4,2019-05-02,UA,UA_CODESHARE,19977,UA,4933,,,,,C5,20445,C5,4933,11618,1161802,31703,EWR,"Newark, NJ",NJ,34,New Jersey,21,14231,1423102,34231,PQI,"Presque Isle/Houlton, ME",ME,23,Maine,12,900,80.0,80.0,1.0,5.0,0900-0959,20.0,1040.0,1152.0,5.0,1109,1157.0,48.0,48.0,1.0,3.0,1100-1159,0.0,,0.0,129.0,97.0,72.0,1.0,515.0,3,0.0,0.0,48.0,0.0,0.0,,,,0,,,,,,,,,,,,,,,,,,,,,,,,,,,,,,,,,,,,,,,,,,,,,N,0.0,0.0,10.0,11.0,1.0,4.0,41.0,48.0,9,11,0.0,1.0,36.0,45.0,8,8,1,1.0,0.0,N14198,N14198-UA-1,38.0,53.0,7.0,45.0,60.0,31.0,10.0,3.0,38,45,0.0,0.0
N141NN,848.0,2019,2,5,2,4,2019-05-02,AA,AA,19805,AA,1099,,,,,AA,19805,AA,1099,13303,1330303,32467,MIA,"Miami, FL",FL,12,Florida,33,10721,1072102,30721,BOS,"Boston, MA",MA,25,Massachusetts,13,840,8.0,8.0,0.0,0.0,0800-0859,20.0,908.0,1151.0,13.0,1157,1204.0,7.0,7.0,0.0,0.0,1100-1159,0.0,,0.0,197.0,196.0,163.0,1.0,1258.0,6,,,0.0,,0.0,,,,0,,,,,,,,,,,,,,,,,,,,,,,,,,,,,,,,,,,,,,,,,,,,,N,0.0,0.0,8.0,12.0,3.0,0.0,35.0,48.0,8,11,3.0,4.0,35.0,48.0,4,4,0,0.0,0.0,N141NN,N141NN-AA-0,35.0,47.0,13.0,48.0,60.0,,,0.0,35,48,0.0,0.0
N14203,920.0,2019,2,5,2,4,2019-05-02,UA,UA_CODESHARE,19977,UA,4403,,,,,EV,20366,EV,4403,12992,1299206,32600,LIT,"Little Rock, AR",AR,5,Arkansas,71,12266,1226603,31453,IAH,"Houston, TX",TX,48,Texas,74,715,125.0,125.0,1.0,8.0,0700-0759,23.0,943.0,1111.0,10.0,855,1121.0,146.0,146.0,1.0,9.0,0800-0859,0.0,,0.0,100.0,121.0,88.0,1.0,374.0,2,0.0,0.0,146.0,0.0,0.0,,,,0,,,,,,,,,,,,,,,,,,,,,,,,,,,,,,,,,,,,,,,,,,,,,N,4.0,4.0,9.0,11.0,1.0,1.0,41.0,49.0,7,8,1.0,4.0,33.0,40.0,9,9,0,0.0,0.0,N14203,N14203-UA-0,33.0,53.0,8.0,41.0,61.0,,,10.0,33,41,0.0,0.0
N14204,555.0,2019,2,5,2,4,2019-05-02,UA,UA_CODESHARE,19977,UA,4973,,,,,C5,20445,C5,4973,14231,1423102,34231,PQI,"Presque Isle/Houlton, ME",ME,23,Maine,12,11618,1161802,31703,EWR,"Newark, NJ",NJ,34,New Jersey,21,600,-5.0,0.0,0.0,-1.0,0600-0659,26.0,621.0,745.0,24.0,820,809.0,-11.0,0.0,0.0,-1.0,0800-0859,0.0,,0.0,140.0,134.0,84.0,1.0,515.0,3,,,0.0,,0.0,,,,0,,,,,,,,,,,,,,,,,,,,,,,,,,,,,,,,,,,,,,,,,,,,,N,0.0,0.0,5.0,8.0,4.0,1.0,24.0,33.0,6,8,0.0,1.0,24.0,33.0,4,4,0,1.0,1.0,N14204,N14204-UA-0,24.0,36.0,9.0,33.0,45.0,,,0.0,24,33,0.0,0.0
N14204,1007.0,2019,2,5,2,4,2019-05-02,UA,UA_CODESHARE,19977,UA,4894,,,,,C5,20445,C5,4894,11618,1161802,31703,EWR,"Newark, NJ",NJ,34,New Jersey,21,12451,1245102,31136,JAX,"Jacksonville, FL",FL,12,Florida,33,900,67.0,67.0,1.0,4.0,0900-0959,34.0,1041.0,1243.0,7.0,1154,1250.0,56.0,56.0,1.0,3.0,1100-1159,0.0,,0.0,174.0,163.0,122.0,1.0,820.0,4,56.0,0.0,0.0,0.0,0.0,,,,0,,,,,,,,,,,,,,,,,,,,,,,,,,,,,,,,,,,,,,,,,,,,,N,0.0,0.0,10.0,12.0,0.0,3.0,40.0,51.0,9,11,0.0,4.0,36.0,48.0,7,7,1,1.0,0.0,N14204,N14204-UA-1,40.0,52.0,11.0,51.0,63.0,33.0,7.0,0.0,40,51,0.0,0.0
N14219,823.0,2019,2,5,2,4,2019-05-02,UA,UA,19977,UA,2384,,,,,UA,19977,UA,2384,11193,1119302,33105,CVG,"Cincinnati, OH",KY,21,Kentucky,52,13930,1393007,30977,ORD,"Chicago, IL",IL,17,Illinois,41,830,-7.0,0.0,0.0,-1.0,0800-0859,50.0,913.0,910.0,13.0,902,923.0,21.0,21.0,1.0,1.0,0900-0959,0.0,,0.0,92.0,120.0,57.0,1.0,264.0,2,0.0,0.0,21.0,0.0,0.0,,,,0,,,,,,,,,,,,,,,,,,,,,,,,,,,,,,,,,,,,,,,,,,,,,N,0.0,4.0,8.0,9.0,2.0,2.0,34.0,42.0,8,9,2.0,0.0,34.0,40.0,9,9,0,0.0,0.0,N14219,N14219-UA-0,34.0,46.0,8.0,42.0,54.0,,,1.0,34,42,0.0,0.0
N14228,934.0,2019,2,5,2,4,2019-05-02,UA,UA,19977,UA,1870,,,,,UA,19977,UA,1870,15304,1530402,33195,TPA,"Tampa, FL",FL,12,Florida,33,12266,1226603,31453,IAH,"Houston, TX",TX,48,Texas,74,935,-1.0,0.0,0.0,-1.0,0900-0959,34.0,1008.0,1104.0,14.0,1058,1118.0,20.0,20.0,1.0,1.0,1000-1059,0.0,,0.0,143.0,164.0,116.0,1.0,787.0,4,0.0,0.0,20.0,0.0,0.0,,,,0,,,,,,,,,,,,,,,,,,,,,,,,,,,,,,,,,,,,,,,,,,,,,N,0.0,4.0,9.0,11.0,2.0,1.0,38.0,49.0,9,10,2.0,4.0,38.0,48.0,2,2,0,0.0,0.0,N14228,N14228-UA-0,38.0,50.0,11.0,49.0,61.0,,,1.0,41,52,3.0,8.84
N14230,521.0,2019,2,5,2,4,2019-05-02,UA,UA,19977,UA,2226,,,,,UA,19977,UA,2226,12266,1226603,31453,IAH,"Houston, TX",TX,48,Texas,74,11292,1129202,30325,DEN,"Denver, CO",CO,8,Colorado,82,530,-9.0,0.0,0.0,-1.0,0001-0559,18.0,539.0,639.0,6.0,700,645.0,-15.0,0.0,0.0,-1.0,0700-0759,0.0,,0.0,150.0,144.0,120.0,1.0,862.0,4,,,0.0,,0.0,,,,0,,,,,,,,,,,,,,,,,,,,,,,,,,,,,,,,,,,,,,,,,,,,,N,4.0,8.0,5.0,6.0,1.0,3.0,25.0,35.0,5,7,2.0,0.0,26.0,36.0,5,5,0,0.0,0.0,N14230,N14230-UA-0,26.0,37.0,10.0,36.0,47.0,,,0.0,26,36,0.0,0.0
N14240,740.0,2019,2,5,2,4,2019-05-02,UA,UA,19977,UA,1256,,,,,UA,19977,UA,1256,11423,1142307,31423,DSM,"Des Moines, IA",IA,19,Iowa,61,11292,1129202,30325,DEN,"Denver, CO",CO,8,Colorado,82,735,5.0,5.0,0.0,0.0,0700-0759,19.0,759.0,833.0,12.0,830,845.0,15.0,15.0,1.0,1.0,0800-0859,0.0,,0.0,115.0,125.0,94.0,1.0,589.0,3,0.0,0.0,15.0,0.0,0.0,,,,0,,,,,,,,,,,,,,,,,,,,,,,,,,,,,,,,,,,,,,,,,,,,,N,4.0,8.0,7.0,8.0,3.0,3.0,35.0,43.0,7,8,2.0,2.0,34.0,42.0,2,2,0,0.0,0.0,N14240,N14240-UA-0,34.0,47.0,8.0,42.0,55.0,,,1.0,34,42,0.0,0.0
N14242,657.0,2019,2,5,2,4,2019-05-02,UA,UA,19977,UA,2148,,,,,UA,19977,UA,2148,11697,1169706,32467,FLL,"Fort Lauderdale, FL",FL,12,Florida,33,12266,1226603,31453,IAH,"Houston, TX",TX,48,Texas,74,700,-3.0,0.0,0.0,-1.0,0700-0759,12.0,709.0,918.0,5.0,851,923.0,32.0,32.0,1.0,2.0,0800-0859,0.0,,0.0,171.0,206.0,189.0,1.0,966.0,4,0.0,0.0,32.0,0.0,0.0,,,,0,,,,,,,,,,,,,,,,,,,,,,,,,,,,,,,,,,,,,,,,,,,,,N,0.0,4.0,6.0,9.0,4.0,2.0,28.0,42.0,7,8,0.0,3.0,28.0,39.0,6,6,0,0.0,0.0,N14242,N14242-UA-0,28.0,40.0,14.0,42.0,54.0,,,2.0,28,43,1.0,6.22
N14249,649.0,2019,2,5,2,4,2019-05-02,UA,UA,19977,UA,897,,,,,UA,19977,UA,897,10693,1069302,30693,BNA,"Nashville, TN",TN,47,Tennessee,54,11618,1161802,31703,EWR,"Newark, NJ",NJ,34,New Jersey,21,700,-11.0,0.0,0.0,-1.0,0700-0759,10.0,659.0,943.0,8.0,1008,951.0,-17.0,0.0,0.0,-2.0,1000-1059,0.0,,0.0,128.0,122.0,104.0,1.0,748.0,3,,,0.0,,0.0,,,,0,,,,,,,,,,,,,,,,,,,,,,,,,,,,,,,,,,,,,,,,,,,,,N,4.0,0.0,6.0,9.0,3.0,3.0,31.0,39.0,7,10,0.0,1.0,32.0,41.0,2,2,0,0.0,0.0,N14249,N14249-UA-0,32.0,43.0,8.0,40.0,51.0,,,0.0,32,40,0.0,0.0
N142SY,552.0,2019,2,5,2,4,2019-05-02,UA,UA_CODESHARE,19977,UA,5352,,,,,OO,20304,OO,5352,10423,1042302,30423,AUS,"Austin, TX",TX,48,Texas,74,12892,1289208,32575,LAX,"Los Angeles, CA",CA,6,California,91,600,-8.0,0.0,0.0,-1.0,0600-0659,13.0,605.0,703.0,7.0,740,710.0,-30.0,0.0,0.0,-2.0,0700-0759,0.0,,0.0,220.0,198.0,178.0,1.0,1242.0,5,,,0.0,,0.0,,,,0,,,,,,,,,,,,,,,,,,,,,,,,,,,,,,,,,,,,,,,,,,,,,N,4.0,12.0,5.0,7.0,3.0,1.0,27.0,41.0,6,7,0.0,3.0,28.0,43.0,8,8,0,0.0,0.0,N142SY,N142SY-UA-0,28.0,39.0,14.0,42.0,53.0,,,0.0,28,42,0.0,0.0
N143AN,458.0,2019,2,5,2,4,2019-05-02,AA,AA,19805,AA,1067,,,,,AA,19805,AA,1067,11292,1129202,30325,DEN,"Denver, CO",CO,8,Colorado,82,11298,1129806,30194,DFW,"Dallas/Fort Worth, TX",TX,48,Texas,74,500,-2.0,0.0,0.0,-1.0,0001-0559,21.0,519.0,758.0,8.0,802,806.0,4.0,4.0,0.0,0.0,0800-0859,0.0,,0.0,122.0,128.0,99.0,1.0,641.0,3,,,0.0,,0.0,,,,0,,,,,,,,,,,,,,,,,,,,,,,,,,,,,,,,,,,,,,,,,,,,,N,8.0,4.0,4.0,8.0,4.0,0.0,28.0,36.0,5,8,0.0,0.0,28.0,36.0,5,5,0,0.0,0.0,N143AN,N143AN-AA-0,28.0,40.0,8.0,36.0,48.0,,,0.0,28,36,0.0,0.0
N143SY,709.0,2019,2,5,2,4,2019-05-02,UA,UA_CODESHARE,19977,UA,5612,,,,,OO,20304,OO,5612,14683,1468305,33214,SAT,"San Antonio, TX",TX,48,Texas,74,12892,1289208,32575,LAX,"Los Angeles, CA",CA,6,California,91,715,-6.0,0.0,0.0,-1.0,0700-0759,19.0,728.0,836.0,12.0,850,848.0,-2.0,0.0,0.0,-1.0,0800-0859,0.0,,0.0,215.0,219.0,188.0,1.0,1211.0,5,,,0.0,,0.0,,,,0,,,,,,,,,,,,,,,,,,,,,,,,,,,,,,,,,,,,,,,,,,,,,N,4.0,12.0,7.0,8.0,1.0,3.0,33.0,47.0,7,8,1.0,3.0,33.0,47.0,8,8,0,0.0,0.0,N143SY,N143SY-UA-0,33.0,45.0,14.0,47.0,59.0,,,0.0,33,47,0.0,0.0
N144AN,659.0,2019,2,5,2,4,2019-05-02,AA,AA,19805,AA,1469,,,,,AA,19805,AA,1469,11298,1129806,30194,DFW,"Dallas/Fort Worth, TX",TX,48,Texas,74,14635,1463502,31714,RSW,"Fort Myers, FL",FL,12,Florida,33,659,0.0,0.0,0.0,0.0,0600-0659,29.0,728.0,1055.0,8.0,1026,1103.0,37.0,37.0,1.0,2.0,1000-1059,0.0,,0.0,147.0,184.0,147.0,1.0,1017.0,5,0.0,0.0,37.0,0.0,0.0,,,,0,,,,,,,,,,,,,,,,,,,,,,,,,,,,,,,,,,,,,,,,,,,,,N,4.0,0.0,6.0,11.0,4.0,0.0,32.0,44.0,6,10,4.0,2.0,32.0,42.0,4,4,0,0.0,0.0,N144AN,N144AN-AA-0,32.0,44.0,12.0,44.0,56.0,,,2.0,32,44,0.0,0.0
N14558,825.0,2019,2,5,2,4,2019-05-02,UA,UA_CODESHARE,19977,UA,4480,,,,,EV,20366,EV,4480,14108,1410803,34108,PIA,"Peoria, IL",IL,17,Illinois,41,13930,1393007,30977,ORD,"Chicago, IL",IL,17,Illinois,41,815,10.0,10.0,0.0,0.0,0800-0859,14.0,839.0,906.0,10.0,920,916.0,-4.0,0.0,0.0,-1.0,0900-0959,0.0,,0.0,65.0,51.0,27.0,1.0,130.0,1,,,0.0,,0.0,,,,0,,,,,,,,,,,,,,,,,,,,,,,,,,,,,,,,,,,,,,,,,,,,,N,4.0,4.0,8.0,9.0,2.0,1.0,38.0,41.0,8,9,1.0,1.0,37.0,41.0,2,2,0,0.0,0.0,N14558,N14558-UA-0,38.0,50.0,3.0,41.0,53.0,,,0.0,38,41,0.0,0.0
N14568,541.0,2019,2,5,2,4,2019-05-02,UA,UA_CODESHARE,19977,UA,4128,,,,,EV,20366,EV,4128,15096,1509602,35096,SYR,"Syracuse, NY",NY,36,New York,22,11618,1161802,31703,EWR,"Newark, NJ",NJ,34,New Jersey,21,545,-4.0,0.0,0.0,-1.0,0001-0559,13.0,554.0,636.0,9.0,714,645.0,-29.0,0.0,0.0,-2.0,0700-0759,0.0,,0.0,89.0,64.0,42.0,1.0,195.0,1,,,0.0,,0.0,,,,0,,,,,,,,,,,,,,,,,,,,,,,,,,,,,,,,,,,,,,,,,,,,,N,0.0,0.0,5.0,6.0,3.0,3.0,23.0,27.0,5,7,3.0,1.0,23.0,29.0,8,8,0,1.0,1.0,N14568,N14568-UA-0,23.0,35.0,4.0,27.0,39.0,,,0.0,23,27,0.0,0.0
N14568,838.0,2019,2,5,2,4,2019-05-02,UA,UA_CODESHARE,19977,UA,4369,,,,,EV,20366,EV,4369,11618,1161802,31703,EWR,"Newark, NJ",NJ,34,New Jersey,21,11042,1104205,30647,CLE,"Cleveland, OH",OH,39,Ohio,44,845,-7.0,0.0,0.0,-1.0,0800-0859,28.0,906.0,1015.0,6.0,1031,1021.0,-10.0,0.0,0.0,-1.0,1000-1059,0.0,,0.0,106.0,103.0,69.0,1.0,404.0,2,,,0.0,,0.0,,,,0,,,,,,,,,,,,,,,,,,,,,,,,,,,,,,,,,,,,,,,,,,,,,N,0.0,0.0,8.0,10.0,3.0,1.0,35.0,41.0,8,10,3.0,2.0,35.0,42.0,8,8,1,1.0,0.0,N14568,N14568-UA-1,35.0,47.0,6.0,41.0,53.0,27.0,8.0,0.0,35,41,0.0,0.0
N145SY,631.0,2019,2,5,2,4,2019-05-02,UA,UA_CODESHARE,19977,UA,5799,,,,,OO,20304,OO,5799,11433,1143302,31295,DTW,"Detroit, MI",MI,26,Michigan,43,13930,1393007,30977,ORD,"Chicago, IL",IL,17,Illinois,41,635,-4.0,0.0,0.0,-1.0,0600-0659,20.0,651.0,647.0,14.0,658,701.0,3.0,3.0,0.0,0.0,0600-0659,0.0,,0.0,83.0,90.0,56.0,1.0,235.0,1,,,0.0,,0.0,,,,0,,,,,,,,,,,,,,,,,,,,,,,,,,,,,,,,,,,,,,,,,,,,,N,0.0,4.0,6.0,7.0,2.0,0.0,26.0,32.0,6,6,2.0,4.0,26.0,32.0,3,3,0,1.0,1.0,N145SY,N145SY-UA-0,26.0,38.0,6.0,32.0,44.0,,,0.0,26,32,0.0,0.0
N145SY,807.0,2019,2,5,2,4,2019-05-02,UA,UA_CODESHARE,19977,UA,5835,,,,,OO,20304,OO,5835,13930,1393007,30977,ORD,"Chicago, IL",IL,17,Illinois,41,10397,1039707,30397,ATL,"Atlanta, GA",GA,13,Georgia,34,815,-8.0,0.0,0.0,-1.0,0800-0859,39.0,846.0,1133.0,10.0,1119,1143.0,24.0,24.0,1.0,1.0,1100-1159,0.0,,0.0,124.0,156.0,107.0,1.0,606.0,3,0.0,0.0,24.0,0.0,0.0,,,,0,,,,,,,,,,,,,,,,,,,,,,,,,,,,,,,,,,,,,,,,,,,,,N,4.0,0.0,8.0,11.0,0.0,3.0,36.0,47.0,8,11,1.0,1.0,37.0,45.0,4,4,1,1.0,0.0,N145SY,N145SY-UA-1,37.0,48.0,11.0,48.0,59.0,32.0,4.0,2.0,43,54,6.0,34.1
N146AA,732.0,2019,2,5,2,4,2019-05-02,AA,AA,19805,AA,388,,,,,AA,19805,AA,388,11298,1129806,30194,DFW,"Dallas/Fort Worth, TX",TX,48,Texas,74,11278,1127805,30852,DCA,"Washington, DC",VA,51,Virginia,38,705,27.0,27.0,1.0,1.0,0700-0759,19.0,751.0,1120.0,6.0,1059,1126.0,27.0,27.0,1.0,1.0,1000-1059,0.0,,0.0,174.0,174.0,149.0,1.0,1192.0,5,27.0,0.0,0.0,0.0,0.0,,,,0,,,,,,,,,,,,,,,,,,,,,,,,,,,,,,,,,,,,,,,,,,,,,N,4.0,0.0,7.0,11.0,2.0,2.0,34.0,46.0,7,10,0.0,4.0,32.0,44.0,5,5,0,0.0,0.0,N146AA,N146AA-AA-0,34.0,46.0,12.0,46.0,58.0,,,0.0,34,46,0.0,0.0
N146SY,1556.0,2019,2,5,2,4,2019-05-02,UA,UA_CODESHARE,19977,UA,5268,,,,,OO,20304,OO,5268,11298,1129806,30194,DFW,"Dallas/Fort Worth, TX",TX,48,Texas,74,14771,1477104,32457,SFO,"San Francisco, CA",CA,6,California,91,840,436.0,436.0,1.0,12.0,0800-0859,25.0,1621.0,1755.0,3.0,1056,1758.0,422.0,422.0,1.0,12.0,1000-1059,0.0,,0.0,256.0,242.0,214.0,1.0,1464.0,6,422.0,0.0,0.0,0.0,0.0,,,,0,,,,,,,,,,,,,,,,,,,,,,,,,,,,,,,,,,,,,,,,,,,,,N,4.0,12.0,15.0,17.0,4.0,4.0,68.0,84.0,8,10,3.0,4.0,39.0,56.0,6,6,0,0.0,0.0,N146SY,N146SY-UA-0,68.0,80.0,16.0,84.0,96.0,,,0.0,68,84,0.0,0.0
N14735,611.0,2019,2,5,2,4,2019-05-02,UA,UA,19977,UA,2341,,,,,UA,19977,UA,2341,14321,1432105,34321,PWM,"Portland, ME",ME,23,Maine,12,11618,1161802,31703,EWR,"Newark, NJ",NJ,34,New Jersey,21,615,-4.0,0.0,0.0,-1.0,0600-0659,18.0,629.0,736.0,7.0,747,743.0,-4.0,0.0,0.0,-1.0,0700-0759,0.0,,0.0,92.0,92.0,67.0,1.0,284.0,2,,,0.0,,0.0,,,,0,,,,,,,,,,,,,,,,,,,,,,,,,,,,,,,,,,,,,,,,,,,,,N,0.0,0.0,6.0,7.0,1.0,3.0,25.0,31.0,6,7,1.0,3.0,25.0,31.0,5,5,0,1.0,1.0,N14735,N14735-UA-0,25.0,37.0,6.0,31.0,43.0,,,0.0,25,31,0.0,0.0
N14735,833.0,2019,2,5,2,4,2019-05-02,UA,UA,19977,UA,788,,,,,UA,19977,UA,788,11618,1161802,31703,EWR,"Newark, NJ",NJ,34,New Jersey,21,14908,1490803,32575,SNA,"Santa Ana, CA",CA,6,California,91,835,-2.0,0.0,0.0,-1.0,0800-0859,30.0,903.0,1150.0,4.0,1142,1154.0,12.0,12.0,0.0,0.0,1100-1159,0.0,,0.0,367.0,381.0,347.0,1.0,2434.0,10,,,0.0,,0.0,,,,0,,,,,,,,,,,,,,,,,,,,,,,,,,,,,,,,,,,,,,,,,,,,,N,0.0,12.0,8.0,11.0,2.0,4.0,34.0,60.0,8,11,2.0,3.0,34.0,59.0,7,7,1,1.0,0.0,N14735,N14735-UA-1,34.0,46.0,26.0,60.0,72.0,31.0,3.0,0.0,34,60,0.0,0.0
N147AA,748.0,2019,2,5,2,4,2019-05-02,AA,AA,19805,AA,2428,,,,,AA,19805,AA,2428,13930,1393007,30977,ORD,"Chicago, IL",IL,17,Illinois,41,11298,1129806,30194,DFW,"Dallas/Fort Worth, TX",TX,48,Texas,74,753,-5.0,0.0,0.0,-1.0,0700-0759,23.0,811.0,1105.0,10.0,1025,1115.0,50.0,50.0,1.0,3.0,1000-1059,0.0,,0.0,152.0,207.0,174.0,1.0,801.0,4,0.0,0.0,50.0,0.0,0.0,,,,0,,,,,,,,,,,,,,,,,,,,,,,,,,,,,,,,,,,,,,,,,,,,,N,4.0,4.0,7.0,11.0,3.0,1.0,35.0,49.0,7,10,4.0,2.0,36.0,46.0,5,5,0,0.0,0.0,N147AA,N147AA-AA-0,36.0,47.0,14.0,50.0,61.0,,,3.0,36,50,0.0,0.0
N147PQ,803.0,2019,2,5,2,4,2019-05-02,DL,DL_CODESHARE,19790,DL,5400,,,,,9E,20363,9E,5400,12339,1233904,32337,IND,"Indianapolis, IN",IN,18,Indiana,42,11433,1143302,31295,DTW,"Detroit, MI",MI,26,Michigan,43,805,-2.0,0.0,0.0,-1.0,0800-0859,25.0,828.0,917.0,8.0,925,925.0,0.0,0.0,0.0,0.0,0900-0959,0.0,,0.0,80.0,82.0,49.0,1.0,231.0,1,,,0.0,,0.0,,,,0,,,,,,,,,,,,,,,,,,,,,,,,,,,,,,,,,,,,,,,,,,,,,N,0.0,0.0,8.0,9.0,0.0,2.0,32.0,38.0,8,9,0.0,2.0,32.0,38.0,9,9,0,0.0,0.0,N147PQ,N147PQ-DL-0,32.0,44.0,6.0,38.0,50.0,,,0.0,32,38,0.0,0.0
N14902,731.0,2019,2,5,2,4,2019-05-02,UA,UA_CODESHARE,19977,UA,4070,,,,,EV,20366,EV,4070,12266,1226603,31453,IAH,"Houston, TX",TX,48,Texas,74,11140,1114008,31140,CRP,"Corpus Christi, TX",TX,48,Texas,74,740,-9.0,0.0,0.0,-1.0,0700-0759,28.0,759.0,840.0,5.0,846,845.0,-1.0,0.0,0.0,-1.0,0800-0859,0.0,,0.0,66.0,74.0,41.0,1.0,201.0,1,,,0.0,,0.0,,,,0,,,,,,,,,,,,,,,,,,,,,,,,,,,,,,,,,,,,,,,,,,,,,N,4.0,4.0,7.0,8.0,2.0,3.0,34.0,39.0,7,8,3.0,3.0,35.0,39.0,7,7,0,0.0,0.0,N14902,N14902-UA-0,35.0,46.0,5.0,40.0,51.0,,,0.0,35,40,0.0,0.0
N14904,945.0,2019,2,5,2,4,2019-05-02,UA,UA_CODESHARE,19977,UA,4346,,,,,EV,20366,EV,4346,12951,1295106,32951,LFT,"Lafayette, LA",LA,22,Louisiana,72,12266,1226603,31453,IAH,"Houston, TX",TX,48,Texas,74,530,255.0,255.0,1.0,12.0,0001-0559,23.0,1008.0,1116.0,7.0,637,1123.0,286.0,286.0,1.0,12.0,0600-0659,0.0,,0.0,67.0,98.0,68.0,1.0,201.0,1,0.0,255.0,31.0,0.0,0.0,,,,0,,,,,,,,,,,,,,,,,,,,,,,,,,,,,,,,,,,,,,,,,,,,,N,4.0,4.0,9.0,11.0,3.0,2.0,43.0,50.0,5,6,2.0,2.0,26.0,30.0,9,9,0,0.0,0.0,N14904,N14904-UA-0,41.0,55.0,7.0,48.0,62.0,,,2.0,41,48,0.0,0.0
N14977,902.0,2019,2,5,2,4,2019-05-02,UA,UA_CODESHARE,19977,UA,4129,,,,,EV,20366,EV,4129,11049,1104903,31049,CLL,"College Station/Bryan, TX",TX,48,Texas,74,12266,1226603,31453,IAH,"Houston, TX",TX,48,Texas,74,600,182.0,182.0,1.0,12.0,0600-0659,8.0,910.0,928.0,7.0,644,935.0,171.0,171.0,1.0,11.0,0600-0659,0.0,,0.0,44.0,33.0,18.0,1.0,74.0,1,0.0,0.0,171.0,0.0,0.0,,,,0,,,,,,,,,,,,,,,,,,,,,,,,,,,,,,,,,,,,,,,,,,,,,N,4.0,4.0,9.0,9.0,0.0,2.0,40.0,42.0,6,6,0.0,3.0,28.0,31.0,6,6,0,1.0,1.0,N14977,N14977-UA-0,29.0,52.0,2.0,31.0,54.0,,,11.0,29,31,0.0,0.0
N14977,954.0,2019,2,5,2,4,2019-05-02,UA,UA_CODESHARE,19977,UA,3985,,,,,EV,20366,EV,3985,12266,1226603,31453,IAH,"Houston, TX",TX,48,Texas,74,11049,1104903,31049,CLL,"College Station/Bryan, TX",TX,48,Texas,74,805,109.0,109.0,1.0,7.0,0800-0859,25.0,1019.0,1040.0,6.0,855,1046.0,111.0,111.0,1.0,7.0,0800-0859,0.0,,0.0,50.0,52.0,21.0,1.0,74.0,1,0.0,0.0,2.0,0.0,109.0,,,,0,,,,,,,,,,,,,,,,,,,,,,,,,,,,,,,,,,,,,,,,,,,,,N,4.0,4.0,9.0,10.0,4.0,3.0,44.0,47.0,8,8,0.0,4.0,36.0,40.0,6,6,1,1.0,0.0,N14977,N14977-UA-1,37.0,56.0,3.0,40.0,59.0,42.0,2.0,7.0,37,40,0.0,0.0
N14991,747.0,2019,2,5,2,4,2019-05-02,UA,UA_CODESHARE,19977,UA,4028,,,,,EV,20366,EV,4028,12266,1226603,31453,IAH,"Houston, TX",TX,48,Texas,74,10781,1078105,30781,BTR,"Baton Rouge, LA",LA,22,Louisiana,72,740,7.0,7.0,0.0,0.0,0700-0759,49.0,836.0,918.0,9.0,848,927.0,39.0,39.0,1.0,2.0,0800-0859,0.0,,0.0,68.0,100.0,42.0,1.0,253.0,2,0.0,7.0,32.0,0.0,0.0,,,,0,,,,,,,,,,,,,,,,,,,,,,,,,,,,,,,,,,,,,,,,,,,,,N,4.0,4.0,7.0,9.0,3.0,2.0,35.0,42.0,7,8,3.0,3.0,35.0,39.0,9,9,0,0.0,0.0,N14991,N14991-UA-0,35.0,47.0,7.0,42.0,54.0,,,2.0,35,42,0.0,0.0
N14993,856.0,2019,2,5,2,4,2019-05-02,UA,UA_CODESHARE,19977,UA,4273,,,,,EV,20366,EV,4273,12266,1226603,31453,IAH,"Houston, TX",TX,48,Texas,74,10693,1069302,30693,BNA,"Nashville, TN",TN,47,Tennessee,54,730,86.0,86.0,1.0,5.0,0700-0759,23.0,919.0,1051.0,6.0,929,1057.0,88.0,88.0,1.0,5.0,0900-0959,0.0,,0.0,119.0,121.0,92.0,1.0,657.0,3,0.0,86.0,2.0,0.0,0.0,,,,0,,,,,,,,,,,,,,,,,,,,,,,,,,,,,,,,,,,,,,,,,,,,,N,4.0,4.0,8.0,10.0,4.0,4.0,40.0,48.0,7,9,2.0,2.0,34.0,42.0,7,7,0,0.0,0.0,N14993,N14993-UA-0,40.0,52.0,8.0,48.0,60.0,,,0.0,40,48,0.0,0.0
N149AN,924.0,2019,2,5,2,4,2019-05-02,AA,AA,19805,AA,1797,,,,,AA,19805,AA,1797,11298,1129806,30194,DFW,"Dallas/Fort Worth, TX",TX,48,Texas,74,11292,1129202,30325,DEN,"Denver, CO",CO,8,Colorado,82,851,33.0,33.0,1.0,2.0,0800-0859,31.0,955.0,1028.0,7.0,1000,1035.0,35.0,35.0,1.0,2.0,1000-1059,0.0,,0.0,129.0,131.0,93.0,1.0,641.0,3,33.0,0.0,2.0,0.0,0.0,,,,0,,,,,,,,,,,,,,,,,,,,,,,,,,,,,,,,,,,,,,,,,,,,,N,4.0,8.0,9.0,10.0,2.0,2.0,42.0,50.0,8,10,3.0,0.0,39.0,48.0,8,8,0,0.0,0.0,N149AN,N149AN-AA-0,42.0,54.0,8.0,50.0,62.0,,,0.0,42,50,0.0,0.0
N149SY,716.0,2019,2,5,2,4,2019-05-02,UA,UA_CODESHARE,19977,UA,5398,,,,,OO,20304,OO,5398,11193,1119302,33105,CVG,"Cincinnati, OH",KY,21,Kentucky,52,13930,1393007,30977,ORD,"Chicago, IL",IL,17,Illinois,41,630,46.0,46.0,1.0,3.0,0600-0659,15.0,731.0,731.0,11.0,659,742.0,43.0,43.0,1.0,2.0,0600-0659,0.0,,0.0,89.0,86.0,60.0,1.0,264.0,2,43.0,0.0,0.0,0.0,0.0,,,,0,,,,,,,,,,,,,,,,,,,,,,,,,,,,,,,,,,,,,,,,,,,,,N,0.0,4.0,7.0,7.0,1.0,3.0,29.0,35.0,6,6,2.0,4.0,26.0,32.0,1,1,0,0.0,0.0,N149SY,N149SY-UA-0,29.0,41.0,6.0,35.0,47.0,,,0.0,29,36,1.0,1.18
N150NN,740.0,2019,2,5,2,4,2019-05-02,AA,AA,19805,AA,1070,,,,,AA,19805,AA,1070,14635,1463502,31714,RSW,"Fort Myers, FL",FL,12,Florida,33,11298,1129806,30194,DFW,"Dallas/Fort Worth, TX",TX,48,Texas,74,742,-2.0,0.0,0.0,-1.0,0700-0759,19.0,759.0,949.0,13.0,945,1002.0,17.0,17.0,1.0,1.0,0900-0959,0.0,,0.0,183.0,202.0,170.0,1.0,1017.0,5,0.0,0.0,17.0,0.0,0.0,,,,0,,,,,,,,,,,,,,,,,,,,,,,,,,,,,,,,,,,,,,,,,,,,,N,0.0,4.0,7.0,10.0,3.0,0.0,31.0,44.0,7,9,3.0,3.0,31.0,43.0,4,4,0,0.0,0.0,N150NN,N150NN-AA-0,31.0,43.0,13.0,44.0,56.0,,,1.0,31,44,0.0,0.0
N150SY,552.0,2019,2,5,2,4,2019-05-02,UA,UA_CODESHARE,19977,UA,5562,,,,,OO,20304,OO,5562,14893,1489302,33192,SMF,"Sacramento, CA",CA,6,California,91,14771,1477104,32457,SFO,"San Francisco, CA",CA,6,California,91,600,-8.0,0.0,0.0,-1.0,0600-0659,14.0,606.0,635.0,4.0,656,639.0,-17.0,0.0,0.0,-2.0,0600-0659,0.0,,0.0,56.0,47.0,29.0,1.0,86.0,1,,,0.0,,0.0,,,,0,,,,,,,,,,,,,,,,,,,,,,,,,,,,,,,,,,,,,,,,,,,,,N,12.0,12.0,5.0,6.0,3.0,3.0,35.0,39.0,6,6,0.0,4.0,36.0,40.0,6,6,0,0.0,0.0,N150SY,N150SY-UA-0,36.0,47.0,4.0,40.0,51.0,,,0.0,36,40,0.0,0.0
N150UW,741.0,2019,2,5,2,4,2019-05-02,AA,AA,19805,AA,792,,,,,AA,19805,AA,792,14100,1410005,34100,PHL,"Philadelphia, PA",PA,42,Pennsylvania,23,11298,1129806,30194,DFW,"Dallas/Fort Worth, TX",TX,48,Texas,74,703,38.0,38.0,1.0,2.0,0700-0759,12.0,753.0,1059.0,14.0,950,1113.0,83.0,83.0,1.0,5.0,0900-0959,0.0,,0.0,227.0,272.0,246.0,1.0,1303.0,6,38.0,0.0,45.0,0.0,0.0,,,,0,,,,,,,,,,,,,,,,,,,,,,,,,,,,,,,,,,,,,,,,,,,,,N,0.0,4.0,7.0,11.0,3.0,1.0,31.0,49.0,7,9,0.0,3.0,28.0,43.0,7,7,0,0.0,0.0,N150UW,N150UW-AA-0,28.0,43.0,18.0,46.0,61.0,,,3.0,30,48,2.0,14.94
N151UW,730.0,2019,2,5,2,4,2019-05-02,AA,AA,19805,AA,1657,,,,,AA,19805,AA,1657,10721,1072102,30721,BOS,"Boston, MA",MA,25,Massachusetts,13,14100,1410005,34100,PHL,"Philadelphia, PA",PA,42,Pennsylvania,23,736,-6.0,0.0,0.0,-1.0,0700-0759,21.0,751.0,856.0,4.0,918,900.0,-18.0,0.0,0.0,-2.0,0900-0959,0.0,,0.0,102.0,90.0,65.0,1.0,280.0,2,,,0.0,,0.0,,,,0,,,,,,,,,,,,,,,,,,,,,,,,,,,,,,,,,,,,,,,,,,,,,N,0.0,0.0,7.0,9.0,2.0,0.0,30.0,36.0,7,9,2.0,1.0,30.0,37.0,2,2,0,0.0,0.0,N151UW,N151UW-AA-0,30.0,42.0,6.0,36.0,48.0,,,0.0,30,38,2.0,4.76
N152AA,841.0,2019,2,5,2,4,2019-05-02,AA,AA,19805,AA,2424,,,,,AA,19805,AA,2424,11298,1129806,30194,DFW,"Dallas/Fort Worth, TX",TX,48,Texas,74,12892,1289208,32575,LAX,"Los Angeles, CA",CA,6,California,91,846,-5.0,0.0,0.0,-1.0,0800-0859,26.0,907.0,1024.0,15.0,1025,1039.0,14.0,14.0,0.0,0.0,1000-1059,0.0,,0.0,219.0,238.0,197.0,1.0,1235.0,5,,,0.0,,0.0,,,,0,,,,,,,,,,,,,,,,,,,,,,,,,,,,,,,,,,,,,,,,,,,,,N,4.0,12.0,8.0,10.0,3.0,3.0,39.0,55.0,8,10,3.0,2.0,39.0,54.0,5,5,0,0.0,0.0,N152AA,N152AA-AA-0,39.0,51.0,16.0,55.0,67.0,,,0.0,42,58,3.0,17.58
N152GJ,554.0,2019,2,5,2,4,2019-05-02,UA,UA_CODESHARE,19977,UA,4551,,,,,G7,20500,G7,4551,11637,1163703,31637,FAR,"Fargo, ND",ND,38,North Dakota,66,11292,1129202,30325,DEN,"Denver, CO",CO,8,Colorado,82,600,-6.0,0.0,0.0,-1.0,0600-0659,16.0,610.0,648.0,9.0,711,657.0,-14.0,0.0,0.0,-1.0,0700-0759,0.0,,0.0,131.0,123.0,98.0,1.0,627.0,3,,,0.0,,0.0,,,,0,,,,,,,,,,,,,,,,,,,,,,,,,,,,,,,,,,,,,,,,,,,,,N,4.0,8.0,5.0,6.0,4.0,4.0,28.0,36.0,6,7,0.0,1.0,28.0,37.0,1,1,0,0.0,0.0,N152GJ,N152GJ-UA-0,28.0,40.0,8.0,36.0,48.0,,,0.0,28,41,5.0,10.74
N152SY,612.0,2019,2,5,2,4,2019-05-02,UA,UA_CODESHARE,19977,UA,5684,,,,,OO,20304,OO,5684,13851,1385103,33851,OKC,"Oklahoma City, OK",OK,40,Oklahoma,73,11292,1129202,30325,DEN,"Denver, CO",CO,8,Colorado,82,615,-3.0,0.0,0.0,-1.0,0600-0659,16.0,628.0,644.0,10.0,659,654.0,-5.0,0.0,0.0,-1.0,0600-0659,0.0,,0.0,104.0,102.0,76.0,1.0,495.0,2,,,0.0,,0.0,,,,0,,,,,,,,,,,,,,,,,,,,,,,,,,,,,,,,,,,,,,,,,,,,,N,4.0,8.0,6.0,6.0,1.0,4.0,29.0,36.0,6,6,1.0,4.0,29.0,36.0,4,4,0,0.0,0.0,N152SY,N152SY-UA-0,29.0,41.0,7.0,36.0,48.0,,,0.0,29,36,0.0,0.0
N152UW,714.0,2019,2,5,2,4,2019-05-02,AA,AA,19805,AA,659,,,,,AA,19805,AA,659,14107,1410702,30466,PHX,"Phoenix, AZ",AZ,4,Arizona,81,14100,1410005,34100,PHL,"Philadelphia, PA",PA,42,Pennsylvania,23,650,24.0,24.0,1.0,1.0,0600-0659,27.0,741.0,1449.0,5.0,1420,1454.0,34.0,34.0,1.0,2.0,1400-1459,0.0,,0.0,270.0,280.0,248.0,1.0,2075.0,9,24.0,0.0,10.0,0.0,0.0,,,,0,,,,,,,,,,,,,,,,,,,,,,,,,,,,,,,,,,,,,,,,,,,,,N,8.0,0.0,7.0,14.0,1.0,4.0,37.0,60.0,6,14,3.0,1.0,35.0,57.0,6,6,0,0.0,0.0,N152UW,N152UW-AA-0,36.0,49.0,23.0,59.0,72.0,,,1.0,36,59,0.0,0.0
N153GJ,634.0,2019,2,5,2,4,2019-05-02,UA,UA_CODESHARE,19977,UA,4570,,,,,G7,20500,G7,4570,14252,1425202,34252,PSC,"Pasco/Kennewick/Richland, WA",WA,53,Washington,93,11292,1129202,30325,DEN,"Denver, CO",CO,8,Colorado,82,640,-6.0,0.0,0.0,-1.0,0600-0659,16.0,650.0,936.0,13.0,1002,949.0,-13.0,0.0,0.0,-1.0,1000-1059,0.0,,0.0,142.0,135.0,106.0,1.0,852.0,4,,,0.0,,0.0,,,,0,,,,,,,,,,,,,,,,,,,,,,,,,,,,,,,,,,,,,,,,,,,,,N,12.0,8.0,6.0,9.0,2.0,3.0,38.0,47.0,6,10,3.0,0.0,39.0,48.0,1,1,0,0.0,0.0,N153GJ,N153GJ-UA-0,39.0,50.0,9.0,48.0,59.0,,,0.0,39,48,0.0,0.0
N153PQ,600.0,2019,2,5,2,4,2019-05-02,DL,DL_CODESHARE,19790,DL,3399,,,,,9E,20363,9E,3399,11057,1105703,31057,CLT,"Charlotte, NC",NC,37,North Carolina,36,12478,1247805,31703,JFK,"New York, NY",NY,36,New York,22,605,-5.0,0.0,0.0,-1.0,0600-0659,14.0,614.0,739.0,8.0,802,747.0,-15.0,0.0,0.0,-1.0,0800-0859,0.0,,0.0,117.0,107.0,85.0,1.0,541.0,3,,,0.0,,0.0,,,,0,,,,,,,,,,,,,,,,,,,,,,,,,,,,,,,,,,,,,,,,,,,,,N,0.0,0.0,6.0,7.0,0.0,3.0,24.0,31.0,6,8,0.0,0.0,24.0,32.0,1,1,0,1.0,1.0,N153PQ,N153PQ-DL-0,24.0,36.0,7.0,31.0,43.0,,,0.0,24,31,0.0,0.0
N153PQ,842.0,2019,2,5,2,4,2019-05-02,DL,DL_CODESHARE,19790,DL,3494,,,,,9E,20363,9E,3494,12478,1247805,31703,JFK,"New York, NY",NY,36,New York,22,10693,1069302,30693,BNA,"Nashville, TN",TN,47,Tennessee,54,842,0.0,0.0,0.0,0.0,0800-0859,21.0,903.0,949.0,8.0,1010,957.0,-13.0,0.0,0.0,-1.0,1000-1059,0.0,,0.0,148.0,135.0,106.0,1.0,765.0,4,,,0.0,,0.0,,,,0,,,,,,,,,,,,,,,,,,,,,,,,,,,,,,,,,,,,,,,,,,,,,N,0.0,4.0,8.0,9.0,3.0,4.0,35.0,44.0,8,10,3.0,1.0,35.0,45.0,8,8,1,1.0,0.0,N153PQ,N153PQ-DL-1,35.0,47.0,9.0,44.0,56.0,31.0,4.0,0.0,35,44,0.0,0.0
N153SY,546.0,2019,2,5,2,4,2019-05-02,UA,UA_CODESHARE,19977,UA,5521,,,,,OO,20304,OO,5521,13476,1347605,34922,MRY,"Monterey, CA",CA,6,California,91,12892,1289208,32575,LAX,"Los Angeles, CA",CA,6,California,91,600,-14.0,0.0,0.0,-1.0,0600-0659,24.0,610.0,706.0,15.0,733,721.0,-12.0,0.0,0.0,-1.0,0700-0759,0.0,,0.0,93.0,95.0,56.0,1.0,266.0,2,,,0.0,,0.0,,,,0,,,,,,,,,,,,,,,,,,,,,,,,,,,,,,,,,,,,,,,,,,,,,N,12.0,12.0,5.0,7.0,3.0,1.0,35.0,41.0,6,7,0.0,2.0,36.0,42.0,2,2,0,0.0,0.0,N153SY,N153SY-UA-0,36.0,47.0,6.0,42.0,53.0,,,0.0,36,44,2.0,4.86
N154AA,525.0,2019,2,5,2,4,2019-05-02,AA,AA,19805,AA,2519,,,,,AA,19805,AA,2519,11298,1129806,30194,DFW,"Dallas/Fort Worth, TX",TX,48,Texas,74,13303,1330303,32467,MIA,"Miami, FL",FL,12,Florida,33,525,0.0,0.0,0.0,0.0,0001-0559,14.0,539.0,920.0,10.0,907,930.0,23.0,23.0,1.0,1.0,0900-0959,0.0,,0.0,162.0,185.0,161.0,1.0,1121.0,5,0.0,0.0,23.0,0.0,0.0,,,,0,,,,,,,,,,,,,,,,,,,,,,,,,,,,,,,,,,,,,,,,,,,,,N,4.0,0.0,5.0,9.0,2.0,2.0,26.0,38.0,5,9,2.0,0.0,26.0,36.0,1,1,0,0.0,0.0,N154AA,N154AA-AA-0,26.0,38.0,12.0,38.0,50.0,,,2.0,26,44,6.0,16.14
N154GJ,558.0,2019,2,5,2,4,2019-05-02,UA,UA_CODESHARE,19977,UA,4577,,,,,G7,20500,G7,4577,15380,1538005,35380,TVC,"Traverse City, MI",MI,26,Michigan,43,13930,1393007,30977,ORD,"Chicago, IL",IL,17,Illinois,41,600,-2.0,0.0,0.0,-1.0,0600-0659,13.0,611.0,606.0,12.0,624,618.0,-6.0,0.0,0.0,-1.0,0600-0659,0.0,,0.0,84.0,80.0,55.0,1.0,224.0,1,,,0.0,,0.0,,,,0,,,,,,,,,,,,,,,,,,,,,,,,,,,,,,,,,,,,,,,,,,,,,N,0.0,4.0,5.0,6.0,4.0,1.0,24.0,29.0,6,6,0.0,2.0,24.0,30.0,9,9,0,1.0,1.0,N154GJ,N154GJ-UA-0,24.0,36.0,5.0,29.0,41.0,,,0.0,24,29,0.0,0.0
N154GJ,741.0,2019,2,5,2,4,2019-05-02,UA,UA_CODESHARE,19977,UA,4548,,,,,G7,20500,G7,4548,13930,1393007,30977,ORD,"Chicago, IL",IL,17,Illinois,41,14683,1468305,33214,SAT,"San Antonio, TX",TX,48,Texas,74,750,-9.0,0.0,0.0,-1.0,0700-0759,20.0,801.0,1109.0,2.0,1049,1111.0,22.0,22.0,1.0,1.0,1000-1059,0.0,,0.0,179.0,210.0,188.0,1.0,1041.0,5,0.0,0.0,22.0,0.0,0.0,,,,0,,,,,,,,,,,,,,,,,,,,,,,,,,,,,,,,,,,,,,,,,,,,,N,4.0,4.0,7.0,11.0,3.0,1.0,35.0,49.0,7,10,3.0,3.0,35.0,47.0,9,9,1,1.0,0.0,N154GJ,N154GJ-UA-1,35.0,47.0,14.0,49.0,61.0,29.0,6.0,1.0,35,49,0.0,0.0
N154SY,617.0,2019,2,5,2,4,2019-05-02,UA,UA_CODESHARE,19977,UA,5369,,,,,OO,20304,OO,5369,14893,1489302,33192,SMF,"Sacramento, CA",CA,6,California,91,12892,1289208,32575,LAX,"Los Angeles, CA",CA,6,California,91,625,-8.0,0.0,0.0,-1.0,0600-0659,13.0,630.0,733.0,25.0,814,758.0,-16.0,0.0,0.0,-2.0,0800-0859,0.0,,0.0,109.0,101.0,63.0,1.0,373.0,2,,,0.0,,0.0,,,,0,,,,,,,,,,,,,,,,,,,,,,,,,,,,,,,,,,,,,,,,,,,,,N,12.0,12.0,6.0,7.0,1.0,4.0,37.0,44.0,6,8,2.0,1.0,38.0,45.0,6,6,0,0.0,0.0,N154SY,N154SY-UA-0,38.0,49.0,7.0,45.0,56.0,,,0.0,38,45,0.0,0.0
N154UW,659.0,2019,2,5,2,4,2019-05-02,AA,AA,19805,AA,1881,,,,,AA,19805,AA,1881,13204,1320402,31454,MCO,"Orlando, FL",FL,12,Florida,33,14100,1410005,34100,PHL,"Philadelphia, PA",PA,42,Pennsylvania,23,704,-5.0,0.0,0.0,-1.0,0700-0759,18.0,717.0,932.0,3.0,939,935.0,-4.0,0.0,0.0,-1.0,0900-0959,0.0,,0.0,155.0,156.0,135.0,1.0,861.0,4,,,0.0,,0.0,,,,0,,,,,,,,,,,,,,,,,,,,,,,,,,,,,,,,,,,,,,,,,,,,,N,0.0,0.0,6.0,9.0,4.0,2.0,28.0,38.0,7,9,0.0,3.0,28.0,39.0,4,4,0,0.0,0.0,N154UW,N154UW-AA-0,28.0,40.0,10.0,38.0,50.0,,,0.0,28,38,0.0,0.0
N15574,557.0,2019,2,5,2,4,2019-05-02,UA,UA_CODESHARE,19977,UA,4167,,,,,EV,20366,EV,4167,12278,1227805,30928,ICT,"Wichita, KS",KS,20,Kansas,62,13930,1393007,30977,ORD,"Chicago, IL",IL,17,Illinois,41,600,-3.0,0.0,0.0,-1.0,0600-0659,10.0,607.0,739.0,14.0,805,753.0,-12.0,0.0,0.0,-1.0,0800-0859,0.0,,0.0,125.0,116.0,92.0,1.0,588.0,3,,,0.0,,0.0,,,,0,,,,,,,,,,,,,,,,,,,,,,,,,,,,,,,,,,,,,,,,,,,,,N,4.0,4.0,5.0,7.0,4.0,4.0,28.0,36.0,6,8,0.0,0.0,28.0,36.0,6,6,0,0.0,0.0,N15574,N15574-UA-0,28.0,40.0,8.0,36.0,48.0,,,0.0,28,36,0.0,0.0
N155GJ,805.0,2019,2,5,2,4,2019-05-02,UA,UA_CODESHARE,19977,UA,4572,,,,,G7,20500,G7,4572,11540,1154005,30615,ELP,"El Paso, TX",TX,48,Texas,74,13930,1393007,30977,ORD,"Chicago, IL",IL,17,Illinois,41,630,95.0,95.0,1.0,6.0,0600-0659,25.0,830.0,1230.0,15.0,1035,1245.0,130.0,130.0,1.0,8.0,1000-1059,0.0,,0.0,185.0,220.0,180.0,1.0,1236.0,5,95.0,0.0,35.0,0.0,0.0,,,,0,,,,,,,,,,,,,,,,,,,,,,,,,,,,,,,,,,,,,,,,,,,,,N,8.0,4.0,8.0,12.0,0.0,3.0,40.0,55.0,6,10,2.0,2.0,34.0,46.0,1,1,0,0.0,0.0,N155GJ,N155GJ-UA-0,38.0,52.0,15.0,53.0,67.0,,,2.0,38,54,1.0,1.24
N155NN,712.0,2019,2,5,2,4,2019-05-02,AA,AA,19805,AA,1382,,,,,AA,19805,AA,1382,11298,1129806,30194,DFW,"Dallas/Fort Worth, TX",TX,48,Texas,74,11618,1161802,31703,EWR,"Newark, NJ",NJ,34,New Jersey,21,714,-2.0,0.0,0.0,-1.0,0700-0759,27.0,739.0,1132.0,5.0,1139,1137.0,-2.0,0.0,0.0,-1.0,1100-1159,0.0,,0.0,205.0,205.0,173.0,1.0,1372.0,6,,,0.0,,0.0,,,,0,,,,,,,,,,,,,,,,,,,,,,,,,,,,,,,,,,,,,,,,,,,,,N,4.0,0.0,7.0,11.0,1.0,2.0,33.0,46.0,7,11,1.0,3.0,33.0,47.0,3,3,0,0.0,0.0,N155NN,N155NN-AA-0,33.0,45.0,13.0,46.0,58.0,,,0.0,33,48,2.0,7.0
N155UW,606.0,2019,2,5,2,4,2019-05-02,AA,AA,19805,AA,628,,,,,AA,19805,AA,628,12953,1295304,31703,LGA,"New York, NY",NY,36,New York,22,11057,1105703,31057,CLT,"Charlotte, NC",NC,37,North Carolina,36,610,-4.0,0.0,0.0,-1.0,0600-0659,29.0,635.0,804.0,9.0,820,813.0,-7.0,0.0,0.0,-1.0,0800-0859,0.0,,0.0,130.0,127.0,89.0,1.0,544.0,3,,,0.0,,0.0,,,,0,,,,,,,,,,,,,,,,,,,,,,,,,,,,,,,,,,,,,,,,,,,,,N,0.0,0.0,6.0,8.0,0.0,1.0,24.0,33.0,6,8,1.0,1.0,25.0,33.0,6,6,0,1.0,1.0,N155UW,N155UW-AA-0,25.0,36.0,9.0,34.0,45.0,,,0.0,25,34,0.0,0.0
N155UW,928.0,2019,2,5,2,4,2019-05-02,AA,AA,19805,AA,1957,,,,,AA,19805,AA,1957,11057,1105703,31057,CLT,"Charlotte, NC",NC,37,North Carolina,36,11292,1129202,30325,DEN,"Denver, CO",CO,8,Colorado,82,928,0.0,0.0,0.0,0.0,0900-0959,11.0,939.0,1041.0,13.0,1113,1054.0,-19.0,0.0,0.0,-2.0,1100-1159,0.0,,0.0,225.0,206.0,182.0,1.0,1337.0,6,,,0.0,,0.0,,,,0,,,,,,,,,,,,,,,,,,,,,,,,,,,,,,,,,,,,,,,,,,,,,N,0.0,8.0,9.0,10.0,2.0,4.0,38.0,52.0,9,11,2.0,1.0,38.0,53.0,4,4,1,1.0,0.0,N155UW,N155UW-AA-1,38.0,50.0,14.0,52.0,64.0,33.0,5.0,0.0,44,58,6.0,33.32
N156AN,735.0,2019,2,5,2,4,2019-05-02,AA,AA,19805,AA,2612,,,,,AA,19805,AA,2612,11292,1129202,30325,DEN,"Denver, CO",CO,8,Colorado,82,11298,1129806,30194,DFW,"Dallas/Fort Worth, TX",TX,48,Texas,74,738,-3.0,0.0,0.0,-1.0,0700-0759,15.0,750.0,1043.0,16.0,1045,1059.0,14.0,14.0,0.0,0.0,1000-1059,0.0,,0.0,127.0,144.0,113.0,1.0,641.0,3,,,0.0,,0.0,,,,0,,,,,,,,,,,,,,,,,,,,,,,,,,,,,,,,,,,,,,,,,,,,,N,8.0,4.0,7.0,10.0,2.0,4.0,38.0,48.0,7,10,3.0,3.0,39.0,47.0,9,9,0,0.0,0.0,N156AN,N156AN-AA-0,39.0,50.0,10.0,49.0,60.0,,,0.0,39,49,0.0,0.0
N156GJ,542.0,2019,2,5,2,4,2019-05-02,UA,UA_CODESHARE,19977,UA,4566,,,,,G7,20500,G7,4566,15016,1501606,31123,STL,"St. Louis, MO",MO,29,Missouri,64,11292,1129202,30325,DEN,"Denver, CO",CO,8,Colorado,82,550,-8.0,0.0,0.0,-1.0,0001-0559,11.0,553.0,651.0,8.0,711,659.0,-12.0,0.0,0.0,-1.0,0700-0759,0.0,,0.0,141.0,137.0,118.0,1.0,770.0,4,,,0.0,,0.0,,,,0,,,,,,,,,,,,,,,,,,,,,,,,,,,,,,,,,,,,,,,,,,,,,N,4.0,8.0,5.0,6.0,3.0,4.0,27.0,36.0,5,7,3.0,1.0,27.0,37.0,1,1,0,0.0,0.0,N156GJ,N156GJ-UA-0,27.0,39.0,9.0,36.0,48.0,,,0.0,27,42,6.0,13.62
N156SY,644.0,2019,2,5,2,4,2019-05-02,UA,UA_CODESHARE,19977,UA,5667,,,,,OO,20304,OO,5667,14698,1469802,34236,SBP,"San Luis Obispo, CA",CA,6,California,91,14771,1477104,32457,SFO,"San Francisco, CA",CA,6,California,91,650,-6.0,0.0,0.0,-1.0,0600-0659,15.0,659.0,735.0,16.0,759,751.0,-8.0,0.0,0.0,-1.0,0700-0759,0.0,,0.0,69.0,67.0,36.0,1.0,190.0,1,,,0.0,,0.0,,,,0,,,,,,,,,,,,,,,,,,,,,,,,,,,,,,,,,,,,,,,,,,,,,N,12.0,12.0,6.0,7.0,3.0,3.0,39.0,43.0,6,7,3.0,4.0,39.0,44.0,9,9,0,0.0,0.0,N156SY,N156SY-UA-0,39.0,51.0,4.0,43.0,55.0,,,0.0,39,43,0.0,0.0
N156UW,653.0,2019,2,5,2,4,2019-05-02,AA,AA,19805,AA,2545,,,,,AA,19805,AA,2545,14635,1463502,31714,RSW,"Fort Myers, FL",FL,12,Florida,33,14100,1410005,34100,PHL,"Philadelphia, PA",PA,42,Pennsylvania,23,654,-1.0,0.0,0.0,-1.0,0600-0659,11.0,704.0,938.0,4.0,940,942.0,2.0,2.0,0.0,0.0,0900-0959,0.0,,0.0,166.0,169.0,154.0,1.0,993.0,4,,,0.0,,0.0,,,,0,,,,,,,,,,,,,,,,,,,,,,,,,,,,,,,,,,,,,,,,,,,,,N,0.0,0.0,6.0,9.0,4.0,3.0,28.0,39.0,6,9,4.0,3.0,28.0,39.0,9,9,0,0.0,0.0,N156UW,N156UW-AA-0,28.0,40.0,11.0,39.0,51.0,,,0.0,28,39,0.0,0.0
N15710,723.0,2019,2,5,2,4,2019-05-02,UA,UA,19977,UA,795,,,,,UA,19977,UA,795,10529,1052906,30529,BDL,"Hartford, CT",CT,9,Connecticut,11,13930,1393007,30977,ORD,"Chicago, IL",IL,17,Illinois,41,715,8.0,8.0,0.0,0.0,0700-0759,9.0,732.0,833.0,15.0,852,848.0,-4.0,0.0,0.0,-1.0,0800-0859,0.0,,0.0,157.0,145.0,121.0,1.0,783.0,4,,,0.0,,0.0,,,,0,,,,,,,,,,,,,,,,,,,,,,,,,,,,,,,,,,,,,,,,,,,,,N,0.0,4.0,7.0,8.0,2.0,3.0,30.0,39.0,7,8,1.0,3.0,29.0,39.0,4,4,0,0.0,0.0,N15710,N15710-UA-0,30.0,42.0,9.0,39.0,51.0,,,0.0,30,39,0.0,0.0
N15712,722.0,2019,2,5,2,4,2019-05-02,UA,UA,19977,UA,997,,,,,UA,19977,UA,997,11618,1161802,31703,EWR,"Newark, NJ",NJ,34,New Jersey,21,14986,1498603,34986,SRQ,"Sarasota/Bradenton, FL",FL,12,Florida,33,730,-8.0,0.0,0.0,-1.0,0700-0759,19.0,741.0,1002.0,2.0,1023,1004.0,-19.0,0.0,0.0,-2.0,1000-1059,0.0,,0.0,173.0,162.0,141.0,1.0,1034.0,5,,,0.0,,0.0,,,,0,,,,,,,,,,,,,,,,,,,,,,,,,,,,,,,,,,,,,,,,,,,,,N,0.0,0.0,7.0,10.0,1.0,0.0,29.0,40.0,7,10,2.0,2.0,30.0,42.0,9,9,0,0.0,0.0,N15712,N15712-UA-0,30.0,41.0,11.0,41.0,52.0,,,0.0,30,41,0.0,0.0
N157AA,630.0,2019,2,5,2,4,2019-05-02,AA,AA,19805,AA,2535,,,,,AA,19805,AA,2535,14679,1467903,33570,SAN,"San Diego, CA",CA,6,California,91,11298,1129806,30194,DFW,"Dallas/Fort Worth, TX",TX,48,Texas,74,637,-7.0,0.0,0.0,-1.0,0600-0659,27.0,657.0,1118.0,18.0,1140,1136.0,-4.0,0.0,0.0,-1.0,1100-1159,0.0,,0.0,183.0,186.0,141.0,1.0,1171.0,5,,,0.0,,0.0,,,,0,,,,,,,,,,,,,,,,,,,,,,,,,,,,,,,,,,,,,,,,,,,,,N,12.0,4.0,6.0,11.0,2.0,2.0,38.0,50.0,6,11,2.0,3.0,38.0,51.0,1,1,0,0.0,0.0,N157AA,N157AA-AA-0,38.0,50.0,12.0,50.0,62.0,,,0.0,38,50,0.0,0.0
N157GJ,630.0,2019,2,5,2,4,2019-05-02,UA,UA_CODESHARE,19977,UA,4533,,,,,G7,20500,G7,4533,12217,1221702,30255,HSV,"Huntsville, AL",AL,1,Alabama,51,11292,1129202,30325,DEN,"Denver, CO",CO,8,Colorado,82,635,-5.0,0.0,0.0,-1.0,0600-0659,15.0,645.0,820.0,10.0,835,830.0,-5.0,0.0,0.0,-1.0,0800-0859,0.0,,0.0,180.0,180.0,155.0,1.0,1048.0,5,,,0.0,,0.0,,,,0,,,,,,,,,,,,,,,,,,,,,,,,,,,,,,,,,,,,,,,,,,,,,N,4.0,8.0,6.0,8.0,2.0,2.0,30.0,42.0,6,8,2.0,2.0,30.0,42.0,1,1,0,0.0,0.0,N157GJ,N157GJ-UA-0,30.0,42.0,12.0,42.0,54.0,,,0.0,30,42,0.0,0.0
N157SY,605.0,2019,2,5,2,4,2019-05-02,UA,UA_CODESHARE,19977,UA,5601,,,,,OO,20304,OO,5601,14689,1468902,34689,SBA,"Santa Barbara, CA",CA,6,California,91,14771,1477104,32457,SFO,"San Francisco, CA",CA,6,California,91,610,-5.0,0.0,0.0,-1.0,0600-0659,14.0,619.0,705.0,4.0,735,709.0,-26.0,0.0,0.0,-2.0,0700-0759,0.0,,0.0,85.0,64.0,46.0,1.0,262.0,2,,,0.0,,0.0,,,,0,,,,,,,,,,,,,,,,,,,,,,,,,,,,,,,,,,,,,,,,,,,,,N,12.0,12.0,6.0,7.0,0.0,1.0,36.0,41.0,6,7,1.0,2.0,37.0,42.0,3,3,0,0.0,0.0,N157SY,N157SY-UA-0,37.0,48.0,5.0,42.0,53.0,,,0.0,37,42,0.0,0.0
N157UW,725.0,2019,2,5,2,4,2019-05-02,AA,AA,19805,AA,2064,,,,,AA,19805,AA,2064,11057,1105703,31057,CLT,"Charlotte, NC",NC,37,North Carolina,36,11697,1169706,32467,FLL,"Fort Lauderdale, FL",FL,12,Florida,33,730,-5.0,0.0,0.0,-1.0,0700-0759,13.0,738.0,919.0,3.0,927,922.0,-5.0,0.0,0.0,-1.0,0900-0959,0.0,,0.0,117.0,117.0,101.0,1.0,632.0,3,,,0.0,,0.0,,,,0,,,,,,,,,,,,,,,,,,,,,,,,,,,,,,,,,,,,,,,,,,,,,N,0.0,0.0,7.0,9.0,2.0,1.0,30.0,37.0,7,9,2.0,2.0,30.0,38.0,2,2,0,0.0,0.0,N157UW,N157UW-AA-0,30.0,42.0,7.0,37.0,49.0,,,0.0,30,38,1.0,2.24
N158GJ,745.0,2019,2,5,2,4,2019-05-02,UA,UA_CODESHARE,19977,UA,4502,,,,,G7,20500,G7,4502,14492,1449202,34492,RDU,"Raleigh/Durham, NC",NC,37,North Carolina,36,13930,1393007,30977,ORD,"Chicago, IL",IL,17,Illinois,41,745,0.0,0.0,0.0,0.0,0700-0759,39.0,824.0,916.0,10.0,916,926.0,10.0,10.0,0.0,0.0,0900-0959,0.0,,0.0,151.0,161.0,112.0,1.0,646.0,3,,,0.0,,0.0,,,,0,,,,,,,,,,,,,,,,,,,,,,,,,,,,,,,,,,,,,,,,,,,,,N,0.0,4.0,7.0,9.0,3.0,2.0,31.0,42.0,7,9,3.0,1.0,31.0,41.0,4,4,0,0.0,0.0,N158GJ,N158GJ-UA-0,31.0,43.0,11.0,42.0,54.0,,,0.0,31,42,0.0,0.0
N15910,550.0,2019,2,5,2,4,2019-05-02,UA,UA_CODESHARE,19977,UA,3970,,,,,EV,20366,EV,3970,10581,1058102,30581,BGR,"Bangor, ME",ME,23,Maine,12,11618,1161802,31703,EWR,"Newark, NJ",NJ,34,New Jersey,21,600,-10.0,0.0,0.0,-1.0,0600-0659,11.0,601.0,718.0,23.0,759,741.0,-18.0,0.0,0.0,-2.0,0700-0759,0.0,,0.0,119.0,111.0,77.0,1.0,393.0,2,,,0.0,,0.0,,,,0,,,,,,,,,,,,,,,,,,,,,,,,,,,,,,,,,,,,,,,,,,,,,N,0.0,0.0,5.0,7.0,3.0,3.0,23.0,31.0,6,7,0.0,4.0,24.0,32.0,9,9,0,1.0,1.0,N15910,N15910-UA-0,24.0,35.0,8.0,32.0,43.0,,,0.0,24,32,0.0,0.0
N15910,842.0,2019,2,5,2,4,2019-05-02,UA,UA_CODESHARE,19977,UA,4458,,,,,EV,20366,EV,4458,11618,1161802,31703,EWR,"Newark, NJ",NJ,34,New Jersey,21,12339,1233904,32337,IND,"Indianapolis, IN",IN,18,Indiana,42,852,-10.0,0.0,0.0,-1.0,0800-0859,32.0,914.0,1103.0,10.0,1117,1113.0,-4.0,0.0,0.0,-1.0,1100-1159,0.0,,0.0,145.0,151.0,109.0,1.0,645.0,3,,,0.0,,0.0,,,,0,,,,,,,,,,,,,,,,,,,,,,,,,,,,,,,,,,,,,,,,,,,,,N,0.0,0.0,8.0,11.0,3.0,1.0,35.0,45.0,8,11,3.0,1.0,35.0,45.0,2,2,1,1.0,0.0,N15910,N15910-UA-1,35.0,47.0,10.0,45.0,57.0,31.0,4.0,0.0,36,46,1.0,2.36
N15980,907.0,2019,2,5,2,4,2019-05-02,UA,UA_CODESHARE,19977,UA,4280,,,,,EV,20366,EV,4280,10279,1027903,30279,AMA,"Amarillo, TX",TX,48,Texas,74,12266,1226603,31453,IAH,"Houston, TX",TX,48,Texas,74,700,127.0,127.0,1.0,8.0,0700-0759,10.0,917.0,1044.0,8.0,846,1052.0,126.0,126.0,1.0,8.0,0800-0859,0.0,,0.0,106.0,105.0,87.0,1.0,517.0,3,0.0,0.0,126.0,0.0,0.0,650.0,13.0,13.0,0,,,,,,,,,,,,,,,,,,,,,,,,,,,,,,,,,,,,,,,,,,,,,N,4.0,4.0,9.0,10.0,0.0,3.0,40.0,47.0,7,8,0.0,3.0,32.0,39.0,5,5,0,0.0,0.0,N15980,N15980-UA-0,32.0,52.0,7.0,39.0,59.0,,,8.0,32,40,1.0,5.24
N15983,705.0,2019,2,5,2,4,2019-05-02,UA,UA_CODESHARE,19977,UA,4004,,,,,EV,20366,EV,4004,11278,1127805,30852,DCA,"Washington, DC",VA,51,Virginia,38,11042,1104205,30647,CLE,"Cleveland, OH",OH,39,Ohio,44,715,-10.0,0.0,0.0,-1.0,0700-0759,28.0,733.0,828.0,7.0,840,835.0,-5.0,0.0,0.0,-1.0,0800-0859,0.0,,0.0,85.0,90.0,55.0,1.0,310.0,2,,,0.0,,0.0,,,,0,,,,,,,,,,,,,,,,,,,,,,,,,,,,,,,,,,,,,,,,,,,,,N,0.0,0.0,7.0,8.0,0.0,2.0,28.0,34.0,7,8,1.0,3.0,29.0,35.0,6,6,0,1.0,1.0,N15983,N15983-UA-0,29.0,40.0,6.0,35.0,46.0,,,0.0,29,35,0.0,0.0
N15983,921.0,2019,2,5,2,4,2019-05-02,UA,UA_CODESHARE,19977,UA,4332,,,,,EV,20366,EV,4332,11042,1104205,30647,CLE,"Cleveland, OH",OH,39,Ohio,44,11618,1161802,31703,EWR,"Newark, NJ",NJ,34,New Jersey,21,930,-9.0,0.0,0.0,-1.0,0900-0959,17.0,938.0,1043.0,25.0,1110,1108.0,-2.0,0.0,0.0,-1.0,1100-1159,0.0,,0.0,100.0,107.0,65.0,1.0,404.0,2,,,0.0,,0.0,,,,0,,,,,,,,,,,,,,,,,,,,,,,,,,,,,,,,,,,,,,,,,,,,,N,0.0,0.0,9.0,11.0,1.0,1.0,37.0,45.0,9,11,2.0,1.0,38.0,45.0,2,2,1,1.0,0.0,N15983,N15983-UA-1,38.0,49.0,8.0,46.0,57.0,34.0,3.0,0.0,38,47,1.0,2.14
N159AN,900.0,2019,2,5,2,4,2019-05-02,AA,AA,19805,AA,1105,,,,,AA,19805,AA,1105,12953,1295304,31703,LGA,"New York, NY",NY,36,New York,22,11298,1129806,30194,DFW,"Dallas/Fort Worth, TX",TX,48,Texas,74,900,0.0,0.0,0.0,0.0,0900-0959,35.0,935.0,1211.0,10.0,1213,1221.0,8.0,8.0,0.0,0.0,1200-1259,0.0,,0.0,253.0,261.0,216.0,1.0,1389.0,6,,,0.0,,0.0,,,,0,,,,,,,,,,,,,,,,,,,,,,,,,,,,,,,,,,,,,,,,,,,,,N,0.0,4.0,9.0,12.0,0.0,1.0,36.0,53.0,9,12,0.0,1.0,36.0,53.0,9,9,0,0.0,0.0,N159AN,N159AN-AA-0,36.0,48.0,17.0,53.0,65.0,,,0.0,36,53,0.0,0.0
N159GJ,555.0,2019,2,5,2,4,2019-05-02,UA,UA_CODESHARE,19977,UA,4544,,,,,G7,20500,G7,4544,11122,1112205,31122,CPR,"Casper, WY",WY,56,Wyoming,88,11292,1129202,30325,DEN,"Denver, CO",CO,8,Colorado,82,600,-5.0,0.0,0.0,-1.0,0600-0659,22.0,617.0,656.0,8.0,715,704.0,-11.0,0.0,0.0,-1.0,0700-0759,0.0,,0.0,75.0,69.0,39.0,1.0,230.0,1,,,0.0,,0.0,,,,0,,,,,,,,,,,,,,,,,,,,,,,,,,,,,,,,,,,,,,,,,,,,,N,8.0,8.0,5.0,7.0,4.0,0.0,32.0,36.0,6,7,0.0,1.0,32.0,37.0,2,2,0,0.0,0.0,N159GJ,N159GJ-UA-0,32.0,44.0,4.0,36.0,48.0,,,0.0,32,36,0.0,0.0
N16008,802.0,2019,2,5,2,4,2019-05-02,UA,UA,19977,UA,240,,,,,UA,19977,UA,240,11618,1161802,31703,EWR,"Newark, NJ",NJ,34,New Jersey,21,12892,1289208,32575,LAX,"Los Angeles, CA",CA,6,California,91,700,62.0,62.0,1.0,4.0,0700-0759,44.0,846.0,1100.0,18.0,949,1118.0,89.0,89.0,1.0,5.0,0900-0959,0.0,,0.0,349.0,376.0,314.0,1.0,2454.0,10,62.0,0.0,27.0,0.0,0.0,655.0,27.0,27.0,0,,,,,,,,,,,,,,,,,,,,,,,,,,,,,,,,,,,,,,,,,,,,,N,0.0,12.0,8.0,11.0,0.0,1.0,32.0,57.0,7,9,0.0,3.0,28.0,51.0,4,4,0,0.0,0.0,N16008,N16008-UA-0,30.0,44.0,25.0,55.0,69.0,,,2.0,31,58,3.0,14.24
N160AN,713.0,2019,2,5,2,4,2019-05-02,AA,AA,19805,AA,152,,,,,AA,19805,AA,152,11298,1129806,30194,DFW,"Dallas/Fort Worth, TX",TX,48,Texas,74,14771,1477104,32457,SFO,"San Francisco, CA",CA,6,California,91,715,-2.0,0.0,0.0,-1.0,0700-0759,22.0,735.0,859.0,3.0,909,902.0,-7.0,0.0,0.0,-1.0,0900-0959,0.0,,0.0,234.0,229.0,204.0,1.0,1464.0,6,,,0.0,,0.0,,,,0,,,,,,,,,,,,,,,,,,,,,,,,,,,,,,,,,,,,,,,,,,,,,N,4.0,12.0,7.0,9.0,1.0,0.0,33.0,48.0,7,9,1.0,1.0,33.0,49.0,5,5,0,0.0,0.0,N160AN,N160AN-AA-0,33.0,45.0,15.0,48.0,60.0,,,0.0,35,50,2.0,10.8
N160GJ,740.0,2019,2,5,2,4,2019-05-02,UA,UA_CODESHARE,19977,UA,4513,,,,,G7,20500,G7,4513,15380,1538005,35380,TVC,"Traverse City, MI",MI,26,Michigan,43,13930,1393007,30977,ORD,"Chicago, IL",IL,17,Illinois,41,749,-9.0,0.0,0.0,-1.0,0700-0759,16.0,756.0,746.0,11.0,815,757.0,-18.0,0.0,0.0,-2.0,0800-0859,0.0,,0.0,86.0,77.0,50.0,1.0,224.0,1,,,0.0,,0.0,,,,0,,,,,,,,,,,,,,,,,,,,,,,,,,,,,,,,,,,,,,,,,,,,,N,0.0,4.0,7.0,7.0,3.0,4.0,31.0,36.0,7,8,3.0,1.0,31.0,37.0,1,1,0,0.0,0.0,N160GJ,N160GJ-UA-0,31.0,43.0,5.0,36.0,48.0,,,0.0,31,36,0.0,0.0
N16112,550.0,2019,2,5,2,4,2019-05-02,UA,UA_CODESHARE,19977,UA,4773,,,,,AX,20237,AX,4773,13433,1343302,33304,MOT,"Minot, ND",ND,38,North Dakota,66,11292,1129202,30325,DEN,"Denver, CO",CO,8,Colorado,82,600,-10.0,0.0,0.0,-1.0,0600-0659,57.0,647.0,721.0,6.0,707,727.0,20.0,20.0,1.0,1.0,0700-0759,0.0,,0.0,127.0,157.0,94.0,1.0,604.0,3,0.0,0.0,20.0,0.0,0.0,,,,0,,,,,,,,,,,,,,,,,,,,,,,,,,,,,,,,,,,,,,,,,,,,,N,4.0,8.0,5.0,7.0,3.0,2.0,27.0,38.0,6,7,0.0,0.0,28.0,36.0,3,3,0,0.0,0.0,N16112,N16112-UA-0,28.0,39.0,11.0,39.0,50.0,,,1.0,28,40,1.0,3.34
N16147,939.0,2019,2,5,2,4,2019-05-02,UA,UA_CODESHARE,19977,UA,4889,,,,,C5,20445,C5,4889,10257,1025702,30257,ALB,"Albany, NY",NY,36,New York,22,12264,1226402,30852,IAD,"Washington, DC",VA,51,Virginia,38,945,-6.0,0.0,0.0,-1.0,0900-0959,17.0,956.0,1104.0,5.0,1124,1109.0,-15.0,0.0,0.0,-1.0,1100-1159,0.0,,0.0,99.0,90.0,68.0,1.0,325.0,2,,,0.0,,0.0,,,,0,,,,,,,,,,,,,,,,,,,,,,,,,,,,,,,,,,,,,,,,,,,,,N,0.0,0.0,9.0,11.0,3.0,1.0,39.0,45.0,9,11,3.0,2.0,39.0,46.0,6,6,0,0.0,0.0,N16147,N16147-UA-0,39.0,51.0,6.0,45.0,57.0,,,0.0,39,45,0.0,0.0
N16151,557.0,2019,2,5,2,4,2019-05-02,UA,UA_CODESHARE,19977,UA,4627,,,,,AX,20237,AX,4627,11423,1142307,31423,DSM,"Des Moines, IA",IA,19,Iowa,61,11292,1129202,30325,DEN,"Denver, CO",CO,8,Colorado,82,600,-3.0,0.0,0.0,-1.0,0600-0659,17.0,614.0,656.0,7.0,702,703.0,1.0,1.0,0.0,0.0,0700-0759,0.0,,0.0,122.0,126.0,102.0,1.0,589.0,3,,,0.0,,0.0,,,,0,,,,,,,,,,,,,,,,,,,,,,,,,,,,,,,,,,,,,,,,,,,,,N,4.0,8.0,5.0,7.0,4.0,0.0,28.0,36.0,6,7,0.0,0.0,28.0,36.0,4,4,0,0.0,0.0,N16151,N16151-UA-0,28.0,40.0,8.0,36.0,48.0,,,0.0,28,36,0.0,0.0
N16170,724.0,2019,2,5,2,4,2019-05-02,UA,UA_CODESHARE,19977,UA,4005,,,,,EV,20366,EV,4005,11618,1161802,31703,EWR,"Newark, NJ",NJ,34,New Jersey,21,14685,1468502,34685,SAV,"Savannah, GA",GA,13,Georgia,34,730,-6.0,0.0,0.0,-1.0,0700-0759,25.0,749.0,933.0,8.0,948,941.0,-7.0,0.0,0.0,-1.0,0900-0959,0.0,,0.0,138.0,137.0,104.0,1.0,708.0,3,,,0.0,,0.0,,,,0,,,,,,,,,,,,,,,,,,,,,,,,,,,,,,,,,,,,,,,,,,,,,N,0.0,0.0,7.0,9.0,2.0,3.0,30.0,39.0,7,9,2.0,3.0,30.0,39.0,6,6,0,0.0,0.0,N16170,N16170-UA-0,30.0,42.0,9.0,39.0,51.0,,,0.0,30,39,0.0,0.0
N16183,808.0,2019,2,5,2,4,2019-05-02,UA,UA_CODESHARE,19977,UA,4985,,,,,C5,20445,C5,4985,10693,1069302,30693,BNA,"Nashville, TN",TN,47,Tennessee,54,11618,1161802,31703,EWR,"Newark, NJ",NJ,34,New Jersey,21,815,-7.0,0.0,0.0,-1.0,0800-0859,12.0,820.0,1111.0,7.0,1129,1118.0,-11.0,0.0,0.0,-1.0,1100-1159,0.0,,0.0,134.0,130.0,111.0,1.0,748.0,3,,,0.0,,0.0,,,,0,,,,,,,,,,,,,,,,,,,,,,,,,,,,,,,,,,,,,,,,,,,,,N,4.0,0.0,8.0,11.0,1.0,1.0,37.0,45.0,8,11,1.0,2.0,37.0,46.0,5,5,0,0.0,0.0,N16183,N16183-UA-0,37.0,49.0,8.0,45.0,57.0,,,0.0,37,45,0.0,0.0
N161PQ,539.0,2019,2,5,2,4,2019-05-02,DL,DL_CODESHARE,19790,DL,4483,,,,,OO,20304,OO,4483,12156,1215605,32156,HLN,"Helena, MT",MT,30,Montana,84,13487,1348702,31650,MSP,"Minneapolis, MN",MN,27,Minnesota,63,540,-1.0,0.0,0.0,-1.0,0001-0559,15.0,554.0,853.0,21.0,915,914.0,-1.0,0.0,0.0,-1.0,0900-0959,0.0,,0.0,155.0,155.0,119.0,1.0,913.0,4,,,0.0,,0.0,,,,0,,,,,,,,,,,,,,,,,,,,,,,,,,,,,,,,,,,,,,,,,,,,,N,8.0,4.0,5.0,9.0,3.0,1.0,31.0,41.0,5,9,3.0,1.0,31.0,41.0,9,9,0,0.0,0.0,N161PQ,N161PQ-DL-0,31.0,43.0,10.0,41.0,53.0,,,0.0,31,41,0.0,0.0
N161SY,737.0,2019,2,5,2,4,2019-05-02,UA,UA_CODESHARE,19977,UA,5264,,,,,OO,20304,OO,5264,15370,1537002,34653,TUL,"Tulsa, OK",OK,40,Oklahoma,73,11292,1129202,30325,DEN,"Denver, CO",CO,8,Colorado,82,747,-10.0,0.0,0.0,-1.0,0700-0759,12.0,749.0,821.0,9.0,840,830.0,-10.0,0.0,0.0,-1.0,0800-0859,0.0,,0.0,113.0,113.0,92.0,1.0,541.0,3,,,0.0,,0.0,,,,0,,,,,,,,,,,,,,,,,,,,,,,,,,,,,,,,,,,,,,,,,,,,,N,4.0,8.0,7.0,8.0,2.0,2.0,34.0,42.0,7,8,3.0,3.0,35.0,43.0,9,9,0,0.0,0.0,N161SY,N161SY-UA-0,35.0,46.0,8.0,43.0,54.0,,,0.0,35,43,0.0,0.0
N162AA,854.0,2019,2,5,2,4,2019-05-02,AA,AA,19805,AA,2673,,,,,AA,19805,AA,2673,13204,1320402,31454,MCO,"Orlando, FL",FL,12,Florida,33,11298,1129806,30194,DFW,"Dallas/Fort Worth, TX",TX,48,Texas,74,842,12.0,12.0,0.0,0.0,0800-0859,13.0,907.0,1112.0,16.0,1045,1128.0,43.0,43.0,1.0,2.0,1000-1059,0.0,,0.0,183.0,214.0,185.0,1.0,985.0,4,12.0,0.0,31.0,0.0,0.0,,,,0,,,,,,,,,,,,,,,,,,,,,,,,,,,,,,,,,,,,,,,,,,,,,N,0.0,4.0,8.0,11.0,4.0,2.0,36.0,50.0,8,10,3.0,3.0,35.0,47.0,5,5,0,0.0,0.0,N162AA,N162AA-AA-0,35.0,48.0,14.0,49.0,62.0,,,2.0,41,55,6.0,38.68
N162GJ,717.0,2019,2,5,2,4,2019-05-02,UA,UA_CODESHARE,19977,UA,4588,,,,,G7,20500,G7,4588,13930,1393007,30977,ORD,"Chicago, IL",IL,17,Illinois,41,13230,1323002,32070,MDT,"Harrisburg, PA",PA,42,Pennsylvania,23,730,-13.0,0.0,0.0,-1.0,0700-0759,39.0,756.0,1013.0,21.0,1014,1034.0,20.0,20.0,1.0,1.0,1000-1059,0.0,,0.0,104.0,137.0,77.0,1.0,594.0,3,0.0,0.0,20.0,0.0,0.0,,,,0,,,,,,,,,,,,,,,,,,,,,,,,,,,,,,,,,,,,,,,,,,,,,N,4.0,0.0,7.0,10.0,1.0,2.0,33.0,42.0,7,10,2.0,1.0,34.0,41.0,6,6,0,0.0,0.0,N162GJ,N162GJ-UA-0,34.0,45.0,9.0,43.0,54.0,,,1.0,34,43,0.0,0.0
N162PQ,607.0,2019,2,5,2,4,2019-05-02,DL,DL_CODESHARE,19790,DL,3758,,,,,OO,20304,OO,3758,15323,1532305,35323,TRI,"Bristol/Johnson City/Kingsport, TN",TN,47,Tennessee,54,10397,1039707,30397,ATL,"Atlanta, GA",GA,13,Georgia,34,610,-3.0,0.0,0.0,-1.0,0600-0659,21.0,628.0,711.0,6.0,714,717.0,3.0,3.0,0.0,0.0,0700-0759,0.0,,0.0,64.0,70.0,43.0,1.0,227.0,1,,,0.0,,0.0,,,,0,,,,,,,,,,,,,,,,,,,,,,,,,,,,,,,,,,,,,,,,,,,,,N,0.0,0.0,6.0,7.0,0.0,1.0,24.0,29.0,6,7,1.0,1.0,25.0,29.0,4,4,0,1.0,1.0,N162PQ,N162PQ-DL-0,25.0,36.0,5.0,30.0,41.0,,,0.0,25,30,0.0,0.0
N162PQ,818.0,2019,2,5,2,4,2019-05-02,DL,DL_CODESHARE,19790,DL,3803,,,,,OO,20304,OO,3803,10397,1039707,30397,ATL,"Atlanta, GA",GA,13,Georgia,34,10781,1078105,30781,BTR,"Baton Rouge, LA",LA,22,Louisiana,72,820,-2.0,0.0,0.0,-1.0,0800-0859,17.0,835.0,847.0,5.0,857,852.0,-5.0,0.0,0.0,-1.0,0800-0859,0.0,,0.0,97.0,94.0,72.0,1.0,448.0,2,,,0.0,,0.0,,,,0,,,,,,,,,,,,,,,,,,,,,,,,,,,,,,,,,,,,,,,,,,,,,N,0.0,4.0,8.0,8.0,1.0,3.0,33.0,39.0,8,8,1.0,4.0,33.0,40.0,8,8,1,1.0,0.0,N162PQ,N162PQ-DL-1,33.0,45.0,6.0,39.0,51.0,29.0,4.0,0.0,34,40,1.0,8.36
N162SY,606.0,2019,2,5,2,4,2019-05-02,UA,UA_CODESHARE,19977,UA,5736,,,,,OO,20304,OO,5736,11603,1160302,31603,EUG,"Eugene, OR",OR,41,Oregon,92,12892,1289208,32575,LAX,"Los Angeles, CA",CA,6,California,91,609,-3.0,0.0,0.0,-1.0,0600-0659,14.0,620.0,807.0,26.0,825,833.0,8.0,8.0,0.0,0.0,0800-0859,0.0,,0.0,136.0,147.0,107.0,1.0,748.0,3,,,0.0,,0.0,,,,0,,,,,,,,,,,,,,,,,,,,,,,,,,,,,,,,,,,,,,,,,,,,,N,12.0,12.0,6.0,8.0,0.0,2.0,36.0,46.0,6,8,1.0,2.0,37.0,46.0,1,1,0,0.0,0.0,N162SY,N162SY-UA-0,37.0,48.0,10.0,47.0,58.0,,,0.0,37,47,0.0,0.0
N162UW,21.0,2019,2,5,2,4,2019-05-02,AA,AA,19805,AA,1666,,,,,AA,19805,AA,1666,14869,1486903,34614,SLC,"Salt Lake City, UT",UT,49,Utah,87,11057,1105703,31057,CLT,"Charlotte, NC",NC,37,North Carolina,36,24,-3.0,0.0,0.0,-1.0,0001-0559,12.0,33.0,556.0,5.0,615,601.0,-14.0,0.0,0.0,-1.0,0600-0659,0.0,,0.0,231.0,220.0,203.0,1.0,1727.0,7,,,0.0,,0.0,,,,0,,,,,,,,,,,,,,,,,,,,,,,,,,,,,,,,,,,,,,,,,,,,,N,8.0,0.0,0.0,6.0,1.0,0.0,9.0,24.0,0,6,2.0,1.0,10.0,25.0,1,1,0,1.0,1.0,N162UW,N162UW-AA-0,10.0,21.0,15.0,25.0,36.0,,,0.0,10,25,0.0,0.0
N162UW,734.0,2019,2,5,2,4,2019-05-02,AA,AA,19805,AA,2114,,,,,AA,19805,AA,2114,11057,1105703,31057,CLT,"Charlotte, NC",NC,37,North Carolina,36,13204,1320402,31454,MCO,"Orlando, FL",FL,12,Florida,33,737,-3.0,0.0,0.0,-1.0,0700-0759,13.0,747.0,856.0,16.0,924,912.0,-12.0,0.0,0.0,-1.0,0900-0959,0.0,,0.0,107.0,98.0,69.0,1.0,468.0,2,,,0.0,,0.0,,,,0,,,,,,,,,,,,,,,,,,,,,,,,,,,,,,,,,,,,,,,,,,,,,N,0.0,0.0,7.0,9.0,2.0,1.0,30.0,37.0,7,9,2.0,2.0,30.0,38.0,9,9,1,1.0,0.0,N162UW,N162UW-AA-1,30.0,42.0,7.0,37.0,49.0,24.0,6.0,0.0,31,38,1.0,9.26
N163SY,609.0,2019,2,5,2,4,2019-05-02,UA,UA_CODESHARE,19977,UA,5620,,,,,OO,20304,OO,5620,12339,1233904,32337,IND,"Indianapolis, IN",IN,18,Indiana,42,11292,1129202,30325,DEN,"Denver, CO",CO,8,Colorado,82,600,9.0,9.0,0.0,0.0,0600-0659,26.0,635.0,713.0,10.0,709,723.0,14.0,14.0,0.0,0.0,0700-0759,0.0,,0.0,189.0,194.0,158.0,1.0,977.0,4,,,0.0,,0.0,,,,0,,,,,,,,,,,,,,,,,,,,,,,,,,,,,,,,,,,,,,,,,,,,,N,0.0,8.0,6.0,7.0,1.0,2.0,25.0,38.0,6,7,0.0,1.0,24.0,37.0,8,8,0,0.0,0.0,N163SY,N163SY-UA-0,25.0,37.0,13.0,38.0,50.0,,,0.0,25,38,0.0,0.0
N164GJ,656.0,2019,2,5,2,4,2019-05-02,UA,UA_CODESHARE,19977,UA,4524,,,,,G7,20500,G7,4524,14307,1430705,30721,PVD,"Providence, RI",RI,44,Rhode Island,15,13930,1393007,30977,ORD,"Chicago, IL",IL,17,Illinois,41,700,-4.0,0.0,0.0,-1.0,0700-0759,15.0,711.0,830.0,12.0,850,842.0,-8.0,0.0,0.0,-1.0,0800-0859,0.0,,0.0,170.0,166.0,139.0,1.0,849.0,4,,,0.0,,0.0,,,,0,,,,,,,,,,,,,,,,,,,,,,,,,,,,,,,,,,,,,,,,,,,,,N,0.0,4.0,6.0,8.0,4.0,3.0,28.0,39.0,7,8,0.0,3.0,28.0,39.0,9,9,0,1.0,1.0,N164GJ,N164GJ-UA-0,28.0,40.0,11.0,39.0,51.0,,,0.0,28,39,0.0,0.0
N164GJ,1313.0,2019,2,5,2,4,2019-05-02,UA,UA_CODESHARE,19977,UA,4599,,,,,G7,20500,G7,4599,10599,1059904,30599,BHM,"Birmingham, AL",AL,1,Alabama,51,13930,1393007,30977,ORD,"Chicago, IL",IL,17,Illinois,41,600,433.0,433.0,1.0,12.0,0600-0659,16.0,1329.0,1514.0,10.0,814,1524.0,430.0,430.0,1.0,12.0,0800-0859,0.0,,0.0,134.0,131.0,105.0,1.0,583.0,3,0.0,0.0,0.0,0.0,430.0,,,,0,,,,,,,,,,,,,,,,,,,,,,,,,,,,,,,,,,,,,,,,,,,,,N,4.0,4.0,13.0,15.0,1.0,2.0,57.0,66.0,6,8,0.0,1.0,28.0,37.0,2,2,1,1.0,0.0,N164GJ,N164GJ-UA-1,28.0,69.0,9.0,37.0,78.0,39.0,18.0,29.0,28,38,1.0,2.5
N164NN,716.0,2019,2,5,2,4,2019-05-02,AA,AA,19805,AA,1297,,,,,AA,19805,AA,1297,13303,1330303,32467,MIA,"Miami, FL",FL,12,Florida,33,12892,1289208,32575,LAX,"Los Angeles, CA",CA,6,California,91,708,8.0,8.0,0.0,0.0,0700-0759,14.0,730.0,943.0,27.0,1012,1010.0,-2.0,0.0,0.0,-1.0,1000-1059,0.0,,0.0,364.0,354.0,313.0,1.0,2342.0,10,,,0.0,,0.0,,,,0,,,,,,,,,,,,,,,,,,,,,,,,,,,,,,,,,,,,,,,,,,,,,N,0.0,12.0,7.0,10.0,1.0,1.0,29.0,53.0,7,10,1.0,1.0,29.0,53.0,8,8,0,0.0,0.0,N164NN,N164NN-AA-0,29.0,41.0,24.0,53.0,65.0,,,0.0,29,53,0.0,0.0
N16541,523.0,2019,2,5,2,4,2019-05-02,UA,UA_CODESHARE,19977,UA,4237,,,,,EV,20366,EV,4237,13377,1337702,33377,MLU,"Monroe, LA",LA,22,Louisiana,72,12266,1226603,31453,IAH,"Houston, TX",TX,48,Texas,74,530,-7.0,0.0,0.0,-1.0,0001-0559,23.0,546.0,632.0,7.0,645,639.0,-6.0,0.0,0.0,-1.0,0600-0659,0.0,,0.0,75.0,76.0,46.0,1.0,262.0,2,,,0.0,,0.0,,,,0,,,,,,,,,,,,,,,,,,,,,,,,,,,,,,,,,,,,,,,,,,,,,N,4.0,4.0,5.0,6.0,2.0,3.0,26.0,31.0,5,6,2.0,3.0,26.0,31.0,1,1,0,1.0,1.0,N16541,N16541-UA-0,26.0,38.0,5.0,31.0,43.0,,,0.0,26,31,0.0,0.0
N16541,1047.0,2019,2,5,2,4,2019-05-02,UA,UA_CODESHARE,19977,UA,4346,,,,,EV,20366,EV,4346,12266,1226603,31453,IAH,"Houston, TX",TX,48,Texas,74,14814,1481402,30476,SHV,"Shreveport, LA",LA,22,Louisiana,72,755,172.0,172.0,1.0,11.0,0700-0759,13.0,1100.0,1135.0,6.0,855,1141.0,166.0,166.0,1.0,11.0,0800-0859,0.0,,0.0,60.0,54.0,35.0,1.0,192.0,1,0.0,166.0,0.0,0.0,0.0,,,,0,,,,,,,,,,,,,,,,,,,,,,,,,,,,,,,,,,,,,,,,,,,,,N,4.0,4.0,10.0,11.0,3.0,3.0,47.0,51.0,7,8,4.0,4.0,36.0,40.0,8,8,1,1.0,0.0,N16541,N16541-UA-1,47.0,59.0,4.0,51.0,63.0,31.0,16.0,0.0,47,51,0.0,0.0
N16546,923.0,2019,2,5,2,4,2019-05-02,UA,UA_CODESHARE,19977,UA,3979,,,,,EV,20366,EV,3979,11481,1148102,31481,ECP,"Panama City, FL",FL,12,Florida,33,12266,1226603,31453,IAH,"Houston, TX",TX,48,Texas,74,645,158.0,158.0,1.0,10.0,0600-0659,11.0,934.0,1121.0,9.0,850,1130.0,160.0,160.0,1.0,10.0,0800-0859,0.0,,0.0,125.0,127.0,107.0,1.0,572.0,3,0.0,0.0,160.0,0.0,0.0,637.0,29.0,29.0,0,,,,,,,,,,,,,,,,,,,,,,,,,,,,,,,,,,,,,,,,,,,,,N,4.0,4.0,9.0,11.0,2.0,2.0,42.0,50.0,6,8,3.0,3.0,31.0,39.0,9,9,0,0.0,0.0,N16546,N16546-UA-0,31.0,54.0,8.0,39.0,62.0,,,11.0,31,39,0.0,0.0
N16561,926.0,2019,2,5,2,4,2019-05-02,UA,UA_CODESHARE,19977,UA,4451,,,,,EV,20366,EV,4451,11973,1197302,31973,GPT,"Gulfport/Biloxi, MS",MS,28,Mississippi,53,12266,1226603,31453,IAH,"Houston, TX",TX,48,Texas,74,700,146.0,146.0,1.0,9.0,0700-0759,22.0,948.0,1103.0,12.0,833,1115.0,162.0,162.0,1.0,10.0,0800-0859,0.0,,0.0,93.0,109.0,75.0,1.0,376.0,2,0.0,0.0,162.0,0.0,0.0,,,,0,,,,,,,,,,,,,,,,,,,,,,,,,,,,,,,,,,,,,,,,,,,,,N,4.0,4.0,9.0,11.0,2.0,1.0,42.0,49.0,7,8,0.0,2.0,32.0,38.0,7,7,0,0.0,0.0,N16561,N16561-UA-0,32.0,54.0,7.0,39.0,61.0,,,11.0,32,39,0.0,0.0
N16571,720.0,2019,2,5,2,4,2019-05-02,UA,UA_CODESHARE,19977,UA,4114,,,,,EV,20366,EV,4114,12266,1226603,31453,IAH,"Houston, TX",TX,48,Texas,74,12339,1233904,32337,IND,"Indianapolis, IN",IN,18,Indiana,42,725,-5.0,0.0,0.0,-1.0,0700-0759,18.0,738.0,1048.0,7.0,1044,1055.0,11.0,11.0,0.0,0.0,1000-1059,0.0,,0.0,139.0,155.0,130.0,1.0,844.0,4,,,0.0,,0.0,,,,0,,,,,,,,,,,,,,,,,,,,,,,,,,,,,,,,,,,,,,,,,,,,,N,4.0,0.0,7.0,10.0,1.0,4.0,33.0,44.0,7,10,2.0,3.0,34.0,43.0,4,4,0,0.0,0.0,N16571,N16571-UA-0,34.0,45.0,11.0,45.0,56.0,,,0.0,34,45,0.0,0.0
N165GJ,624.0,2019,2,5,2,4,2019-05-02,UA,UA_CODESHARE,19977,UA,4560,,,,,G7,20500,G7,4560,13264,1326403,33264,MFR,"Medford, OR",OR,41,Oregon,92,11292,1129202,30325,DEN,"Denver, CO",CO,8,Colorado,82,630,-6.0,0.0,0.0,-1.0,0600-0659,21.0,645.0,944.0,6.0,1011,950.0,-21.0,0.0,0.0,-2.0,1000-1059,0.0,,0.0,161.0,146.0,119.0,1.0,964.0,4,,,0.0,,0.0,,,,0,,,,,,,,,,,,,,,,,,,,,,,,,,,,,,,,,,,,,,,,,,,,,N,12.0,8.0,6.0,9.0,2.0,3.0,38.0,47.0,6,10,2.0,1.0,38.0,49.0,2,2,0,0.0,0.0,N165GJ,N165GJ-UA-0,38.0,50.0,9.0,47.0,59.0,,,0.0,38,47,0.0,0.0
N165US,831.0,2019,2,5,2,4,2019-05-02,AA,AA,19805,AA,2033,,,,,AA,19805,AA,2033,10721,1072102,30721,BOS,"Boston, MA",MA,25,Massachusetts,13,11057,1105703,31057,CLT,"Charlotte, NC",NC,37,North Carolina,36,729,62.0,62.0,1.0,4.0,0700-0759,17.0,848.0,1041.0,8.0,1006,1049.0,43.0,43.0,1.0,2.0,1000-1059,0.0,,0.0,157.0,138.0,113.0,1.0,728.0,3,43.0,0.0,0.0,0.0,0.0,730.0,29.0,29.0,0,,,,,,,,,,,,,,,,,,,,,,,,,,,,,,,,,,,,,,,,,,,,,N,0.0,0.0,8.0,10.0,2.0,3.0,34.0,43.0,7,10,2.0,0.0,30.0,40.0,5,5,0,0.0,0.0,N165US,N165US-AA-0,34.0,46.0,9.0,43.0,55.0,,,0.0,34,43,0.0,0.0
N166GJ,835.0,2019,2,5,2,4,2019-05-02,UA,UA_CODESHARE,19977,UA,4587,,,,,G7,20500,G7,4587,15016,1501606,31123,STL,"St. Louis, MO",MO,29,Missouri,64,13930,1393007,30977,ORD,"Chicago, IL",IL,17,Illinois,41,645,110.0,110.0,1.0,7.0,0600-0659,15.0,850.0,942.0,13.0,806,955.0,109.0,109.0,1.0,7.0,0800-0859,0.0,,0.0,81.0,80.0,52.0,1.0,258.0,2,0.0,0.0,109.0,0.0,0.0,,,,0,,,,,,,,,,,,,,,,,,,,,,,,,,,,,,,,,,,,,,,,,,,,,N,4.0,4.0,8.0,9.0,2.0,4.0,38.0,44.0,6,8,3.0,0.0,31.0,36.0,7,7,0,0.0,0.0,N166GJ,N166GJ-UA-0,31.0,50.0,6.0,37.0,56.0,,,7.0,31,37,0.0,0.0
N166NN,850.0,2019,2,5,2,4,2019-05-02,AA,AA,19805,AA,1064,,,,,AA,19805,AA,1064,11298,1129806,30194,DFW,"Dallas/Fort Worth, TX",TX,48,Texas,74,14679,1467903,33570,SAN,"San Diego, CA",CA,6,California,91,850,0.0,0.0,0.0,0.0,0800-0859,28.0,918.0,1024.0,2.0,958,1026.0,28.0,28.0,1.0,1.0,0900-0959,0.0,,0.0,188.0,216.0,186.0,1.0,1171.0,5,0.0,0.0,28.0,0.0,0.0,,,,0,,,,,,,,,,,,,,,,,,,,,,,,,,,,,,,,,,,,,,,,,,,,,N,4.0,12.0,8.0,10.0,3.0,2.0,39.0,54.0,8,9,3.0,4.0,39.0,52.0,7,7,0,0.0,0.0,N166NN,N166NN-AA-0,39.0,51.0,15.0,54.0,66.0,,,2.0,40,55,1.0,7.26
N166PQ,623.0,2019,2,5,2,4,2019-05-02,DL,DL_CODESHARE,19790,DL,5205,,,,,9E,20363,9E,5205,10785,1078502,30785,BTV,"Burlington, VT",VT,50,Vermont,16,12953,1295304,31703,LGA,"New York, NY",NY,36,New York,22,608,15.0,15.0,1.0,1.0,0600-0659,32.0,655.0,745.0,6.0,730,751.0,21.0,21.0,1.0,1.0,0700-0759,0.0,,0.0,82.0,88.0,50.0,1.0,258.0,2,15.0,0.0,6.0,0.0,0.0,,,,0,,,,,,,,,,,,,,,,,,,,,,,,,,,,,,,,,,,,,,,,,,,,,N,0.0,0.0,6.0,7.0,2.0,3.0,26.0,31.0,6,7,1.0,2.0,25.0,30.0,1,1,0,1.0,1.0,N166PQ,N166PQ-DL-0,26.0,38.0,5.0,31.0,43.0,,,0.0,26,31,0.0,0.0
N166PQ,824.0,2019,2,5,2,4,2019-05-02,DL,DL_CODESHARE,19790,DL,3445,,,,,9E,20363,9E,3445,12953,1295304,31703,LGA,"New York, NY",NY,36,New York,22,12451,1245102,31136,JAX,"Jacksonville, FL",FL,12,Florida,33,810,14.0,14.0,0.0,0.0,0800-0859,19.0,843.0,1045.0,7.0,1051,1052.0,1.0,1.0,0.0,0.0,1000-1059,0.0,,0.0,161.0,148.0,122.0,1.0,833.0,4,,,0.0,,0.0,,,,0,,,,,,,,,,,,,,,,,,,,,,,,,,,,,,,,,,,,,,,,,,,,,N,0.0,0.0,8.0,10.0,2.0,3.0,34.0,43.0,8,10,1.0,3.0,33.0,43.0,4,4,1,1.0,0.0,N166PQ,N166PQ-DL-1,34.0,46.0,9.0,43.0,55.0,31.0,3.0,0.0,34,43,0.0,0.0
N166SY,758.0,2019,2,5,2,4,2019-05-02,UA,UA_CODESHARE,19977,UA,5559,,,,,OO,20304,OO,5559,10397,1039707,30397,ATL,"Atlanta, GA",GA,13,Georgia,34,13930,1393007,30977,ORD,"Chicago, IL",IL,17,Illinois,41,800,-2.0,0.0,0.0,-1.0,0800-0859,14.0,812.0,859.0,10.0,917,909.0,-8.0,0.0,0.0,-1.0,0900-0959,0.0,,0.0,137.0,131.0,107.0,1.0,606.0,3,,,0.0,,0.0,,,,0,,,,,,,,,,,,,,,,,,,,,,,,,,,,,,,,,,,,,,,,,,,,,N,0.0,4.0,7.0,9.0,4.0,1.0,32.0,41.0,8,9,0.0,1.0,32.0,41.0,6,6,0,0.0,0.0,N166SY,N166SY-UA-0,32.0,44.0,9.0,41.0,53.0,,,0.0,33,45,4.0,28.4
N16701,546.0,2019,2,5,2,4,2019-05-02,UA,UA,19977,UA,1268,,,,,UA,19977,UA,1268,11278,1127805,30852,DCA,"Washington, DC",VA,51,Virginia,38,13930,1393007,30977,ORD,"Chicago, IL",IL,17,Illinois,41,545,1.0,1.0,0.0,0.0,0001-0559,14.0,600.0,643.0,10.0,656,653.0,-3.0,0.0,0.0,-1.0,0600-0659,0.0,,0.0,131.0,127.0,103.0,1.0,612.0,3,,,0.0,,0.0,,,,0,,,,,,,,,,,,,,,,,,,,,,,,,,,,,,,,,,,,,,,,,,,,,N,0.0,4.0,5.0,6.0,3.0,4.0,23.0,32.0,5,6,3.0,4.0,23.0,32.0,1,1,0,1.0,1.0,N16701,N16701-UA-0,23.0,35.0,9.0,32.0,44.0,,,0.0,23,32,0.0,0.0
N16701,740.0,2019,2,5,2,4,2019-05-02,UA,UA,19977,UA,878,,,,,UA,19977,UA,878,13930,1393007,30977,ORD,"Chicago, IL",IL,17,Illinois,41,11066,1106606,31066,CMH,"Columbus, OH",OH,39,Ohio,44,750,-10.0,0.0,0.0,-1.0,0700-0759,25.0,805.0,959.0,5.0,1009,1004.0,-5.0,0.0,0.0,-1.0,1000-1059,0.0,,0.0,79.0,84.0,54.0,1.0,296.0,2,,,0.0,,0.0,,,,0,,,,,,,,,,,,,,,,,,,,,,,,,,,,,,,,,,,,,,,,,,,,,N,4.0,0.0,7.0,10.0,3.0,0.0,35.0,40.0,7,10,3.0,1.0,35.0,41.0,8,8,1,1.0,0.0,N16701,N16701-UA-1,35.0,47.0,5.0,40.0,52.0,32.0,3.0,0.0,35,40,0.0,0.0
N16703,559.0,2019,2,5,2,4,2019-05-02,UA,UA,19977,UA,1925,,,,,UA,19977,UA,1925,14122,1412202,30198,PIT,"Pittsburgh, PA",PA,42,Pennsylvania,23,13930,1393007,30977,ORD,"Chicago, IL",IL,17,Illinois,41,605,-6.0,0.0,0.0,-1.0,0600-0659,12.0,611.0,622.0,8.0,651,630.0,-21.0,0.0,0.0,-2.0,0600-0659,0.0,,0.0,106.0,91.0,71.0,1.0,413.0,2,,,0.0,,0.0,,,,0,,,,,,,,,,,,,,,,,,,,,,,,,,,,,,,,,,,,,,,,,,,,,N,0.0,4.0,5.0,6.0,4.0,2.0,24.0,30.0,6,6,0.0,3.0,24.0,31.0,5,5,0,1.0,1.0,N16703,N16703-UA-0,24.0,36.0,6.0,30.0,42.0,,,0.0,24,30,0.0,0.0
N16703,806.0,2019,2,5,2,4,2019-05-02,UA,UA,19977,UA,302,,,,,UA,19977,UA,302,13930,1393007,30977,ORD,"Chicago, IL",IL,17,Illinois,41,11042,1104205,30647,CLE,"Cleveland, OH",OH,39,Ohio,44,800,6.0,6.0,0.0,0.0,0800-0859,25.0,831.0,1021.0,3.0,1023,1024.0,1.0,1.0,0.0,0.0,1000-1059,0.0,,0.0,83.0,78.0,50.0,1.0,315.0,2,,,0.0,,0.0,,,,0,,,,,,,,,,,,,,,,,,,,,,,,,,,,,,,,,,,,,,,,,,,,,N,4.0,0.0,8.0,10.0,0.0,2.0,36.0,42.0,8,10,0.0,2.0,36.0,42.0,1,1,1,1.0,0.0,N16703,N16703-UA-1,36.0,48.0,6.0,42.0,54.0,30.0,6.0,0.0,37,43,1.0,1.3
N16709,611.0,2019,2,5,2,4,2019-05-02,UA,UA,19977,UA,2116,,,,,UA,19977,UA,2116,11042,1104205,30647,CLE,"Cleveland, OH",OH,39,Ohio,44,13930,1393007,30977,ORD,"Chicago, IL",IL,17,Illinois,41,610,1.0,1.0,0.0,0.0,0600-0659,9.0,620.0,621.0,7.0,641,628.0,-13.0,0.0,0.0,-1.0,0600-0659,0.0,,0.0,91.0,77.0,61.0,1.0,315.0,2,,,0.0,,0.0,,,,0,,,,,,,,,,,,,,,,,,,,,,,,,,,,,,,,,,,,,,,,,,,,,N,0.0,4.0,6.0,6.0,1.0,2.0,25.0,30.0,6,6,1.0,3.0,25.0,31.0,6,6,0,1.0,1.0,N16709,N16709-UA-0,25.0,37.0,5.0,30.0,42.0,,,0.0,25,30,0.0,0.0
N16709,751.0,2019,2,5,2,4,2019-05-02,UA,UA,19977,UA,381,,,,,UA,19977,UA,381,13930,1393007,30977,ORD,"Chicago, IL",IL,17,Illinois,41,14100,1410005,34100,PHL,"Philadelphia, PA",PA,42,Pennsylvania,23,800,-9.0,0.0,0.0,-1.0,0800-0859,36.0,827.0,1100.0,3.0,1058,1103.0,5.0,5.0,0.0,0.0,1000-1059,0.0,,0.0,118.0,132.0,93.0,1.0,678.0,3,,,0.0,,0.0,,,,0,,,,,,,,,,,,,,,,,,,,,,,,,,,,,,,,,,,,,,,,,,,,,N,4.0,0.0,7.0,11.0,3.0,0.0,35.0,44.0,8,10,0.0,4.0,36.0,44.0,5,5,1,1.0,0.0,N16709,N16709-UA-1,36.0,47.0,9.0,45.0,56.0,30.0,5.0,0.0,37,48,3.0,17.34
N167AN,757.0,2019,2,5,2,4,2019-05-02,AA,AA,19805,AA,1490,,,,,AA,19805,AA,1490,12953,1295304,31703,LGA,"New York, NY",NY,36,New York,22,11298,1129806,30194,DFW,"Dallas/Fort Worth, TX",TX,48,Texas,74,757,0.0,0.0,0.0,0.0,0700-0759,23.0,820.0,1109.0,9.0,1102,1118.0,16.0,16.0,1.0,1.0,1100-1159,0.0,,0.0,245.0,261.0,229.0,1.0,1389.0,6,0.0,0.0,16.0,0.0,0.0,,,,0,,,,,,,,,,,,,,,,,,,,,,,,,,,,,,,,,,,,,,,,,,,,,N,0.0,4.0,7.0,11.0,4.0,1.0,32.0,49.0,7,11,4.0,0.0,32.0,48.0,4,4,0,0.0,0.0,N167AN,N167AN-AA-0,32.0,44.0,17.0,49.0,61.0,,,1.0,32,49,0.0,0.0
N167GJ,655.0,2019,2,5,2,4,2019-05-02,UA,UA_CODESHARE,19977,UA,4573,,,,,G7,20500,G7,4573,13244,1324402,33244,MEM,"Memphis, TN",TN,47,Tennessee,54,11292,1129202,30325,DEN,"Denver, CO",CO,8,Colorado,82,700,-5.0,0.0,0.0,-1.0,0700-0759,12.0,707.0,818.0,6.0,843,824.0,-19.0,0.0,0.0,-2.0,0800-0859,0.0,,0.0,163.0,149.0,131.0,1.0,872.0,4,,,0.0,,0.0,,,,0,,,,,,,,,,,,,,,,,,,,,,,,,,,,,,,,,,,,,,,,,,,,,N,4.0,8.0,6.0,8.0,4.0,2.0,32.0,42.0,7,8,0.0,3.0,32.0,43.0,2,2,0,0.0,0.0,N167GJ,N167GJ-UA-0,32.0,44.0,10.0,42.0,54.0,,,0.0,32,42,0.0,0.0
N167SY,552.0,2019,2,5,2,4,2019-05-02,UA,UA_CODESHARE,19977,UA,5204,,,,,OO,20304,OO,5204,11637,1163703,31637,FAR,"Fargo, ND",ND,38,North Dakota,66,13930,1393007,30977,ORD,"Chicago, IL",IL,17,Illinois,41,605,-13.0,0.0,0.0,-1.0,0600-0659,9.0,601.0,722.0,26.0,813,748.0,-25.0,0.0,0.0,-2.0,0800-0859,0.0,,0.0,128.0,116.0,81.0,1.0,557.0,3,,,0.0,,0.0,,,,0,,,,,,,,,,,,,,,,,,,,,,,,,,,,,,,,,,,,,,,,,,,,,N,4.0,4.0,5.0,7.0,3.0,3.0,27.0,35.0,6,8,0.0,1.0,28.0,37.0,2,2,0,0.0,0.0,N167SY,N167SY-UA-0,28.0,39.0,8.0,36.0,47.0,,,0.0,28,36,0.0,0.0
N167US,734.0,2019,2,5,2,4,2019-05-02,AA,AA,19805,AA,1694,,,,,AA,19805,AA,1694,11057,1105703,31057,CLT,"Charlotte, NC",NC,37,North Carolina,36,13303,1330303,32467,MIA,"Miami, FL",FL,12,Florida,33,735,-1.0,0.0,0.0,-1.0,0700-0759,10.0,744.0,917.0,5.0,945,922.0,-23.0,0.0,0.0,-2.0,0900-0959,0.0,,0.0,130.0,108.0,93.0,1.0,650.0,3,,,0.0,,0.0,,,,0,,,,,,,,,,,,,,,,,,,,,,,,,,,,,,,,,,,,,,,,,,,,,N,0.0,0.0,7.0,9.0,2.0,1.0,30.0,37.0,7,9,2.0,3.0,30.0,39.0,3,3,0,0.0,0.0,N167US,N167US-AA-0,30.0,42.0,7.0,37.0,49.0,,,0.0,30,37,0.0,0.0
N168SY,651.0,2019,2,5,2,4,2019-05-02,UA,UA_CODESHARE,19977,UA,5906,,,,,OO,20304,OO,5906,10693,1069302,30693,BNA,"Nashville, TN",TN,47,Tennessee,54,13930,1393007,30977,ORD,"Chicago, IL",IL,17,Illinois,41,700,-9.0,0.0,0.0,-1.0,0700-0759,34.0,725.0,842.0,10.0,856,852.0,-4.0,0.0,0.0,-1.0,0800-0859,0.0,,0.0,116.0,121.0,77.0,1.0,409.0,2,,,0.0,,0.0,,,,0,,,,,,,,,,,,,,,,,,,,,,,,,,,,,,,,,,,,,,,,,,,,,N,4.0,4.0,6.0,8.0,3.0,3.0,31.0,39.0,7,8,0.0,4.0,32.0,40.0,7,7,0,0.0,0.0,N168SY,N168SY-UA-0,32.0,43.0,8.0,40.0,51.0,,,0.0,32,40,0.0,0.0
N169UW,618.0,2019,2,5,2,4,2019-05-02,AA,AA,19805,AA,1651,,,,,AA,19805,AA,1651,14679,1467903,33570,SAN,"San Diego, CA",CA,6,California,91,11057,1105703,31057,CLT,"Charlotte, NC",NC,37,North Carolina,36,620,-2.0,0.0,0.0,-1.0,0600-0659,23.0,641.0,1349.0,10.0,1355,1359.0,4.0,4.0,0.0,0.0,1300-1359,0.0,,0.0,275.0,281.0,248.0,1.0,2077.0,9,,,0.0,,0.0,,,,0,,,,,,,,,,,,,,,,,,,,,,,,,,,,,,,,,,,,,,,,,,,,,N,12.0,0.0,6.0,13.0,1.0,4.0,37.0,56.0,6,13,1.0,4.0,37.0,56.0,5,5,0,0.0,0.0,N169UW,N169UW-AA-0,37.0,49.0,19.0,56.0,68.0,,,0.0,37,56,0.0,0.0
N17002,726.0,2019,2,5,2,4,2019-05-02,UA,UA,19977,UA,1169,,,,,UA,19977,UA,1169,12266,1226603,31453,IAH,"Houston, TX",TX,48,Texas,74,12892,1289208,32575,LAX,"Los Angeles, CA",CA,6,California,91,725,1.0,1.0,0.0,0.0,0700-0759,16.0,742.0,857.0,10.0,902,907.0,5.0,5.0,0.0,0.0,0900-0959,0.0,,0.0,217.0,221.0,195.0,1.0,1379.0,6,,,0.0,,0.0,,,,0,,,,,,,,,,,,,,,,,,,,,,,,,,,,,,,,,,,,,,,,,,,,,N,4.0,12.0,7.0,9.0,2.0,0.0,34.0,48.0,7,9,2.0,0.0,34.0,48.0,4,4,0,0.0,0.0,N17002,N17002-UA-0,34.0,46.0,14.0,48.0,60.0,,,0.0,36,50,2.0,9.16
N170GJ,536.0,2019,2,5,2,4,2019-05-02,UA,UA_CODESHARE,19977,UA,4562,,,,,G7,20500,G7,4562,14457,1445702,34457,RAP,"Rapid City, SD",SD,46,South Dakota,67,11292,1129202,30325,DEN,"Denver, CO",CO,8,Colorado,82,545,-9.0,0.0,0.0,-1.0,0001-0559,33.0,609.0,700.0,10.0,715,710.0,-5.0,0.0,0.0,-1.0,0700-0759,0.0,,0.0,90.0,94.0,51.0,1.0,300.0,2,,,0.0,,0.0,,,,0,,,,,,,,,,,,,,,,,,,,,,,,,,,,,,,,,,,,,,,,,,,,,N,8.0,8.0,5.0,7.0,2.0,1.0,30.0,37.0,5,7,3.0,1.0,31.0,37.0,9,9,0,0.0,0.0,N170GJ,N170GJ-UA-0,31.0,42.0,7.0,38.0,49.0,,,0.0,31,38,0.0,0.0
N170PQ,557.0,2019,2,5,2,4,2019-05-02,DL,DL_CODESHARE,19790,DL,3854,,,,,OO,20304,OO,3854,14262,1426204,34262,PSP,"Palm Springs, CA",CA,6,California,91,14869,1486903,34614,SLC,"Salt Lake City, UT",UT,49,Utah,87,604,-7.0,0.0,0.0,-1.0,0600-0659,14.0,611.0,834.0,4.0,850,838.0,-12.0,0.0,0.0,-1.0,0800-0859,0.0,,0.0,106.0,101.0,83.0,1.0,541.0,3,,,0.0,,0.0,,,,0,,,,,,,,,,,,,,,,,,,,,,,,,,,,,,,,,,,,,,,,,,,,,N,12.0,8.0,5.0,8.0,4.0,3.0,36.0,43.0,6,8,0.0,3.0,36.0,43.0,3,3,0,0.0,0.0,N170PQ,N170PQ-DL-0,36.0,48.0,7.0,43.0,55.0,,,0.0,36,43,0.0,0.0
N17104,717.0,2019,2,5,2,4,2019-05-02,UA,UA,19977,UA,1820,,,,,UA,19977,UA,1820,10721,1072102,30721,BOS,"Boston, MA",MA,25,Massachusetts,13,12892,1289208,32575,LAX,"Los Angeles, CA",CA,6,California,91,715,2.0,2.0,0.0,0.0,0700-0759,19.0,736.0,1032.0,19.0,1040,1051.0,11.0,11.0,0.0,0.0,1000-1059,0.0,,0.0,385.0,394.0,356.0,1.0,2611.0,11,,,0.0,,0.0,,,,0,,,,,,,,,,,,,,,,,,,,,,,,,,,,,,,,,,,,,,,,,,,,,N,0.0,12.0,7.0,10.0,1.0,3.0,29.0,55.0,7,10,1.0,3.0,29.0,55.0,4,4,0,0.0,0.0,N17104,N17104-UA-0,29.0,41.0,26.0,55.0,67.0,,,0.0,29,55,0.0,0.0
N17108,742.0,2019,2,5,2,4,2019-05-02,UA,UA_CODESHARE,19977,UA,4366,,,,,EV,20366,EV,4366,12266,1226603,31453,IAH,"Houston, TX",TX,48,Texas,74,10599,1059904,30599,BHM,"Birmingham, AL",AL,1,Alabama,51,740,2.0,2.0,0.0,0.0,0700-0759,63.0,845.0,1005.0,5.0,923,1010.0,47.0,47.0,1.0,3.0,0900-0959,0.0,,0.0,103.0,148.0,80.0,1.0,562.0,3,0.0,2.0,45.0,0.0,0.0,,,,0,,,,,,,,,,,,,,,,,,,,,,,,,,,,,,,,,,,,,,,,,,,,,N,4.0,4.0,7.0,10.0,3.0,1.0,35.0,45.0,7,9,3.0,2.0,35.0,42.0,8,8,0,0.0,0.0,N17108,N17108-UA-0,35.0,47.0,10.0,45.0,57.0,,,3.0,35,45,0.0,0.0
N17126,1127.0,2019,2,5,2,4,2019-05-02,UA,UA,19977,UA,229,,,,,UA,19977,UA,229,12264,1226402,30852,IAD,"Washington, DC",VA,51,Virginia,38,14679,1467903,33570,SAN,"San Diego, CA",CA,6,California,91,845,162.0,162.0,1.0,10.0,0800-0859,13.0,1140.0,1334.0,4.0,1110,1338.0,148.0,148.0,1.0,9.0,1100-1159,0.0,,0.0,325.0,311.0,294.0,1.0,2253.0,10,0.0,0.0,0.0,0.0,148.0,,,,0,,,,,,,,,,,,,,,,,,,,,,,,,,,,,,,,,,,,,,,,,,,,,N,0.0,12.0,11.0,13.0,2.0,3.0,46.0,67.0,8,11,3.0,1.0,35.0,57.0,1,1,0,0.0,0.0,N17126,N17126-UA-0,36.0,58.0,21.0,57.0,79.0,,,10.0,38,59,2.0,2.98
N17138,707.0,2019,2,5,2,4,2019-05-02,UA,UA_CODESHARE,19977,UA,4715,,,,,AX,20237,AX,4715,13367,1336705,33367,MLI,"Moline, IL",IL,17,Illinois,41,11292,1129202,30325,DEN,"Denver, CO",CO,8,Colorado,82,715,-8.0,0.0,0.0,-1.0,0700-0759,40.0,747.0,848.0,7.0,842,855.0,13.0,13.0,0.0,0.0,0800-0859,0.0,,0.0,147.0,168.0,121.0,1.0,752.0,4,,,0.0,,0.0,,,,0,,,,,,,,,,,,,,,,,,,,,,,,,,,,,,,,,,,,,,,,,,,,,N,4.0,8.0,7.0,8.0,0.0,4.0,32.0,44.0,7,8,1.0,3.0,33.0,43.0,6,6,0,0.0,0.0,N17138,N17138-UA-0,33.0,44.0,12.0,45.0,56.0,,,0.0,33,45,0.0,0.0
N17139,912.0,2019,2,5,2,4,2019-05-02,UA,UA,19977,UA,2145,,,,,UA,19977,UA,2145,10721,1072102,30721,BOS,"Boston, MA",MA,25,Massachusetts,13,12892,1289208,32575,LAX,"Los Angeles, CA",CA,6,California,91,915,-3.0,0.0,0.0,-1.0,0900-0959,17.0,929.0,1222.0,13.0,1240,1235.0,-5.0,0.0,0.0,-1.0,1200-1259,0.0,,0.0,385.0,383.0,353.0,1.0,2611.0,11,,,0.0,,0.0,,,,0,,,,,,,,,,,,,,,,,,,,,,,,,,,,,,,,,,,,,,,,,,,,,N,0.0,12.0,9.0,12.0,1.0,2.0,37.0,62.0,9,12,1.0,3.0,37.0,63.0,9,9,0,0.0,0.0,N17139,N17139-UA-0,37.0,49.0,25.0,62.0,74.0,,,0.0,37,62,0.0,0.0
N17146,553.0,2019,2,5,2,4,2019-05-02,UA,UA_CODESHARE,19977,UA,4632,,,,,AX,20237,AX,4632,13367,1336705,33367,MLI,"Moline, IL",IL,17,Illinois,41,13930,1393007,30977,ORD,"Chicago, IL",IL,17,Illinois,41,600,-7.0,0.0,0.0,-1.0,0600-0659,21.0,614.0,655.0,8.0,705,703.0,-2.0,0.0,0.0,-1.0,0700-0759,0.0,,0.0,65.0,70.0,41.0,1.0,139.0,1,,,0.0,,0.0,,,,0,,,,,,,,,,,,,,,,,,,,,,,,,,,,,,,,,,,,,,,,,,,,,N,4.0,4.0,5.0,7.0,4.0,0.0,28.0,32.0,6,7,0.0,0.0,28.0,32.0,9,9,0,1.0,1.0,N17146,N17146-UA-0,28.0,40.0,4.0,32.0,44.0,,,0.0,28,32,0.0,0.0
N17146,742.0,2019,2,5,2,4,2019-05-02,UA,UA_CODESHARE,19977,UA,4632,,,,,AX,20237,AX,4632,13930,1393007,30977,ORD,"Chicago, IL",IL,17,Illinois,41,11003,1100303,31003,CID,"Cedar Rapids/Iowa City, IA",IA,19,Iowa,61,747,-5.0,0.0,0.0,-1.0,0700-0759,26.0,808.0,846.0,4.0,854,850.0,-4.0,0.0,0.0,-1.0,0800-0859,0.0,,0.0,67.0,68.0,38.0,1.0,196.0,1,,,0.0,,0.0,,,,0,,,,,,,,,,,,,,,,,,,,,,,,,,,,,,,,,,,,,,,,,,,,,N,4.0,4.0,7.0,8.0,3.0,3.0,35.0,39.0,7,8,3.0,4.0,35.0,40.0,2,2,1,1.0,0.0,N17146,N17146-UA-1,35.0,47.0,4.0,39.0,51.0,32.0,3.0,0.0,35,39,0.0,0.0
N17185,928.0,2019,2,5,2,4,2019-05-02,UA,UA_CODESHARE,19977,UA,3995,,,,,EV,20366,EV,3995,15919,1591904,31834,XNA,"Fayetteville, AR",AR,5,Arkansas,71,12266,1226603,31453,IAH,"Houston, TX",TX,48,Texas,74,700,148.0,148.0,1.0,9.0,0700-0759,15.0,943.0,1105.0,13.0,848,1118.0,150.0,150.0,1.0,10.0,0800-0859,0.0,,0.0,108.0,110.0,82.0,1.0,438.0,2,0.0,0.0,150.0,0.0,0.0,,,,0,,,,,,,,,,,,,,,,,,,,,,,,,,,,,,,,,,,,,,,,,,,,,N,4.0,4.0,9.0,11.0,2.0,1.0,42.0,49.0,7,8,0.0,3.0,32.0,39.0,3,3,0,0.0,0.0,N17185,N17185-UA-0,32.0,54.0,7.0,39.0,61.0,,,10.0,32,46,7.0,33.46
N171GJ,756.0,2019,2,5,2,4,2019-05-02,UA,UA_CODESHARE,19977,UA,4539,,,,,G7,20500,G7,4539,13930,1393007,30977,ORD,"Chicago, IL",IL,17,Illinois,41,13198,1319801,33198,MCI,"Kansas City, MO",MO,29,Missouri,64,805,-9.0,0.0,0.0,-1.0,0800-0859,36.0,832.0,945.0,5.0,940,950.0,10.0,10.0,0.0,0.0,0900-0959,0.0,,0.0,95.0,114.0,73.0,1.0,403.0,2,,,0.0,,0.0,,,,0,,,,,,,,,,,,,,,,,,,,,,,,,,,,,,,,,,,,,,,,,,,,,N,4.0,4.0,7.0,9.0,4.0,3.0,36.0,43.0,8,9,0.0,3.0,36.0,43.0,7,7,0,0.0,0.0,N171GJ,N171GJ-UA-0,36.0,48.0,7.0,43.0,55.0,,,0.0,36,43,0.0,0.0
N171SY,552.0,2019,2,5,2,4,2019-05-02,AS,AS_CODESHARE,19930,AS,3430,,,,,OO,20304,OO,3430,14869,1486903,34614,SLC,"Salt Lake City, UT",UT,49,Utah,87,14057,1405702,34057,PDX,"Portland, OR",OR,41,Oregon,92,600,-8.0,0.0,0.0,-1.0,0600-0659,17.0,609.0,643.0,7.0,705,650.0,-15.0,0.0,0.0,-1.0,0700-0759,0.0,,0.0,125.0,118.0,94.0,1.0,630.0,3,,,0.0,,0.0,,,,0,,,,,,,,,,,,,,,,,,,,,,,,,,,,,,,,,,,,,,,,,,,,,N,8.0,12.0,5.0,6.0,3.0,3.0,31.0,39.0,6,7,0.0,0.0,32.0,40.0,7,7,0,0.0,0.0,N171SY,N171SY-AS-0,32.0,43.0,8.0,40.0,51.0,,,0.0,32,40,0.0,0.0
N171US,655.0,2019,2,5,2,4,2019-05-02,AA,AA,19805,AA,2113,,,,,AA,19805,AA,2113,14100,1410005,34100,PHL,"Philadelphia, PA",PA,42,Pennsylvania,23,13204,1320402,31454,MCO,"Orlando, FL",FL,12,Florida,33,700,-5.0,0.0,0.0,-1.0,0700-0759,16.0,711.0,908.0,12.0,933,920.0,-13.0,0.0,0.0,-1.0,0900-0959,0.0,,0.0,153.0,145.0,117.0,1.0,861.0,4,,,0.0,,0.0,,,,0,,,,,,,,,,,,,,,,,,,,,,,,,,,,,,,,,,,,,,,,,,,,,N,0.0,0.0,6.0,9.0,4.0,1.0,28.0,37.0,7,9,0.0,2.0,28.0,38.0,3,3,0,0.0,0.0,N171US,N171US-AA-0,28.0,40.0,9.0,37.0,49.0,,,0.0,28,37,0.0,0.0
N17229,654.0,2019,2,5,2,4,2019-05-02,UA,UA,19977,UA,588,,,,,UA,19977,UA,588,15304,1530402,33195,TPA,"Tampa, FL",FL,12,Florida,33,13930,1393007,30977,ORD,"Chicago, IL",IL,17,Illinois,41,700,-6.0,0.0,0.0,-1.0,0700-0759,10.0,704.0,830.0,12.0,855,842.0,-13.0,0.0,0.0,-1.0,0800-0859,0.0,,0.0,175.0,168.0,146.0,1.0,1011.0,5,,,0.0,,0.0,,,,0,,,,,,,,,,,,,,,,,,,,,,,,,,,,,,,,,,,,,,,,,,,,,N,0.0,4.0,6.0,8.0,4.0,3.0,28.0,39.0,7,8,0.0,4.0,28.0,40.0,9,9,0,0.0,0.0,N17229,N17229-UA-0,28.0,40.0,11.0,39.0,51.0,,,0.0,28,39,0.0,0.0
N172AJ,618.0,2019,2,5,2,4,2019-05-02,AA,AA,19805,AA,287,,,,,AA,19805,AA,287,14843,1484306,34819,SJU,"San Juan, PR",PR,72,Puerto Rico,3,13303,1330303,32467,MIA,"Miami, FL",FL,12,Florida,33,623,-5.0,0.0,0.0,-1.0,0600-0659,19.0,637.0,904.0,9.0,924,913.0,-11.0,0.0,0.0,-1.0,0900-0959,0.0,,0.0,181.0,175.0,147.0,1.0,1045.0,5,,,0.0,,0.0,,,,0,,,,,,,,,,,,,,,,,,,,,,,,,,,,,,,,,,,,,,,,,,,,,N,-4.0,0.0,6.0,9.0,1.0,1.0,21.0,37.0,6,9,2.0,2.0,22.0,38.0,4,4,0,0.0,0.0,N172AJ,N172AJ-AA-0,22.0,33.0,16.0,38.0,49.0,,,0.0,22,38,0.0,0.0
N172GJ,655.0,2019,2,5,2,4,2019-05-02,UA,UA_CODESHARE,19977,UA,4516,,,,,G7,20500,G7,4516,11267,1126702,31267,DAY,"Dayton, OH",OH,39,Ohio,44,11292,1129202,30325,DEN,"Denver, CO",CO,8,Colorado,82,705,-10.0,0.0,0.0,-1.0,0700-0759,19.0,714.0,759.0,10.0,829,809.0,-20.0,0.0,0.0,-2.0,0800-0859,0.0,,0.0,204.0,194.0,165.0,1.0,1085.0,5,,,0.0,,0.0,,,,0,,,,,,,,,,,,,,,,,,,,,,,,,,,,,,,,,,,,,,,,,,,,,N,0.0,8.0,6.0,8.0,4.0,1.0,28.0,41.0,7,8,0.0,2.0,28.0,42.0,9,9,0,0.0,0.0,N172GJ,N172GJ-UA-0,28.0,40.0,13.0,41.0,53.0,,,0.0,28,41,0.0,0.0
N172US,616.0,2019,2,5,2,4,2019-05-02,AA,AA,19805,AA,625,,,,,AA,19805,AA,625,14679,1467903,33570,SAN,"San Diego, CA",CA,6,California,91,14107,1410702,30466,PHX,"Phoenix, AZ",AZ,4,Arizona,81,620,-4.0,0.0,0.0,-1.0,0600-0659,22.0,638.0,726.0,9.0,748,735.0,-13.0,0.0,0.0,-1.0,0700-0759,0.0,,0.0,88.0,79.0,48.0,1.0,304.0,2,,,0.0,,0.0,,,,0,,,,,,,,,,,,,,,,,,,,,,,,,,,,,,,,,,,,,,,,,,,,,N,12.0,8.0,6.0,7.0,1.0,2.0,37.0,38.0,6,7,1.0,3.0,37.0,39.0,8,8,0,0.0,0.0,N172US,N172US-AA-0,37.0,49.0,1.0,38.0,50.0,,,0.0,37,38,0.0,0.0
N173AN,841.0,2019,2,5,2,4,2019-05-02,AA,AA,19805,AA,1368,,,,,AA,19805,AA,1368,13303,1330303,32467,MIA,"Miami, FL",FL,12,Florida,33,12889,1288903,32211,LAS,"Las Vegas, NV",NV,32,Nevada,85,844,-3.0,0.0,0.0,-1.0,0800-0859,25.0,906.0,1114.0,9.0,1113,1123.0,10.0,10.0,0.0,0.0,1100-1159,0.0,,0.0,329.0,342.0,308.0,1.0,2174.0,9,,,0.0,,0.0,,,,0,,,,,,,,,,,,,,,,,,,,,,,,,,,,,,,,,,,,,,,,,,,,,N,0.0,12.0,8.0,11.0,3.0,2.0,35.0,58.0,8,11,3.0,1.0,35.0,57.0,1,1,0,0.0,0.0,N173AN,N173AN-AA-0,35.0,47.0,23.0,58.0,70.0,,,0.0,35,58,0.0,0.0
N173GJ,555.0,2019,2,5,2,4,2019-05-02,UA,UA_CODESHARE,19977,UA,4511,,,,,G7,20500,G7,4511,11413,1141306,30285,DRO,"Durango, CO",CO,8,Colorado,82,11292,1129202,30325,DEN,"Denver, CO",CO,8,Colorado,82,600,-5.0,0.0,0.0,-1.0,0600-0659,14.0,609.0,649.0,10.0,709,659.0,-10.0,0.0,0.0,-1.0,0700-0759,0.0,,0.0,69.0,64.0,40.0,1.0,250.0,2,,,0.0,,0.0,,,,0,,,,,,,,,,,,,,,,,,,,,,,,,,,,,,,,,,,,,,,,,,,,,N,8.0,8.0,5.0,6.0,4.0,4.0,32.0,36.0,6,7,0.0,1.0,32.0,37.0,9,9,0,0.0,0.0,N173GJ,N173GJ-UA-0,32.0,44.0,4.0,36.0,48.0,,,0.0,32,36,0.0,0.0
N173US,606.0,2019,2,5,2,4,2019-05-02,AA,AA,19805,AA,1766,,,,,AA,19805,AA,1766,14771,1477104,32457,SFO,"San Francisco, CA",CA,6,California,91,14100,1410005,34100,PHL,"Philadelphia, PA",PA,42,Pennsylvania,23,554,12.0,12.0,0.0,0.0,0001-0559,16.0,622.0,1415.0,5.0,1422,1420.0,-2.0,0.0,0.0,-1.0,1400-1459,0.0,,0.0,328.0,314.0,293.0,1.0,2521.0,11,,,0.0,,0.0,,,,0,,,,,,,,,,,,,,,,,,,,,,,,,,,,,,,,,,,,,,,,,,,,,N,12.0,0.0,6.0,14.0,0.0,1.0,36.0,57.0,5,14,4.0,1.0,36.0,57.0,1,1,0,0.0,0.0,N173US,N173US-AA-0,36.0,48.0,21.0,57.0,69.0,,,0.0,36,57,0.0,0.0
N174GJ,555.0,2019,2,5,2,4,2019-05-02,UA,UA_CODESHARE,19977,UA,4589,,,,,G7,20500,G7,4589,13930,1393007,30977,ORD,"Chicago, IL",IL,17,Illinois,41,14307,1430705,30721,PVD,"Providence, RI",RI,44,Rhode Island,15,600,-5.0,0.0,0.0,-1.0,0600-0659,25.0,620.0,901.0,4.0,920,905.0,-15.0,0.0,0.0,-1.0,0900-0959,0.0,,0.0,140.0,130.0,101.0,1.0,849.0,4,,,0.0,,0.0,,,,0,,,,,,,,,,,,,,,,,,,,,,,,,,,,,,,,,,,,,,,,,,,,,N,4.0,0.0,5.0,9.0,4.0,0.0,28.0,36.0,6,9,0.0,1.0,28.0,37.0,2,2,0,0.0,0.0,N174GJ,N174GJ-UA-0,28.0,40.0,8.0,36.0,48.0,,,0.0,28,36,0.0,0.0
N174US,830.0,2019,2,5,2,4,2019-05-02,AA,AA,19805,AA,1915,,,,,AA,19805,AA,1915,11057,1105703,31057,CLT,"Charlotte, NC",NC,37,North Carolina,36,10721,1072102,30721,BOS,"Boston, MA",MA,25,Massachusetts,13,758,32.0,32.0,1.0,2.0,0700-0759,12.0,842.0,1021.0,14.0,1020,1035.0,15.0,15.0,1.0,1.0,1000-1059,0.0,,0.0,142.0,125.0,99.0,1.0,728.0,3,0.0,0.0,0.0,4.0,11.0,814.0,9.0,9.0,0,,,,,,,,,,,,,,,,,,,,,,,,,,,,,,,,,,,,,,,,,,,,,N,0.0,0.0,8.0,10.0,2.0,2.0,34.0,42.0,7,10,4.0,1.0,32.0,41.0,9,9,0,0.0,0.0,N174US,N174US-AA-0,33.0,46.0,8.0,41.0,54.0,,,1.0,33,41,0.0,0.0
N17560,1111.0,2019,2,5,2,4,2019-05-02,UA,UA_CODESHARE,19977,UA,4327,,,,,EV,20366,EV,4327,15412,1541205,35412,TYS,"Knoxville, TN",TN,47,Tennessee,54,12266,1226603,31453,IAH,"Houston, TX",TX,48,Texas,74,944,87.0,87.0,1.0,5.0,0900-0959,15.0,1126.0,1227.0,9.0,1115,1236.0,81.0,81.0,1.0,5.0,1100-1159,0.0,,0.0,151.0,145.0,121.0,1.0,771.0,4,0.0,0.0,81.0,0.0,0.0,,,,0,,,,,,,,,,,,,,,,,,,,,,,,,,,,,,,,,,,,,,,,,,,,,N,0.0,4.0,11.0,12.0,1.0,2.0,45.0,54.0,9,11,3.0,1.0,39.0,49.0,3,3,0,0.0,0.0,N17560,N17560-UA-0,40.0,57.0,9.0,49.0,66.0,,,5.0,40,49,0.0,0.0
N175GJ,528.0,2019,2,5,2,4,2019-05-02,UA,UA_CODESHARE,19977,UA,4499,,,,,G7,20500,G7,4499,15016,1501606,31123,STL,"St. Louis, MO",MO,29,Missouri,64,13930,1393007,30977,ORD,"Chicago, IL",IL,17,Illinois,41,535,-7.0,0.0,0.0,-1.0,0001-0559,23.0,551.0,645.0,7.0,656,652.0,-4.0,0.0,0.0,-1.0,0600-0659,0.0,,0.0,81.0,84.0,54.0,1.0,258.0,2,,,0.0,,0.0,,,,0,,,,,,,,,,,,,,,,,,,,,,,,,,,,,,,,,,,,,,,,,,,,,N,4.0,4.0,5.0,6.0,2.0,3.0,26.0,31.0,5,6,2.0,4.0,26.0,32.0,4,4,0,1.0,1.0,N175GJ,N175GJ-UA-0,26.0,38.0,5.0,31.0,43.0,,,0.0,26,32,1.0,4.26
N175GJ,820.0,2019,2,5,2,4,2019-05-02,UA,UA_CODESHARE,19977,UA,4563,,,,,G7,20500,G7,4563,13930,1393007,30977,ORD,"Chicago, IL",IL,17,Illinois,41,11423,1142307,31423,DSM,"Des Moines, IA",IA,19,Iowa,61,830,-10.0,0.0,0.0,-1.0,0800-0859,31.0,851.0,948.0,6.0,956,954.0,-2.0,0.0,0.0,-1.0,0900-0959,0.0,,0.0,86.0,94.0,57.0,1.0,299.0,2,,,0.0,,0.0,,,,0,,,,,,,,,,,,,,,,,,,,,,,,,,,,,,,,,,,,,,,,,,,,,N,4.0,4.0,8.0,9.0,1.0,4.0,37.0,44.0,8,9,2.0,4.0,38.0,44.0,3,3,1,1.0,0.0,N175GJ,N175GJ-UA-1,38.0,49.0,7.0,45.0,56.0,31.0,6.0,0.0,38,45,0.0,0.0
N176PQ,709.0,2019,2,5,2,4,2019-05-02,DL,DL_CODESHARE,19790,DL,5264,,,,,9E,20363,9E,5264,14492,1449202,34492,RDU,"Raleigh/Durham, NC",NC,37,North Carolina,36,12478,1247805,31703,JFK,"New York, NY",NY,36,New York,22,709,0.0,0.0,0.0,0.0,0700-0759,17.0,726.0,837.0,18.0,900,855.0,-5.0,0.0,0.0,-1.0,0900-0959,0.0,,0.0,111.0,106.0,71.0,1.0,427.0,2,,,0.0,,0.0,,,,0,,,,,,,,,,,,,,,,,,,,,,,,,,,,,,,,,,,,,,,,,,,,,N,0.0,0.0,7.0,8.0,1.0,4.0,29.0,36.0,7,9,1.0,0.0,29.0,36.0,2,2,0,1.0,1.0,N176PQ,N176PQ-DL-0,29.0,41.0,7.0,36.0,48.0,,,0.0,29,36,0.0,0.0
N176PQ,941.0,2019,2,5,2,4,2019-05-02,DL,DL_CODESHARE,19790,DL,5422,,,,,9E,20363,9E,5422,12478,1247805,31703,JFK,"New York, NY",NY,36,New York,22,14685,1468502,34685,SAV,"Savannah, GA",GA,13,Georgia,34,946,-5.0,0.0,0.0,-1.0,0900-0959,20.0,1001.0,1151.0,4.0,1206,1155.0,-11.0,0.0,0.0,-1.0,1200-1259,0.0,,0.0,140.0,134.0,110.0,1.0,718.0,3,,,0.0,,0.0,,,,0,,,,,,,,,,,,,,,,,,,,,,,,,,,,,,,,,,,,,,,,,,,,,N,0.0,0.0,9.0,11.0,3.0,4.0,39.0,48.0,9,12,3.0,0.0,39.0,48.0,4,4,1,1.0,0.0,N176PQ,N176PQ-DL-1,39.0,51.0,9.0,48.0,60.0,36.0,3.0,0.0,39,48,0.0,0.0
N17719,659.0,2019,2,5,2,4,2019-05-02,UA,UA,19977,UA,2391,,,,,UA,19977,UA,2391,13230,1323002,32070,MDT,"Harrisburg, PA",PA,42,Pennsylvania,23,13930,1393007,30977,ORD,"Chicago, IL",IL,17,Illinois,41,700,-1.0,0.0,0.0,-1.0,0700-0759,21.0,720.0,802.0,11.0,806,813.0,7.0,7.0,0.0,0.0,0800-0859,0.0,,0.0,126.0,134.0,102.0,1.0,594.0,3,,,0.0,,0.0,,,,0,,,,,,,,,,,,,,,,,,,,,,,,,,,,,,,,,,,,,,,,,,,,,N,0.0,4.0,6.0,8.0,4.0,1.0,28.0,37.0,7,8,0.0,0.0,28.0,36.0,5,5,0,0.0,0.0,N17719,N17719-UA-0,28.0,40.0,9.0,37.0,49.0,,,0.0,28,37,0.0,0.0
N17730,553.0,2019,2,5,2,4,2019-05-02,UA,UA,19977,UA,817,,,,,UA,19977,UA,817,10423,1042302,30423,AUS,"Austin, TX",TX,48,Texas,74,11618,1161802,31703,EWR,"Newark, NJ",NJ,34,New Jersey,21,600,-7.0,0.0,0.0,-1.0,0600-0659,18.0,611.0,1029.0,8.0,1029,1037.0,8.0,8.0,0.0,0.0,1000-1059,0.0,,0.0,209.0,224.0,198.0,1.0,1504.0,7,,,0.0,,0.0,,,,0,,,,,,,,,,,,,,,,,,,,,,,,,,,,,,,,,,,,,,,,,,,,,N,4.0,0.0,5.0,10.0,4.0,2.0,28.0,42.0,6,10,0.0,2.0,28.0,42.0,8,8,0,0.0,0.0,N17730,N17730-UA-0,28.0,40.0,14.0,42.0,54.0,,,0.0,28,42,0.0,0.0
N17753,557.0,2019,2,5,2,4,2019-05-02,UA,UA,19977,UA,1533,,,,,UA,19977,UA,1533,13930,1393007,30977,ORD,"Chicago, IL",IL,17,Illinois,41,14492,1449202,34492,RDU,"Raleigh/Durham, NC",NC,37,North Carolina,36,600,-3.0,0.0,0.0,-1.0,0600-0659,18.0,615.0,848.0,5.0,854,853.0,-1.0,0.0,0.0,-1.0,0800-0859,0.0,,0.0,114.0,116.0,93.0,1.0,646.0,3,,,0.0,,0.0,,,,0,,,,,,,,,,,,,,,,,,,,,,,,,,,,,,,,,,,,,,,,,,,,,N,4.0,0.0,5.0,8.0,4.0,4.0,28.0,36.0,6,8,0.0,4.0,28.0,36.0,7,7,0,0.0,0.0,N17753,N17753-UA-0,28.0,40.0,8.0,36.0,48.0,,,0.0,28,36,0.0,0.0
N177AN,817.0,2019,2,5,2,4,2019-05-02,AA,AA,19805,AA,354,,,,,AA,19805,AA,354,11298,1129806,30194,DFW,"Dallas/Fort Worth, TX",TX,48,Texas,74,14100,1410005,34100,PHL,"Philadelphia, PA",PA,42,Pennsylvania,23,730,47.0,47.0,1.0,3.0,0700-0759,13.0,830.0,1215.0,3.0,1142,1218.0,36.0,36.0,1.0,2.0,1100-1159,0.0,,0.0,192.0,181.0,165.0,1.0,1303.0,6,36.0,0.0,0.0,0.0,0.0,,,,0,,,,,,,,,,,,,,,,,,,,,,,,,,,,,,,,,,,,,,,,,,,,,N,4.0,0.0,8.0,12.0,1.0,1.0,37.0,49.0,7,11,2.0,3.0,34.0,47.0,2,2,0,0.0,0.0,N177AN,N177AN-AA-0,37.0,49.0,12.0,49.0,61.0,,,0.0,37,49,0.0,0.0
N177SY,725.0,2019,2,5,2,4,2019-05-02,AS,AS_CODESHARE,19930,AS,3461,,,,,OO,20304,OO,3461,14869,1486903,34614,SLC,"Salt Lake City, UT",UT,49,Utah,87,14771,1477104,32457,SFO,"San Francisco, CA",CA,6,California,91,730,-5.0,0.0,0.0,-1.0,0700-0759,12.0,737.0,827.0,4.0,850,831.0,-19.0,0.0,0.0,-2.0,0800-0859,0.0,,0.0,140.0,126.0,110.0,1.0,599.0,3,,,0.0,,0.0,,,,0,,,,,,,,,,,,,,,,,,,,,,,,,,,,,,,,,,,,,,,,,,,,,N,8.0,12.0,7.0,8.0,2.0,2.0,38.0,46.0,7,8,2.0,3.0,38.0,47.0,3,3,0,0.0,0.0,N177SY,N177SY-AS-0,38.0,50.0,8.0,46.0,58.0,,,0.0,39,49,3.0,11.7
N178JB,553.0,2019,2,5,2,4,2019-05-02,B6,B6,20409,B6,465,,,,,B6,20409,B6,465,10721,1072102,30721,BOS,"Boston, MA",MA,25,Massachusetts,13,14635,1463502,31714,RSW,"Fort Myers, FL",FL,12,Florida,33,600,-7.0,0.0,0.0,-1.0,0600-0659,17.0,610.0,920.0,3.0,926,923.0,-3.0,0.0,0.0,-1.0,0900-0959,0.0,,0.0,206.0,210.0,190.0,1.0,1249.0,5,,,0.0,,0.0,,,,0,,,,,,,,,,,,,,,,,,,,,,,,,,,,,,,,,,,,,,,,,,,,,N,0.0,0.0,5.0,9.0,4.0,2.0,24.0,38.0,6,9,0.0,2.0,24.0,38.0,3,3,0,0.0,0.0,N178JB,N178JB-B6-0,24.0,36.0,14.0,38.0,50.0,,,0.0,24,38,0.0,0.0
N179JB,751.0,2019,2,5,2,4,2019-05-02,B6,B6,20409,B6,913,,,,,B6,20409,B6,913,12197,1219702,31703,HPN,"White Plains, NY",NY,36,New York,22,11697,1169706,32467,FLL,"Fort Lauderdale, FL",FL,12,Florida,33,800,-9.0,0.0,0.0,-1.0,0800-0859,16.0,807.0,1043.0,5.0,1102,1048.0,-14.0,0.0,0.0,-1.0,1100-1159,0.0,,0.0,182.0,177.0,156.0,1.0,1097.0,5,,,0.0,,0.0,,,,0,,,,,,,,,,,,,,,,,,,,,,,,,,,,,,,,,,,,,,,,,,,,,N,0.0,0.0,7.0,10.0,3.0,3.0,31.0,43.0,8,11,0.0,0.0,32.0,44.0,2,2,0,0.0,0.0,N179JB,N179JB-B6-0,32.0,43.0,12.0,44.0,55.0,,,0.0,32,44,0.0,0.0
N179SY,605.0,2019,2,5,2,4,2019-05-02,AS,AS_CODESHARE,19930,AS,3489,,,,,OO,20304,OO,3489,11638,1163807,31638,FAT,"Fresno, CA",CA,6,California,91,14747,1474703,30559,SEA,"Seattle, WA",WA,53,Washington,93,600,5.0,5.0,0.0,0.0,0600-0659,10.0,615.0,806.0,11.0,820,817.0,-3.0,0.0,0.0,-1.0,0800-0859,0.0,,0.0,140.0,132.0,111.0,1.0,748.0,3,,,0.0,,0.0,,,,0,,,,,,,,,,,,,,,,,,,,,,,,,,,,,,,,,,,,,,,,,,,,,N,12.0,12.0,6.0,8.0,0.0,1.0,36.0,45.0,6,8,0.0,1.0,36.0,45.0,3,3,0,0.0,0.0,N179SY,N179SY-AS-0,36.0,48.0,9.0,45.0,57.0,,,0.0,36,45,0.0,0.0
N179UW,753.0,2019,2,5,2,4,2019-05-02,AA,AA,19805,AA,560,,,,,AA,19805,AA,560,11057,1105703,31057,CLT,"Charlotte, NC",NC,37,North Carolina,36,14747,1474703,30559,SEA,"Seattle, WA",WA,53,Washington,93,740,13.0,13.0,0.0,0.0,0700-0759,32.0,825.0,1049.0,18.0,1025,1107.0,42.0,42.0,1.0,2.0,1000-1059,0.0,,0.0,345.0,374.0,324.0,1.0,2279.0,10,13.0,0.0,29.0,0.0,0.0,,,,0,,,,,,,,,,,,,,,,,,,,,,,,,,,,,,,,,,,,,,,,,,,,,N,0.0,12.0,7.0,11.0,4.0,0.0,32.0,56.0,7,10,3.0,2.0,31.0,54.0,6,6,0,0.0,0.0,N179UW,N179UW-AA-0,31.0,44.0,24.0,55.0,68.0,,,2.0,31,55,0.0,0.0
N18102,640.0,2019,2,5,2,4,2019-05-02,UA,UA_CODESHARE,19977,UA,4694,,,,,AX,20237,AX,4694,11315,1131502,31315,DIK,"Dickinson, ND",ND,38,North Dakota,66,11292,1129202,30325,DEN,"Denver, CO",CO,8,Colorado,82,650,-10.0,0.0,0.0,-1.0,0600-0659,18.0,658.0,815.0,7.0,839,822.0,-17.0,0.0,0.0,-2.0,0800-0859,0.0,,0.0,109.0,102.0,77.0,1.0,488.0,2,,,0.0,,0.0,,,,0,,,,,,,,,,,,,,,,,,,,,,,,,,,,,,,,,,,,,,,,,,,,,N,8.0,8.0,6.0,8.0,3.0,1.0,35.0,41.0,6,8,3.0,3.0,35.0,43.0,7,7,0,0.0,0.0,N18102,N18102-UA-0,35.0,47.0,6.0,41.0,53.0,,,0.0,35,41,0.0,0.0
N18112,1031.0,2019,2,5,2,4,2019-05-02,UA,UA,19977,UA,282,,,,,UA,19977,UA,282,11618,1161802,31703,EWR,"Newark, NJ",NJ,34,New Jersey,21,11292,1129202,30325,DEN,"Denver, CO",CO,8,Colorado,82,740,171.0,171.0,1.0,11.0,0700-0759,29.0,1100.0,1252.0,6.0,956,1258.0,182.0,182.0,1.0,12.0,0900-0959,0.0,,0.0,256.0,267.0,232.0,1.0,1605.0,7,171.0,0.0,11.0,0.0,0.0,,,,0,,,,,,,,,,,,,,,,,,,,,,,,,,,,,,,,,,,,,,,,,,,,,N,0.0,8.0,10.0,12.0,2.0,4.0,42.0,60.0,7,9,3.0,4.0,31.0,48.0,3,3,0,0.0,0.0,N18112,N18112-UA-0,41.0,54.0,18.0,59.0,72.0,,,1.0,42,60,1.0,3.28
N18114,923.0,2019,2,5,2,4,2019-05-02,UA,UA_CODESHARE,19977,UA,4734,,,,,AX,20237,AX,4734,14730,1473003,33044,SDF,"Louisville, KY",KY,21,Kentucky,52,13930,1393007,30977,ORD,"Chicago, IL",IL,17,Illinois,41,932,-9.0,0.0,0.0,-1.0,0900-0959,22.0,945.0,947.0,11.0,1009,958.0,-11.0,0.0,0.0,-1.0,1000-1059,0.0,,0.0,97.0,95.0,62.0,1.0,286.0,2,,,0.0,,0.0,,,,0,,,,,,,,,,,,,,,,,,,,,,,,,,,,,,,,,,,,,,,,,,,,,N,0.0,4.0,9.0,9.0,2.0,4.0,38.0,44.0,9,10,2.0,1.0,38.0,45.0,9,9,0,0.0,0.0,N18114,N18114-UA-0,38.0,50.0,6.0,44.0,56.0,,,0.0,38,44,0.0,0.0
N181GJ,918.0,2019,2,5,2,4,2019-05-02,DL,DL_CODESHARE,19790,DL,6271,,,,,G7,20500,G7,6271,11618,1161802,31703,EWR,"Newark, NJ",NJ,34,New Jersey,21,11433,1143302,31295,DTW,"Detroit, MI",MI,26,Michigan,43,928,-10.0,0.0,0.0,-1.0,0900-0959,29.0,947.0,1109.0,7.0,1130,1116.0,-14.0,0.0,0.0,-1.0,1100-1159,0.0,,0.0,122.0,118.0,82.0,1.0,488.0,2,,,0.0,,0.0,,,,0,,,,,,,,,,,,,,,,,,,,,,,,,,,,,,,,,,,,,,,,,,,,,N,0.0,0.0,9.0,11.0,1.0,1.0,37.0,45.0,9,11,2.0,2.0,38.0,46.0,8,8,0,0.0,0.0,N181GJ,N181GJ-DL-0,38.0,49.0,8.0,46.0,57.0,,,0.0,38,46,0.0,0.0
N181PQ,533.0,2019,2,5,2,4,2019-05-02,DL,DL_CODESHARE,19790,DL,3284,,,,,9E,20363,9E,3284,10785,1078502,30785,BTV,"Burlington, VT",VT,50,Vermont,16,12478,1247805,31703,JFK,"New York, NY",NY,36,New York,22,525,8.0,8.0,0.0,0.0,0001-0559,14.0,547.0,643.0,8.0,652,651.0,-1.0,0.0,0.0,-1.0,0600-0659,0.0,,0.0,87.0,78.0,56.0,1.0,266.0,2,,,0.0,,0.0,,,,0,,,,,,,,,,,,,,,,,,,,,,,,,,,,,,,,,,,,,,,,,,,,,N,0.0,0.0,5.0,6.0,2.0,3.0,22.0,27.0,5,6,2.0,3.0,22.0,27.0,2,2,0,0.0,0.0,N181PQ,N181PQ-DL-0,22.0,34.0,5.0,27.0,39.0,,,0.0,22,27,0.0,0.0
N181SY,557.0,2019,2,5,2,4,2019-05-02,AS,AS_CODESHARE,19930,AS,3363,,,,,OO,20304,OO,3363,10140,1014005,30140,ABQ,"Albuquerque, NM",NM,35,New Mexico,86,14679,1467903,33570,SAN,"San Diego, CA",CA,6,California,91,600,-3.0,0.0,0.0,-1.0,0600-0659,13.0,610.0,645.0,3.0,655,648.0,-7.0,0.0,0.0,-1.0,0600-0659,0.0,,0.0,115.0,111.0,95.0,1.0,628.0,3,,,0.0,,0.0,,,,0,,,,,,,,,,,,,,,,,,,,,,,,,,,,,,,,,,,,,,,,,,,,,N,8.0,12.0,5.0,6.0,4.0,3.0,32.0,39.0,6,6,0.0,4.0,32.0,40.0,9,9,0,0.0,0.0,N181SY,N181SY-AS-0,32.0,44.0,7.0,39.0,51.0,,,0.0,32,39,0.0,0.0
N181UW,625.0,2019,2,5,2,4,2019-05-02,AA,AA,19805,AA,567,,,,,AA,19805,AA,567,14107,1410702,30466,PHX,"Phoenix, AZ",AZ,4,Arizona,81,11057,1105703,31057,CLT,"Charlotte, NC",NC,37,North Carolina,36,630,-5.0,0.0,0.0,-1.0,0600-0659,14.0,639.0,1309.0,20.0,1327,1329.0,2.0,2.0,0.0,0.0,1300-1359,0.0,,0.0,237.0,244.0,210.0,1.0,1773.0,8,,,0.0,,0.0,,,,0,,,,,,,,,,,,,,,,,,,,,,,,,,,,,,,,,,,,,,,,,,,,,N,8.0,0.0,6.0,13.0,2.0,2.0,34.0,54.0,6,13,2.0,2.0,34.0,54.0,5,5,0,0.0,0.0,N181UW,N181UW-AA-0,34.0,46.0,20.0,54.0,66.0,,,0.0,34,54,0.0,0.0
N18243,637.0,2019,2,5,2,4,2019-05-02,UA,UA,19977,UA,2401,,,,,UA,19977,UA,2401,14908,1490803,32575,SNA,"Santa Ana, CA",CA,6,California,91,11292,1129202,30325,DEN,"Denver, CO",CO,8,Colorado,82,645,-8.0,0.0,0.0,-1.0,0600-0659,34.0,711.0,956.0,9.0,958,1005.0,7.0,7.0,0.0,0.0,0900-0959,0.0,,0.0,133.0,148.0,105.0,1.0,846.0,4,,,0.0,,0.0,,,,0,,,,,,,,,,,,,,,,,,,,,,,,,,,,,,,,,,,,,,,,,,,,,N,12.0,8.0,6.0,10.0,2.0,0.0,38.0,48.0,6,9,3.0,4.0,39.0,48.0,1,1,0,0.0,0.0,N18243,N18243-UA-0,39.0,50.0,10.0,49.0,60.0,,,0.0,39,54,5.0,11.32
N182DN,819.0,2019,2,5,2,4,2019-05-02,DL,DL,19790,DL,2028,,,,,DL,19790,DL,2028,10397,1039707,30397,ATL,"Atlanta, GA",GA,13,Georgia,34,12889,1288903,32211,LAS,"Las Vegas, NV",NV,32,Nevada,85,825,-6.0,0.0,0.0,-1.0,0800-0859,17.0,836.0,927.0,5.0,944,932.0,-12.0,0.0,0.0,-1.0,0900-0959,0.0,,0.0,259.0,253.0,231.0,1.0,1747.0,7,,,0.0,,0.0,,,,0,,,,,,,,,,,,,,,,,,,,,,,,,,,,,,,,,,,,,,,,,,,,,N,0.0,12.0,8.0,9.0,1.0,2.0,33.0,50.0,8,9,2.0,3.0,34.0,51.0,4,4,0,0.0,0.0,N182DN,N182DN-DL-0,34.0,45.0,17.0,51.0,62.0,,,0.0,34,51,0.0,0.0
N182GJ,650.0,2019,2,5,2,4,2019-05-02,DL,DL_CODESHARE,19790,DL,6228,,,,,G7,20500,G7,6228,14492,1449202,34492,RDU,"Raleigh/Durham, NC",NC,37,North Carolina,36,11278,1127805,30852,DCA,"Washington, DC",VA,51,Virginia,38,615,35.0,35.0,1.0,2.0,0600-0659,18.0,708.0,750.0,3.0,730,753.0,23.0,23.0,1.0,1.0,0700-0759,0.0,,0.0,75.0,63.0,42.0,1.0,227.0,1,23.0,0.0,0.0,0.0,0.0,,,,0,,,,,,,,,,,,,,,,,,,,,,,,,,,,,,,,,,,,,,,,,,,,,N,0.0,0.0,6.0,7.0,3.0,4.0,27.0,32.0,6,7,1.0,2.0,25.0,30.0,6,6,0,1.0,1.0,N182GJ,N182GJ-DL-0,27.0,39.0,5.0,32.0,44.0,,,0.0,27,32,0.0,0.0
N182GJ,817.0,2019,2,5,2,4,2019-05-02,DL,DL_CODESHARE,19790,DL,6246,,,,,G7,20500,G7,6246,11278,1127805,30852,DCA,"Washington, DC",VA,51,Virginia,38,14492,1449202,34492,RDU,"Raleigh/Durham, NC",NC,37,North Carolina,36,805,12.0,12.0,0.0,0.0,0800-0859,18.0,835.0,919.0,6.0,925,925.0,0.0,0.0,0.0,0.0,0900-0959,0.0,,0.0,80.0,68.0,44.0,1.0,227.0,1,,,0.0,,0.0,,,,0,,,,,,,,,,,,,,,,,,,,,,,,,,,,,,,,,,,,,,,,,,,,,N,0.0,0.0,8.0,9.0,1.0,2.0,33.0,38.0,8,9,0.0,2.0,32.0,38.0,8,8,1,1.0,0.0,N182GJ,N182GJ-DL-1,33.0,45.0,5.0,38.0,50.0,32.0,1.0,0.0,33,38,0.0,0.0
N182UW,654.0,2019,2,5,2,4,2019-05-02,AA,AA,19805,AA,1690,,,,,AA,19805,AA,1690,10529,1052906,30529,BDL,"Hartford, CT",CT,9,Connecticut,11,11057,1105703,31057,CLT,"Charlotte, NC",NC,37,North Carolina,36,633,21.0,21.0,1.0,1.0,0600-0659,15.0,709.0,847.0,11.0,850,858.0,8.0,8.0,0.0,0.0,0800-0859,0.0,,0.0,137.0,124.0,98.0,1.0,644.0,3,,,0.0,,0.0,,,,0,,,,,,,,,,,,,,,,,,,,,,,,,,,,,,,,,,,,,,,,,,,,,N,0.0,0.0,6.0,8.0,4.0,4.0,28.0,36.0,6,8,2.0,3.0,26.0,35.0,6,6,0,1.0,1.0,N182UW,N182UW-AA-0,28.0,40.0,8.0,36.0,48.0,,,0.0,28,36,0.0,0.0
N182UW,1005.0,2019,2,5,2,4,2019-05-02,AA,AA,19805,AA,1849,,,,,AA,19805,AA,1849,11057,1105703,31057,CLT,"Charlotte, NC",NC,37,North Carolina,36,13204,1320402,31454,MCO,"Orlando, FL",FL,12,Florida,33,930,35.0,35.0,1.0,2.0,0900-0959,29.0,1034.0,1139.0,11.0,1115,1150.0,35.0,35.0,1.0,2.0,1100-1159,0.0,,0.0,105.0,105.0,65.0,1.0,468.0,2,12.0,0.0,0.0,0.0,23.0,,,,0,,,,,,,,,,,,,,,,,,,,,,,,,,,,,,,,,,,,,,,,,,,,,N,0.0,0.0,10.0,11.0,0.0,3.0,40.0,47.0,9,11,2.0,1.0,38.0,45.0,1,1,1,1.0,0.0,N182UW,N182UW-AA-1,38.0,52.0,7.0,45.0,59.0,36.0,4.0,2.0,38,45,0.0,0.0
N183GJ,534.0,2019,2,5,2,4,2019-05-02,DL,DL_CODESHARE,19790,DL,6210,,,,,G7,20500,G7,6210,14321,1432105,34321,PWM,"Portland, ME",ME,23,Maine,12,11433,1143302,31295,DTW,"Detroit, MI",MI,26,Michigan,43,544,-10.0,0.0,0.0,-1.0,0001-0559,13.0,547.0,746.0,7.0,750,753.0,3.0,3.0,0.0,0.0,0700-0759,0.0,,0.0,126.0,139.0,119.0,1.0,668.0,3,,,0.0,,0.0,,,,0,,,,,,,,,,,,,,,,,,,,,,,,,,,,,,,,,,,,,,,,,,,,,N,0.0,0.0,5.0,7.0,2.0,4.0,22.0,32.0,5,7,3.0,3.0,23.0,31.0,4,4,0,1.0,1.0,N183GJ,N183GJ-DL-0,23.0,34.0,10.0,33.0,44.0,,,0.0,23,33,0.0,0.0
N183GJ,840.0,2019,2,5,2,4,2019-05-02,DL,DL_CODESHARE,19790,DL,6175,,,,,G7,20500,G7,6175,11433,1143302,31295,DTW,"Detroit, MI",MI,26,Michigan,43,13577,1357702,31135,MYR,"Myrtle Beach, SC",SC,45,South Carolina,37,835,5.0,5.0,0.0,0.0,0800-0859,25.0,905.0,1031.0,7.0,1032,1038.0,6.0,6.0,0.0,0.0,1000-1059,0.0,,0.0,117.0,118.0,86.0,1.0,636.0,3,,,0.0,,0.0,,,,0,,,,,,,,,,,,,,,,,,,,,,,,,,,,,,,,,,,,,,,,,,,,,N,0.0,0.0,8.0,10.0,3.0,3.0,35.0,43.0,8,10,2.0,2.0,34.0,42.0,5,5,1,1.0,0.0,N183GJ,N183GJ-DL-1,35.0,47.0,8.0,43.0,55.0,32.0,3.0,0.0,36,44,1.0,5.26
N183UW,550.0,2019,2,5,2,4,2019-05-02,AA,AA,19805,AA,973,,,,,AA,19805,AA,973,14100,1410005,34100,PHL,"Philadelphia, PA",PA,42,Pennsylvania,23,13930,1393007,30977,ORD,"Chicago, IL",IL,17,Illinois,41,600,-10.0,0.0,0.0,-1.0,0600-0659,11.0,601.0,653.0,11.0,726,704.0,-22.0,0.0,0.0,-2.0,0700-0759,0.0,,0.0,146.0,134.0,112.0,1.0,678.0,3,,,0.0,,0.0,,,,0,,,,,,,,,,,,,,,,,,,,,,,,,,,,,,,,,,,,,,,,,,,,,N,0.0,4.0,5.0,7.0,3.0,0.0,23.0,32.0,6,7,0.0,2.0,24.0,34.0,3,3,0,1.0,1.0,N183UW,N183UW-AA-0,24.0,35.0,9.0,33.0,44.0,,,0.0,24,34,1.0,3.2
N183UW,836.0,2019,2,5,2,4,2019-05-02,AA,AA,19805,AA,1827,,,,,AA,19805,AA,1827,13930,1393007,30977,ORD,"Chicago, IL",IL,17,Illinois,41,14107,1410702,30466,PHX,"Phoenix, AZ",AZ,4,Arizona,81,837,-1.0,0.0,0.0,-1.0,0800-0859,30.0,906.0,1029.0,6.0,1028,1035.0,7.0,7.0,0.0,0.0,1000-1059,0.0,,0.0,231.0,239.0,203.0,1.0,1440.0,6,,,0.0,,0.0,,,,0,,,,,,,,,,,,,,,,,,,,,,,,,,,,,,,,,,,,,,,,,,,,,N,4.0,8.0,8.0,10.0,2.0,2.0,38.0,50.0,8,10,2.0,2.0,38.0,50.0,3,3,1,1.0,0.0,N183UW,N183UW-AA-1,38.0,50.0,12.0,50.0,62.0,32.0,6.0,0.0,44,56,6.0,26.5
N184JB,530.0,2019,2,5,2,4,2019-05-02,B6,B6,20409,B6,1426,,,,,B6,20409,B6,1426,10821,1082106,30852,BWI,"Baltimore, MD",MD,24,Maryland,35,10721,1072102,30721,BOS,"Boston, MA",MA,25,Massachusetts,13,540,-10.0,0.0,0.0,-1.0,0001-0559,17.0,547.0,639.0,5.0,702,644.0,-18.0,0.0,0.0,-2.0,0700-0759,0.0,,0.0,82.0,74.0,52.0,1.0,369.0,2,,,0.0,,0.0,,,,0,,,,,,,,,,,,,,,,,,,,,,,,,,,,,,,,,,,,,,,,,,,,,N,0.0,0.0,5.0,6.0,2.0,3.0,22.0,27.0,5,7,3.0,0.0,23.0,28.0,4,4,0,1.0,1.0,N184JB,N184JB-B6-0,23.0,34.0,5.0,28.0,39.0,,,0.0,23,28,0.0,0.0
N184JB,750.0,2019,2,5,2,4,2019-05-02,B6,B6,20409,B6,717,,,,,B6,20409,B6,717,10721,1072102,30721,BOS,"Boston, MA",MA,25,Massachusetts,13,12478,1247805,31703,JFK,"New York, NY",NY,36,New York,22,800,-10.0,0.0,0.0,-1.0,0800-0859,15.0,805.0,850.0,9.0,918,859.0,-19.0,0.0,0.0,-2.0,0900-0959,0.0,,0.0,78.0,69.0,45.0,1.0,187.0,1,,,0.0,,0.0,,,,0,,,,,,,,,,,,,,,,,,,,,,,,,,,,,,,,,,,,,,,,,,,,,N,0.0,0.0,7.0,8.0,3.0,4.0,31.0,36.0,8,9,0.0,1.0,32.0,37.0,2,2,1,1.0,0.0,N184JB,N184JB-B6-1,32.0,43.0,5.0,37.0,48.0,27.0,4.0,0.0,35,40,3.0,7.76
N184US,43.0,2019,2,5,2,4,2019-05-02,AA,AA,19805,AA,761,,,,,AA,19805,AA,761,12892,1289208,32575,LAX,"Los Angeles, CA",CA,6,California,91,11057,1105703,31057,CLT,"Charlotte, NC",NC,37,North Carolina,36,41,2.0,2.0,0.0,0.0,0001-0559,12.0,55.0,832.0,12.0,826,844.0,18.0,18.0,1.0,1.0,0800-0859,0.0,,0.0,285.0,301.0,277.0,1.0,2125.0,9,2.0,0.0,16.0,0.0,0.0,,,,0,,,,,,,,,,,,,,,,,,,,,,,,,,,,,,,,,,,,,,,,,,,,,N,12.0,0.0,0.0,8.0,3.0,3.0,15.0,35.0,0,8,3.0,2.0,15.0,34.0,8,8,0,0.0,0.0,N184US,N184US-AA-0,15.0,27.0,20.0,35.0,47.0,,,1.0,15,35,0.0,0.0
N18556,756.0,2019,2,5,2,4,2019-05-02,UA,UA_CODESHARE,19977,UA,4221,,,,,EV,20366,EV,4221,12177,1217705,32177,HOB,"Hobbs, NM",NM,35,New Mexico,86,12266,1226603,31453,IAH,"Houston, TX",TX,48,Texas,74,600,116.0,116.0,1.0,7.0,0600-0659,9.0,805.0,1017.0,8.0,840,1025.0,105.0,105.0,1.0,7.0,0800-0859,0.0,,0.0,100.0,89.0,72.0,1.0,501.0,3,0.0,0.0,105.0,0.0,0.0,,,,0,,,,,,,,,,,,,,,,,,,,,,,,,,,,,,,,,,,,,,,,,,,,,N,8.0,4.0,7.0,10.0,4.0,2.0,40.0,46.0,6,8,0.0,3.0,32.0,39.0,7,7,0,0.0,0.0,N18556,N18556-UA-0,33.0,52.0,6.0,39.0,58.0,,,7.0,33,39,0.0,0.0
N18557,551.0,2019,2,5,2,4,2019-05-02,UA,UA_CODESHARE,19977,UA,4037,,,,,EV,20366,EV,4037,14307,1430705,30721,PVD,"Providence, RI",RI,44,Rhode Island,15,11618,1161802,31703,EWR,"Newark, NJ",NJ,34,New Jersey,21,600,-9.0,0.0,0.0,-1.0,0600-0659,18.0,609.0,656.0,10.0,720,706.0,-14.0,0.0,0.0,-1.0,0700-0759,0.0,,0.0,80.0,75.0,47.0,1.0,160.0,1,,,0.0,,0.0,,,,0,,,,,,,,,,,,,,,,,,,,,,,,,,,,,,,,,,,,,,,,,,,,,N,0.0,0.0,5.0,7.0,3.0,0.0,23.0,28.0,6,7,0.0,1.0,24.0,29.0,3,3,0,1.0,1.0,N18557,N18557-UA-0,24.0,35.0,5.0,29.0,40.0,,,0.0,24,29,0.0,0.0
N18557,750.0,2019,2,5,2,4,2019-05-02,UA,UA_CODESHARE,19977,UA,4283,,,,,EV,20366,EV,4283,11618,1161802,31703,EWR,"Newark, NJ",NJ,34,New Jersey,21,14524,1452401,34524,RIC,"Richmond, VA",VA,51,Virginia,38,800,-10.0,0.0,0.0,-1.0,0800-0859,22.0,812.0,908.0,13.0,935,921.0,-14.0,0.0,0.0,-1.0,0900-0959,0.0,,0.0,95.0,91.0,56.0,1.0,277.0,2,,,0.0,,0.0,,,,0,,,,,,,,,,,,,,,,,,,,,,,,,,,,,,,,,,,,,,,,,,,,,N,0.0,0.0,7.0,9.0,3.0,1.0,31.0,37.0,8,9,0.0,2.0,32.0,38.0,5,5,1,1.0,0.0,N18557,N18557-UA-1,32.0,43.0,6.0,38.0,49.0,28.0,3.0,0.0,32,38,0.0,0.0
N185GJ,553.0,2019,2,5,2,4,2019-05-02,DL,DL_CODESHARE,19790,DL,6179,,,,,G7,20500,G7,6179,11278,1127805,30852,DCA,"Washington, DC",VA,51,Virginia,38,11193,1119302,33105,CVG,"Cincinnati, OH",KY,21,Kentucky,52,600,-7.0,0.0,0.0,-1.0,0600-0659,24.0,617.0,724.0,4.0,736,728.0,-8.0,0.0,0.0,-1.0,0700-0759,0.0,,0.0,96.0,95.0,67.0,1.0,411.0,2,,,0.0,,0.0,,,,0,,,,,,,,,,,,,,,,,,,,,,,,,,,,,,,,,,,,,,,,,,,,,N,0.0,0.0,5.0,7.0,4.0,2.0,24.0,30.0,6,7,0.0,2.0,24.0,30.0,9,9,0,0.0,0.0,N185GJ,N185GJ-DL-0,24.0,36.0,6.0,30.0,42.0,,,0.0,24,30,0.0,0.0
N185UW,559.0,2019,2,5,2,4,2019-05-02,AA,AA,19805,AA,2075,,,,,AA,19805,AA,2075,12892,1289208,32575,LAX,"Los Angeles, CA",CA,6,California,91,11057,1105703,31057,CLT,"Charlotte, NC",NC,37,North Carolina,36,600,-1.0,0.0,0.0,-1.0,0600-0659,16.0,615.0,1329.0,21.0,1345,1350.0,5.0,5.0,0.0,0.0,1300-1359,0.0,,0.0,285.0,291.0,254.0,1.0,2125.0,9,,,0.0,,0.0,,,,0,,,,,,,,,,,,,,,,,,,,,,,,,,,,,,,,,,,,,,,,,,,,,N,12.0,0.0,5.0,13.0,4.0,3.0,36.0,55.0,6,13,0.0,3.0,36.0,55.0,9,9,0,0.0,0.0,N185UW,N185UW-AA-0,36.0,48.0,19.0,55.0,67.0,,,0.0,36,55,0.0,0.0
N186AN,828.0,2019,2,5,2,4,2019-05-02,AA,AA,19805,AA,2516,,,,,AA,19805,AA,2516,13303,1330303,32467,MIA,"Miami, FL",FL,12,Florida,33,11057,1105703,31057,CLT,"Charlotte, NC",NC,37,North Carolina,36,830,-2.0,0.0,0.0,-1.0,0800-0859,13.0,841.0,1022.0,16.0,1037,1038.0,1.0,1.0,0.0,0.0,1000-1059,0.0,,0.0,127.0,130.0,101.0,1.0,650.0,3,,,0.0,,0.0,,,,0,,,,,,,,,,,,,,,,,,,,,,,,,,,,,,,,,,,,,,,,,,,,,N,0.0,0.0,8.0,10.0,2.0,3.0,34.0,43.0,8,10,2.0,2.0,34.0,42.0,3,3,0,0.0,0.0,N186AN,N186AN-AA-0,34.0,46.0,9.0,43.0,55.0,,,0.0,34,43,0.0,0.0
N186GJ,646.0,2019,2,5,2,4,2019-05-02,DL,DL_CODESHARE,19790,DL,6238,,,,,G7,20500,G7,6238,15016,1501606,31123,STL,"St. Louis, MO",MO,29,Missouri,64,11433,1143302,31295,DTW,"Detroit, MI",MI,26,Michigan,43,646,0.0,0.0,0.0,0.0,0600-0659,11.0,657.0,905.0,14.0,922,919.0,-3.0,0.0,0.0,-1.0,0900-0959,0.0,,0.0,96.0,93.0,68.0,1.0,440.0,2,,,0.0,,0.0,,,,0,,,,,,,,,,,,,,,,,,,,,,,,,,,,,,,,,,,,,,,,,,,,,N,4.0,0.0,6.0,9.0,3.0,1.0,31.0,37.0,6,9,3.0,1.0,31.0,37.0,6,6,0,0.0,0.0,N186GJ,N186GJ-DL-0,31.0,43.0,6.0,37.0,49.0,,,0.0,31,37,0.0,0.0
N186PQ,626.0,2019,2,5,2,4,2019-05-02,DL,DL_CODESHARE,19790,DL,3338,,,,,9E,20363,9E,3338,12953,1295304,31703,LGA,"New York, NY",NY,36,New York,22,10693,1069302,30693,BNA,"Nashville, TN",TN,47,Tennessee,54,630,-4.0,0.0,0.0,-1.0,0600-0659,17.0,643.0,731.0,8.0,755,739.0,-16.0,0.0,0.0,-2.0,0700-0759,0.0,,0.0,145.0,133.0,108.0,1.0,764.0,4,,,0.0,,0.0,,,,0,,,,,,,,,,,,,,,,,,,,,,,,,,,,,,,,,,,,,,,,,,,,,N,0.0,4.0,6.0,7.0,2.0,3.0,26.0,35.0,6,7,2.0,4.0,26.0,36.0,2,2,0,1.0,1.0,N186PQ,N186PQ-DL-0,26.0,38.0,9.0,35.0,47.0,,,0.0,26,35,0.0,0.0
N186PQ,823.0,2019,2,5,2,4,2019-05-02,DL,DL_CODESHARE,19790,DL,5397,,,,,9E,20363,9E,5397,10693,1069302,30693,BNA,"Nashville, TN",TN,47,Tennessee,54,12953,1295304,31703,LGA,"New York, NY",NY,36,New York,22,830,-7.0,0.0,0.0,-1.0,0800-0859,10.0,833.0,1115.0,10.0,1147,1125.0,-22.0,0.0,0.0,-2.0,1100-1159,0.0,,0.0,137.0,122.0,102.0,1.0,764.0,4,,,0.0,,0.0,,,,0,,,,,,,,,,,,,,,,,,,,,,,,,,,,,,,,,,,,,,,,,,,,,N,4.0,0.0,8.0,11.0,2.0,2.0,38.0,46.0,8,11,2.0,3.0,38.0,47.0,3,3,1,1.0,0.0,N186PQ,N186PQ-DL-1,38.0,50.0,8.0,46.0,58.0,35.0,3.0,0.0,38,48,2.0,7.0
N186US,559.0,2019,2,5,2,4,2019-05-02,AA,AA,19805,AA,1665,,,,,AA,19805,AA,1665,12889,1288903,32211,LAS,"Las Vegas, NV",NV,32,Nevada,85,11057,1105703,31057,CLT,"Charlotte, NC",NC,37,North Carolina,36,602,-3.0,0.0,0.0,-1.0,0600-0659,15.0,614.0,1259.0,9.0,1317,1308.0,-9.0,0.0,0.0,-1.0,1300-1359,0.0,,0.0,255.0,249.0,225.0,1.0,1916.0,8,,,0.0,,0.0,,,,0,,,,,,,,,,,,,,,,,,,,,,,,,,,,,,,,,,,,,,,,,,,,,N,12.0,0.0,5.0,13.0,4.0,1.0,36.0,53.0,6,13,0.0,1.0,36.0,53.0,5,5,0,0.0,0.0,N186US,N186US-AA-0,36.0,48.0,17.0,53.0,65.0,,,0.0,36,53,0.0,0.0
N187AN,823.0,2019,2,5,2,4,2019-05-02,AA,AA,19805,AA,2528,,,,,AA,19805,AA,2528,14100,1410005,34100,PHL,"Philadelphia, PA",PA,42,Pennsylvania,23,15024,1502403,34945,STT,"Charlotte Amalie, VI",VI,78,U.S. Virgin Islands,4,810,13.0,13.0,0.0,0.0,0800-0859,28.0,851.0,1208.0,4.0,1204,1212.0,8.0,8.0,0.0,0.0,1200-1259,0.0,,0.0,234.0,229.0,197.0,1.0,1605.0,7,,,0.0,,0.0,,,,0,,,,,,,,,,,,,,,,,,,,,,,,,,,,,,,,,,,,,,,,,,,,,N,0.0,-4.0,8.0,12.0,2.0,1.0,34.0,45.0,8,12,1.0,0.0,33.0,44.0,1,1,0,0.0,0.0,N187AN,N187AN-AA-0,34.0,46.0,11.0,45.0,57.0,,,0.0,34,45,0.0,0.0
N187GJ,611.0,2019,2,5,2,4,2019-05-02,DL,DL_CODESHARE,19790,DL,6307,,,,,G7,20500,G7,6307,15304,1530402,33195,TPA,"Tampa, FL",FL,12,Florida,33,14492,1449202,34492,RDU,"Raleigh/Durham, NC",NC,37,North Carolina,36,615,-4.0,0.0,0.0,-1.0,0600-0659,12.0,623.0,742.0,5.0,805,747.0,-18.0,0.0,0.0,-2.0,0800-0859,0.0,,0.0,110.0,96.0,79.0,1.0,587.0,3,,,0.0,,0.0,,,,0,,,,,,,,,,,,,,,,,,,,,,,,,,,,,,,,,,,,,,,,,,,,,N,0.0,0.0,6.0,7.0,1.0,3.0,25.0,31.0,6,8,1.0,0.0,25.0,32.0,2,2,0,1.0,1.0,N187GJ,N187GJ-DL-0,25.0,37.0,6.0,31.0,43.0,,,0.0,25,31,0.0,0.0
N187GJ,841.0,2019,2,5,2,4,2019-05-02,DL,DL_CODESHARE,19790,DL,6296,,,,,G7,20500,G7,6296,14492,1449202,34492,RDU,"Raleigh/Durham, NC",NC,37,North Carolina,36,10721,1072102,30721,BOS,"Boston, MA",MA,25,Massachusetts,13,847,-6.0,0.0,0.0,-1.0,0800-0859,23.0,904.0,1038.0,8.0,1050,1046.0,-4.0,0.0,0.0,-1.0,1000-1059,0.0,,0.0,123.0,125.0,94.0,1.0,612.0,3,,,0.0,,0.0,,,,0,,,,,,,,,,,,,,,,,,,,,,,,,,,,,,,,,,,,,,,,,,,,,N,0.0,0.0,8.0,10.0,3.0,3.0,35.0,43.0,8,10,3.0,3.0,35.0,43.0,3,3,1,1.0,0.0,N187GJ,N187GJ-DL-1,35.0,47.0,8.0,43.0,55.0,31.0,4.0,0.0,35,48,5.0,20.76
N187JB,553.0,2019,2,5,2,4,2019-05-02,B6,B6,20409,B6,371,,,,,B6,20409,B6,371,12953,1295304,31703,LGA,"New York, NY",NY,36,New York,22,11697,1169706,32467,FLL,"Fort Lauderdale, FL",FL,12,Florida,33,600,-7.0,0.0,0.0,-1.0,0600-0659,14.0,607.0,831.0,6.0,853,837.0,-16.0,0.0,0.0,-2.0,0800-0859,0.0,,0.0,173.0,164.0,144.0,1.0,1076.0,5,,,0.0,,0.0,,,,0,,,,,,,,,,,,,,,,,,,,,,,,,,,,,,,,,,,,,,,,,,,,,N,0.0,0.0,5.0,8.0,4.0,2.0,24.0,34.0,6,8,0.0,4.0,24.0,36.0,2,2,0,1.0,1.0,N187JB,N187JB-B6-0,24.0,36.0,10.0,34.0,46.0,,,0.0,24,34,0.0,0.0
N187JB,934.0,2019,2,5,2,4,2019-05-02,B6,B6,20409,B6,1480,,,,,B6,20409,B6,1480,11697,1169706,32467,FLL,"Fort Lauderdale, FL",FL,12,Florida,33,11278,1127805,30852,DCA,"Washington, DC",VA,51,Virginia,38,943,-9.0,0.0,0.0,-1.0,0900-0959,12.0,946.0,1145.0,4.0,1208,1149.0,-19.0,0.0,0.0,-2.0,1200-1259,0.0,,0.0,145.0,135.0,119.0,1.0,899.0,4,,,0.0,,0.0,,,,0,,,,,,,,,,,,,,,,,,,,,,,,,,,,,,,,,,,,,,,,,,,,,N,0.0,0.0,9.0,11.0,2.0,3.0,38.0,47.0,9,12,3.0,1.0,39.0,49.0,5,5,1,1.0,0.0,N187JB,N187JB-B6-1,39.0,50.0,9.0,48.0,59.0,34.0,4.0,0.0,39,48,0.0,0.0
N187US,847.0,2019,2,5,2,4,2019-05-02,AA,AA,19805,AA,1734,,,,,AA,19805,AA,1734,11298,1129806,30194,DFW,"Dallas/Fort Worth, TX",TX,48,Texas,74,13930,1393007,30977,ORD,"Chicago, IL",IL,17,Illinois,41,844,3.0,3.0,0.0,0.0,0800-0859,12.0,859.0,1050.0,15.0,1109,1105.0,-4.0,0.0,0.0,-1.0,1100-1159,0.0,,0.0,145.0,138.0,111.0,1.0,801.0,4,,,0.0,,0.0,,,,0,,,,,,,,,,,,,,,,,,,,,,,,,,,,,,,,,,,,,,,,,,,,,N,4.0,4.0,8.0,11.0,3.0,0.0,39.0,48.0,8,11,3.0,1.0,39.0,49.0,8,8,0,0.0,0.0,N187US,N187US-AA-0,39.0,51.0,9.0,48.0,60.0,,,0.0,39,48,0.0,0.0
N188US,605.0,2019,2,5,2,4,2019-05-02,AA,AA,19805,AA,1801,,,,,AA,19805,AA,1801,10721,1072102,30721,BOS,"Boston, MA",MA,25,Massachusetts,13,11057,1105703,31057,CLT,"Charlotte, NC",NC,37,North Carolina,36,610,-5.0,0.0,0.0,-1.0,0600-0659,21.0,626.0,820.0,6.0,846,826.0,-20.0,0.0,0.0,-2.0,0800-0859,0.0,,0.0,156.0,141.0,114.0,1.0,728.0,3,,,0.0,,0.0,,,,0,,,,,,,,,,,,,,,,,,,,,,,,,,,,,,,,,,,,,,,,,,,,,N,0.0,0.0,6.0,8.0,0.0,2.0,24.0,34.0,6,8,1.0,3.0,25.0,35.0,2,2,0,1.0,1.0,N188US,N188US-AA-0,25.0,36.0,10.0,35.0,46.0,,,0.0,25,35,0.0,0.0
N188US,939.0,2019,2,5,2,4,2019-05-02,AA,AA,19805,AA,1944,,,,,AA,19805,AA,1944,11057,1105703,31057,CLT,"Charlotte, NC",NC,37,North Carolina,36,12451,1245102,31136,JAX,"Jacksonville, FL",FL,12,Florida,33,920,19.0,19.0,1.0,1.0,0900-0959,29.0,1008.0,1105.0,6.0,1039,1111.0,32.0,32.0,1.0,2.0,1000-1059,0.0,,0.0,79.0,92.0,57.0,1.0,328.0,2,3.0,0.0,28.0,0.0,1.0,,,,0,,,,,,,,,,,,,,,,,,,,,,,,,,,,,,,,,,,,,,,,,,,,,N,0.0,0.0,9.0,11.0,3.0,1.0,39.0,45.0,9,10,1.0,3.0,37.0,43.0,2,2,1,1.0,0.0,N188US,N188US-AA-1,37.0,51.0,6.0,43.0,57.0,34.0,5.0,2.0,38,44,1.0,2.2
N189UW,556.0,2019,2,5,2,4,2019-05-02,AA,AA,19805,AA,1688,,,,,AA,19805,AA,1688,13891,1389101,32575,ONT,"Ontario, CA",CA,6,California,91,14107,1410702,30466,PHX,"Phoenix, AZ",AZ,4,Arizona,81,600,-4.0,0.0,0.0,-1.0,0600-0659,18.0,614.0,705.0,24.0,716,729.0,13.0,13.0,0.0,0.0,0700-0759,0.0,,0.0,76.0,93.0,51.0,1.0,325.0,2,,,0.0,,0.0,,,,0,,,,,,,,,,,,,,,,,,,,,,,,,,,,,,,,,,,,,,,,,,,,,N,12.0,8.0,5.0,7.0,4.0,2.0,36.0,38.0,6,7,0.0,1.0,36.0,37.0,9,9,0,0.0,0.0,N189UW,N189UW-AA-0,36.0,48.0,2.0,38.0,50.0,,,0.0,36,38,0.0,0.0
N1902U,858.0,2019,2,5,2,4,2019-05-02,UA,UA,19977,UA,1534,,,,,UA,19977,UA,1534,14635,1463502,31714,RSW,"Fort Myers, FL",FL,12,Florida,33,11618,1161802,31703,EWR,"Newark, NJ",NJ,34,New Jersey,21,900,-2.0,0.0,0.0,-1.0,0900-0959,11.0,909.0,1129.0,9.0,1148,1138.0,-10.0,0.0,0.0,-1.0,1100-1159,0.0,,0.0,168.0,160.0,140.0,1.0,1068.0,5,,,0.0,,0.0,,,,0,,,,,,,,,,,,,,,,,,,,,,,,,,,,,,,,,,,,,,,,,,,,,N,0.0,0.0,8.0,11.0,4.0,3.0,36.0,47.0,9,11,0.0,3.0,36.0,47.0,3,3,0,0.0,0.0,N1902U,N1902U-UA-0,36.0,48.0,11.0,47.0,59.0,,,0.0,36,47,0.0,0.0
N190DN,959.0,2019,2,5,2,4,2019-05-02,DL,DL,19790,DL,967,,,,,DL,19790,DL,967,10397,1039707,30397,ATL,"Atlanta, GA",GA,13,Georgia,34,14747,1474703,30559,SEA,"Seattle, WA",WA,53,Washington,93,940,19.0,19.0,1.0,1.0,0900-0959,13.0,1012.0,1200.0,10.0,1159,1210.0,11.0,11.0,0.0,0.0,1100-1159,0.0,,0.0,319.0,311.0,288.0,1.0,2182.0,9,,,0.0,,0.0,,,,0,,,,,,,,,,,,,,,,,,,,,,,,,,,,,,,,,,,,,,,,,,,,,N,0.0,12.0,9.0,12.0,4.0,1.0,40.0,61.0,9,11,3.0,4.0,39.0,60.0,7,7,0,0.0,0.0,N190DN,N190DN-DL-0,40.0,52.0,21.0,61.0,73.0,,,0.0,40,61,0.0,0.0
N190JB,742.0,2019,2,5,2,4,2019-05-02,B6,B6,20409,B6,1137,,,,,B6,20409,B6,1137,10721,1072102,30721,BOS,"Boston, MA",MA,25,Massachusetts,13,11433,1143302,31295,DTW,"Detroit, MI",MI,26,Michigan,43,748,-6.0,0.0,0.0,-1.0,0700-0759,20.0,802.0,942.0,9.0,957,951.0,-6.0,0.0,0.0,-1.0,0900-0959,0.0,,0.0,129.0,129.0,100.0,1.0,632.0,3,,,0.0,,0.0,,,,0,,,,,,,,,,,,,,,,,,,,,,,,,,,,,,,,,,,,,,,,,,,,,N,0.0,0.0,7.0,9.0,3.0,3.0,31.0,39.0,7,9,3.0,4.0,31.0,40.0,9,9,0,0.0,0.0,N190JB,N190JB-B6-0,31.0,43.0,8.0,39.0,51.0,,,0.0,31,39,0.0,0.0
N190UW,740.0,2019,2,5,2,4,2019-05-02,AA,AA,19805,AA,1668,,,,,AA,19805,AA,1668,11057,1105703,31057,CLT,"Charlotte, NC",NC,37,North Carolina,36,13930,1393007,30977,ORD,"Chicago, IL",IL,17,Illinois,41,745,-5.0,0.0,0.0,-1.0,0700-0759,32.0,812.0,851.0,15.0,913,906.0,-7.0,0.0,0.0,-1.0,0900-0959,0.0,,0.0,148.0,146.0,99.0,1.0,599.0,3,,,0.0,,0.0,,,,0,,,,,,,,,,,,,,,,,,,,,,,,,,,,,,,,,,,,,,,,,,,,,N,0.0,4.0,7.0,9.0,3.0,0.0,31.0,40.0,7,9,3.0,1.0,31.0,41.0,4,4,0,0.0,0.0,N190UW,N190UW-AA-0,31.0,43.0,9.0,40.0,52.0,,,0.0,31,40,0.0,0.0
N19117,601.0,2019,2,5,2,4,2019-05-02,UA,UA,19977,UA,2041,,,,,UA,19977,UA,2041,12892,1289208,32575,LAX,"Los Angeles, CA",CA,6,California,91,11618,1161802,31703,EWR,"Newark, NJ",NJ,34,New Jersey,21,615,-14.0,0.0,0.0,-1.0,0600-0659,25.0,626.0,1357.0,15.0,1436,1412.0,-24.0,0.0,0.0,-2.0,1400-1459,0.0,,0.0,321.0,311.0,271.0,1.0,2454.0,10,,,0.0,,0.0,,,,0,,,,,,,,,,,,,,,,,,,,,,,,,,,,,,,,,,,,,,,,,,,,,N,12.0,0.0,6.0,14.0,0.0,1.0,36.0,57.0,6,14,1.0,2.0,37.0,58.0,2,2,0,0.0,0.0,N19117,N19117-UA-0,37.0,48.0,21.0,58.0,69.0,,,0.0,37,59,1.0,2.24
N19130,7.0,2019,2,5,2,4,2019-05-02,UA,UA,19977,UA,1165,,,,,UA,19977,UA,1165,12892,1289208,32575,LAX,"Los Angeles, CA",CA,6,California,91,11618,1161802,31703,EWR,"Newark, NJ",NJ,34,New Jersey,21,15,-8.0,0.0,0.0,-1.0,0001-0559,17.0,24.0,758.0,17.0,837,815.0,-22.0,0.0,0.0,-2.0,0800-0859,0.0,,0.0,322.0,308.0,274.0,1.0,2454.0,10,,,0.0,,0.0,,,,0,,,,,,,,,,,,,,,,,,,,,,,,,,,,,,,,,,,,,,,,,,,,,N,12.0,0.0,0.0,8.0,0.0,1.0,12.0,33.0,0,8,1.0,2.0,13.0,34.0,6,6,0,1.0,1.0,N19130,N19130-UA-0,13.0,24.0,21.0,34.0,45.0,,,0.0,13,35,1.0,6.36
N19130,949.0,2019,2,5,2,4,2019-05-02,UA,UA,19977,UA,1936,,,,,UA,19977,UA,1936,11618,1161802,31703,EWR,"Newark, NJ",NJ,34,New Jersey,21,11292,1129202,30325,DEN,"Denver, CO",CO,8,Colorado,82,945,4.0,4.0,0.0,0.0,0900-0959,20.0,1009.0,1203.0,7.0,1215,1210.0,-5.0,0.0,0.0,-1.0,1200-1259,0.0,,0.0,270.0,261.0,234.0,1.0,1605.0,7,,,0.0,,0.0,,,,0,,,,,,,,,,,,,,,,,,,,,,,,,,,,,,,,,,,,,,,,,,,,,N,0.0,8.0,9.0,12.0,3.0,1.0,39.0,57.0,9,12,3.0,1.0,39.0,57.0,3,3,1,1.0,0.0,N19130,N19130-UA-1,39.0,51.0,18.0,57.0,69.0,33.0,6.0,0.0,43,61,4.0,16.18
N19136,554.0,2019,2,5,2,4,2019-05-02,UA,UA,19977,UA,1286,,,,,UA,19977,UA,1286,11618,1161802,31703,EWR,"Newark, NJ",NJ,34,New Jersey,21,11292,1129202,30325,DEN,"Denver, CO",CO,8,Colorado,82,600,-6.0,0.0,0.0,-1.0,0600-0659,30.0,624.0,813.0,7.0,816,820.0,4.0,4.0,0.0,0.0,0800-0859,0.0,,0.0,256.0,266.0,229.0,1.0,1605.0,7,,,0.0,,0.0,,,,0,,,,,,,,,,,,,,,,,,,,,,,,,,,,,,,,,,,,,,,,,,,,,N,0.0,8.0,5.0,8.0,4.0,1.0,24.0,41.0,6,8,0.0,1.0,24.0,41.0,8,8,0,0.0,0.0,N19136,N19136-UA-0,24.0,36.0,17.0,41.0,53.0,,,0.0,24,41,0.0,0.0
N191UW,627.0,2019,2,5,2,4,2019-05-02,AA,AA,19805,AA,1671,,,,,AA,19805,AA,1671,10821,1082106,30852,BWI,"Baltimore, MD",MD,24,Maryland,35,11057,1105703,31057,CLT,"Charlotte, NC",NC,37,North Carolina,36,632,-5.0,0.0,0.0,-1.0,0600-0659,24.0,651.0,753.0,8.0,814,801.0,-13.0,0.0,0.0,-1.0,0800-0859,0.0,,0.0,102.0,94.0,62.0,1.0,361.0,2,,,0.0,,0.0,,,,0,,,,,,,,,,,,,,,,,,,,,,,,,,,,,,,,,,,,,,,,,,,,,N,0.0,0.0,6.0,8.0,2.0,0.0,26.0,32.0,6,8,2.0,1.0,26.0,33.0,8,8,0,0.0,0.0,N191UW,N191UW-AA-0,26.0,38.0,6.0,32.0,44.0,,,0.0,26,32,0.0,0.0
N192AN,856.0,2019,2,5,2,4,2019-05-02,AA,AA,19805,AA,1610,,,,,AA,19805,AA,1610,12478,1247805,31703,JFK,"New York, NY",NY,36,New York,22,13303,1330303,32467,MIA,"Miami, FL",FL,12,Florida,33,900,-4.0,0.0,0.0,-1.0,0900-0959,36.0,932.0,1203.0,11.0,1222,1214.0,-8.0,0.0,0.0,-1.0,1200-1259,0.0,,0.0,202.0,198.0,151.0,1.0,1089.0,5,,,0.0,,0.0,,,,0,,,,,,,,,,,,,,,,,,,,,,,,,,,,,,,,,,,,,,,,,,,,,N,0.0,0.0,8.0,12.0,4.0,1.0,36.0,49.0,9,12,0.0,1.0,36.0,49.0,1,1,0,0.0,0.0,N192AN,N192AN-AA-0,36.0,48.0,13.0,49.0,61.0,,,0.0,37,50,1.0,1.24
N192JB,535.0,2019,2,5,2,4,2019-05-02,B6,B6,20409,B6,412,,,,,B6,20409,B6,412,13930,1393007,30977,ORD,"Chicago, IL",IL,17,Illinois,41,10721,1072102,30721,BOS,"Boston, MA",MA,25,Massachusetts,13,545,-10.0,0.0,0.0,-1.0,0001-0559,19.0,554.0,840.0,8.0,902,848.0,-14.0,0.0,0.0,-1.0,0900-0959,0.0,,0.0,137.0,133.0,106.0,1.0,867.0,4,,,0.0,,0.0,,,,0,,,,,,,,,,,,,,,,,,,,,,,,,,,,,,,,,,,,,,,,,,,,,N,4.0,0.0,5.0,8.0,2.0,3.0,26.0,35.0,5,9,3.0,0.0,27.0,36.0,5,5,0,1.0,1.0,N192JB,N192JB-B6-0,27.0,38.0,9.0,36.0,47.0,,,0.0,27,36,0.0,0.0
N192JB,929.0,2019,2,5,2,4,2019-05-02,B6,B6,20409,B6,389,,,,,B6,20409,B6,389,10721,1072102,30721,BOS,"Boston, MA",MA,25,Massachusetts,13,11278,1127805,30852,DCA,"Washington, DC",VA,51,Virginia,38,937,-8.0,0.0,0.0,-1.0,0900-0959,28.0,957.0,1109.0,4.0,1112,1113.0,1.0,1.0,0.0,0.0,1100-1159,0.0,,0.0,95.0,104.0,72.0,1.0,399.0,2,,,0.0,,0.0,,,,0,,,,,,,,,,,,,,,,,,,,,,,,,,,,,,,,,,,,,,,,,,,,,N,0.0,0.0,9.0,11.0,2.0,1.0,38.0,45.0,9,11,2.0,1.0,38.0,45.0,9,9,1,1.0,0.0,N192JB,N192JB-B6-1,38.0,50.0,7.0,45.0,57.0,35.0,3.0,0.0,39,46,1.0,9.36
N193JB,648.0,2019,2,5,2,4,2019-05-02,B6,B6,20409,B6,219,,,,,B6,20409,B6,219,12478,1247805,31703,JFK,"New York, NY",NY,36,New York,22,11057,1105703,31057,CLT,"Charlotte, NC",NC,37,North Carolina,36,653,-5.0,0.0,0.0,-1.0,0600-0659,9.0,657.0,823.0,8.0,848,831.0,-17.0,0.0,0.0,-2.0,0800-0859,0.0,,0.0,115.0,103.0,86.0,1.0,541.0,3,,,0.0,,0.0,,,,0,,,,,,,,,,,,,,,,,,,,,,,,,,,,,,,,,,,,,,,,,,,,,N,0.0,0.0,6.0,8.0,3.0,2.0,27.0,34.0,6,8,4.0,3.0,28.0,35.0,4,4,0,1.0,1.0,N193JB,N193JB-B6-0,28.0,39.0,7.0,35.0,46.0,,,0.0,28,35,0.0,0.0
N193JB,920.0,2019,2,5,2,4,2019-05-02,B6,B6,20409,B6,218,,,,,B6,20409,B6,218,11057,1105703,31057,CLT,"Charlotte, NC",NC,37,North Carolina,36,12478,1247805,31703,JFK,"New York, NY",NY,36,New York,22,929,-9.0,0.0,0.0,-1.0,0900-0959,25.0,945.0,1105.0,6.0,1130,1111.0,-19.0,0.0,0.0,-2.0,1100-1159,0.0,,0.0,121.0,111.0,80.0,1.0,541.0,3,,,0.0,,0.0,,,,0,,,,,,,,,,,,,,,,,,,,,,,,,,,,,,,,,,,,,,,,,,,,,N,0.0,0.0,9.0,11.0,1.0,1.0,37.0,45.0,9,11,2.0,2.0,38.0,46.0,7,7,1,1.0,0.0,N193JB,N193JB-B6-1,38.0,49.0,8.0,46.0,57.0,34.0,3.0,0.0,38,46,0.0,0.0
N193UW,615.0,2019,2,5,2,4,2019-05-02,AA,AA,19805,AA,2666,,,,,AA,19805,AA,2666,14100,1410005,34100,PHL,"Philadelphia, PA",PA,42,Pennsylvania,23,12892,1289208,32575,LAX,"Los Angeles, CA",CA,6,California,91,620,-5.0,0.0,0.0,-1.0,0600-0659,28.0,643.0,940.0,19.0,927,959.0,32.0,32.0,1.0,2.0,0900-0959,0.0,,0.0,367.0,404.0,357.0,1.0,2402.0,10,0.0,0.0,32.0,0.0,0.0,,,,0,,,,,,,,,,,,,,,,,,,,,,,,,,,,,,,,,,,,,,,,,,,,,N,0.0,12.0,6.0,9.0,1.0,4.0,25.0,52.0,6,9,1.0,2.0,25.0,50.0,9,9,0,0.0,0.0,N193UW,N193UW-AA-0,25.0,37.0,27.0,52.0,64.0,,,2.0,25,52,0.0,0.0
N194AA,710.0,2019,2,5,2,4,2019-05-02,AA,AA,19805,AA,2575,,,,,AA,19805,AA,2575,13303,1330303,32467,MIA,"Miami, FL",FL,12,Florida,33,11298,1129806,30194,DFW,"Dallas/Fort Worth, TX",TX,48,Texas,74,718,-8.0,0.0,0.0,-1.0,0700-0759,21.0,731.0,936.0,13.0,937,949.0,12.0,12.0,0.0,0.0,0900-0959,0.0,,0.0,199.0,219.0,185.0,1.0,1121.0,5,,,0.0,,0.0,,,,0,,,,,,,,,,,,,,,,,,,,,,,,,,,,,,,,,,,,,,,,,,,,,N,0.0,4.0,7.0,9.0,1.0,3.0,29.0,43.0,7,9,1.0,2.0,29.0,42.0,2,2,0,0.0,0.0,N194AA,N194AA-AA-0,29.0,41.0,14.0,43.0,55.0,,,0.0,29,48,5.0,16.2
N19554,914.0,2019,2,5,2,4,2019-05-02,UA,UA_CODESHARE,19977,UA,4067,,,,,EV,20366,EV,4067,12206,1220605,32206,HRL,"Harlingen/San Benito, TX",TX,48,Texas,74,12266,1226603,31453,IAH,"Houston, TX",TX,48,Texas,74,710,124.0,124.0,1.0,8.0,0700-0759,18.0,932.0,1020.0,9.0,827,1029.0,122.0,122.0,1.0,8.0,0800-0859,0.0,,0.0,77.0,75.0,48.0,1.0,295.0,2,0.0,122.0,0.0,0.0,0.0,,,,0,,,,,,,,,,,,,,,,,,,,,,,,,,,,,,,,,,,,,,,,,,,,,N,4.0,4.0,9.0,10.0,1.0,2.0,41.0,46.0,7,8,1.0,2.0,33.0,38.0,4,4,0,0.0,0.0,N19554,N19554-UA-0,41.0,53.0,5.0,46.0,58.0,,,0.0,41,46,0.0,0.0
N195PQ,1001.0,2019,2,5,2,4,2019-05-02,DL,DL_CODESHARE,19790,DL,5483,,,,,9E,20363,9E,5483,12478,1247805,31703,JFK,"New York, NY",NY,36,New York,22,12339,1233904,32337,IND,"Indianapolis, IN",IN,18,Indiana,42,946,15.0,15.0,1.0,1.0,0900-0959,30.0,1031.0,1207.0,5.0,1159,1212.0,13.0,13.0,0.0,0.0,1100-1159,0.0,,0.0,133.0,131.0,96.0,1.0,665.0,3,,,0.0,,0.0,,,,0,,,,,,,,,,,,,,,,,,,,,,,,,,,,,,,,,,,,,,,,,,,,,N,0.0,0.0,10.0,12.0,0.0,1.0,40.0,49.0,9,11,3.0,4.0,39.0,48.0,9,9,0,0.0,0.0,N195PQ,N195PQ-DL-0,40.0,52.0,9.0,49.0,61.0,,,0.0,40,49,0.0,0.0
N195SY,625.0,2019,2,5,2,4,2019-05-02,AS,AS_CODESHARE,19930,AS,3407,,,,,OO,20304,OO,3407,14262,1426204,34262,PSP,"Palm Springs, CA",CA,6,California,91,14771,1477104,32457,SFO,"San Francisco, CA",CA,6,California,91,630,-5.0,0.0,0.0,-1.0,0600-0659,21.0,646.0,754.0,8.0,810,802.0,-8.0,0.0,0.0,-1.0,0800-0859,0.0,,0.0,100.0,97.0,68.0,1.0,421.0,2,,,0.0,,0.0,,,,0,,,,,,,,,,,,,,,,,,,,,,,,,,,,,,,,,,,,,,,,,,,,,N,12.0,12.0,6.0,8.0,2.0,0.0,38.0,44.0,6,8,2.0,1.0,38.0,45.0,3,3,0,0.0,0.0,N195SY,N195SY-AS-0,38.0,50.0,6.0,44.0,56.0,,,0.0,38,45,1.0,3.32
N195UW,617.0,2019,2,5,2,4,2019-05-02,AA,AA,19805,AA,1638,,,,,AA,19805,AA,1638,14635,1463502,31714,RSW,"Fort Myers, FL",FL,12,Florida,33,11057,1105703,31057,CLT,"Charlotte, NC",NC,37,North Carolina,36,621,-4.0,0.0,0.0,-1.0,0600-0659,10.0,627.0,756.0,11.0,821,807.0,-14.0,0.0,0.0,-1.0,0800-0859,0.0,,0.0,120.0,110.0,89.0,1.0,600.0,3,,,0.0,,0.0,,,,0,,,,,,,,,,,,,,,,,,,,,,,,,,,,,,,,,,,,,,,,,,,,,N,0.0,0.0,6.0,8.0,1.0,0.0,25.0,32.0,6,8,1.0,1.0,25.0,33.0,5,5,0,1.0,1.0,N195UW,N195UW-AA-0,25.0,37.0,7.0,32.0,44.0,,,0.0,25,32,0.0,0.0
N195UW,944.0,2019,2,5,2,4,2019-05-02,AA,AA,19805,AA,1758,,,,,AA,19805,AA,1758,11057,1105703,31057,CLT,"Charlotte, NC",NC,37,North Carolina,36,14100,1410005,34100,PHL,"Philadelphia, PA",PA,42,Pennsylvania,23,950,-6.0,0.0,0.0,-1.0,0900-0959,36.0,1020.0,1130.0,3.0,1142,1133.0,-9.0,0.0,0.0,-1.0,1100-1159,0.0,,0.0,112.0,109.0,70.0,1.0,449.0,2,,,0.0,,0.0,,,,0,,,,,,,,,,,,,,,,,,,,,,,,,,,,,,,,,,,,,,,,,,,,,N,0.0,0.0,9.0,11.0,3.0,2.0,39.0,46.0,9,11,3.0,3.0,39.0,47.0,4,4,1,1.0,0.0,N195UW,N195UW-AA-1,39.0,51.0,7.0,46.0,58.0,32.0,7.0,0.0,39,46,0.0,0.0
N196DN,605.0,2019,2,5,2,4,2019-05-02,DL,DL,19790,DL,1436,,,,,DL,19790,DL,1436,12892,1289208,32575,LAX,"Los Angeles, CA",CA,6,California,91,12478,1247805,31703,JFK,"New York, NY",NY,36,New York,22,605,0.0,0.0,0.0,0.0,0600-0659,15.0,620.0,1355.0,7.0,1438,1402.0,-36.0,0.0,0.0,-2.0,1400-1459,0.0,,0.0,333.0,297.0,275.0,1.0,2475.0,10,,,0.0,,0.0,,,,0,,,,,,,,,,,,,,,,,,,,,,,,,,,,,,,,,,,,,,,,,,,,,N,12.0,0.0,6.0,14.0,0.0,0.0,36.0,56.0,6,14,0.0,3.0,36.0,59.0,3,3,0,0.0,0.0,N196DN,N196DN-DL-0,36.0,48.0,20.0,56.0,68.0,,,0.0,36,56,0.0,0.0
N196SY,604.0,2019,2,5,2,4,2019-05-02,AS,AS_CODESHARE,19930,AS,3370,,,,,OO,20304,OO,3370,14771,1477104,32457,SFO,"San Francisco, CA",CA,6,California,91,14908,1490803,32575,SNA,"Santa Ana, CA",CA,6,California,91,615,-11.0,0.0,0.0,-1.0,0600-0659,13.0,617.0,725.0,19.0,755,744.0,-11.0,0.0,0.0,-1.0,0700-0759,0.0,,0.0,100.0,100.0,68.0,1.0,372.0,2,,,0.0,,0.0,,,,0,,,,,,,,,,,,,,,,,,,,,,,,,,,,,,,,,,,,,,,,,,,,,N,12.0,12.0,6.0,7.0,0.0,3.0,36.0,43.0,6,7,1.0,4.0,37.0,44.0,1,1,0,0.0,0.0,N196SY,N196SY-AS-0,37.0,48.0,7.0,44.0,55.0,,,0.0,37,44,0.0,0.0
N196UW,759.0,2019,2,5,2,4,2019-05-02,AA,AA,19805,AA,897,,,,,AA,19805,AA,897,14100,1410005,34100,PHL,"Philadelphia, PA",PA,42,Pennsylvania,23,14679,1467903,33570,SAN,"San Diego, CA",CA,6,California,91,805,-6.0,0.0,0.0,-1.0,0800-0859,21.0,820.0,1116.0,4.0,1058,1120.0,22.0,22.0,1.0,1.0,1000-1059,0.0,,0.0,353.0,381.0,356.0,1.0,2370.0,10,0.0,0.0,22.0,0.0,0.0,,,,0,,,,,,,,,,,,,,,,,,,,,,,,,,,,,,,,,,,,,,,,,,,,,N,0.0,12.0,7.0,11.0,4.0,1.0,32.0,57.0,8,10,0.0,4.0,32.0,56.0,2,2,0,0.0,0.0,N196UW,N196UW-AA-0,32.0,44.0,25.0,57.0,69.0,,,1.0,32,57,0.0,0.0
N197JB,606.0,2019,2,5,2,4,2019-05-02,B6,B6,20409,B6,2283,,,,,B6,20409,B6,2283,10721,1072102,30721,BOS,"Boston, MA",MA,25,Massachusetts,13,14492,1449202,34492,RDU,"Raleigh/Durham, NC",NC,37,North Carolina,36,615,-9.0,0.0,0.0,-1.0,0600-0659,23.0,629.0,803.0,9.0,815,812.0,-3.0,0.0,0.0,-1.0,0800-0859,0.0,,0.0,120.0,126.0,94.0,1.0,612.0,3,,,0.0,,0.0,,,,0,,,,,,,,,,,,,,,,,,,,,,,,,,,,,,,,,,,,,,,,,,,,,N,0.0,0.0,6.0,8.0,0.0,1.0,24.0,33.0,6,8,1.0,1.0,25.0,33.0,5,5,0,1.0,1.0,N197JB,N197JB-B6-0,25.0,36.0,9.0,34.0,45.0,,,0.0,25,34,0.0,0.0
N197JB,844.0,2019,2,5,2,4,2019-05-02,B6,B6,20409,B6,2184,,,,,B6,20409,B6,2184,14492,1449202,34492,RDU,"Raleigh/Durham, NC",NC,37,North Carolina,36,10721,1072102,30721,BOS,"Boston, MA",MA,25,Massachusetts,13,852,-8.0,0.0,0.0,-1.0,0800-0859,17.0,901.0,1026.0,6.0,1047,1032.0,-15.0,0.0,0.0,-1.0,1000-1059,0.0,,0.0,115.0,108.0,85.0,1.0,612.0,3,,,0.0,,0.0,,,,0,,,,,,,,,,,,,,,,,,,,,,,,,,,,,,,,,,,,,,,,,,,,,N,0.0,0.0,8.0,10.0,3.0,2.0,35.0,42.0,8,10,3.0,3.0,35.0,43.0,9,9,1,1.0,0.0,N197JB,N197JB-B6-1,35.0,47.0,7.0,42.0,54.0,33.0,2.0,0.0,36,43,1.0,9.26
N197PQ,846.0,2019,2,5,2,4,2019-05-02,DL,DL_CODESHARE,19790,DL,3495,,,,,9E,20363,9E,3495,11042,1104205,30647,CLE,"Cleveland, OH",OH,39,Ohio,44,11433,1143302,31295,DTW,"Detroit, MI",MI,26,Michigan,43,824,22.0,22.0,1.0,1.0,0800-0859,21.0,907.0,932.0,6.0,920,938.0,18.0,18.0,1.0,1.0,0900-0959,0.0,,0.0,56.0,52.0,25.0,1.0,95.0,1,16.0,0.0,0.0,0.0,2.0,,,,0,,,,,,,,,,,,,,,,,,,,,,,,,,,,,,,,,,,,,,,,,,,,,N,0.0,0.0,8.0,9.0,3.0,3.0,35.0,39.0,8,9,2.0,1.0,34.0,37.0,1,1,0,0.0,0.0,N197PQ,N197PQ-DL-0,35.0,47.0,4.0,39.0,51.0,,,0.0,35,42,3.0,5.2
N198AA,622.0,2019,2,5,2,4,2019-05-02,AA,AA,19805,AA,2268,,,,,AA,19805,AA,2268,12478,1247805,31703,JFK,"New York, NY",NY,36,New York,22,13303,1330303,32467,MIA,"Miami, FL",FL,12,Florida,33,617,5.0,5.0,0.0,0.0,0600-0659,18.0,640.0,909.0,10.0,928,919.0,-9.0,0.0,0.0,-1.0,0900-0959,0.0,,0.0,191.0,177.0,149.0,1.0,1089.0,5,,,0.0,,0.0,,,,0,,,,,,,,,,,,,,,,,,,,,,,,,,,,,,,,,,,,,,,,,,,,,N,0.0,0.0,6.0,9.0,1.0,1.0,25.0,37.0,6,9,1.0,2.0,25.0,38.0,4,4,0,0.0,0.0,N198AA,N198AA-AA-0,25.0,37.0,12.0,37.0,49.0,,,0.0,25,37,0.0,0.0
N198JB,922.0,2019,2,5,2,4,2019-05-02,B6,B6,20409,B6,1018,,,,,B6,20409,B6,1018,11697,1169706,32467,FLL,"Fort Lauderdale, FL",FL,12,Florida,33,12451,1245102,31136,JAX,"Jacksonville, FL",FL,12,Florida,33,849,33.0,33.0,1.0,2.0,0800-0859,21.0,943.0,1035.0,4.0,1009,1039.0,30.0,30.0,1.0,2.0,1000-1059,0.0,,0.0,80.0,77.0,52.0,1.0,319.0,2,30.0,0.0,0.0,0.0,0.0,,,,0,,,,,,,,,,,,,,,,,,,,,,,,,,,,,,,,,,,,,,,,,,,,,N,0.0,0.0,9.0,10.0,1.0,3.0,37.0,43.0,8,10,3.0,1.0,35.0,41.0,6,6,0,0.0,0.0,N198JB,N198JB-B6-0,37.0,49.0,6.0,43.0,55.0,,,0.0,37,43,0.0,0.0
N199SY,614.0,2019,2,5,2,4,2019-05-02,AS,AS_CODESHARE,19930,AS,3333,,,,,OO,20304,OO,3333,15023,1502305,34433,STS,"Santa Rosa, CA",CA,6,California,91,12892,1289208,32575,LAX,"Los Angeles, CA",CA,6,California,91,615,-1.0,0.0,0.0,-1.0,0600-0659,10.0,624.0,726.0,43.0,755,809.0,14.0,14.0,0.0,0.0,0700-0759,0.0,,0.0,100.0,115.0,62.0,1.0,400.0,2,,,0.0,,0.0,,,,0,,,,,,,,,,,,,,,,,,,,,,,,,,,,,,,,,,,,,,,,,,,,,N,12.0,12.0,6.0,8.0,1.0,1.0,37.0,45.0,6,7,1.0,4.0,37.0,44.0,5,5,0,0.0,0.0,N199SY,N199SY-AS-0,37.0,49.0,8.0,45.0,57.0,,,0.0,37,45,0.0,0.0
N199UW,500.0,2019,2,5,2,4,2019-05-02,AA,AA,19805,AA,507,,,,,AA,19805,AA,507,14107,1410702,30466,PHX,"Phoenix, AZ",AZ,4,Arizona,81,11057,1105703,31057,CLT,"Charlotte, NC",NC,37,North Carolina,36,500,0.0,0.0,0.0,0.0,0001-0559,14.0,514.0,1140.0,9.0,1158,1149.0,-9.0,0.0,0.0,-1.0,1100-1159,0.0,,0.0,238.0,229.0,206.0,1.0,1773.0,8,,,0.0,,0.0,,,,0,,,,,,,,,,,,,,,,,,,,,,,,,,,,,,,,,,,,,,,,,,,,,N,8.0,0.0,5.0,11.0,0.0,3.0,28.0,47.0,5,11,0.0,4.0,28.0,48.0,7,7,0,0.0,0.0,N199UW,N199UW-AA-0,28.0,40.0,19.0,47.0,59.0,,,0.0,28,47,0.0,0.0
N200NN,642.0,2019,2,5,2,4,2019-05-02,AA,AA_CODESHARE,19805,AA,6005,,,,,CP,21167,CP,6005,12892,1289208,32575,LAX,"Los Angeles, CA",CA,6,California,91,14893,1489302,33192,SMF,"Sacramento, CA",CA,6,California,91,645,-3.0,0.0,0.0,-1.0,0600-0659,9.0,651.0,756.0,4.0,819,800.0,-19.0,0.0,0.0,-2.0,0800-0859,0.0,,0.0,94.0,78.0,65.0,1.0,373.0,2,,,0.0,,0.0,,,,0,,,,,,,,,,,,,,,,,,,,,,,,,,,,,,,,,,,,,,,,,,,,,N,12.0,12.0,6.0,8.0,3.0,0.0,39.0,44.0,6,8,3.0,1.0,39.0,45.0,6,6,0,0.0,0.0,N200NN,N200NN-AA-0,39.0,51.0,5.0,44.0,56.0,,,0.0,39,44,0.0,0.0
N200PQ,601.0,2019,2,5,2,4,2019-05-02,DL,DL_CODESHARE,19790,DL,3410,,,,,9E,20363,9E,3410,13931,1393102,33667,ORF,"Norfolk, VA",VA,51,Virginia,38,12953,1295304,31703,LGA,"New York, NY",NY,36,New York,22,605,-4.0,0.0,0.0,-1.0,0600-0659,15.0,616.0,712.0,8.0,730,720.0,-10.0,0.0,0.0,-1.0,0700-0759,0.0,,0.0,85.0,79.0,56.0,1.0,296.0,2,,,0.0,,0.0,,,,0,,,,,,,,,,,,,,,,,,,,,,,,,,,,,,,,,,,,,,,,,,,,,N,0.0,0.0,6.0,7.0,0.0,1.0,24.0,29.0,6,7,0.0,2.0,24.0,30.0,4,4,0,1.0,1.0,N200PQ,N200PQ-DL-0,24.0,36.0,5.0,29.0,41.0,,,0.0,24,29,0.0,0.0
N200PQ,824.0,2019,2,5,2,4,2019-05-02,DL,DL_CODESHARE,19790,DL,3456,,,,,9E,20363,9E,3456,12953,1295304,31703,LGA,"New York, NY",NY,36,New York,22,14524,1452401,34524,RIC,"Richmond, VA",VA,51,Virginia,38,833,-9.0,0.0,0.0,-1.0,0800-0859,32.0,856.0,952.0,4.0,1016,956.0,-20.0,0.0,0.0,-2.0,1000-1059,0.0,,0.0,103.0,92.0,56.0,1.0,292.0,2,,,0.0,,0.0,,,,0,,,,,,,,,,,,,,,,,,,,,,,,,,,,,,,,,,,,,,,,,,,,,N,0.0,0.0,8.0,9.0,2.0,4.0,34.0,40.0,8,10,2.0,1.0,34.0,41.0,4,4,1,1.0,0.0,N200PQ,N200PQ-DL-1,34.0,46.0,6.0,40.0,52.0,29.0,5.0,0.0,34,40,0.0,0.0
N200SY,701.0,2019,2,5,2,4,2019-05-02,UA,UA_CODESHARE,19977,UA,5923,,,,,OO,20304,OO,5923,15376,1537604,30436,TUS,"Tucson, AZ",AZ,4,Arizona,81,11292,1129202,30325,DEN,"Denver, CO",CO,8,Colorado,82,710,-9.0,0.0,0.0,-1.0,0700-0759,12.0,713.0,948.0,13.0,1014,1001.0,-13.0,0.0,0.0,-1.0,1000-1059,0.0,,0.0,124.0,120.0,95.0,1.0,639.0,3,,,0.0,,0.0,,,,0,,,,,,,,,,,,,,,,,,,,,,,,,,,,,,,,,,,,,,,,,,,,,N,8.0,8.0,7.0,10.0,0.0,0.0,36.0,48.0,7,10,1.0,1.0,37.0,49.0,6,6,0,0.0,0.0,N200SY,N200SY-UA-0,37.0,48.0,12.0,49.0,60.0,,,0.0,37,49,0.0,0.0
N200UU,733.0,2019,2,5,2,4,2019-05-02,AA,AA,19805,AA,438,,,,,AA,19805,AA,438,14107,1410702,30466,PHX,"Phoenix, AZ",AZ,4,Arizona,81,14679,1467903,33570,SAN,"San Diego, CA",CA,6,California,91,737,-4.0,0.0,0.0,-1.0,0700-0759,16.0,749.0,839.0,4.0,850,843.0,-7.0,0.0,0.0,-1.0,0800-0859,0.0,,0.0,73.0,70.0,50.0,1.0,304.0,2,,,0.0,,0.0,,,,0,,,,,,,,,,,,,,,,,,,,,,,,,,,,,,,,,,,,,,,,,,,,,N,8.0,12.0,7.0,8.0,2.0,3.0,38.0,47.0,7,8,2.0,3.0,38.0,47.0,1,1,0,0.0,0.0,N200UU,N200UU-AA-0,38.0,50.0,9.0,47.0,59.0,,,0.0,38,47,0.0,0.0
N200WN,650.0,2019,2,5,2,4,2019-05-02,WN,WN,19393,WN,2128,,,,,WN,19393,WN,2128,14843,1484306,34819,SJU,"San Juan, PR",PR,72,Puerto Rico,3,10821,1082106,30852,BWI,"Baltimore, MD",MD,24,Maryland,35,655,-5.0,0.0,0.0,-1.0,0600-0659,15.0,705.0,1047.0,5.0,1110,1052.0,-18.0,0.0,0.0,-2.0,1100-1159,0.0,,0.0,255.0,242.0,222.0,1.0,1565.0,7,,,0.0,,0.0,,,,0,,,,,,,,,,,,,,,,,,,,,,,,,,,,,,,,,,,,,,,,,,,,,N,-4.0,0.0,6.0,10.0,3.0,3.0,23.0,43.0,6,11,4.0,1.0,24.0,45.0,8,8,0,0.0,0.0,N200WN,N200WN-WN-0,24.0,35.0,20.0,44.0,55.0,,,0.0,24,44,0.0,0.0
N201FR,612.0,2019,2,5,2,4,2019-05-02,F9,F9,20436,F9,2822,,,,,F9,20436,F9,2822,14107,1410702,30466,PHX,"Phoenix, AZ",AZ,4,Arizona,81,11109,1110902,30189,COS,"Colorado Springs, CO",CO,8,Colorado,82,555,17.0,17.0,1.0,1.0,0001-0559,40.0,652.0,911.0,8.0,839,919.0,40.0,40.0,1.0,2.0,0800-0859,0.0,,0.0,104.0,127.0,79.0,1.0,551.0,3,17.0,0.0,23.0,0.0,0.0,,,,0,,,,,,,,,,,,,,,,,,,,,,,,,,,,,,,,,,,,,,,,,,,,,N,8.0,8.0,6.0,9.0,1.0,1.0,33.0,45.0,5,8,4.0,3.0,32.0,43.0,3,3,0,0.0,0.0,N201FR,N201FR-F9-0,32.0,45.0,12.0,44.0,57.0,,,2.0,32,44,0.0,0.0
N201JQ,556.0,2019,2,5,2,4,2019-05-02,DL,DL_CODESHARE,19790,DL,5916,,,,,YX,20452,YX,5916,14492,1449202,34492,RDU,"Raleigh/Durham, NC",NC,37,North Carolina,36,12953,1295304,31703,LGA,"New York, NY",NY,36,New York,22,600,-4.0,0.0,0.0,-1.0,0600-0659,23.0,619.0,725.0,7.0,753,732.0,-21.0,0.0,0.0,-2.0,0700-0759,0.0,,0.0,113.0,96.0,66.0,1.0,431.0,2,,,0.0,,0.0,,,,0,,,,,,,,,,,,,,,,,,,,,,,,,,,,,,,,,,,,,,,,,,,,,N,0.0,0.0,5.0,7.0,4.0,2.0,24.0,30.0,6,7,0.0,4.0,24.0,32.0,1,1,0,1.0,1.0,N201JQ,N201JQ-DL-0,24.0,36.0,6.0,30.0,42.0,,,0.0,24,31,1.0,1.22
N201JQ,834.0,2019,2,5,2,4,2019-05-02,DL,DL_CODESHARE,19790,DL,6028,,,,,YX,20452,YX,6028,12953,1295304,31703,LGA,"New York, NY",NY,36,New York,22,11066,1106606,31066,CMH,"Columbus, OH",OH,39,Ohio,44,839,-5.0,0.0,0.0,-1.0,0800-0859,33.0,907.0,1026.0,6.0,1041,1032.0,-9.0,0.0,0.0,-1.0,1000-1059,0.0,,0.0,122.0,118.0,79.0,1.0,479.0,2,,,0.0,,0.0,,,,0,,,,,,,,,,,,,,,,,,,,,,,,,,,,,,,,,,,,,,,,,,,,,N,0.0,0.0,8.0,10.0,2.0,2.0,34.0,42.0,8,10,3.0,3.0,35.0,43.0,5,5,1,1.0,0.0,N201JQ,N201JQ-DL-1,35.0,46.0,8.0,43.0,54.0,30.0,4.0,0.0,35,43,0.0,0.0
N201NN,752.0,2019,2,5,2,4,2019-05-02,AA,AA_CODESHARE,19805,AA,6078,,,,,CP,21167,CP,6078,11540,1154005,30615,ELP,"El Paso, TX",TX,48,Texas,74,12892,1289208,32575,LAX,"Los Angeles, CA",CA,6,California,91,625,87.0,87.0,1.0,5.0,0600-0659,25.0,817.0,901.0,15.0,744,916.0,92.0,92.0,1.0,6.0,0700-0759,0.0,,0.0,139.0,144.0,104.0,1.0,715.0,3,87.0,0.0,5.0,0.0,0.0,,,,0,,,,,,,,,,,,,,,,,,,,,,,,,,,,,,,,,,,,,,,,,,,,,N,8.0,12.0,7.0,9.0,3.0,1.0,39.0,49.0,6,7,2.0,3.0,34.0,43.0,7,7,0,0.0,0.0,N201NN,N201NN-AA-0,39.0,51.0,10.0,49.0,61.0,,,0.0,39,49,0.0,0.0
N202FR,554.0,2019,2,5,2,4,2019-05-02,F9,F9,20436,F9,391,,,,,F9,20436,F9,391,10693,1069302,30693,BNA,"Nashville, TN",TN,47,Tennessee,54,11292,1129202,30325,DEN,"Denver, CO",CO,8,Colorado,82,600,-6.0,0.0,0.0,-1.0,0600-0659,16.0,610.0,742.0,40.0,801,822.0,21.0,21.0,1.0,1.0,0800-0859,0.0,,0.0,181.0,208.0,152.0,1.0,1014.0,5,0.0,0.0,21.0,0.0,0.0,,,,0,,,,,,,,,,,,,,,,,,,,,,,,,,,,,,,,,,,,,,,,,,,,,N,4.0,8.0,5.0,8.0,4.0,1.0,28.0,41.0,6,8,0.0,0.0,28.0,40.0,7,7,0,0.0,0.0,N202FR,N202FR-F9-0,28.0,40.0,13.0,41.0,53.0,,,1.0,28,41,0.0,0.0
N202JQ,623.0,2019,2,5,2,4,2019-05-02,DL,DL_CODESHARE,19790,DL,5919,,,,,YX,20452,YX,5919,12953,1295304,31703,LGA,"New York, NY",NY,36,New York,22,11057,1105703,31057,CLT,"Charlotte, NC",NC,37,North Carolina,36,630,-7.0,0.0,0.0,-1.0,0600-0659,16.0,639.0,808.0,12.0,837,820.0,-17.0,0.0,0.0,-2.0,0800-0859,0.0,,0.0,127.0,117.0,89.0,1.0,544.0,3,,,0.0,,0.0,,,,0,,,,,,,,,,,,,,,,,,,,,,,,,,,,,,,,,,,,,,,,,,,,,N,0.0,0.0,6.0,8.0,2.0,1.0,26.0,33.0,6,8,2.0,2.0,26.0,34.0,6,6,0,1.0,1.0,N202JQ,N202JQ-DL-0,26.0,38.0,7.0,33.0,45.0,,,0.0,26,33,0.0,0.0
N202JQ,911.0,2019,2,5,2,4,2019-05-02,DL,DL_CODESHARE,19790,DL,6109,,,,,YX,20452,YX,6109,11057,1105703,31057,CLT,"Charlotte, NC",NC,37,North Carolina,36,12953,1295304,31703,LGA,"New York, NY",NY,36,New York,22,915,-4.0,0.0,0.0,-1.0,0900-0959,21.0,932.0,1055.0,6.0,1120,1101.0,-19.0,0.0,0.0,-2.0,1100-1159,0.0,,0.0,125.0,110.0,83.0,1.0,544.0,3,,,0.0,,0.0,,,,0,,,,,,,,,,,,,,,,,,,,,,,,,,,,,,,,,,,,,,,,,,,,,N,0.0,0.0,9.0,11.0,1.0,0.0,37.0,44.0,9,11,1.0,1.0,37.0,45.0,6,6,1,1.0,0.0,N202JQ,N202JQ-DL-1,37.0,49.0,7.0,44.0,56.0,33.0,4.0,0.0,37,44,0.0,0.0
N202NN,614.0,2019,2,5,2,4,2019-05-02,AA,AA_CODESHARE,19805,AA,6057,,,,,CP,21167,CP,6057,13851,1385103,33851,OKC,"Oklahoma City, OK",OK,40,Oklahoma,73,12892,1289208,32575,LAX,"Los Angeles, CA",CA,6,California,91,615,-1.0,0.0,0.0,-1.0,0600-0659,16.0,630.0,713.0,8.0,734,721.0,-13.0,0.0,0.0,-1.0,0700-0759,0.0,,0.0,199.0,187.0,163.0,1.0,1187.0,5,,,0.0,,0.0,,,,0,,,,,,,,,,,,,,,,,,,,,,,,,,,,,,,,,,,,,,,,,,,,,N,4.0,12.0,6.0,7.0,1.0,1.0,29.0,41.0,6,7,1.0,2.0,29.0,42.0,5,5,0,0.0,0.0,N202NN,N202NN-AA-0,29.0,41.0,12.0,41.0,53.0,,,0.0,29,41,0.0,0.0
N202WN,534.0,2019,2,5,2,4,2019-05-02,WN,WN,19393,WN,1099,,,,,WN,19393,WN,1099,14570,1457002,34570,RNO,"Reno, NV",NV,32,Nevada,85,11292,1129202,30325,DEN,"Denver, CO",CO,8,Colorado,82,535,-1.0,0.0,0.0,-1.0,0001-0559,9.0,543.0,825.0,5.0,840,830.0,-10.0,0.0,0.0,-1.0,0800-0859,0.0,,0.0,125.0,116.0,102.0,1.0,804.0,4,,,0.0,,0.0,,,,0,,,,,,,,,,,,,,,,,,,,,,,,,,,,,,,,,,,,,,,,,,,,,N,12.0,8.0,5.0,8.0,2.0,2.0,34.0,42.0,5,8,2.0,3.0,34.0,43.0,7,7,0,0.0,0.0,N202WN,N202WN-WN-0,34.0,46.0,8.0,42.0,54.0,,,0.0,34,42,0.0,0.0
N203JB,708.0,2019,2,5,2,4,2019-05-02,B6,B6,20409,B6,1131,,,,,B6,20409,B6,1131,10994,1099402,30994,CHS,"Charleston, SC",SC,45,South Carolina,37,11697,1169706,32467,FLL,"Fort Lauderdale, FL",FL,12,Florida,33,720,-12.0,0.0,0.0,-1.0,0700-0759,16.0,724.0,839.0,4.0,858,843.0,-15.0,0.0,0.0,-1.0,0800-0859,0.0,,0.0,98.0,95.0,75.0,1.0,470.0,2,,,0.0,,0.0,,,,0,,,,,,,,,,,,,,,,,,,,,,,,,,,,,,,,,,,,,,,,,,,,,N,0.0,0.0,7.0,8.0,1.0,3.0,29.0,35.0,7,8,1.0,4.0,29.0,36.0,4,4,0,0.0,0.0,N203JB,N203JB-B6-0,29.0,41.0,6.0,35.0,47.0,,,0.0,29,35,0.0,0.0
N203JQ,555.0,2019,2,5,2,4,2019-05-02,DL,DL_CODESHARE,19790,DL,5962,,,,,YX,20452,YX,5962,15016,1501606,31123,STL,"St. Louis, MO",MO,29,Missouri,64,12953,1295304,31703,LGA,"New York, NY",NY,36,New York,22,600,-5.0,0.0,0.0,-1.0,0600-0659,13.0,608.0,911.0,9.0,937,920.0,-17.0,0.0,0.0,-2.0,0900-0959,0.0,,0.0,157.0,145.0,123.0,1.0,888.0,4,,,0.0,,0.0,,,,0,,,,,,,,,,,,,,,,,,,,,,,,,,,,,,,,,,,,,,,,,,,,,N,4.0,0.0,5.0,9.0,4.0,1.0,28.0,37.0,6,9,0.0,2.0,28.0,38.0,5,5,0,0.0,0.0,N203JQ,N203JQ-DL-0,28.0,40.0,9.0,37.0,49.0,,,0.0,28,37,0.0,0.0
N203NN,603.0,2019,2,5,2,4,2019-05-02,AA,AA_CODESHARE,19805,AA,6030,,,,,CP,21167,CP,6030,10140,1014005,30140,ABQ,"Albuquerque, NM",NM,35,New Mexico,86,12892,1289208,32575,LAX,"Los Angeles, CA",CA,6,California,91,610,-7.0,0.0,0.0,-1.0,0600-0659,12.0,615.0,657.0,14.0,719,711.0,-8.0,0.0,0.0,-1.0,0700-0759,0.0,,0.0,129.0,128.0,102.0,1.0,677.0,3,,,0.0,,0.0,,,,0,,,,,,,,,,,,,,,,,,,,,,,,,,,,,,,,,,,,,,,,,,,,,N,8.0,12.0,6.0,7.0,0.0,1.0,32.0,41.0,6,7,1.0,1.0,33.0,41.0,3,3,0,0.0,0.0,N203NN,N203NN-AA-0,33.0,44.0,9.0,42.0,53.0,,,0.0,33,44,2.0,6.64
N203SY,626.0,2019,2,5,2,4,2019-05-02,UA,UA_CODESHARE,19977,UA,5367,,,,,OO,20304,OO,5367,11109,1110902,30189,COS,"Colorado Springs, CO",CO,8,Colorado,82,12892,1289208,32575,LAX,"Los Angeles, CA",CA,6,California,91,635,-9.0,0.0,0.0,-1.0,0600-0659,16.0,642.0,756.0,28.0,840,824.0,-16.0,0.0,0.0,-2.0,0800-0859,0.0,,0.0,185.0,178.0,134.0,1.0,833.0,4,,,0.0,,0.0,,,,0,,,,,,,,,,,,,,,,,,,,,,,,,,,,,,,,,,,,,,,,,,,,,N,8.0,12.0,6.0,8.0,2.0,2.0,34.0,46.0,6,8,2.0,3.0,34.0,47.0,5,5,0,0.0,0.0,N203SY,N203SY-UA-0,34.0,46.0,12.0,46.0,58.0,,,0.0,34,46,0.0,0.0
N204JQ,853.0,2019,2,5,2,4,2019-05-02,DL,DL_CODESHARE,19790,DL,6120,,,,,YX,20452,YX,6120,12339,1233904,32337,IND,"Indianapolis, IN",IN,18,Indiana,42,12953,1295304,31703,LGA,"New York, NY",NY,36,New York,22,900,-7.0,0.0,0.0,-1.0,0900-0959,15.0,908.0,1053.0,10.0,1109,1103.0,-6.0,0.0,0.0,-1.0,1100-1159,0.0,,0.0,129.0,130.0,105.0,1.0,660.0,3,,,0.0,,0.0,,,,0,,,,,,,,,,,,,,,,,,,,,,,,,,,,,,,,,,,,,,,,,,,,,N,0.0,0.0,8.0,11.0,4.0,0.0,36.0,44.0,9,11,0.0,1.0,36.0,45.0,7,7,0,0.0,0.0,N204JQ,N204JQ-DL-0,36.0,48.0,8.0,44.0,56.0,,,0.0,36,44,0.0,0.0
N204NN,557.0,2019,2,5,2,4,2019-05-02,AA,AA_CODESHARE,19805,AA,6043,,,,,CP,21167,CP,6043,15919,1591904,31834,XNA,"Fayetteville, AR",AR,5,Arkansas,71,12892,1289208,32575,LAX,"Los Angeles, CA",CA,6,California,91,600,-3.0,0.0,0.0,-1.0,0600-0659,14.0,611.0,720.0,9.0,745,729.0,-16.0,0.0,0.0,-2.0,0700-0759,0.0,,0.0,225.0,212.0,189.0,1.0,1371.0,6,,,0.0,,0.0,,,,0,,,,,,,,,,,,,,,,,,,,,,,,,,,,,,,,,,,,,,,,,,,,,N,4.0,12.0,5.0,7.0,4.0,2.0,28.0,42.0,6,7,0.0,3.0,28.0,43.0,3,3,0,0.0,0.0,N204NN,N204NN-AA-0,28.0,40.0,14.0,42.0,54.0,,,0.0,28,42,0.0,0.0
N204SY,557.0,2019,2,5,2,4,2019-05-02,UA,UA_CODESHARE,19977,UA,5889,,,,,OO,20304,OO,5889,14004,1400402,34004,PAE,"Everett, WA",WA,53,Washington,93,11292,1129202,30325,DEN,"Denver, CO",CO,8,Colorado,82,600,-3.0,0.0,0.0,-1.0,0600-0659,14.0,611.0,945.0,7.0,948,952.0,4.0,4.0,0.0,0.0,0900-0959,0.0,,0.0,168.0,175.0,154.0,1.0,1036.0,5,,,0.0,,0.0,,,,0,,,,,,,,,,,,,,,,,,,,,,,,,,,,,,,,,,,,,,,,,,,,,N,12.0,8.0,5.0,9.0,4.0,3.0,36.0,47.0,6,9,0.0,3.0,36.0,47.0,4,4,0,0.0,0.0,N204SY,N204SY-UA-0,36.0,48.0,11.0,47.0,59.0,,,0.0,36,47,0.0,0.0
N204WN,639.0,2019,2,5,2,4,2019-05-02,WN,WN,19393,WN,1251,,,,,WN,19393,WN,1251,14747,1474703,30559,SEA,"Seattle, WA",WA,53,Washington,93,13796,1379608,32457,OAK,"Oakland, CA",CA,6,California,91,645,-6.0,0.0,0.0,-1.0,0600-0659,11.0,650.0,819.0,4.0,850,823.0,-27.0,0.0,0.0,-2.0,0800-0859,0.0,,0.0,125.0,104.0,89.0,1.0,672.0,3,,,0.0,,0.0,,,,0,,,,,,,,,,,,,,,,,,,,,,,,,,,,,,,,,,,,,,,,,,,,,N,12.0,12.0,6.0,8.0,3.0,2.0,39.0,46.0,6,8,3.0,3.0,39.0,47.0,5,5,0,0.0,0.0,N204WN,N204WN-WN-0,39.0,51.0,7.0,46.0,58.0,,,0.0,39,46,0.0,0.0
N205FR,619.0,2019,2,5,2,4,2019-05-02,F9,F9,20436,F9,552,,,,,F9,20436,F9,552,14679,1467903,33570,SAN,"San Diego, CA",CA,6,California,91,11292,1129202,30325,DEN,"Denver, CO",CO,8,Colorado,82,630,-11.0,0.0,0.0,-1.0,0600-0659,25.0,644.0,934.0,12.0,1006,946.0,-20.0,0.0,0.0,-2.0,1000-1059,0.0,,0.0,156.0,147.0,110.0,1.0,853.0,4,,,0.0,,0.0,,,,0,,,,,,,,,,,,,,,,,,,,,,,,,,,,,,,,,,,,,,,,,,,,,N,12.0,8.0,6.0,9.0,1.0,3.0,37.0,47.0,6,10,2.0,0.0,38.0,48.0,9,9,0,0.0,0.0,N205FR,N205FR-F9-0,38.0,49.0,10.0,48.0,59.0,,,0.0,38,48,0.0,0.0
N205JQ,559.0,2019,2,5,2,4,2019-05-02,DL,DL_CODESHARE,19790,DL,5965,,,,,YX,20452,YX,5965,14492,1449202,34492,RDU,"Raleigh/Durham, NC",NC,37,North Carolina,36,10721,1072102,30721,BOS,"Boston, MA",MA,25,Massachusetts,13,600,-1.0,0.0,0.0,-1.0,0600-0659,24.0,623.0,800.0,11.0,805,811.0,6.0,6.0,0.0,0.0,0800-0859,0.0,,0.0,125.0,132.0,97.0,1.0,612.0,3,,,0.0,,0.0,,,,0,,,,,,,,,,,,,,,,,,,,,,,,,,,,,,,,,,,,,,,,,,,,,N,0.0,0.0,5.0,8.0,4.0,1.0,24.0,33.0,6,8,0.0,0.0,24.0,32.0,1,1,0,1.0,1.0,N205JQ,N205JQ-DL-0,24.0,36.0,9.0,33.0,45.0,,,0.0,24,33,0.0,0.0
N205JQ,839.0,2019,2,5,2,4,2019-05-02,DL,DL_CODESHARE,19790,DL,6094,,,,,YX,20452,YX,6094,10721,1072102,30721,BOS,"Boston, MA",MA,25,Massachusetts,13,12451,1245102,31136,JAX,"Jacksonville, FL",FL,12,Florida,33,845,-6.0,0.0,0.0,-1.0,0800-0859,26.0,905.0,1132.0,5.0,1145,1137.0,-8.0,0.0,0.0,-1.0,1100-1159,0.0,,0.0,180.0,178.0,147.0,1.0,1010.0,5,,,0.0,,0.0,,,,0,,,,,,,,,,,,,,,,,,,,,,,,,,,,,,,,,,,,,,,,,,,,,N,0.0,0.0,8.0,11.0,3.0,2.0,35.0,46.0,8,11,3.0,3.0,35.0,47.0,6,6,1,1.0,0.0,N205JQ,N205JQ-DL-1,35.0,47.0,11.0,46.0,58.0,33.0,2.0,0.0,35,46,0.0,0.0
N206FR,550.0,2019,2,5,2,4,2019-05-02,F9,F9,20436,F9,459,,,,,F9,20436,F9,459,14492,1449202,34492,RDU,"Raleigh/Durham, NC",NC,37,North Carolina,36,14100,1410005,34100,PHL,"Philadelphia, PA",PA,42,Pennsylvania,23,600,-10.0,0.0,0.0,-1.0,0600-0659,15.0,605.0,704.0,15.0,734,719.0,-15.0,0.0,0.0,-1.0,0700-0759,0.0,,0.0,94.0,89.0,59.0,1.0,337.0,2,,,0.0,,0.0,,,,0,,,,,,,,,,,,,,,,,,,,,,,,,,,,,,,,,,,,,,,,,,,,,N,0.0,0.0,5.0,7.0,3.0,1.0,23.0,29.0,6,7,0.0,2.0,24.0,30.0,3,3,0,1.0,1.0,N206FR,N206FR-F9-0,24.0,35.0,6.0,30.0,41.0,,,0.0,24,30,0.0,0.0
N206FR,811.0,2019,2,5,2,4,2019-05-02,F9,F9,20436,F9,459,,,,,F9,20436,F9,459,14100,1410005,34100,PHL,"Philadelphia, PA",PA,42,Pennsylvania,23,11292,1129202,30325,DEN,"Denver, CO",CO,8,Colorado,82,819,-8.0,0.0,0.0,-1.0,0800-0859,29.0,840.0,1034.0,10.0,1041,1044.0,3.0,3.0,0.0,0.0,1000-1059,0.0,,0.0,262.0,273.0,234.0,1.0,1558.0,7,,,0.0,,0.0,,,,0,,,,,,,,,,,,,,,,,,,,,,,,,,,,,,,,,,,,,,,,,,,,,N,0.0,8.0,8.0,10.0,1.0,3.0,33.0,51.0,8,10,1.0,3.0,33.0,51.0,6,6,1,1.0,0.0,N206FR,N206FR-F9-1,33.0,45.0,18.0,51.0,63.0,29.0,4.0,0.0,34,54,3.0,20.26
N206JB,651.0,2019,2,5,2,4,2019-05-02,B6,B6,20409,B6,1017,,,,,B6,20409,B6,1017,12451,1245102,31136,JAX,"Jacksonville, FL",FL,12,Florida,33,11697,1169706,32467,FLL,"Fort Lauderdale, FL",FL,12,Florida,33,655,-4.0,0.0,0.0,-1.0,0600-0659,11.0,702.0,803.0,3.0,813,806.0,-7.0,0.0,0.0,-1.0,0800-0859,0.0,,0.0,78.0,75.0,61.0,1.0,319.0,2,,,0.0,,0.0,,,,0,,,,,,,,,,,,,,,,,,,,,,,,,,,,,,,,,,,,,,,,,,,,,N,0.0,0.0,6.0,8.0,3.0,0.0,27.0,32.0,6,8,4.0,1.0,28.0,33.0,9,9,0,0.0,0.0,N206JB,N206JB-B6-0,28.0,39.0,5.0,33.0,44.0,,,0.0,28,33,0.0,0.0
N206JQ,611.0,2019,2,5,2,4,2019-05-02,DL,DL_CODESHARE,19790,DL,6129,,,,,YX,20452,YX,6129,12945,1294503,32945,LEX,"Lexington, KY",KY,21,Kentucky,52,11278,1127805,30852,DCA,"Washington, DC",VA,51,Virginia,38,620,-9.0,0.0,0.0,-1.0,0600-0659,12.0,623.0,735.0,4.0,747,739.0,-8.0,0.0,0.0,-1.0,0700-0759,0.0,,0.0,87.0,88.0,72.0,1.0,414.0,2,,,0.0,,0.0,,,,0,,,,,,,,,,,,,,,,,,,,,,,,,,,,,,,,,,,,,,,,,,,,,N,0.0,0.0,6.0,7.0,1.0,3.0,25.0,31.0,6,7,1.0,3.0,25.0,31.0,8,8,0,1.0,1.0,N206JQ,N206JQ-DL-0,25.0,37.0,6.0,31.0,43.0,,,0.0,25,31,0.0,0.0
N206JQ,823.0,2019,2,5,2,4,2019-05-02,DL,DL_CODESHARE,19790,DL,6088,,,,,YX,20452,YX,6088,11278,1127805,30852,DCA,"Washington, DC",VA,51,Virginia,38,13871,1387102,33316,OMA,"Omaha, NE",NE,31,Nebraska,65,825,-2.0,0.0,0.0,-1.0,0800-0859,21.0,844.0,1010.0,5.0,1022,1015.0,-7.0,0.0,0.0,-1.0,1000-1059,0.0,,0.0,177.0,172.0,146.0,1.0,1012.0,5,,,0.0,,0.0,,,,0,,,,,,,,,,,,,,,,,,,,,,,,,,,,,,,,,,,,,,,,,,,,,N,0.0,4.0,8.0,10.0,2.0,1.0,34.0,45.0,8,10,2.0,1.0,34.0,45.0,2,2,1,1.0,0.0,N206JQ,N206JQ-DL-1,34.0,46.0,11.0,45.0,57.0,31.0,3.0,0.0,34,45,0.0,0.0
N206PS,508.0,2019,2,5,2,4,2019-05-02,AA,AA_CODESHARE,19805,AA,5552,,,,,OH,20397,OH,5552,11267,1126702,31267,DAY,"Dayton, OH",OH,39,Ohio,44,11057,1105703,31057,CLT,"Charlotte, NC",NC,37,North Carolina,36,518,-10.0,0.0,0.0,-1.0,0001-0559,11.0,519.0,628.0,11.0,655,639.0,-16.0,0.0,0.0,-2.0,0600-0659,0.0,,0.0,97.0,91.0,69.0,1.0,370.0,2,,,0.0,,0.0,,,,0,,,,,,,,,,,,,,,,,,,,,,,,,,,,,,,,,,,,,,,,,,,,,N,0.0,0.0,5.0,6.0,1.0,3.0,21.0,27.0,5,6,1.0,4.0,21.0,28.0,4,4,0,2.0,2.0,N206PS,N206PS-AA-0,21.0,33.0,6.0,27.0,39.0,,,0.0,21,28,1.0,4.3
N206PS,737.0,2019,2,5,2,4,2019-05-02,AA,AA_CODESHARE,19805,AA,5365,,,,,OH,20397,OH,5365,11057,1105703,31057,CLT,"Charlotte, NC",NC,37,North Carolina,36,11146,1114607,31146,CRW,"Charleston/Dunbar, WV",WV,54,West Virginia,39,742,-5.0,0.0,0.0,-1.0,0700-0759,25.0,802.0,844.0,3.0,858,847.0,-11.0,0.0,0.0,-1.0,0800-0859,0.0,,0.0,76.0,70.0,42.0,1.0,221.0,1,,,0.0,,0.0,,,,0,,,,,,,,,,,,,,,,,,,,,,,,,,,,,,,,,,,,,,,,,,,,,N,0.0,0.0,7.0,8.0,2.0,3.0,30.0,35.0,7,8,3.0,4.0,31.0,36.0,9,9,1,2.0,1.0,N206PS,N206PS-AA-1,31.0,42.0,5.0,36.0,47.0,27.0,3.0,0.0,31,36,0.0,0.0
N206PS,915.0,2019,2,5,2,4,2019-05-02,AA,AA_CODESHARE,19805,AA,5365,,,,,OH,20397,OH,5365,11146,1114607,31146,CRW,"Charleston/Dunbar, WV",WV,54,West Virginia,39,11057,1105703,31057,CLT,"Charlotte, NC",NC,37,North Carolina,36,923,-8.0,0.0,0.0,-1.0,0900-0959,32.0,947.0,1031.0,11.0,1049,1042.0,-7.0,0.0,0.0,-1.0,1000-1059,0.0,,0.0,86.0,87.0,44.0,1.0,221.0,1,,,0.0,,0.0,,,,0,,,,,,,,,,,,,,,,,,,,,,,,,,,,,,,,,,,,,,,,,,,,,N,0.0,0.0,9.0,10.0,1.0,3.0,37.0,43.0,9,10,2.0,3.0,38.0,43.0,4,4,2,2.0,0.0,N206PS,N206PS-AA-2,38.0,49.0,6.0,44.0,55.0,35.0,2.0,0.0,38,47,3.0,14.54
N206WN,511.0,2019,2,5,2,4,2019-05-02,WN,WN,19393,WN,528,,,,,WN,19393,WN,528,10257,1025702,30257,ALB,"Albany, NY",NY,36,New York,22,13204,1320402,31454,MCO,"Orlando, FL",FL,12,Florida,33,515,-4.0,0.0,0.0,-1.0,0001-0559,12.0,523.0,755.0,7.0,805,802.0,-3.0,0.0,0.0,-1.0,0800-0859,0.0,,0.0,170.0,171.0,152.0,1.0,1073.0,5,,,0.0,,0.0,,,,0,,,,,,,,,,,,,,,,,,,,,,,,,,,,,,,,,,,,,,,,,,,,,N,0.0,0.0,5.0,8.0,1.0,0.0,21.0,32.0,5,8,1.0,0.0,21.0,32.0,3,3,0,1.0,1.0,N206WN,N206WN-WN-0,21.0,33.0,11.0,32.0,44.0,,,0.0,21,32,0.0,0.0
N206WN,845.0,2019,2,5,2,4,2019-05-02,WN,WN,19393,WN,528,,,,,WN,19393,WN,528,13204,1320402,31454,MCO,"Orlando, FL",FL,12,Florida,33,14492,1449202,34492,RDU,"Raleigh/Durham, NC",NC,37,North Carolina,36,850,-5.0,0.0,0.0,-1.0,0800-0859,12.0,857.0,1015.0,2.0,1035,1017.0,-18.0,0.0,0.0,-2.0,1000-1059,0.0,,0.0,105.0,92.0,78.0,1.0,534.0,3,,,0.0,,0.0,,,,0,,,,,,,,,,,,,,,,,,,,,,,,,,,,,,,,,,,,,,,,,,,,,N,0.0,0.0,8.0,10.0,3.0,1.0,35.0,41.0,8,10,3.0,2.0,35.0,42.0,9,9,1,1.0,0.0,N206WN,N206WN-WN-1,35.0,47.0,6.0,41.0,53.0,32.0,3.0,0.0,35,41,0.0,0.0
N207PS,605.0,2019,2,5,2,4,2019-05-02,AA,AA_CODESHARE,19805,AA,5164,,,,,OH,20397,OH,5164,10361,1036105,30361,ART,"Watertown, NY",NY,36,New York,22,14100,1410005,34100,PHL,"Philadelphia, PA",PA,42,Pennsylvania,23,608,-3.0,0.0,0.0,-1.0,0600-0659,20.0,625.0,730.0,8.0,730,738.0,8.0,8.0,0.0,0.0,0700-0759,0.0,,0.0,82.0,93.0,65.0,1.0,287.0,2,,,0.0,,0.0,,,,0,,,,,,,,,,,,,,,,,,,,,,,,,,,,,,,,,,,,,,,,,,,,,N,0.0,0.0,6.0,7.0,0.0,3.0,24.0,31.0,6,7,1.0,2.0,25.0,30.0,7,7,0,1.0,1.0,N207PS,N207PS-AA-0,25.0,36.0,7.0,32.0,43.0,,,0.0,25,32,0.0,0.0
N207PS,837.0,2019,2,5,2,4,2019-05-02,AA,AA_CODESHARE,19805,AA,5423,,,,,OH,20397,OH,5423,14100,1410005,34100,PHL,"Philadelphia, PA",PA,42,Pennsylvania,23,12244,1224403,32244,HVN,"New Haven, CT",CT,9,Connecticut,11,845,-8.0,0.0,0.0,-1.0,0800-0859,50.0,927.0,1008.0,1.0,1004,1009.0,5.0,5.0,0.0,0.0,1000-1059,0.0,,0.0,79.0,92.0,41.0,1.0,157.0,1,,,0.0,,0.0,,,,0,,,,,,,,,,,,,,,,,,,,,,,,,,,,,,,,,,,,,,,,,,,,,N,0.0,0.0,8.0,10.0,2.0,1.0,34.0,41.0,8,10,3.0,0.0,35.0,40.0,6,6,1,1.0,0.0,N207PS,N207PS-AA-1,35.0,46.0,7.0,42.0,53.0,31.0,3.0,0.0,35,42,0.0,0.0
N207SY,553.0,2019,2,5,2,4,2019-05-02,UA,UA_CODESHARE,19977,UA,5745,,,,,OO,20304,OO,5745,10713,1071302,30713,BOI,"Boise, ID",ID,16,Idaho,83,14771,1477104,32457,SFO,"San Francisco, CA",CA,6,California,91,600,-7.0,0.0,0.0,-1.0,0600-0659,13.0,606.0,632.0,6.0,705,638.0,-27.0,0.0,0.0,-2.0,0700-0759,0.0,,0.0,125.0,105.0,86.0,1.0,522.0,3,,,0.0,,0.0,,,,0,,,,,,,,,,,,,,,,,,,,,,,,,,,,,,,,,,,,,,,,,,,,,N,8.0,12.0,5.0,6.0,4.0,3.0,32.0,39.0,6,7,0.0,0.0,32.0,40.0,3,3,0,0.0,0.0,N207SY,N207SY-UA-0,32.0,44.0,7.0,39.0,51.0,,,0.0,32,39,0.0,0.0
N207WN,611.0,2019,2,5,2,4,2019-05-02,WN,WN,19393,WN,5120,,,,,WN,19393,WN,5120,13796,1379608,32457,OAK,"Oakland, CA",CA,6,California,91,14679,1467903,33570,SAN,"San Diego, CA",CA,6,California,91,615,-4.0,0.0,0.0,-1.0,0600-0659,15.0,626.0,733.0,3.0,750,736.0,-14.0,0.0,0.0,-1.0,0700-0759,0.0,,0.0,95.0,85.0,67.0,1.0,446.0,2,,,0.0,,0.0,,,,0,,,,,,,,,,,,,,,,,,,,,,,,,,,,,,,,,,,,,,,,,,,,,N,12.0,12.0,6.0,7.0,1.0,2.0,37.0,42.0,6,7,1.0,3.0,37.0,43.0,9,9,0,0.0,0.0,N207WN,N207WN-WN-0,37.0,49.0,5.0,42.0,54.0,,,0.0,37,42,0.0,0.0
N208JQ,654.0,2019,2,5,2,4,2019-05-02,DL,DL_CODESHARE,19790,DL,5946,,,,,YX,20452,YX,5946,12953,1295304,31703,LGA,"New York, NY",NY,36,New York,22,11278,1127805,30852,DCA,"Washington, DC",VA,51,Virginia,38,700,-6.0,0.0,0.0,-1.0,0700-0759,15.0,709.0,755.0,6.0,818,801.0,-17.0,0.0,0.0,-2.0,0800-0859,0.0,,0.0,78.0,67.0,46.0,1.0,214.0,1,,,0.0,,0.0,,,,0,,,,,,,,,,,,,,,,,,,,,,,,,,,,,,,,,,,,,,,,,,,,,N,0.0,0.0,6.0,8.0,4.0,0.0,28.0,32.0,7,8,0.0,1.0,28.0,33.0,9,9,0,1.0,1.0,N208JQ,N208JQ-DL-0,28.0,40.0,4.0,32.0,44.0,,,0.0,30,34,2.0,18.96
N208JQ,854.0,2019,2,5,2,4,2019-05-02,DL,DL_CODESHARE,19790,DL,5892,,,,,YX,20452,YX,5892,11278,1127805,30852,DCA,"Washington, DC",VA,51,Virginia,38,12953,1295304,31703,LGA,"New York, NY",NY,36,New York,22,900,-6.0,0.0,0.0,-1.0,0900-0959,35.0,929.0,1014.0,8.0,1030,1022.0,-8.0,0.0,0.0,-1.0,1000-1059,0.0,,0.0,90.0,88.0,45.0,1.0,214.0,1,,,0.0,,0.0,,,,0,,,,,,,,,,,,,,,,,,,,,,,,,,,,,,,,,,,,,,,,,,,,,N,0.0,0.0,8.0,10.0,4.0,1.0,36.0,41.0,9,10,0.0,2.0,36.0,42.0,2,2,1,1.0,0.0,N208JQ,N208JQ-DL-1,36.0,48.0,5.0,41.0,53.0,32.0,4.0,0.0,38,43,2.0,4.9
N208SY,643.0,2019,2,5,2,4,2019-05-02,UA,UA_CODESHARE,19977,UA,5309,,,,,OO,20304,OO,5309,14683,1468305,33214,SAT,"San Antonio, TX",TX,48,Texas,74,14771,1477104,32457,SFO,"San Francisco, CA",CA,6,California,91,645,-2.0,0.0,0.0,-1.0,0600-0659,25.0,708.0,848.0,4.0,856,852.0,-4.0,0.0,0.0,-1.0,0800-0859,0.0,,0.0,251.0,249.0,220.0,1.0,1482.0,6,,,0.0,,0.0,,,,0,,,,,,,,,,,,,,,,,,,,,,,,,,,,,,,,,,,,,,,,,,,,,N,4.0,12.0,6.0,8.0,3.0,3.0,31.0,47.0,6,8,3.0,4.0,31.0,48.0,7,7,0,0.0,0.0,N208SY,N208SY-UA-0,31.0,43.0,16.0,47.0,59.0,,,0.0,31,47,0.0,0.0
N208WN,559.0,2019,2,5,2,4,2019-05-02,WN,WN,19393,WN,2270,,,,,WN,19393,WN,2270,11618,1161802,31703,EWR,"Newark, NJ",NJ,34,New Jersey,21,10693,1069302,30693,BNA,"Nashville, TN",TN,47,Tennessee,54,600,-1.0,0.0,0.0,-1.0,0600-0659,12.0,611.0,702.0,5.0,735,707.0,-28.0,0.0,0.0,-2.0,0700-0759,0.0,,0.0,155.0,128.0,111.0,1.0,748.0,3,,,0.0,,0.0,,,,0,,,,,,,,,,,,,,,,,,,,,,,,,,,,,,,,,,,,,,,,,,,,,N,0.0,4.0,5.0,7.0,4.0,0.0,24.0,32.0,6,7,0.0,2.0,24.0,34.0,1,1,0,1.0,1.0,N208WN,N208WN-WN-0,24.0,36.0,8.0,32.0,44.0,,,0.0,24,32,0.0,0.0
N208WN,837.0,2019,2,5,2,4,2019-05-02,WN,WN,19393,WN,2270,,,,,WN,19393,WN,2270,10693,1069302,30693,BNA,"Nashville, TN",TN,47,Tennessee,54,13487,1348702,31650,MSP,"Minneapolis, MN",MN,27,Minnesota,63,810,27.0,27.0,1.0,1.0,0800-0859,8.0,845.0,1043.0,4.0,1010,1047.0,37.0,37.0,1.0,2.0,1000-1059,0.0,,0.0,120.0,130.0,118.0,1.0,695.0,3,27.0,0.0,10.0,0.0,0.0,,,,0,,,,,,,,,,,,,,,,,,,,,,,,,,,,,,,,,,,,,,,,,,,,,N,4.0,4.0,8.0,10.0,2.0,3.0,38.0,47.0,8,10,1.0,1.0,37.0,45.0,4,4,1,1.0,0.0,N208WN,N208WN-WN-1,37.0,50.0,9.0,46.0,59.0,32.0,6.0,1.0,37,46,0.0,0.0
N209JQ,843.0,2019,2,5,2,4,2019-05-02,DL,DL_CODESHARE,19790,DL,6001,,,,,YX,20452,YX,6001,11066,1106606,31066,CMH,"Columbus, OH",OH,39,Ohio,44,12953,1295304,31703,LGA,"New York, NY",NY,36,New York,22,850,-7.0,0.0,0.0,-1.0,0800-0859,11.0,854.0,1015.0,7.0,1035,1022.0,-13.0,0.0,0.0,-1.0,1000-1059,0.0,,0.0,105.0,99.0,81.0,1.0,479.0,2,,,0.0,,0.0,,,,0,,,,,,,,,,,,,,,,,,,,,,,,,,,,,,,,,,,,,,,,,,,,,N,0.0,0.0,8.0,10.0,3.0,1.0,35.0,41.0,8,10,3.0,2.0,35.0,42.0,8,8,0,0.0,0.0,N209JQ,N209JQ-DL-0,35.0,47.0,6.0,41.0,53.0,,,0.0,35,41,0.0,0.0
N209NN,543.0,2019,2,5,2,4,2019-05-02,AA,AA_CODESHARE,19805,AA,6019,,,,,CP,21167,CP,6019,14771,1477104,32457,SFO,"San Francisco, CA",CA,6,California,91,12892,1289208,32575,LAX,"Los Angeles, CA",CA,6,California,91,540,3.0,3.0,0.0,0.0,0001-0559,11.0,554.0,653.0,17.0,705,710.0,5.0,5.0,0.0,0.0,0700-0759,0.0,,0.0,85.0,87.0,59.0,1.0,337.0,2,,,0.0,,0.0,,,,0,,,,,,,,,,,,,,,,,,,,,,,,,,,,,,,,,,,,,,,,,,,,,N,12.0,12.0,5.0,7.0,3.0,1.0,35.0,41.0,5,7,3.0,0.0,35.0,40.0,7,7,0,0.0,0.0,N209NN,N209NN-AA-0,35.0,47.0,6.0,41.0,53.0,,,0.0,35,41,0.0,0.0
N209PS,647.0,2019,2,5,2,4,2019-05-02,AA,AA_CODESHARE,19805,AA,5691,,,,,OH,20397,OH,5691,11267,1126702,31267,DAY,"Dayton, OH",OH,39,Ohio,44,12953,1295304,31703,LGA,"New York, NY",NY,36,New York,22,655,-8.0,0.0,0.0,-1.0,0600-0659,13.0,700.0,833.0,10.0,853,843.0,-10.0,0.0,0.0,-1.0,0800-0859,0.0,,0.0,118.0,116.0,93.0,1.0,549.0,3,,,0.0,,0.0,,,,0,,,,,,,,,,,,,,,,,,,,,,,,,,,,,,,,,,,,,,,,,,,,,N,0.0,0.0,6.0,8.0,3.0,3.0,27.0,35.0,6,8,4.0,4.0,28.0,36.0,1,1,0,1.0,1.0,N209PS,N209PS-AA-0,28.0,39.0,8.0,36.0,47.0,,,0.0,28,36,0.0,0.0
N209PS,928.0,2019,2,5,2,4,2019-05-02,AA,AA_CODESHARE,19805,AA,5563,,,,,OH,20397,OH,5563,12953,1295304,31703,LGA,"New York, NY",NY,36,New York,22,11267,1126702,31267,DAY,"Dayton, OH",OH,39,Ohio,44,935,-7.0,0.0,0.0,-1.0,0900-0959,31.0,959.0,1135.0,6.0,1137,1141.0,4.0,4.0,0.0,0.0,1100-1159,0.0,,0.0,122.0,133.0,96.0,1.0,549.0,3,,,0.0,,0.0,,,,0,,,,,,,,,,,,,,,,,,,,,,,,,,,,,,,,,,,,,,,,,,,,,N,0.0,0.0,9.0,11.0,2.0,3.0,38.0,47.0,9,11,2.0,2.0,38.0,46.0,3,3,1,1.0,0.0,N209PS,N209PS-AA-1,38.0,50.0,9.0,47.0,59.0,35.0,3.0,0.0,42,51,4.0,15.88
N209SY,557.0,2019,2,5,2,4,2019-05-02,UA,UA_CODESHARE,19977,UA,5276,,,,,OO,20304,OO,5276,10157,1015706,30157,ACV,"Arcata/Eureka, CA",CA,6,California,91,14771,1477104,32457,SFO,"San Francisco, CA",CA,6,California,91,600,-3.0,0.0,0.0,-1.0,0600-0659,9.0,606.0,651.0,6.0,716,657.0,-19.0,0.0,0.0,-2.0,0700-0759,0.0,,0.0,76.0,60.0,45.0,1.0,250.0,2,,,0.0,,0.0,,,,0,,,,,,,,,,,,,,,,,,,,,,,,,,,,,,,,,,,,,,,,,,,,,N,12.0,12.0,5.0,6.0,4.0,4.0,36.0,40.0,6,7,0.0,1.0,36.0,41.0,4,4,0,0.0,0.0,N209SY,N209SY-UA-0,36.0,48.0,4.0,40.0,52.0,,,0.0,36,41,1.0,4.3
N209WN,733.0,2019,2,5,2,4,2019-05-02,WN,WN,19393,WN,1965,,,,,WN,19393,WN,1965,13204,1320402,31454,MCO,"Orlando, FL",FL,12,Florida,33,14843,1484306,34819,SJU,"San Juan, PR",PR,72,Puerto Rico,3,725,8.0,8.0,0.0,0.0,0700-0759,15.0,748.0,1016.0,4.0,1010,1020.0,10.0,10.0,0.0,0.0,1000-1059,0.0,,0.0,165.0,167.0,148.0,1.0,1189.0,5,,,0.0,,0.0,,,,0,,,,,,,,,,,,,,,,,,,,,,,,,,,,,,,,,,,,,,,,,,,,,N,0.0,-4.0,7.0,10.0,2.0,1.0,30.0,37.0,7,10,2.0,1.0,30.0,37.0,3,3,0,1.0,1.0,N209WN,N209WN-WN-0,30.0,42.0,7.0,37.0,49.0,,,0.0,30,37,0.0,0.0
N209WN,1111.0,2019,2,5,2,4,2019-05-02,WN,WN,19393,WN,789,,,,,WN,19393,WN,789,14843,1484306,34819,SJU,"San Juan, PR",PR,72,Puerto Rico,3,13204,1320402,31454,MCO,"Orlando, FL",FL,12,Florida,33,1050,21.0,21.0,1.0,1.0,1000-1059,14.0,1125.0,1407.0,9.0,1405,1416.0,11.0,11.0,0.0,0.0,1400-1459,0.0,,0.0,195.0,185.0,162.0,1.0,1189.0,5,,,0.0,,0.0,,,,0,,,,,,,,,,,,,,,,,,,,,,,,,,,,,,,,,,,,,,,,,,,,,N,-4.0,0.0,11.0,14.0,1.0,1.0,41.0,57.0,10,14,3.0,0.0,39.0,56.0,5,5,1,1.0,0.0,N209WN,N209WN-WN-1,41.0,53.0,16.0,57.0,69.0,37.0,4.0,0.0,41,57,0.0,0.0
N210FR,616.0,2019,2,5,2,4,2019-05-02,F9,F9,20436,F9,1510,,,,,F9,20436,F9,1510,10397,1039707,30397,ATL,"Atlanta, GA",GA,13,Georgia,34,12953,1295304,31703,LGA,"New York, NY",NY,36,New York,22,612,4.0,4.0,0.0,0.0,0600-0659,21.0,637.0,826.0,9.0,830,835.0,5.0,5.0,0.0,0.0,0800-0859,0.0,,0.0,138.0,139.0,109.0,1.0,762.0,4,,,0.0,,0.0,,,,0,,,,,,,,,,,,,,,,,,,,,,,,,,,,,,,,,,,,,,,,,,,,,N,0.0,0.0,6.0,8.0,1.0,2.0,25.0,34.0,6,8,1.0,2.0,25.0,34.0,6,6,0,1.0,1.0,N210FR,N210FR-F9-0,25.0,37.0,9.0,34.0,46.0,,,0.0,25,34,0.0,0.0
N210FR,917.0,2019,2,5,2,4,2019-05-02,F9,F9,20436,F9,647,,,,,F9,20436,F9,647,12953,1295304,31703,LGA,"New York, NY",NY,36,New York,22,11193,1119302,33105,CVG,"Cincinnati, OH",KY,21,Kentucky,52,920,-3.0,0.0,0.0,-1.0,0900-0959,33.0,950.0,1130.0,9.0,1145,1139.0,-6.0,0.0,0.0,-1.0,1100-1159,0.0,,0.0,145.0,142.0,100.0,1.0,585.0,3,,,0.0,,0.0,,,,0,,,,,,,,,,,,,,,,,,,,,,,,,,,,,,,,,,,,,,,,,,,,,N,0.0,0.0,9.0,11.0,1.0,3.0,37.0,47.0,9,11,1.0,3.0,37.0,47.0,9,9,1,1.0,0.0,N210FR,N210FR-F9-1,37.0,49.0,10.0,47.0,59.0,34.0,3.0,0.0,38,48,1.0,9.26
N210JQ,753.0,2019,2,5,2,4,2019-05-02,DL,DL_CODESHARE,19790,DL,5923,,,,,YX,20452,YX,5923,14492,1449202,34492,RDU,"Raleigh/Durham, NC",NC,37,North Carolina,36,12953,1295304,31703,LGA,"New York, NY",NY,36,New York,22,800,-7.0,0.0,0.0,-1.0,0800-0859,60.0,853.0,958.0,13.0,951,1011.0,20.0,20.0,1.0,1.0,0900-0959,0.0,,0.0,111.0,138.0,65.0,1.0,431.0,2,0.0,0.0,20.0,0.0,0.0,,,,0,,,,,,,,,,,,,,,,,,,,,,,,,,,,,,,,,,,,,,,,,,,,,N,0.0,0.0,7.0,10.0,4.0,1.0,32.0,41.0,8,9,0.0,3.0,32.0,39.0,5,5,0,0.0,0.0,N210JQ,N210JQ-DL-0,32.0,44.0,9.0,41.0,53.0,,,1.0,32,41,0.0,0.0
N210NN,618.0,2019,2,5,2,4,2019-05-02,AA,AA_CODESHARE,19805,AA,6065,,,,,CP,21167,CP,6065,14679,1467903,33570,SAN,"San Diego, CA",CA,6,California,91,12892,1289208,32575,LAX,"Los Angeles, CA",CA,6,California,91,625,-7.0,0.0,0.0,-1.0,0600-0659,29.0,647.0,718.0,7.0,728,725.0,-3.0,0.0,0.0,-1.0,0700-0759,0.0,,0.0,63.0,67.0,31.0,1.0,109.0,1,,,0.0,,0.0,,,,0,,,,,,,,,,,,,,,,,,,,,,,,,,,,,,,,,,,,,,,,,,,,,N,12.0,12.0,6.0,7.0,1.0,2.0,37.0,42.0,6,7,2.0,2.0,38.0,42.0,7,7,0,0.0,0.0,N210NN,N210NN-AA-0,38.0,49.0,5.0,43.0,54.0,,,0.0,38,43,0.0,0.0
N210WN,634.0,2019,2,5,2,4,2019-05-02,WN,WN,19393,WN,879,,,,,WN,19393,WN,879,14893,1489302,33192,SMF,"Sacramento, CA",CA,6,California,91,14679,1467903,33570,SAN,"San Diego, CA",CA,6,California,91,635,-1.0,0.0,0.0,-1.0,0600-0659,8.0,642.0,752.0,6.0,800,758.0,-2.0,0.0,0.0,-1.0,0800-0859,0.0,,0.0,85.0,84.0,70.0,1.0,480.0,2,,,0.0,,0.0,,,,0,,,,,,,,,,,,,,,,,,,,,,,,,,,,,,,,,,,,,,,,,,,,,N,12.0,12.0,6.0,7.0,2.0,4.0,38.0,44.0,6,8,2.0,0.0,38.0,44.0,8,8,0,0.0,0.0,N210WN,N210WN-WN-0,38.0,50.0,6.0,44.0,56.0,,,0.0,38,44,0.0,0.0
N21130,628.0,2019,2,5,2,4,2019-05-02,UA,UA_CODESHARE,19977,UA,4754,,,,,AX,20237,AX,4754,13029,1302902,33029,LNK,"Lincoln, NE",NE,31,Nebraska,65,11292,1129202,30325,DEN,"Denver, CO",CO,8,Colorado,82,630,-2.0,0.0,0.0,-1.0,0600-0659,18.0,646.0,659.0,8.0,705,707.0,2.0,2.0,0.0,0.0,0700-0759,0.0,,0.0,95.0,99.0,73.0,1.0,423.0,2,,,0.0,,0.0,,,,0,,,,,,,,,,,,,,,,,,,,,,,,,,,,,,,,,,,,,,,,,,,,,N,4.0,8.0,6.0,7.0,2.0,0.0,30.0,36.0,6,7,2.0,0.0,30.0,36.0,7,7,0,0.0,0.0,N21130,N21130-UA-0,30.0,42.0,6.0,36.0,48.0,,,0.0,30,36,0.0,0.0
N21144,756.0,2019,2,5,2,4,2019-05-02,UA,UA_CODESHARE,19977,UA,4721,,,,,AX,20237,AX,4721,11996,1199603,31871,GSP,"Greer, SC",SC,45,South Carolina,37,13930,1393007,30977,ORD,"Chicago, IL",IL,17,Illinois,41,800,-4.0,0.0,0.0,-1.0,0800-0859,13.0,809.0,847.0,8.0,920,855.0,-25.0,0.0,0.0,-2.0,0900-0959,0.0,,0.0,140.0,119.0,98.0,1.0,577.0,3,,,0.0,,0.0,,,,0,,,,,,,,,,,,,,,,,,,,,,,,,,,,,,,,,,,,,,,,,,,,,N,0.0,4.0,7.0,8.0,4.0,4.0,32.0,40.0,8,9,0.0,1.0,32.0,41.0,3,3,0,0.0,0.0,N21144,N21144-UA-0,32.0,44.0,8.0,40.0,52.0,,,0.0,32,40,0.0,0.0
N21154,904.0,2019,2,5,2,4,2019-05-02,UA,UA_CODESHARE,19977,UA,4916,,,,,C5,20445,C5,4916,10257,1025702,30257,ALB,"Albany, NY",NY,36,New York,22,11618,1161802,31703,EWR,"Newark, NJ",NJ,34,New Jersey,21,915,-11.0,0.0,0.0,-1.0,0900-0959,14.0,918.0,954.0,31.0,1027,1025.0,-2.0,0.0,0.0,-1.0,1000-1059,0.0,,0.0,72.0,81.0,36.0,1.0,143.0,1,,,0.0,,0.0,,,,0,,,,,,,,,,,,,,,,,,,,,,,,,,,,,,,,,,,,,,,,,,,,,N,0.0,0.0,9.0,10.0,0.0,2.0,36.0,42.0,9,10,1.0,2.0,37.0,42.0,3,3,0,0.0,0.0,N21154,N21154-UA-0,37.0,48.0,6.0,43.0,54.0,,,0.0,37,45,2.0,7.3
N21197,556.0,2019,2,5,2,4,2019-05-02,UA,UA_CODESHARE,19977,UA,4909,,,,,C5,20445,C5,4909,10431,1043105,30431,AVL,"Asheville, NC",NC,37,North Carolina,36,12264,1226402,30852,IAD,"Washington, DC",VA,51,Virginia,38,600,-4.0,0.0,0.0,-1.0,0600-0659,26.0,622.0,735.0,5.0,733,740.0,7.0,7.0,0.0,0.0,0700-0759,0.0,,0.0,93.0,104.0,73.0,1.0,370.0,2,,,0.0,,0.0,,,,0,,,,,,,,,,,,,,,,,,,,,,,,,,,,,,,,,,,,,,,,,,,,,N,0.0,0.0,5.0,7.0,4.0,3.0,24.0,31.0,6,7,0.0,2.0,24.0,30.0,1,1,0,1.0,1.0,N21197,N21197-UA-0,24.0,36.0,7.0,31.0,43.0,,,0.0,25,32,1.0,1.26
N21197,851.0,2019,2,5,2,4,2019-05-02,UA,UA_CODESHARE,19977,UA,5012,,,,,C5,20445,C5,5012,12264,1226402,30852,IAD,"Washington, DC",VA,51,Virginia,38,14711,1471105,34711,SCE,"State College, PA",PA,42,Pennsylvania,23,845,6.0,6.0,0.0,0.0,0800-0859,33.0,924.0,959.0,3.0,949,1002.0,13.0,13.0,0.0,0.0,0900-0959,0.0,,0.0,64.0,71.0,35.0,1.0,133.0,1,,,0.0,,0.0,,,,0,,,,,,,,,,,,,,,,,,,,,,,,,,,,,,,,,,,,,,,,,,,,,N,0.0,0.0,8.0,10.0,3.0,0.0,35.0,40.0,8,9,3.0,3.0,35.0,39.0,6,6,1,1.0,0.0,N21197,N21197-UA-1,35.0,47.0,5.0,40.0,52.0,31.0,4.0,0.0,36,41,1.0,6.26
N211JQ,554.0,2019,2,5,2,4,2019-05-02,DL,DL_CODESHARE,19790,DL,6005,,,,,YX,20452,YX,6005,11986,1198603,31986,GRR,"Grand Rapids, MI",MI,26,Michigan,43,12953,1295304,31703,LGA,"New York, NY",NY,36,New York,22,600,-6.0,0.0,0.0,-1.0,0600-0659,13.0,607.0,737.0,11.0,759,748.0,-11.0,0.0,0.0,-1.0,0700-0759,0.0,,0.0,119.0,114.0,90.0,1.0,618.0,3,,,0.0,,0.0,,,,0,,,,,,,,,,,,,,,,,,,,,,,,,,,,,,,,,,,,,,,,,,,,,N,0.0,0.0,5.0,7.0,4.0,3.0,24.0,31.0,6,7,0.0,4.0,24.0,32.0,3,3,0,1.0,1.0,N211JQ,N211JQ-DL-0,24.0,36.0,7.0,31.0,43.0,,,0.0,24,31,0.0,0.0
N211JQ,827.0,2019,2,5,2,4,2019-05-02,DL,DL_CODESHARE,19790,DL,5880,,,,,YX,20452,YX,5880,12953,1295304,31703,LGA,"New York, NY",NY,36,New York,22,13198,1319801,33198,MCI,"Kansas City, MO",MO,29,Missouri,64,835,-8.0,0.0,0.0,-1.0,0800-0859,24.0,851.0,1047.0,8.0,1100,1055.0,-5.0,0.0,0.0,-1.0,1100-1159,0.0,,0.0,205.0,208.0,176.0,1.0,1107.0,5,,,0.0,,0.0,,,,0,,,,,,,,,,,,,,,,,,,,,,,,,,,,,,,,,,,,,,,,,,,,,N,0.0,4.0,8.0,10.0,2.0,4.0,34.0,48.0,8,11,2.0,0.0,34.0,48.0,9,9,1,1.0,0.0,N211JQ,N211JQ-DL-1,34.0,46.0,14.0,48.0,60.0,31.0,3.0,0.0,34,48,0.0,0.0
N211WN,556.0,2019,2,5,2,4,2019-05-02,WN,WN,19393,WN,458,,,,,WN,19393,WN,458,12339,1233904,32337,IND,"Indianapolis, IN",IN,18,Indiana,42,15304,1530402,33195,TPA,"Tampa, FL",FL,12,Florida,33,600,-4.0,0.0,0.0,-1.0,0600-0659,8.0,604.0,757.0,4.0,810,801.0,-9.0,0.0,0.0,-1.0,0800-0859,0.0,,0.0,130.0,125.0,113.0,1.0,837.0,4,,,0.0,,0.0,,,,0,,,,,,,,,,,,,,,,,,,,,,,,,,,,,,,,,,,,,,,,,,,,,N,0.0,0.0,5.0,8.0,4.0,0.0,24.0,32.0,6,8,0.0,1.0,24.0,33.0,7,7,0,1.0,1.0,N211WN,N211WN-WN-0,24.0,36.0,8.0,32.0,44.0,,,0.0,24,32,0.0,0.0
N211WN,842.0,2019,2,5,2,4,2019-05-02,WN,WN,19393,WN,1481,,,,,WN,19393,WN,1481,15304,1530402,33195,TPA,"Tampa, FL",FL,12,Florida,33,13232,1323202,30977,MDW,"Chicago, IL",IL,17,Illinois,41,845,-3.0,0.0,0.0,-1.0,0800-0859,8.0,850.0,1006.0,4.0,1030,1010.0,-20.0,0.0,0.0,-2.0,1000-1059,0.0,,0.0,165.0,148.0,136.0,1.0,997.0,4,,,0.0,,0.0,,,,0,,,,,,,,,,,,,,,,,,,,,,,,,,,,,,,,,,,,,,,,,,,,,N,0.0,4.0,8.0,10.0,3.0,1.0,35.0,45.0,8,10,3.0,2.0,35.0,46.0,9,9,1,1.0,0.0,N211WN,N211WN-WN-1,35.0,47.0,10.0,45.0,57.0,32.0,3.0,0.0,35,45,0.0,0.0
N212JQ,659.0,2019,2,5,2,4,2019-05-02,DL,DL_CODESHARE,19790,DL,6015,,,,,YX,20452,YX,6015,11066,1106606,31066,CMH,"Columbus, OH",OH,39,Ohio,44,12953,1295304,31703,LGA,"New York, NY",NY,36,New York,22,700,-1.0,0.0,0.0,-1.0,0700-0759,19.0,718.0,842.0,10.0,847,852.0,5.0,5.0,0.0,0.0,0800-0859,0.0,,0.0,107.0,113.0,84.0,1.0,479.0,2,,,0.0,,0.0,,,,0,,,,,,,,,,,,,,,,,,,,,,,,,,,,,,,,,,,,,,,,,,,,,N,0.0,0.0,6.0,8.0,4.0,3.0,28.0,35.0,7,8,0.0,3.0,28.0,35.0,8,8,0,1.0,1.0,N212JQ,N212JQ-DL-0,28.0,40.0,7.0,35.0,47.0,,,0.0,28,35,0.0,0.0
N212JQ,930.0,2019,2,5,2,4,2019-05-02,DL,DL_CODESHARE,19790,DL,5869,,,,,YX,20452,YX,5869,12953,1295304,31703,LGA,"New York, NY",NY,36,New York,22,14492,1449202,34492,RDU,"Raleigh/Durham, NC",NC,37,North Carolina,36,930,0.0,0.0,0.0,0.0,0900-0959,36.0,1006.0,1119.0,8.0,1130,1127.0,-3.0,0.0,0.0,-1.0,1100-1159,0.0,,0.0,120.0,117.0,73.0,1.0,431.0,2,,,0.0,,0.0,,,,0,,,,,,,,,,,,,,,,,,,,,,,,,,,,,,,,,,,,,,,,,,,,,N,0.0,0.0,9.0,11.0,2.0,2.0,38.0,46.0,9,11,2.0,2.0,38.0,46.0,3,3,1,1.0,0.0,N212JQ,N212JQ-DL-1,38.0,50.0,8.0,46.0,58.0,35.0,3.0,0.0,38,46,0.0,0.0
N212NN,656.0,2019,2,5,2,4,2019-05-02,AA,AA_CODESHARE,19805,AA,6061,,,,,CP,21167,CP,6061,11292,1129202,30325,DEN,"Denver, CO",CO,8,Colorado,82,12892,1289208,32575,LAX,"Los Angeles, CA",CA,6,California,91,705,-9.0,0.0,0.0,-1.0,0700-0759,19.0,715.0,821.0,10.0,849,831.0,-18.0,0.0,0.0,-2.0,0800-0859,0.0,,0.0,164.0,155.0,126.0,1.0,862.0,4,,,0.0,,0.0,,,,0,,,,,,,,,,,,,,,,,,,,,,,,,,,,,,,,,,,,,,,,,,,,,N,8.0,12.0,6.0,8.0,4.0,2.0,36.0,46.0,7,8,0.0,3.0,36.0,47.0,2,2,0,0.0,0.0,N212NN,N212NN-AA-0,36.0,48.0,10.0,46.0,58.0,,,0.0,36,46,0.0,0.0
N212WN,555.0,2019,2,5,2,4,2019-05-02,WN,WN,19393,WN,5710,,,,,WN,19393,WN,5710,14122,1412202,30198,PIT,"Pittsburgh, PA",PA,42,Pennsylvania,23,15304,1530402,33195,TPA,"Tampa, FL",FL,12,Florida,33,600,-5.0,0.0,0.0,-1.0,0600-0659,11.0,606.0,806.0,4.0,820,810.0,-10.0,0.0,0.0,-1.0,0800-0859,0.0,,0.0,140.0,135.0,120.0,1.0,873.0,4,,,0.0,,0.0,,,,0,,,,,,,,,,,,,,,,,,,,,,,,,,,,,,,,,,,,,,,,,,,,,N,0.0,0.0,5.0,8.0,4.0,1.0,24.0,33.0,6,8,0.0,1.0,24.0,33.0,1,1,0,1.0,1.0,N212WN,N212WN-WN-0,24.0,36.0,9.0,33.0,45.0,,,0.0,24,33,0.0,0.0
N212WN,912.0,2019,2,5,2,4,2019-05-02,WN,WN,19393,WN,459,,,,,WN,19393,WN,459,15304,1530402,33195,TPA,"Tampa, FL",FL,12,Florida,33,10792,1079206,30792,BUF,"Buffalo, NY",NY,36,New York,22,855,17.0,17.0,1.0,1.0,0800-0859,12.0,924.0,1134.0,2.0,1135,1136.0,1.0,1.0,0.0,0.0,1100-1159,0.0,,0.0,160.0,144.0,130.0,1.0,1053.0,5,,,0.0,,0.0,,,,0,,,,,,,,,,,,,,,,,,,,,,,,,,,,,,,,,,,,,,,,,,,,,N,0.0,0.0,9.0,11.0,1.0,2.0,37.0,46.0,8,11,4.0,2.0,36.0,46.0,6,6,1,1.0,0.0,N212WN,N212WN-WN-1,37.0,49.0,9.0,46.0,58.0,33.0,4.0,0.0,37,46,0.0,0.0
N213FR,633.0,2019,2,5,2,4,2019-05-02,F9,F9,20436,F9,1219,,,,,F9,20436,F9,1219,13204,1320402,31454,MCO,"Orlando, FL",FL,12,Florida,33,15370,1537002,34653,TUL,"Tulsa, OK",OK,40,Oklahoma,73,635,-2.0,0.0,0.0,-1.0,0600-0659,22.0,655.0,812.0,9.0,827,821.0,-6.0,0.0,0.0,-1.0,0800-0859,0.0,,0.0,172.0,168.0,137.0,1.0,1005.0,5,,,0.0,,0.0,,,,0,,,,,,,,,,,,,,,,,,,,,,,,,,,,,,,,,,,,,,,,,,,,,N,0.0,4.0,6.0,8.0,2.0,1.0,26.0,37.0,6,8,2.0,2.0,26.0,38.0,6,6,0,0.0,0.0,N213FR,N213FR-F9-0,26.0,38.0,11.0,37.0,49.0,,,0.0,26,37,0.0,0.0
N213JQ,608.0,2019,2,5,2,4,2019-05-02,DL,DL_CODESHARE,19790,DL,5948,,,,,YX,20452,YX,5948,11066,1106606,31066,CMH,"Columbus, OH",OH,39,Ohio,44,12953,1295304,31703,LGA,"New York, NY",NY,36,New York,22,600,8.0,8.0,0.0,0.0,0600-0659,13.0,621.0,743.0,8.0,742,751.0,9.0,9.0,0.0,0.0,0700-0759,0.0,,0.0,102.0,103.0,82.0,1.0,479.0,2,,,0.0,,0.0,,,,0,,,,,,,,,,,,,,,,,,,,,,,,,,,,,,,,,,,,,,,,,,,,,N,0.0,0.0,6.0,7.0,1.0,3.0,25.0,31.0,6,7,0.0,3.0,24.0,31.0,2,2,0,1.0,1.0,N213JQ,N213JQ-DL-0,25.0,37.0,6.0,31.0,43.0,,,0.0,25,31,0.0,0.0
N213JQ,823.0,2019,2,5,2,4,2019-05-02,DL,DL_CODESHARE,19790,DL,5881,,,,,YX,20452,YX,5881,12953,1295304,31703,LGA,"New York, NY",NY,36,New York,22,12339,1233904,32337,IND,"Indianapolis, IN",IN,18,Indiana,42,822,1.0,1.0,0.0,0.0,0800-0859,40.0,903.0,1049.0,7.0,1044,1056.0,12.0,12.0,0.0,0.0,1000-1059,0.0,,0.0,142.0,153.0,106.0,1.0,660.0,3,,,0.0,,0.0,,,,0,,,,,,,,,,,,,,,,,,,,,,,,,,,,,,,,,,,,,,,,,,,,,N,0.0,0.0,8.0,10.0,2.0,4.0,34.0,44.0,8,10,1.0,3.0,33.0,43.0,5,5,1,1.0,0.0,N213JQ,N213JQ-DL-1,34.0,46.0,10.0,44.0,56.0,31.0,3.0,0.0,34,44,0.0,0.0
N213NN,604.0,2019,2,5,2,4,2019-05-02,AA,AA_CODESHARE,19805,AA,6048,,,,,CP,21167,CP,6048,14747,1474703,30559,SEA,"Seattle, WA",WA,53,Washington,93,12892,1289208,32575,LAX,"Los Angeles, CA",CA,6,California,91,610,-6.0,0.0,0.0,-1.0,0600-0659,17.0,621.0,824.0,13.0,910,837.0,-33.0,0.0,0.0,-2.0,0900-0959,0.0,,0.0,180.0,153.0,123.0,1.0,954.0,4,,,0.0,,0.0,,,,0,,,,,,,,,,,,,,,,,,,,,,,,,,,,,,,,,,,,,,,,,,,,,N,12.0,12.0,6.0,8.0,0.0,2.0,36.0,46.0,6,9,1.0,1.0,37.0,49.0,9,9,0,0.0,0.0,N213NN,N213NN-AA-0,37.0,48.0,10.0,47.0,58.0,,,0.0,37,47,0.0,0.0
N213PS,500.0,2019,2,5,2,4,2019-05-02,AA,AA_CODESHARE,19805,AA,5136,,,,,OH,20397,OH,5136,10874,1087402,30647,CAK,"Akron, OH",OH,39,Ohio,44,11278,1127805,30852,DCA,"Washington, DC",VA,51,Virginia,38,506,-6.0,0.0,0.0,-1.0,0001-0559,11.0,511.0,602.0,4.0,624,606.0,-18.0,0.0,0.0,-2.0,0600-0659,0.0,,0.0,78.0,66.0,51.0,1.0,274.0,2,,,0.0,,0.0,,,,0,,,,,,,,,,,,,,,,,,,,,,,,,,,,,,,,,,,,,,,,,,,,,N,0.0,0.0,5.0,6.0,0.0,0.0,20.0,24.0,5,6,0.0,2.0,20.0,26.0,9,9,0,2.0,2.0,N213PS,N213PS-AA-0,20.0,32.0,4.0,24.0,36.0,,,0.0,20,24,0.0,0.0
N213PS,654.0,2019,2,5,2,4,2019-05-02,AA,AA_CODESHARE,19805,AA,5604,,,,,OH,20397,OH,5604,11278,1127805,30852,DCA,"Washington, DC",VA,51,Virginia,38,14307,1430705,30721,PVD,"Providence, RI",RI,44,Rhode Island,15,659,-5.0,0.0,0.0,-1.0,0600-0659,20.0,714.0,810.0,3.0,822,813.0,-9.0,0.0,0.0,-1.0,0800-0859,0.0,,0.0,83.0,79.0,56.0,1.0,356.0,2,,,0.0,,0.0,,,,0,,,,,,,,,,,,,,,,,,,,,,,,,,,,,,,,,,,,,,,,,,,,,N,0.0,0.0,6.0,8.0,4.0,1.0,28.0,33.0,6,8,4.0,1.0,28.0,33.0,6,6,1,2.0,1.0,N213PS,N213PS-AA-1,28.0,40.0,5.0,33.0,45.0,24.0,4.0,0.0,28,33,0.0,0.0
N213PS,903.0,2019,2,5,2,4,2019-05-02,AA,AA_CODESHARE,19805,AA,5604,,,,,OH,20397,OH,5604,14307,1430705,30721,PVD,"Providence, RI",RI,44,Rhode Island,15,11278,1127805,30852,DCA,"Washington, DC",VA,51,Virginia,38,913,-10.0,0.0,0.0,-1.0,0900-0959,10.0,913.0,1033.0,3.0,1050,1036.0,-14.0,0.0,0.0,-1.0,1000-1059,0.0,,0.0,97.0,93.0,80.0,1.0,356.0,2,,,0.0,,0.0,,,,0,,,,,,,,,,,,,,,,,,,,,,,,,,,,,,,,,,,,,,,,,,,,,N,0.0,0.0,9.0,10.0,0.0,2.0,36.0,42.0,9,10,1.0,3.0,37.0,43.0,9,9,2,2.0,0.0,N213PS,N213PS-AA-2,37.0,48.0,6.0,43.0,54.0,33.0,3.0,0.0,37,43,0.0,0.0
N213SY,742.0,2019,2,5,2,4,2019-05-02,UA,UA_CODESHARE,19977,UA,5550,,,,,OO,20304,OO,5550,15919,1591904,31834,XNA,"Fayetteville, AR",AR,5,Arkansas,71,14771,1477104,32457,SFO,"San Francisco, CA",CA,6,California,91,730,12.0,12.0,0.0,0.0,0700-0759,16.0,758.0,943.0,11.0,955,954.0,-1.0,0.0,0.0,-1.0,0900-0959,0.0,,0.0,265.0,252.0,225.0,1.0,1550.0,7,,,0.0,,0.0,,,,0,,,,,,,,,,,,,,,,,,,,,,,,,,,,,,,,,,,,,,,,,,,,,N,4.0,12.0,7.0,9.0,3.0,4.0,35.0,52.0,7,9,2.0,4.0,34.0,52.0,2,2,0,0.0,0.0,N213SY,N213SY-UA-0,35.0,47.0,17.0,52.0,64.0,,,0.0,35,52,0.0,0.0
N214AK,557.0,2019,2,5,2,4,2019-05-02,AS,AS,19930,AS,347,,,,,AS,19930,AS,347,12266,1226603,31453,IAH,"Houston, TX",TX,48,Texas,74,14747,1474703,30559,SEA,"Seattle, WA",WA,53,Washington,93,600,-3.0,0.0,0.0,-1.0,0600-0659,15.0,612.0,850.0,6.0,850,856.0,6.0,6.0,0.0,0.0,0800-0859,0.0,,0.0,290.0,299.0,278.0,1.0,1874.0,8,,,0.0,,0.0,,,,0,,,,,,,,,,,,,,,,,,,,,,,,,,,,,,,,,,,,,,,,,,,,,N,4.0,12.0,5.0,8.0,4.0,4.0,28.0,48.0,6,8,0.0,3.0,28.0,47.0,9,9,0,0.0,0.0,N214AK,N214AK-AS-0,28.0,40.0,20.0,48.0,60.0,,,0.0,28,48,0.0,0.0
N214JQ,654.0,2019,2,5,2,4,2019-05-02,DL,DL_CODESHARE,19790,DL,5873,,,,,YX,20452,YX,5873,14492,1449202,34492,RDU,"Raleigh/Durham, NC",NC,37,North Carolina,36,12953,1295304,31703,LGA,"New York, NY",NY,36,New York,22,700,-6.0,0.0,0.0,-1.0,0700-0759,26.0,720.0,832.0,14.0,900,846.0,-14.0,0.0,0.0,-1.0,0900-0959,0.0,,0.0,120.0,112.0,72.0,1.0,431.0,2,,,0.0,,0.0,,,,0,,,,,,,,,,,,,,,,,,,,,,,,,,,,,,,,,,,,,,,,,,,,,N,0.0,0.0,6.0,8.0,4.0,3.0,28.0,35.0,7,9,0.0,0.0,28.0,36.0,1,1,0,0.0,0.0,N214JQ,N214JQ-DL-0,28.0,40.0,7.0,35.0,47.0,,,0.0,28,35,0.0,0.0
N214NN,700.0,2019,2,5,2,4,2019-05-02,AA,AA_CODESHARE,19805,AA,6051,,,,,CP,21167,CP,6051,13871,1387102,33316,OMA,"Omaha, NE",NE,31,Nebraska,65,12892,1289208,32575,LAX,"Los Angeles, CA",CA,6,California,91,706,-6.0,0.0,0.0,-1.0,0700-0759,10.0,710.0,824.0,7.0,900,831.0,-29.0,0.0,0.0,-2.0,0900-0959,0.0,,0.0,234.0,211.0,194.0,1.0,1330.0,6,,,0.0,,0.0,,,,0,,,,,,,,,,,,,,,,,,,,,,,,,,,,,,,,,,,,,,,,,,,,,N,4.0,12.0,7.0,8.0,0.0,2.0,32.0,46.0,7,9,0.0,0.0,32.0,48.0,7,7,0,0.0,0.0,N214NN,N214NN-AA-0,32.0,44.0,14.0,46.0,58.0,,,0.0,32,46,0.0,0.0
N214UA,53.0,2019,2,5,2,4,2019-05-02,UA,UA,19977,UA,2352,,,,,UA,19977,UA,2352,12892,1289208,32575,LAX,"Los Angeles, CA",CA,6,California,91,12266,1226603,31453,IAH,"Houston, TX",TX,48,Texas,74,55,-2.0,0.0,0.0,-1.0,0001-0559,13.0,106.0,541.0,6.0,557,547.0,-10.0,0.0,0.0,-1.0,0001-0559,0.0,,0.0,182.0,174.0,155.0,1.0,1379.0,6,,,0.0,,0.0,,,,0,,,,,,,,,,,,,,,,,,,,,,,,,,,,,,,,,,,,,,,,,,,,,N,12.0,4.0,0.0,5.0,4.0,3.0,16.0,27.0,0,5,4.0,4.0,16.0,28.0,5,5,0,1.0,1.0,N214UA,N214UA-UA-0,16.0,28.0,11.0,27.0,39.0,,,0.0,16,27,0.0,0.0
N214UA,731.0,2019,2,5,2,4,2019-05-02,UA,UA,19977,UA,404,,,,,UA,19977,UA,404,12266,1226603,31453,IAH,"Houston, TX",TX,48,Texas,74,14771,1477104,32457,SFO,"San Francisco, CA",CA,6,California,91,725,6.0,6.0,0.0,0.0,0700-0759,27.0,758.0,937.0,4.0,935,941.0,6.0,6.0,0.0,0.0,0900-0959,0.0,,0.0,250.0,250.0,219.0,1.0,1635.0,7,,,0.0,,0.0,,,,0,,,,,,,,,,,,,,,,,,,,,,,,,,,,,,,,,,,,,,,,,,,,,N,4.0,12.0,7.0,9.0,2.0,3.0,34.0,51.0,7,9,2.0,2.0,34.0,50.0,6,6,1,1.0,0.0,N214UA,N214UA-UA-1,34.0,46.0,17.0,51.0,63.0,27.0,7.0,0.0,34,51,0.0,0.0
N215JQ,659.0,2019,2,5,2,4,2019-05-02,DL,DL_CODESHARE,19790,DL,6067,,,,,YX,20452,YX,6067,12478,1247805,31703,JFK,"New York, NY",NY,36,New York,22,10721,1072102,30721,BOS,"Boston, MA",MA,25,Massachusetts,13,659,0.0,0.0,0.0,0.0,0600-0659,27.0,726.0,813.0,11.0,816,824.0,8.0,8.0,0.0,0.0,0800-0859,0.0,,0.0,77.0,85.0,47.0,1.0,187.0,1,,,0.0,,0.0,,,,0,,,,,,,,,,,,,,,,,,,,,,,,,,,,,,,,,,,,,,,,,,,,,N,0.0,0.0,6.0,8.0,4.0,2.0,28.0,34.0,6,8,4.0,1.0,28.0,33.0,3,3,0,1.0,1.0,N215JQ,N215JQ-DL-0,28.0,40.0,6.0,34.0,46.0,,,0.0,28,34,0.0,0.0
N215JQ,858.0,2019,2,5,2,4,2019-05-02,DL,DL_CODESHARE,19790,DL,5963,,,,,YX,20452,YX,5963,10721,1072102,30721,BOS,"Boston, MA",MA,25,Massachusetts,13,14524,1452401,34524,RIC,"Richmond, VA",VA,51,Virginia,38,902,-4.0,0.0,0.0,-1.0,0900-0959,34.0,932.0,1055.0,4.0,1057,1059.0,2.0,2.0,0.0,0.0,1000-1059,0.0,,0.0,115.0,121.0,83.0,1.0,474.0,2,,,0.0,,0.0,,,,0,,,,,,,,,,,,,,,,,,,,,,,,,,,,,,,,,,,,,,,,,,,,,N,0.0,0.0,8.0,10.0,4.0,4.0,36.0,44.0,9,10,0.0,4.0,36.0,44.0,2,2,1,1.0,0.0,N215JQ,N215JQ-DL-1,36.0,48.0,8.0,44.0,56.0,34.0,2.0,0.0,36,44,0.0,0.0
N215PS,658.0,2019,2,5,2,4,2019-05-02,AA,AA_CODESHARE,19805,AA,5153,,,,,OH,20397,OH,5153,11146,1114607,31146,CRW,"Charleston/Dunbar, WV",WV,54,West Virginia,39,11278,1127805,30852,DCA,"Washington, DC",VA,51,Virginia,38,707,-9.0,0.0,0.0,-1.0,0700-0759,14.0,712.0,757.0,3.0,818,800.0,-18.0,0.0,0.0,-2.0,0800-0859,0.0,,0.0,71.0,62.0,45.0,1.0,249.0,1,,,0.0,,0.0,,,,0,,,,,,,,,,,,,,,,,,,,,,,,,,,,,,,,,,,,,,,,,,,,,N,0.0,0.0,6.0,8.0,4.0,0.0,28.0,32.0,7,8,0.0,1.0,28.0,33.0,9,9,0,1.0,1.0,N215PS,N215PS-AA-0,28.0,40.0,4.0,32.0,44.0,,,0.0,28,32,0.0,0.0
N215PS,940.0,2019,2,5,2,4,2019-05-02,AA,AA_CODESHARE,19805,AA,5282,,,,,OH,20397,OH,5282,11278,1127805,30852,DCA,"Washington, DC",VA,51,Virginia,38,12197,1219702,31703,HPN,"White Plains, NY",NY,36,New York,22,945,-5.0,0.0,0.0,-1.0,0900-0959,15.0,955.0,1050.0,3.0,1100,1053.0,-7.0,0.0,0.0,-1.0,1100-1159,0.0,,0.0,75.0,73.0,55.0,1.0,234.0,1,,,0.0,,0.0,,,,0,,,,,,,,,,,,,,,,,,,,,,,,,,,,,,,,,,,,,,,,,,,,,N,0.0,0.0,9.0,10.0,3.0,4.0,39.0,44.0,9,11,3.0,0.0,39.0,44.0,4,4,1,1.0,0.0,N215PS,N215PS-AA-1,39.0,51.0,5.0,44.0,56.0,32.0,7.0,0.0,39,44,0.0,0.0
N215UA,810.0,2019,2,5,2,4,2019-05-02,UA,UA,19977,UA,497,,,,,UA,19977,UA,497,11618,1161802,31703,EWR,"Newark, NJ",NJ,34,New Jersey,21,14771,1477104,32457,SFO,"San Francisco, CA",CA,6,California,91,815,-5.0,0.0,0.0,-1.0,0800-0859,18.0,828.0,1120.0,10.0,1131,1130.0,-1.0,0.0,0.0,-1.0,1100-1159,0.0,,0.0,376.0,380.0,352.0,1.0,2565.0,11,,,0.0,,0.0,,,,0,,,,,,,,,,,,,,,,,,,,,,,,,,,,,,,,,,,,,,,,,,,,,N,0.0,12.0,8.0,11.0,1.0,2.0,33.0,58.0,8,11,1.0,2.0,33.0,58.0,2,2,0,0.0,0.0,N215UA,N215UA-UA-0,33.0,45.0,25.0,58.0,70.0,,,0.0,33,59,1.0,2.38
N215WN,523.0,2019,2,5,2,4,2019-05-02,WN,WN,19393,WN,1726,,,,,WN,19393,WN,1726,12191,1219102,31453,HOU,"Houston, TX",TX,48,Texas,74,10397,1039707,30397,ATL,"Atlanta, GA",GA,13,Georgia,34,525,-2.0,0.0,0.0,-1.0,0001-0559,8.0,531.0,802.0,6.0,825,808.0,-17.0,0.0,0.0,-2.0,0800-0859,0.0,,0.0,120.0,105.0,91.0,1.0,696.0,3,,,0.0,,0.0,,,,0,,,,,,,,,,,,,,,,,,,,,,,,,,,,,,,,,,,,,,,,,,,,,N,4.0,0.0,5.0,8.0,2.0,1.0,26.0,33.0,5,8,2.0,2.0,26.0,34.0,1,1,0,1.0,1.0,N215WN,N215WN-WN-0,26.0,38.0,7.0,33.0,45.0,,,0.0,26,33,0.0,0.0
N215WN,904.0,2019,2,5,2,4,2019-05-02,WN,WN,19393,WN,1726,,,,,WN,19393,WN,1726,10397,1039707,30397,ATL,"Atlanta, GA",GA,13,Georgia,34,12339,1233904,32337,IND,"Indianapolis, IN",IN,18,Indiana,42,905,-1.0,0.0,0.0,-1.0,0900-0959,17.0,921.0,1028.0,4.0,1040,1032.0,-8.0,0.0,0.0,-1.0,1000-1059,0.0,,0.0,95.0,88.0,67.0,1.0,432.0,2,,,0.0,,0.0,,,,0,,,,,,,,,,,,,,,,,,,,,,,,,,,,,,,,,,,,,,,,,,,,,N,0.0,0.0,9.0,10.0,0.0,2.0,36.0,42.0,9,10,0.0,3.0,36.0,43.0,1,1,1,1.0,0.0,N215WN,N215WN-WN-1,36.0,48.0,6.0,42.0,54.0,33.0,3.0,0.0,36,42,0.0,0.0
N216FR,633.0,2019,2,5,2,4,2019-05-02,F9,F9,20436,F9,199,,,,,F9,20436,F9,199,11057,1105703,31057,CLT,"Charlotte, NC",NC,37,North Carolina,36,11292,1129202,30325,DEN,"Denver, CO",CO,8,Colorado,82,601,32.0,32.0,1.0,2.0,0600-0659,16.0,649.0,759.0,10.0,734,809.0,35.0,35.0,1.0,2.0,0700-0759,0.0,,0.0,213.0,216.0,190.0,1.0,1337.0,6,32.0,0.0,3.0,0.0,0.0,,,,0,,,,,,,,,,,,,,,,,,,,,,,,,,,,,,,,,,,,,,,,,,,,,N,0.0,8.0,6.0,8.0,2.0,1.0,26.0,41.0,6,7,0.0,2.0,24.0,38.0,2,2,0,0.0,0.0,N216FR,N216FR-F9-0,26.0,38.0,15.0,41.0,53.0,,,0.0,26,41,0.0,0.0
N216JB,539.0,2019,2,5,2,4,2019-05-02,B6,B6,20409,B6,727,,,,,B6,20409,B6,727,10721,1072102,30721,BOS,"Boston, MA",MA,25,Massachusetts,13,10821,1082106,30852,BWI,"Baltimore, MD",MD,24,Maryland,35,545,-6.0,0.0,0.0,-1.0,0001-0559,11.0,550.0,657.0,10.0,713,707.0,-6.0,0.0,0.0,-1.0,0700-0759,0.0,,0.0,88.0,88.0,67.0,1.0,369.0,2,,,0.0,,0.0,,,,0,,,,,,,,,,,,,,,,,,,,,,,,,,,,,,,,,,,,,,,,,,,,,N,0.0,0.0,5.0,7.0,3.0,0.0,23.0,28.0,5,7,3.0,1.0,23.0,29.0,9,9,0,1.0,1.0,N216JB,N216JB-B6-0,23.0,35.0,5.0,28.0,40.0,,,0.0,23,28,0.0,0.0
N216JB,744.0,2019,2,5,2,4,2019-05-02,B6,B6,20409,B6,1226,,,,,B6,20409,B6,1226,10821,1082106,30852,BWI,"Baltimore, MD",MD,24,Maryland,35,10721,1072102,30721,BOS,"Boston, MA",MA,25,Massachusetts,13,754,-10.0,0.0,0.0,-1.0,0700-0759,11.0,755.0,853.0,7.0,918,900.0,-18.0,0.0,0.0,-2.0,0900-0959,0.0,,0.0,84.0,76.0,58.0,1.0,369.0,2,,,0.0,,0.0,,,,0,,,,,,,,,,,,,,,,,,,,,,,,,,,,,,,,,,,,,,,,,,,,,N,0.0,0.0,7.0,9.0,3.0,0.0,31.0,36.0,7,9,4.0,1.0,32.0,37.0,4,4,1,1.0,0.0,N216JB,N216JB-B6-1,32.0,43.0,5.0,37.0,48.0,28.0,3.0,0.0,32,37,0.0,0.0
N216JQ,556.0,2019,2,5,2,4,2019-05-02,DL,DL_CODESHARE,19790,DL,6039,,,,,YX,20452,YX,6039,10721,1072102,30721,BOS,"Boston, MA",MA,25,Massachusetts,13,12953,1295304,31703,LGA,"New York, NY",NY,36,New York,22,600,-4.0,0.0,0.0,-1.0,0600-0659,31.0,627.0,714.0,8.0,724,722.0,-2.0,0.0,0.0,-1.0,0700-0759,0.0,,0.0,84.0,86.0,47.0,1.0,184.0,1,,,0.0,,0.0,,,,0,,,,,,,,,,,,,,,,,,,,,,,,,,,,,,,,,,,,,,,,,,,,,N,0.0,0.0,5.0,7.0,4.0,1.0,24.0,29.0,6,7,0.0,2.0,24.0,30.0,1,1,0,1.0,1.0,N216JQ,N216JQ-DL-0,24.0,36.0,5.0,29.0,41.0,,,0.0,24,30,1.0,1.26
N216JQ,755.0,2019,2,5,2,4,2019-05-02,DL,DL_CODESHARE,19790,DL,5902,,,,,YX,20452,YX,5902,12953,1295304,31703,LGA,"New York, NY",NY,36,New York,22,10721,1072102,30721,BOS,"Boston, MA",MA,25,Massachusetts,13,759,-4.0,0.0,0.0,-1.0,0700-0759,30.0,825.0,904.0,20.0,920,924.0,4.0,4.0,0.0,0.0,0900-0959,0.0,,0.0,81.0,89.0,39.0,1.0,184.0,1,,,0.0,,0.0,,,,0,,,,,,,,,,,,,,,,,,,,,,,,,,,,,,,,,,,,,,,,,,,,,N,0.0,0.0,7.0,9.0,4.0,2.0,32.0,38.0,7,9,4.0,1.0,32.0,37.0,6,6,1,1.0,0.0,N216JQ,N216JQ-DL-1,32.0,44.0,6.0,38.0,50.0,29.0,3.0,0.0,33,39,1.0,6.3
N216PS,730.0,2019,2,5,2,4,2019-05-02,AA,AA_CODESHARE,19805,AA,5197,,,,,OH,20397,OH,5197,15016,1501606,31123,STL,"St. Louis, MO",MO,29,Missouri,64,11278,1127805,30852,DCA,"Washington, DC",VA,51,Virginia,38,730,0.0,0.0,0.0,0.0,0700-0759,21.0,751.0,1038.0,3.0,1034,1041.0,7.0,7.0,0.0,0.0,1000-1059,0.0,,0.0,124.0,131.0,107.0,1.0,719.0,3,,,0.0,,0.0,,,,0,,,,,,,,,,,,,,,,,,,,,,,,,,,,,,,,,,,,,,,,,,,,,N,4.0,0.0,7.0,10.0,2.0,3.0,34.0,43.0,7,10,2.0,2.0,34.0,42.0,5,5,0,0.0,0.0,N216PS,N216PS-AA-0,34.0,46.0,9.0,43.0,55.0,,,0.0,34,43,0.0,0.0
N21723,622.0,2019,2,5,2,4,2019-05-02,UA,UA,19977,UA,570,,,,,UA,19977,UA,570,11042,1104205,30647,CLE,"Cleveland, OH",OH,39,Ohio,44,12266,1226603,31453,IAH,"Houston, TX",TX,48,Texas,74,630,-8.0,0.0,0.0,-1.0,0600-0659,11.0,633.0,856.0,7.0,841,903.0,22.0,22.0,1.0,1.0,0800-0859,0.0,,0.0,191.0,221.0,203.0,1.0,1091.0,5,0.0,0.0,22.0,0.0,0.0,,,,0,,,,,,,,,,,,,,,,,,,,,,,,,,,,,,,,,,,,,,,,,,,,,N,0.0,4.0,6.0,9.0,1.0,0.0,25.0,40.0,6,8,2.0,3.0,26.0,39.0,1,1,0,0.0,0.0,N21723,N21723-UA-0,26.0,37.0,15.0,41.0,52.0,,,1.0,26,49,8.0,24.82
N218NN,625.0,2019,2,5,2,4,2019-05-02,AA,AA_CODESHARE,19805,AA,6056,,,,,CP,21167,CP,6056,14057,1405702,34057,PDX,"Portland, OR",OR,41,Oregon,92,12892,1289208,32575,LAX,"Los Angeles, CA",CA,6,California,91,630,-5.0,0.0,0.0,-1.0,0600-0659,32.0,657.0,851.0,24.0,905,915.0,10.0,10.0,0.0,0.0,0900-0959,0.0,,0.0,155.0,170.0,114.0,1.0,834.0,4,,,0.0,,0.0,,,,0,,,,,,,,,,,,,,,,,,,,,,,,,,,,,,,,,,,,,,,,,,,,,N,12.0,12.0,6.0,9.0,2.0,1.0,38.0,49.0,6,9,2.0,0.0,38.0,48.0,4,4,0,0.0,0.0,N218NN,N218NN-AA-0,38.0,50.0,11.0,49.0,61.0,,,0.0,38,49,0.0,0.0
N218PS,517.0,2019,2,5,2,4,2019-05-02,AA,AA_CODESHARE,19805,AA,5412,,,,,OH,20397,OH,5412,14576,1457606,34576,ROC,"Rochester, NY",NY,36,New York,22,11278,1127805,30852,DCA,"Washington, DC",VA,51,Virginia,38,531,-14.0,0.0,0.0,-1.0,0001-0559,19.0,536.0,638.0,4.0,659,642.0,-17.0,0.0,0.0,-2.0,0600-0659,0.0,,0.0,88.0,85.0,62.0,1.0,296.0,2,,,0.0,,0.0,,,,0,,,,,,,,,,,,,,,,,,,,,,,,,,,,,,,,,,,,,,,,,,,,,N,0.0,0.0,5.0,6.0,1.0,3.0,21.0,27.0,5,6,2.0,4.0,22.0,28.0,6,6,0,2.0,2.0,N218PS,N218PS-AA-0,22.0,33.0,6.0,28.0,39.0,,,0.0,22,28,0.0,0.0
N218PS,717.0,2019,2,5,2,4,2019-05-02,AA,AA_CODESHARE,19805,AA,5537,,,,,OH,20397,OH,5537,11278,1127805,30852,DCA,"Washington, DC",VA,51,Virginia,38,10529,1052906,30529,BDL,"Hartford, CT",CT,9,Connecticut,11,735,-18.0,0.0,0.0,-2.0,0700-0759,23.0,740.0,838.0,4.0,850,842.0,-8.0,0.0,0.0,-1.0,0800-0859,0.0,,0.0,75.0,85.0,58.0,1.0,313.0,2,,,0.0,,0.0,,,,0,,,,,,,,,,,,,,,,,,,,,,,,,,,,,,,,,,,,,,,,,,,,,N,0.0,0.0,7.0,8.0,1.0,3.0,29.0,35.0,7,8,2.0,3.0,30.0,35.0,6,6,1,2.0,1.0,N218PS,N218PS-AA-1,30.0,41.0,6.0,36.0,47.0,27.0,2.0,0.0,30,36,0.0,0.0
N218PS,907.0,2019,2,5,2,4,2019-05-02,AA,AA_CODESHARE,19805,AA,5537,,,,,OH,20397,OH,5537,10529,1052906,30529,BDL,"Hartford, CT",CT,9,Connecticut,11,11278,1127805,30852,DCA,"Washington, DC",VA,51,Virginia,38,916,-9.0,0.0,0.0,-1.0,0900-0959,10.0,917.0,1026.0,11.0,1050,1037.0,-13.0,0.0,0.0,-1.0,1000-1059,0.0,,0.0,94.0,90.0,69.0,1.0,313.0,2,,,0.0,,0.0,,,,0,,,,,,,,,,,,,,,,,,,,,,,,,,,,,,,,,,,,,,,,,,,,,N,0.0,0.0,9.0,10.0,0.0,2.0,36.0,42.0,9,10,1.0,3.0,37.0,43.0,8,8,2,2.0,0.0,N218PS,N218PS-AA-2,37.0,48.0,6.0,43.0,54.0,35.0,1.0,0.0,37,43,0.0,0.0
N218WN,718.0,2019,2,5,2,4,2019-05-02,WN,WN,19393,WN,3456,,,,,WN,19393,WN,3456,13204,1320402,31454,MCO,"Orlando, FL",FL,12,Florida,33,15016,1501606,31123,STL,"St. Louis, MO",MO,29,Missouri,64,720,-2.0,0.0,0.0,-1.0,0700-0759,16.0,734.0,836.0,2.0,845,838.0,-7.0,0.0,0.0,-1.0,0800-0859,0.0,,0.0,145.0,140.0,122.0,1.0,882.0,4,,,0.0,,0.0,,,,0,,,,,,,,,,,,,,,,,,,,,,,,,,,,,,,,,,,,,,,,,,,,,N,0.0,4.0,7.0,8.0,1.0,3.0,29.0,39.0,7,8,1.0,3.0,29.0,39.0,8,8,0,0.0,0.0,N218WN,N218WN-WN-0,29.0,41.0,10.0,39.0,51.0,,,0.0,29,39,0.0,0.0
N219NN,624.0,2019,2,5,2,4,2019-05-02,AA,AA_CODESHARE,19805,AA,6034,,,,,CP,21167,CP,6034,12892,1289208,32575,LAX,"Los Angeles, CA",CA,6,California,91,14771,1477104,32457,SFO,"San Francisco, CA",CA,6,California,91,630,-6.0,0.0,0.0,-1.0,0600-0659,25.0,649.0,742.0,6.0,759,748.0,-11.0,0.0,0.0,-1.0,0700-0759,0.0,,0.0,89.0,84.0,53.0,1.0,337.0,2,,,0.0,,0.0,,,,0,,,,,,,,,,,,,,,,,,,,,,,,,,,,,,,,,,,,,,,,,,,,,N,12.0,12.0,6.0,7.0,2.0,3.0,38.0,43.0,6,7,2.0,4.0,38.0,44.0,3,3,0,0.0,0.0,N219NN,N219NN-AA-0,38.0,50.0,5.0,43.0,55.0,,,0.0,38,43,0.0,0.0
N219WN,557.0,2019,2,5,2,4,2019-05-02,WN,WN,19393,WN,2172,,,,,WN,19393,WN,2172,14107,1410702,30466,PHX,"Phoenix, AZ",AZ,4,Arizona,81,11292,1129202,30325,DEN,"Denver, CO",CO,8,Colorado,82,600,-3.0,0.0,0.0,-1.0,0600-0659,13.0,610.0,829.0,9.0,840,838.0,-2.0,0.0,0.0,-1.0,0800-0859,0.0,,0.0,100.0,101.0,79.0,1.0,602.0,3,,,0.0,,0.0,,,,0,,,,,,,,,,,,,,,,,,,,,,,,,,,,,,,,,,,,,,,,,,,,,N,8.0,8.0,5.0,8.0,4.0,3.0,32.0,43.0,6,8,0.0,3.0,32.0,43.0,1,1,0,0.0,0.0,N219WN,N219WN-WN-0,32.0,44.0,11.0,43.0,55.0,,,0.0,32,47,4.0,7.86
N220NN,730.0,2019,2,5,2,4,2019-05-02,AA,AA_CODESHARE,19805,AA,3824,,,,,MQ,20398,MQ,3824,15919,1591904,31834,XNA,"Fayetteville, AR",AR,5,Arkansas,71,11278,1127805,30852,DCA,"Washington, DC",VA,51,Virginia,38,735,-5.0,0.0,0.0,-1.0,0700-0759,13.0,743.0,1054.0,3.0,1100,1057.0,-3.0,0.0,0.0,-1.0,1100-1159,0.0,,0.0,145.0,147.0,131.0,1.0,963.0,4,,,0.0,,0.0,,,,0,,,,,,,,,,,,,,,,,,,,,,,,,,,,,,,,,,,,,,,,,,,,,N,4.0,0.0,7.0,10.0,2.0,4.0,34.0,44.0,7,11,2.0,0.0,34.0,44.0,7,7,0,0.0,0.0,N220NN,N220NN-AA-0,34.0,46.0,10.0,44.0,56.0,,,0.0,34,44,0.0,0.0
N221FR,104.0,2019,2,5,2,4,2019-05-02,F9,F9,20436,F9,1426,,,,,F9,20436,F9,1426,14107,1410702,30466,PHX,"Phoenix, AZ",AZ,4,Arizona,81,13930,1393007,30977,ORD,"Chicago, IL",IL,17,Illinois,41,20,44.0,44.0,1.0,2.0,0001-0559,14.0,118.0,608.0,19.0,558,627.0,29.0,29.0,1.0,1.0,0001-0559,0.0,,0.0,218.0,203.0,170.0,1.0,1440.0,6,3.0,0.0,0.0,0.0,26.0,,,,0,,,,,,,,,,,,,,,,,,,,,,,,,,,,,,,,,,,,,,,,,,,,,N,8.0,4.0,1.0,6.0,0.0,2.0,12.0,30.0,0,5,1.0,4.0,9.0,28.0,5,5,0,0.0,0.0,N221FR,N221FR-F9-0,10.0,24.0,18.0,28.0,42.0,,,2.0,10,29,1.0,5.24
N221PS,1005.0,2019,2,5,2,4,2019-05-02,AA,AA_CODESHARE,19805,AA,5309,,,,,OH,20397,OH,5309,11278,1127805,30852,DCA,"Washington, DC",VA,51,Virginia,38,10980,1098002,30980,CHA,"Chattanooga, TN",TN,47,Tennessee,54,945,20.0,20.0,1.0,1.0,0900-0959,22.0,1027.0,1144.0,5.0,1139,1149.0,10.0,10.0,0.0,0.0,1100-1159,0.0,,0.0,114.0,104.0,77.0,1.0,523.0,3,,,0.0,,0.0,,,,0,,,,,,,,,,,,,,,,,,,,,,,,,,,,,,,,,,,,,,,,,,,,,N,0.0,0.0,10.0,11.0,0.0,3.0,40.0,47.0,9,11,3.0,3.0,39.0,47.0,5,5,0,0.0,0.0,N221PS,N221PS-AA-0,40.0,52.0,7.0,47.0,59.0,,,0.0,40,47,0.0,0.0
N222WN,530.0,2019,2,5,2,4,2019-05-02,WN,WN,19393,WN,2127,,,,,WN,19393,WN,2127,13232,1323202,30977,MDW,"Chicago, IL",IL,17,Illinois,41,12889,1288903,32211,LAS,"Las Vegas, NV",NV,32,Nevada,85,535,-5.0,0.0,0.0,-1.0,0001-0559,9.0,539.0,719.0,4.0,730,723.0,-7.0,0.0,0.0,-1.0,0700-0759,0.0,,0.0,235.0,233.0,220.0,1.0,1521.0,7,,,0.0,,0.0,,,,0,,,,,,,,,,,,,,,,,,,,,,,,,,,,,,,,,,,,,,,,,,,,,N,4.0,12.0,5.0,7.0,2.0,2.0,26.0,42.0,5,7,2.0,2.0,26.0,42.0,7,7,0,0.0,0.0,N222WN,N222WN-WN-0,26.0,38.0,16.0,42.0,54.0,,,0.0,26,42,0.0,0.0
N223JS,622.0,2019,2,5,2,4,2019-05-02,AA,AA_CODESHARE,19805,AA,5508,,,,,OH,20397,OH,5508,15096,1509602,35096,SYR,"Syracuse, NY",NY,36,New York,22,11278,1127805,30852,DCA,"Washington, DC",VA,51,Virginia,38,619,3.0,3.0,0.0,0.0,0600-0659,12.0,634.0,742.0,3.0,750,745.0,-5.0,0.0,0.0,-1.0,0700-0759,0.0,,0.0,91.0,83.0,68.0,1.0,298.0,2,,,0.0,,0.0,,,,0,,,,,,,,,,,,,,,,,,,,,,,,,,,,,,,,,,,,,,,,,,,,,N,0.0,0.0,6.0,7.0,1.0,3.0,25.0,31.0,6,7,1.0,3.0,25.0,31.0,7,7,0,1.0,1.0,N223JS,N223JS-AA-0,25.0,37.0,6.0,31.0,43.0,,,0.0,25,31,0.0,0.0
N223JS,850.0,2019,2,5,2,4,2019-05-02,AA,AA_CODESHARE,19805,AA,5494,,,,,OH,20397,OH,5494,11278,1127805,30852,DCA,"Washington, DC",VA,51,Virginia,38,15016,1501606,31123,STL,"St. Louis, MO",MO,29,Missouri,64,846,4.0,4.0,0.0,0.0,0800-0859,31.0,921.0,1020.0,3.0,1014,1023.0,9.0,9.0,0.0,0.0,1000-1059,0.0,,0.0,148.0,153.0,119.0,1.0,719.0,3,,,0.0,,0.0,,,,0,,,,,,,,,,,,,,,,,,,,,,,,,,,,,,,,,,,,,,,,,,,,,N,0.0,4.0,8.0,10.0,3.0,2.0,35.0,46.0,8,10,3.0,1.0,35.0,45.0,3,3,1,1.0,0.0,N223JS,N223JS-AA-1,35.0,47.0,11.0,46.0,58.0,31.0,4.0,0.0,40,51,5.0,21.7
N223WN,642.0,2019,2,5,2,4,2019-05-02,WN,WN,19393,WN,1368,,,,,WN,19393,WN,1368,14831,1483106,32457,SJC,"San Jose, CA",CA,6,California,91,11292,1129202,30325,DEN,"Denver, CO",CO,8,Colorado,82,645,-3.0,0.0,0.0,-1.0,0600-0659,19.0,701.0,957.0,11.0,1020,1008.0,-12.0,0.0,0.0,-1.0,1000-1059,0.0,,0.0,155.0,146.0,116.0,1.0,948.0,4,,,0.0,,0.0,,,,0,,,,,,,,,,,,,,,,,,,,,,,,,,,,,,,,,,,,,,,,,,,,,N,12.0,8.0,6.0,10.0,3.0,1.0,39.0,49.0,6,10,3.0,1.0,39.0,49.0,5,5,0,0.0,0.0,N223WN,N223WN-WN-0,39.0,51.0,10.0,49.0,61.0,,,0.0,39,50,1.0,5.26
N224WN,548.0,2019,2,5,2,4,2019-05-02,WN,WN,19393,WN,206,,,,,WN,19393,WN,206,10693,1069302,30693,BNA,"Nashville, TN",TN,47,Tennessee,54,10397,1039707,30397,ATL,"Atlanta, GA",GA,13,Georgia,34,550,-2.0,0.0,0.0,-1.0,0001-0559,9.0,557.0,733.0,5.0,750,738.0,-12.0,0.0,0.0,-1.0,0700-0759,0.0,,0.0,60.0,50.0,36.0,1.0,214.0,1,,,0.0,,0.0,,,,0,,,,,,,,,,,,,,,,,,,,,,,,,,,,,,,,,,,,,,,,,,,,,N,4.0,0.0,5.0,7.0,3.0,3.0,27.0,31.0,5,7,3.0,3.0,27.0,31.0,4,4,0,1.0,1.0,N224WN,N224WN-WN-0,27.0,39.0,4.0,31.0,43.0,,,0.0,27,31,0.0,0.0
N224WN,832.0,2019,2,5,2,4,2019-05-02,WN,WN,19393,WN,206,,,,,WN,19393,WN,206,10397,1039707,30397,ATL,"Atlanta, GA",GA,13,Georgia,34,12264,1226402,30852,IAD,"Washington, DC",VA,51,Virginia,38,835,-3.0,0.0,0.0,-1.0,0800-0859,16.0,848.0,1007.0,5.0,1025,1012.0,-13.0,0.0,0.0,-1.0,1000-1059,0.0,,0.0,110.0,100.0,79.0,1.0,534.0,3,,,0.0,,0.0,,,,0,,,,,,,,,,,,,,,,,,,,,,,,,,,,,,,,,,,,,,,,,,,,,N,0.0,0.0,8.0,10.0,2.0,1.0,34.0,41.0,8,10,2.0,2.0,34.0,42.0,3,3,1,1.0,0.0,N224WN,N224WN-WN-1,34.0,46.0,7.0,41.0,53.0,31.0,3.0,0.0,34,41,0.0,0.0
N226JS,525.0,2019,2,5,2,4,2019-05-02,AA,AA_CODESHARE,19805,AA,5620,,,,,OH,20397,OH,5620,15412,1541205,35412,TYS,"Knoxville, TN",TN,47,Tennessee,54,14100,1410005,34100,PHL,"Philadelphia, PA",PA,42,Pennsylvania,23,529,-4.0,0.0,0.0,-1.0,0001-0559,14.0,539.0,711.0,10.0,719,721.0,2.0,2.0,0.0,0.0,0700-0759,0.0,,0.0,110.0,116.0,92.0,1.0,554.0,3,,,0.0,,0.0,,,,0,,,,,,,,,,,,,,,,,,,,,,,,,,,,,,,,,,,,,,,,,,,,,N,0.0,0.0,5.0,7.0,2.0,1.0,22.0,29.0,5,7,2.0,1.0,22.0,29.0,6,6,0,1.0,1.0,N226JS,N226JS-AA-0,22.0,34.0,7.0,29.0,41.0,,,0.0,22,29,0.0,0.0
N226JS,847.0,2019,2,5,2,4,2019-05-02,AA,AA_CODESHARE,19805,AA,5395,,,,,OH,20397,OH,5395,14100,1410005,34100,PHL,"Philadelphia, PA",PA,42,Pennsylvania,23,11995,1199502,31995,GSO,"Greensboro/High Point, NC",NC,37,North Carolina,36,840,7.0,7.0,0.0,0.0,0800-0859,49.0,936.0,1035.0,6.0,1024,1041.0,17.0,17.0,1.0,1.0,1000-1059,0.0,,0.0,104.0,114.0,59.0,1.0,365.0,2,7.0,0.0,10.0,0.0,0.0,,,,0,,,,,,,,,,,,,,,,,,,,,,,,,,,,,,,,,,,,,,,,,,,,,N,0.0,0.0,8.0,10.0,3.0,3.0,35.0,43.0,8,10,3.0,2.0,35.0,42.0,9,9,1,1.0,0.0,N226JS,N226JS-AA-1,35.0,47.0,8.0,43.0,55.0,29.0,6.0,1.0,35,43,0.0,0.0
N226NN,1026.0,2019,2,5,2,4,2019-05-02,AA,AA_CODESHARE,19805,AA,3426,,,,,MQ,20398,MQ,3426,10792,1079206,30792,BUF,"Buffalo, NY",NY,36,New York,22,13930,1393007,30977,ORD,"Chicago, IL",IL,17,Illinois,41,801,145.0,145.0,1.0,9.0,0800-0859,10.0,1036.0,1059.0,14.0,905,1113.0,128.0,128.0,1.0,8.0,0900-0959,0.0,,0.0,124.0,107.0,83.0,1.0,473.0,2,0.0,128.0,0.0,0.0,0.0,755.0,30.0,30.0,0,,,,,,,,,,,,,,,,,,,,,,,,,,,,,,,,,,,,,,,,,,,,,N,0.0,4.0,10.0,11.0,2.0,1.0,42.0,49.0,8,9,0.0,0.0,32.0,40.0,1,1,0,0.0,0.0,N226NN,N226NN-AA-0,42.0,54.0,7.0,49.0,61.0,,,0.0,42,54,5.0,11.48
N226WN,558.0,2019,2,5,2,4,2019-05-02,WN,WN,19393,WN,2183,,,,,WN,19393,WN,2183,13232,1323202,30977,MDW,"Chicago, IL",IL,17,Illinois,41,14679,1467903,33570,SAN,"San Diego, CA",CA,6,California,91,605,-7.0,0.0,0.0,-1.0,0600-0659,14.0,612.0,818.0,3.0,815,821.0,6.0,6.0,0.0,0.0,0800-0859,0.0,,0.0,250.0,263.0,246.0,1.0,1728.0,7,,,0.0,,0.0,,,,0,,,,,,,,,,,,,,,,,,,,,,,,,,,,,,,,,,,,,,,,,,,,,N,4.0,12.0,5.0,8.0,4.0,1.0,28.0,45.0,6,8,0.0,1.0,28.0,45.0,3,3,0,0.0,0.0,N226WN,N226WN-WN-0,28.0,40.0,17.0,45.0,57.0,,,0.0,28,45,0.0,0.0
N227FR,624.0,2019,2,5,2,4,2019-05-02,F9,F9,20436,F9,147,,,,,F9,20436,F9,147,11292,1129202,30325,DEN,"Denver, CO",CO,8,Colorado,82,14747,1474703,30559,SEA,"Seattle, WA",WA,53,Washington,93,610,14.0,14.0,0.0,0.0,0600-0659,20.0,644.0,817.0,16.0,815,833.0,18.0,18.0,1.0,1.0,0800-0859,0.0,,0.0,185.0,189.0,153.0,1.0,1024.0,5,14.0,0.0,4.0,0.0,0.0,,,,0,,,,,,,,,,,,,,,,,,,,,,,,,,,,,,,,,,,,,,,,,,,,,N,8.0,12.0,6.0,8.0,2.0,2.0,34.0,46.0,6,8,1.0,1.0,33.0,45.0,7,7,0,0.0,0.0,N227FR,N227FR-F9-0,34.0,46.0,12.0,46.0,58.0,,,0.0,34,46,0.0,0.0
N227NN,722.0,2019,2,5,2,4,2019-05-02,AA,AA_CODESHARE,19805,AA,3917,,,,,MQ,20398,MQ,3917,11042,1104205,30647,CLE,"Cleveland, OH",OH,39,Ohio,44,13930,1393007,30977,ORD,"Chicago, IL",IL,17,Illinois,41,729,-7.0,0.0,0.0,-1.0,0700-0759,16.0,738.0,742.0,18.0,814,800.0,-14.0,0.0,0.0,-1.0,0800-0859,0.0,,0.0,105.0,98.0,64.0,1.0,315.0,2,,,0.0,,0.0,,,,0,,,,,,,,,,,,,,,,,,,,,,,,,,,,,,,,,,,,,,,,,,,,,N,0.0,4.0,7.0,8.0,1.0,0.0,29.0,36.0,7,8,2.0,1.0,30.0,37.0,5,5,0,0.0,0.0,N227NN,N227NN-AA-0,30.0,41.0,7.0,37.0,48.0,,,0.0,30,37,0.0,0.0
N228JB,948.0,2019,2,5,2,4,2019-05-02,B6,B6,20409,B6,702,,,,,B6,20409,B6,702,12478,1247805,31703,JFK,"New York, NY",NY,36,New York,22,10792,1079206,30792,BUF,"Buffalo, NY",NY,36,New York,22,952,-4.0,0.0,0.0,-1.0,0900-0959,16.0,1004.0,1102.0,2.0,1117,1104.0,-13.0,0.0,0.0,-1.0,1100-1159,0.0,,0.0,85.0,76.0,58.0,1.0,301.0,2,,,0.0,,0.0,,,,0,,,,,,,,,,,,,,,,,,,,,,,,,,,,,,,,,,,,,,,,,,,,,N,0.0,0.0,9.0,11.0,3.0,0.0,39.0,44.0,9,11,3.0,1.0,39.0,45.0,2,2,0,0.0,0.0,N228JB,N228JB-B6-0,39.0,51.0,5.0,44.0,56.0,,,0.0,39,44,0.0,0.0
N228PQ,728.0,2019,2,5,2,4,2019-05-02,DL,DL_CODESHARE,19790,DL,5435,,,,,9E,20363,9E,5435,10397,1039707,30397,ATL,"Atlanta, GA",GA,13,Georgia,34,12197,1219702,31703,HPN,"White Plains, NY",NY,36,New York,22,731,-3.0,0.0,0.0,-1.0,0700-0759,15.0,743.0,931.0,6.0,951,937.0,-14.0,0.0,0.0,-1.0,0900-0959,0.0,,0.0,140.0,129.0,108.0,1.0,780.0,4,,,0.0,,0.0,,,,0,,,,,,,,,,,,,,,,,,,,,,,,,,,,,,,,,,,,,,,,,,,,,N,0.0,0.0,7.0,9.0,2.0,2.0,30.0,38.0,7,9,2.0,3.0,30.0,39.0,2,2,0,0.0,0.0,N228PQ,N228PQ-DL-0,30.0,42.0,8.0,38.0,50.0,,,0.0,30,38,0.0,0.0
N228PS,538.0,2019,2,5,2,4,2019-05-02,AA,AA_CODESHARE,19805,AA,5332,,,,,OH,20397,OH,5332,15096,1509602,35096,SYR,"Syracuse, NY",NY,36,New York,22,14100,1410005,34100,PHL,"Philadelphia, PA",PA,42,Pennsylvania,23,542,-4.0,0.0,0.0,-1.0,0001-0559,36.0,614.0,721.0,7.0,708,728.0,20.0,20.0,1.0,1.0,0700-0759,0.0,,0.0,86.0,110.0,67.0,1.0,228.0,1,0.0,0.0,20.0,0.0,0.0,,,,0,,,,,,,,,,,,,,,,,,,,,,,,,,,,,,,,,,,,,,,,,,,,,N,0.0,0.0,5.0,7.0,3.0,2.0,23.0,30.0,5,7,3.0,1.0,23.0,29.0,1,1,0,1.0,1.0,N228PS,N228PS-AA-0,23.0,35.0,7.0,30.0,42.0,,,1.0,23,30,0.0,0.0
N228PS,820.0,2019,2,5,2,4,2019-05-02,AA,AA_CODESHARE,19805,AA,5581,,,,,OH,20397,OH,5581,14100,1410005,34100,PHL,"Philadelphia, PA",PA,42,Pennsylvania,23,11267,1126702,31267,DAY,"Dayton, OH",OH,39,Ohio,44,825,-5.0,0.0,0.0,-1.0,0800-0859,35.0,855.0,1014.0,5.0,1025,1019.0,-6.0,0.0,0.0,-1.0,1000-1059,0.0,,0.0,120.0,119.0,79.0,1.0,477.0,2,,,0.0,,0.0,,,,0,,,,,,,,,,,,,,,,,,,,,,,,,,,,,,,,,,,,,,,,,,,,,N,0.0,0.0,8.0,10.0,1.0,1.0,33.0,41.0,8,10,2.0,2.0,34.0,42.0,3,3,1,1.0,0.0,N228PS,N228PS-AA-1,34.0,45.0,8.0,42.0,53.0,30.0,3.0,0.0,34,42,0.0,0.0
N228WN,559.0,2019,2,5,2,4,2019-05-02,WN,WN,19393,WN,2226,,,,,WN,19393,WN,2226,13198,1319801,33198,MCI,"Kansas City, MO",MO,29,Missouri,64,13204,1320402,31454,MCO,"Orlando, FL",FL,12,Florida,33,540,19.0,19.0,1.0,1.0,0001-0559,10.0,609.0,929.0,6.0,920,935.0,15.0,15.0,1.0,1.0,0900-0959,0.0,,0.0,160.0,156.0,140.0,1.0,1072.0,5,13.0,0.0,0.0,0.0,2.0,,,,0,,,,,,,,,,,,,,,,,,,,,,,,,,,,,,,,,,,,,,,,,,,,,N,4.0,0.0,5.0,9.0,4.0,2.0,28.0,38.0,5,9,3.0,1.0,27.0,37.0,5,5,0,0.0,0.0,N228WN,N228WN-WN-0,28.0,40.0,10.0,38.0,50.0,,,0.0,28,38,0.0,0.0
N229FR,630.0,2019,2,5,2,4,2019-05-02,F9,F9,20436,F9,130,,,,,F9,20436,F9,130,11292,1129202,30325,DEN,"Denver, CO",CO,8,Colorado,82,10257,1025702,30257,ALB,"Albany, NY",NY,36,New York,22,600,30.0,30.0,1.0,2.0,0600-0659,13.0,643.0,1133.0,4.0,1137,1137.0,0.0,0.0,0.0,0.0,1100-1159,0.0,,0.0,217.0,187.0,170.0,1.0,1610.0,7,,,0.0,,0.0,,,,0,,,,,,,,,,,,,,,,,,,,,,,,,,,,,,,,,,,,,,,,,,,,,N,8.0,0.0,6.0,11.0,2.0,2.0,34.0,46.0,6,11,0.0,2.0,32.0,46.0,9,9,0,0.0,0.0,N229FR,N229FR-F9-0,34.0,46.0,12.0,46.0,58.0,,,0.0,34,46,0.0,0.0
N229JB,752.0,2019,2,5,2,4,2019-05-02,B6,B6,20409,B6,1245,,,,,B6,20409,B6,1245,10721,1072102,30721,BOS,"Boston, MA",MA,25,Massachusetts,13,11057,1105703,31057,CLT,"Charlotte, NC",NC,37,North Carolina,36,800,-8.0,0.0,0.0,-1.0,0800-0859,16.0,808.0,1001.0,11.0,1025,1012.0,-13.0,0.0,0.0,-1.0,1000-1059,0.0,,0.0,145.0,140.0,113.0,1.0,728.0,3,,,0.0,,0.0,,,,0,,,,,,,,,,,,,,,,,,,,,,,,,,,,,,,,,,,,,,,,,,,,,N,0.0,0.0,7.0,10.0,3.0,1.0,31.0,41.0,8,10,0.0,2.0,32.0,42.0,6,6,0,0.0,0.0,N229JB,N229JB-B6-0,32.0,43.0,10.0,42.0,53.0,,,0.0,32,42,0.0,0.0
N229PS,721.0,2019,2,5,2,4,2019-05-02,AA,AA_CODESHARE,19805,AA,5409,,,,,OH,20397,OH,5409,11986,1198603,31986,GRR,"Grand Rapids, MI",MI,26,Michigan,43,11278,1127805,30852,DCA,"Washington, DC",VA,51,Virginia,38,726,-5.0,0.0,0.0,-1.0,0700-0759,13.0,734.0,855.0,3.0,918,858.0,-20.0,0.0,0.0,-2.0,0900-0959,0.0,,0.0,112.0,97.0,81.0,1.0,524.0,3,,,0.0,,0.0,,,,0,,,,,,,,,,,,,,,,,,,,,,,,,,,,,,,,,,,,,,,,,,,,,N,0.0,0.0,7.0,8.0,1.0,4.0,29.0,36.0,7,9,2.0,1.0,30.0,37.0,1,1,0,0.0,0.0,N229PS,N229PS-AA-0,30.0,41.0,7.0,37.0,48.0,,,0.0,30,39,2.0,2.8
N229WN,646.0,2019,2,5,2,4,2019-05-02,WN,WN,19393,WN,2113,,,,,WN,19393,WN,2113,10994,1099402,30994,CHS,"Charleston, SC",SC,45,South Carolina,37,10821,1082106,30852,BWI,"Baltimore, MD",MD,24,Maryland,35,645,1.0,1.0,0.0,0.0,0600-0659,9.0,655.0,802.0,4.0,815,806.0,-9.0,0.0,0.0,-1.0,0800-0859,0.0,,0.0,90.0,80.0,67.0,1.0,472.0,2,,,0.0,,0.0,,,,0,,,,,,,,,,,,,,,,,,,,,,,,,,,,,,,,,,,,,,,,,,,,,N,0.0,0.0,6.0,8.0,3.0,0.0,27.0,32.0,6,8,3.0,1.0,27.0,33.0,1,1,0,1.0,1.0,N229WN,N229WN-WN-0,27.0,39.0,5.0,32.0,44.0,,,0.0,27,32,0.0,0.0
N229WN,855.0,2019,2,5,2,4,2019-05-02,WN,WN,19393,WN,2113,,,,,WN,19393,WN,2113,10821,1082106,30852,BWI,"Baltimore, MD",MD,24,Maryland,35,10721,1072102,30721,BOS,"Boston, MA",MA,25,Massachusetts,13,855,0.0,0.0,0.0,0.0,0800-0859,18.0,913.0,1007.0,10.0,1025,1017.0,-8.0,0.0,0.0,-1.0,1000-1059,0.0,,0.0,90.0,82.0,54.0,1.0,369.0,2,,,0.0,,0.0,,,,0,,,,,,,,,,,,,,,,,,,,,,,,,,,,,,,,,,,,,,,,,,,,,N,0.0,0.0,8.0,10.0,4.0,1.0,36.0,41.0,8,10,4.0,2.0,36.0,42.0,2,2,1,1.0,0.0,N229WN,N229WN-WN-1,36.0,48.0,5.0,41.0,53.0,32.0,4.0,0.0,36,42,1.0,2.18
N230FR,702.0,2019,2,5,2,4,2019-05-02,F9,F9,20436,F9,267,,,,,F9,20436,F9,267,11292,1129202,30325,DEN,"Denver, CO",CO,8,Colorado,82,14908,1490803,32575,SNA,"Santa Ana, CA",CA,6,California,91,605,57.0,57.0,1.0,3.0,0600-0659,11.0,713.0,812.0,6.0,730,818.0,48.0,48.0,1.0,3.0,0700-0759,0.0,,0.0,145.0,136.0,119.0,1.0,846.0,4,48.0,0.0,0.0,0.0,0.0,,,,0,,,,,,,,,,,,,,,,,,,,,,,,,,,,,,,,,,,,,,,,,,,,,N,8.0,12.0,7.0,8.0,0.0,1.0,36.0,45.0,6,7,0.0,2.0,32.0,42.0,1,1,0,0.0,0.0,N230FR,N230FR-F9-0,36.0,48.0,9.0,45.0,57.0,,,0.0,36,45,0.0,0.0
N230NN,551.0,2019,2,5,2,4,2019-05-02,AA,AA_CODESHARE,19805,AA,3567,,,,,MQ,20398,MQ,3567,13871,1387102,33316,OMA,"Omaha, NE",NE,31,Nebraska,65,13930,1393007,30977,ORD,"Chicago, IL",IL,17,Illinois,41,600,-9.0,0.0,0.0,-1.0,0600-0659,13.0,604.0,706.0,26.0,742,732.0,-10.0,0.0,0.0,-1.0,0700-0759,0.0,,0.0,102.0,101.0,62.0,1.0,416.0,2,,,0.0,,0.0,,,,0,,,,,,,,,,,,,,,,,,,,,,,,,,,,,,,,,,,,,,,,,,,,,N,4.0,4.0,5.0,7.0,3.0,2.0,27.0,34.0,6,7,0.0,3.0,28.0,35.0,4,4,0,1.0,1.0,N230NN,N230NN-AA-0,28.0,39.0,7.0,35.0,46.0,,,0.0,28,35,0.0,0.0
N230NN,835.0,2019,2,5,2,4,2019-05-02,AA,AA_CODESHARE,19805,AA,3522,,,,,MQ,20398,MQ,3522,13930,1393007,30977,ORD,"Chicago, IL",IL,17,Illinois,41,10529,1052906,30529,BDL,"Hartford, CT",CT,9,Connecticut,11,840,-5.0,0.0,0.0,-1.0,0800-0859,36.0,911.0,1147.0,5.0,1155,1152.0,-3.0,0.0,0.0,-1.0,1100-1159,0.0,,0.0,135.0,137.0,96.0,1.0,783.0,4,,,0.0,,0.0,,,,0,,,,,,,,,,,,,,,,,,,,,,,,,,,,,,,,,,,,,,,,,,,,,N,4.0,0.0,8.0,11.0,2.0,3.0,38.0,47.0,8,11,3.0,4.0,39.0,48.0,8,8,1,1.0,0.0,N230NN,N230NN-AA-1,39.0,50.0,9.0,48.0,59.0,34.0,4.0,0.0,39,48,0.0,0.0
N230PS,553.0,2019,2,5,2,4,2019-05-02,AA,AA_CODESHARE,19805,AA,5090,,,,,OH,20397,OH,5090,12244,1224403,32244,HVN,"New Haven, CT",CT,9,Connecticut,11,14100,1410005,34100,PHL,"Philadelphia, PA",PA,42,Pennsylvania,23,605,-12.0,0.0,0.0,-1.0,0600-0659,19.0,612.0,707.0,8.0,714,715.0,1.0,1.0,0.0,0.0,0700-0759,0.0,,0.0,69.0,82.0,55.0,1.0,157.0,1,,,0.0,,0.0,,,,0,,,,,,,,,,,,,,,,,,,,,,,,,,,,,,,,,,,,,,,,,,,,,N,0.0,0.0,5.0,7.0,4.0,1.0,24.0,29.0,6,7,0.0,1.0,24.0,29.0,4,4,0,1.0,1.0,N230PS,N230PS-AA-0,24.0,36.0,5.0,29.0,41.0,,,0.0,24,29,0.0,0.0
N230PS,934.0,2019,2,5,2,4,2019-05-02,AA,AA_CODESHARE,19805,AA,5327,,,,,OH,20397,OH,5327,14100,1410005,34100,PHL,"Philadelphia, PA",PA,42,Pennsylvania,23,10693,1069302,30693,BNA,"Nashville, TN",TN,47,Tennessee,54,935,-1.0,0.0,0.0,-1.0,0900-0959,15.0,949.0,1030.0,5.0,1054,1035.0,-19.0,0.0,0.0,-2.0,1000-1059,0.0,,0.0,139.0,121.0,101.0,1.0,675.0,3,,,0.0,,0.0,,,,0,,,,,,,,,,,,,,,,,,,,,,,,,,,,,,,,,,,,,,,,,,,,,N,0.0,4.0,9.0,10.0,2.0,2.0,38.0,46.0,9,10,2.0,4.0,38.0,48.0,4,4,1,1.0,0.0,N230PS,N230PS-AA-1,38.0,50.0,8.0,46.0,58.0,29.0,9.0,0.0,38,46,0.0,0.0
N230WN,532.0,2019,2,5,2,4,2019-05-02,WN,WN,19393,WN,2037,,,,,WN,19393,WN,2037,11292,1129202,30325,DEN,"Denver, CO",CO,8,Colorado,82,13487,1348702,31650,MSP,"Minneapolis, MN",MN,27,Minnesota,63,535,-3.0,0.0,0.0,-1.0,0001-0559,10.0,542.0,817.0,2.0,820,819.0,-1.0,0.0,0.0,-1.0,0800-0859,0.0,,0.0,105.0,107.0,95.0,1.0,680.0,3,,,0.0,,0.0,,,,0,,,,,,,,,,,,,,,,,,,,,,,,,,,,,,,,,,,,,,,,,,,,,N,8.0,4.0,5.0,8.0,2.0,1.0,30.0,37.0,5,8,2.0,1.0,30.0,37.0,3,3,0,0.0,0.0,N230WN,N230WN-WN-0,30.0,42.0,7.0,37.0,49.0,,,0.0,30,37,0.0,0.0
N231JB,826.0,2019,2,5,2,4,2019-05-02,B6,B6,20409,B6,1286,,,,,B6,20409,B6,1286,14122,1412202,30198,PIT,"Pittsburgh, PA",PA,42,Pennsylvania,23,10721,1072102,30721,BOS,"Boston, MA",MA,25,Massachusetts,13,834,-8.0,0.0,0.0,-1.0,0800-0859,13.0,839.0,948.0,5.0,1006,953.0,-13.0,0.0,0.0,-1.0,1000-1059,0.0,,0.0,92.0,87.0,69.0,1.0,496.0,2,,,0.0,,0.0,,,,0,,,,,,,,,,,,,,,,,,,,,,,,,,,,,,,,,,,,,,,,,,,,,N,0.0,0.0,8.0,9.0,2.0,4.0,34.0,40.0,8,10,2.0,0.0,34.0,40.0,2,2,0,0.0,0.0,N231JB,N231JB-B6-0,34.0,46.0,6.0,40.0,52.0,,,0.0,34,40,0.0,0.0
N231WN,640.0,2019,2,5,2,4,2019-05-02,WN,WN,19393,WN,6569,,,,,WN,19393,WN,6569,10529,1052906,30529,BDL,"Hartford, CT",CT,9,Connecticut,11,10821,1082106,30852,BWI,"Baltimore, MD",MD,24,Maryland,35,645,-5.0,0.0,0.0,-1.0,0600-0659,6.0,646.0,736.0,4.0,755,740.0,-15.0,0.0,0.0,-1.0,0700-0759,0.0,,0.0,70.0,60.0,50.0,1.0,283.0,2,,,0.0,,0.0,,,,0,,,,,,,,,,,,,,,,,,,,,,,,,,,,,,,,,,,,,,,,,,,,,N,0.0,0.0,6.0,7.0,3.0,3.0,27.0,31.0,6,7,3.0,4.0,27.0,32.0,5,5,0,1.0,1.0,N231WN,N231WN-WN-0,27.0,39.0,4.0,31.0,43.0,,,0.0,27,31,0.0,0.0
N231WN,838.0,2019,2,5,2,4,2019-05-02,WN,WN,19393,WN,6569,,,,,WN,19393,WN,6569,10821,1082106,30852,BWI,"Baltimore, MD",MD,24,Maryland,35,13495,1349505,33495,MSY,"New Orleans, LA",LA,22,Louisiana,72,835,3.0,3.0,0.0,0.0,0800-0859,11.0,849.0,1005.0,4.0,1025,1009.0,-16.0,0.0,0.0,-2.0,1000-1059,0.0,,0.0,170.0,151.0,136.0,1.0,998.0,4,,,0.0,,0.0,,,,0,,,,,,,,,,,,,,,,,,,,,,,,,,,,,,,,,,,,,,,,,,,,,N,0.0,4.0,8.0,10.0,3.0,1.0,35.0,45.0,8,10,2.0,2.0,34.0,46.0,8,8,1,1.0,0.0,N231WN,N231WN-WN-1,35.0,47.0,10.0,45.0,57.0,31.0,4.0,0.0,35,45,0.0,0.0
N232FR,701.0,2019,2,5,2,4,2019-05-02,F9,F9,20436,F9,611,,,,,F9,20436,F9,611,13204,1320402,31454,MCO,"Orlando, FL",FL,12,Florida,33,12217,1221702,30255,HSV,"Huntsville, AL",AL,1,Alabama,51,710,-9.0,0.0,0.0,-1.0,0700-0759,18.0,719.0,737.0,8.0,811,745.0,-26.0,0.0,0.0,-2.0,0800-0859,0.0,,0.0,121.0,104.0,78.0,1.0,535.0,3,,,0.0,,0.0,,,,0,,,,,,,,,,,,,,,,,,,,,,,,,,,,,,,,,,,,,,,,,,,,,N,0.0,4.0,7.0,7.0,0.0,3.0,28.0,35.0,7,8,1.0,1.0,29.0,37.0,6,6,0,1.0,1.0,N232FR,N232FR-F9-0,29.0,40.0,7.0,36.0,47.0,,,0.0,29,36,0.0,0.0
N232FR,848.0,2019,2,5,2,4,2019-05-02,F9,F9,20436,F9,611,,,,,F9,20436,F9,611,12217,1221702,30255,HSV,"Huntsville, AL",AL,1,Alabama,51,11292,1129202,30325,DEN,"Denver, CO",CO,8,Colorado,82,851,-3.0,0.0,0.0,-1.0,0800-0859,8.0,856.0,1025.0,6.0,1101,1031.0,-30.0,0.0,0.0,-2.0,1100-1159,0.0,,0.0,190.0,163.0,149.0,1.0,1048.0,5,,,0.0,,0.0,,,,0,,,,,,,,,,,,,,,,,,,,,,,,,,,,,,,,,,,,,,,,,,,,,N,4.0,8.0,8.0,10.0,3.0,2.0,39.0,50.0,8,11,3.0,0.0,39.0,52.0,7,7,1,1.0,0.0,N232FR,N232FR-F9-1,39.0,51.0,11.0,50.0,62.0,35.0,4.0,0.0,40,52,2.0,15.24
N232NN,901.0,2019,2,5,2,4,2019-05-02,AA,AA_CODESHARE,19805,AA,3723,,,,,MQ,20398,MQ,3723,11298,1129806,30194,DFW,"Dallas/Fort Worth, TX",TX,48,Texas,74,12992,1299206,32600,LIT,"Little Rock, AR",AR,5,Arkansas,71,845,16.0,16.0,1.0,1.0,0800-0859,27.0,928.0,1024.0,8.0,1000,1032.0,32.0,32.0,1.0,2.0,1000-1059,0.0,,0.0,75.0,91.0,56.0,1.0,304.0,2,0.0,16.0,16.0,0.0,0.0,,,,0,,,,,,,,,,,,,,,,,,,,,,,,,,,,,,,,,,,,,,,,,,,,,N,4.0,4.0,9.0,10.0,0.0,2.0,40.0,46.0,8,10,3.0,0.0,39.0,44.0,4,4,0,0.0,0.0,N232NN,N232NN-AA-0,39.0,52.0,6.0,45.0,58.0,,,1.0,39,45,0.0,0.0
N232WN,525.0,2019,2,5,2,4,2019-05-02,WN,WN,19393,WN,1782,,,,,WN,19393,WN,1782,14122,1412202,30198,PIT,"Pittsburgh, PA",PA,42,Pennsylvania,23,13204,1320402,31454,MCO,"Orlando, FL",FL,12,Florida,33,530,-5.0,0.0,0.0,-1.0,0001-0559,11.0,536.0,730.0,8.0,740,738.0,-2.0,0.0,0.0,-1.0,0700-0759,0.0,,0.0,130.0,133.0,114.0,1.0,834.0,4,,,0.0,,0.0,,,,0,,,,,,,,,,,,,,,,,,,,,,,,,,,,,,,,,,,,,,,,,,,,,N,0.0,0.0,5.0,7.0,2.0,3.0,22.0,31.0,5,7,2.0,3.0,22.0,31.0,6,6,0,1.0,1.0,N232WN,N232WN-WN-0,22.0,34.0,9.0,31.0,43.0,,,0.0,22,31,0.0,0.0
N232WN,835.0,2019,2,5,2,4,2019-05-02,WN,WN,19393,WN,1782,,,,,WN,19393,WN,1782,13204,1320402,31454,MCO,"Orlando, FL",FL,12,Florida,33,12191,1219102,31453,HOU,"Houston, TX",TX,48,Texas,74,820,15.0,15.0,1.0,1.0,0800-0859,14.0,849.0,952.0,4.0,955,956.0,1.0,1.0,0.0,0.0,0900-0959,0.0,,0.0,155.0,141.0,123.0,1.0,849.0,4,,,0.0,,0.0,,,,0,,,,,,,,,,,,,,,,,,,,,,,,,,,,,,,,,,,,,,,,,,,,,N,0.0,4.0,8.0,9.0,2.0,4.0,34.0,44.0,8,9,1.0,4.0,33.0,44.0,5,5,1,1.0,0.0,N232WN,N232WN-WN-1,34.0,46.0,10.0,44.0,56.0,31.0,3.0,0.0,34,44,0.0,0.0
N233FR,624.0,2019,2,5,2,4,2019-05-02,F9,F9,20436,F9,387,,,,,F9,20436,F9,387,14683,1468305,33214,SAT,"San Antonio, TX",TX,48,Texas,74,11292,1129202,30325,DEN,"Denver, CO",CO,8,Colorado,82,625,-1.0,0.0,0.0,-1.0,0600-0659,9.0,633.0,721.0,9.0,754,730.0,-24.0,0.0,0.0,-2.0,0700-0759,0.0,,0.0,149.0,126.0,108.0,1.0,794.0,4,,,0.0,,0.0,,,,0,,,,,,,,,,,,,,,,,,,,,,,,,,,,,,,,,,,,,,,,,,,,,N,4.0,8.0,6.0,7.0,2.0,2.0,30.0,38.0,6,7,2.0,4.0,30.0,40.0,1,1,0,0.0,0.0,N233FR,N233FR-F9-0,30.0,42.0,8.0,38.0,50.0,,,0.0,30,42,4.0,7.7
N233LV,640.0,2019,2,5,2,4,2019-05-02,WN,WN,19393,WN,1439,,,,,WN,19393,WN,1439,11057,1105703,31057,CLT,"Charlotte, NC",NC,37,North Carolina,36,13232,1323202,30977,MDW,"Chicago, IL",IL,17,Illinois,41,610,30.0,30.0,1.0,2.0,0600-0659,11.0,651.0,717.0,3.0,705,720.0,15.0,15.0,1.0,1.0,0700-0759,0.0,,0.0,115.0,100.0,86.0,1.0,584.0,3,0.0,0.0,15.0,0.0,0.0,,,,0,,,,,,,,,,,,,,,,,,,,,,,,,,,,,,,,,,,,,,,,,,,,,N,0.0,4.0,6.0,7.0,3.0,1.0,27.0,33.0,6,7,1.0,0.0,25.0,32.0,3,3,0,1.0,1.0,N233LV,N233LV-WN-0,26.0,39.0,6.0,32.0,45.0,,,1.0,26,32,0.0,0.0
N233LV,758.0,2019,2,5,2,4,2019-05-02,WN,WN,19393,WN,176,,,,,WN,19393,WN,176,13232,1323202,30977,MDW,"Chicago, IL",IL,17,Illinois,41,11042,1104205,30647,CLE,"Cleveland, OH",OH,39,Ohio,44,635,83.0,83.0,1.0,5.0,0600-0659,8.0,806.0,1005.0,3.0,840,1008.0,88.0,88.0,1.0,5.0,0800-0859,0.0,,0.0,65.0,70.0,59.0,1.0,307.0,2,5.0,0.0,5.0,0.0,78.0,,,,0,,,,,,,,,,,,,,,,,,,,,,,,,,,,,,,,,,,,,,,,,,,,,N,4.0,0.0,7.0,10.0,4.0,1.0,36.0,41.0,6,8,2.0,3.0,30.0,35.0,4,4,1,1.0,0.0,N233LV,N233LV-WN-1,31.0,48.0,5.0,36.0,53.0,33.0,3.0,6.0,31,36,0.0,0.0
N233NN,701.0,2019,2,5,2,4,2019-05-02,AA,AA_CODESHARE,19805,AA,3476,,,,,MQ,20398,MQ,3476,11066,1106606,31066,CMH,"Columbus, OH",OH,39,Ohio,44,13930,1393007,30977,ORD,"Chicago, IL",IL,17,Illinois,41,706,-5.0,0.0,0.0,-1.0,0700-0759,31.0,732.0,734.0,13.0,745,747.0,2.0,2.0,0.0,0.0,0700-0759,0.0,,0.0,99.0,106.0,62.0,1.0,296.0,2,,,0.0,,0.0,,,,0,,,,,,,,,,,,,,,,,,,,,,,,,,,,,,,,,,,,,,,,,,,,,N,0.0,4.0,7.0,7.0,0.0,3.0,28.0,35.0,7,7,0.0,3.0,28.0,35.0,2,2,0,1.0,1.0,N233NN,N233NN-AA-0,28.0,40.0,7.0,35.0,47.0,,,0.0,28,36,1.0,2.22
N233NN,835.0,2019,2,5,2,4,2019-05-02,AA,AA_CODESHARE,19805,AA,3746,,,,,MQ,20398,MQ,3746,13930,1393007,30977,ORD,"Chicago, IL",IL,17,Illinois,41,10994,1099402,30994,CHS,"Charleston, SC",SC,45,South Carolina,37,840,-5.0,0.0,0.0,-1.0,0800-0859,40.0,915.0,1213.0,3.0,1206,1216.0,10.0,10.0,0.0,0.0,1200-1259,0.0,,0.0,146.0,161.0,118.0,1.0,760.0,4,,,0.0,,0.0,,,,0,,,,,,,,,,,,,,,,,,,,,,,,,,,,,,,,,,,,,,,,,,,,,N,4.0,0.0,8.0,12.0,2.0,1.0,38.0,49.0,8,12,3.0,0.0,39.0,48.0,4,4,1,1.0,0.0,N233NN,N233NN-AA-1,39.0,50.0,11.0,50.0,61.0,35.0,3.0,0.0,39,50,0.0,0.0
N234WN,531.0,2019,2,5,2,4,2019-05-02,WN,WN,19393,WN,1361,,,,,WN,19393,WN,1361,11292,1129202,30325,DEN,"Denver, CO",CO,8,Colorado,82,14679,1467903,33570,SAN,"San Diego, CA",CA,6,California,91,535,-4.0,0.0,0.0,-1.0,0001-0559,24.0,555.0,656.0,4.0,655,700.0,5.0,5.0,0.0,0.0,0600-0659,0.0,,0.0,140.0,149.0,121.0,1.0,853.0,4,,,0.0,,0.0,,,,0,,,,,,,,,,,,,,,,,,,,,,,,,,,,,,,,,,,,,,,,,,,,,N,8.0,12.0,5.0,7.0,2.0,0.0,30.0,40.0,5,6,2.0,4.0,30.0,40.0,4,4,0,0.0,0.0,N234WN,N234WN-WN-0,30.0,42.0,10.0,40.0,52.0,,,0.0,30,40,0.0,0.0
N235FR,730.0,2019,2,5,2,4,2019-05-02,F9,F9,20436,F9,1190,,,,,F9,20436,F9,1190,13204,1320402,31454,MCO,"Orlando, FL",FL,12,Florida,33,14492,1449202,34492,RDU,"Raleigh/Durham, NC",NC,37,North Carolina,36,735,-5.0,0.0,0.0,-1.0,0700-0759,20.0,750.0,914.0,7.0,920,921.0,1.0,1.0,0.0,0.0,0900-0959,0.0,,0.0,105.0,111.0,84.0,1.0,534.0,3,,,0.0,,0.0,,,,0,,,,,,,,,,,,,,,,,,,,,,,,,,,,,,,,,,,,,,,,,,,,,N,0.0,0.0,7.0,9.0,2.0,1.0,30.0,37.0,7,9,2.0,1.0,30.0,37.0,7,7,0,0.0,0.0,N235FR,N235FR-F9-0,30.0,42.0,7.0,37.0,49.0,,,0.0,30,37,0.0,0.0
N235NN,509.0,2019,2,5,2,4,2019-05-02,AA,AA_CODESHARE,19805,AA,3479,,,,,MQ,20398,MQ,3479,13485,1348502,33485,MSN,"Madison, WI",WI,55,Wisconsin,45,13930,1393007,30977,ORD,"Chicago, IL",IL,17,Illinois,41,514,-5.0,0.0,0.0,-1.0,0001-0559,11.0,520.0,604.0,15.0,614,619.0,5.0,5.0,0.0,0.0,0600-0659,0.0,,0.0,60.0,70.0,44.0,1.0,109.0,1,,,0.0,,0.0,,,,0,,,,,,,,,,,,,,,,,,,,,,,,,,,,,,,,,,,,,,,,,,,,,N,4.0,4.0,5.0,6.0,1.0,1.0,25.0,29.0,5,6,1.0,1.0,25.0,29.0,7,7,0,1.0,1.0,N235NN,N235NN-AA-0,25.0,37.0,4.0,29.0,41.0,,,0.0,25,29,0.0,0.0
N235NN,653.0,2019,2,5,2,4,2019-05-02,AA,AA_CODESHARE,19805,AA,3978,,,,,MQ,20398,MQ,3978,13930,1393007,30977,ORD,"Chicago, IL",IL,17,Illinois,41,14122,1412202,30198,PIT,"Pittsburgh, PA",PA,42,Pennsylvania,23,654,-1.0,0.0,0.0,-1.0,0600-0659,52.0,745.0,949.0,7.0,925,956.0,31.0,31.0,1.0,2.0,0900-0959,0.0,,0.0,91.0,123.0,64.0,1.0,413.0,2,0.0,0.0,31.0,0.0,0.0,,,,0,,,,,,,,,,,,,,,,,,,,,,,,,,,,,,,,,,,,,,,,,,,,,N,4.0,0.0,6.0,9.0,4.0,4.0,32.0,40.0,6,9,4.0,2.0,32.0,38.0,4,4,1,1.0,0.0,N235NN,N235NN-AA-1,32.0,44.0,8.0,40.0,52.0,29.0,3.0,2.0,32,40,0.0,0.0
N235WN,615.0,2019,2,5,2,4,2019-05-02,WN,WN,19393,WN,2259,,,,,WN,19393,WN,2259,10821,1082106,30852,BWI,"Baltimore, MD",MD,24,Maryland,35,10721,1072102,30721,BOS,"Boston, MA",MA,25,Massachusetts,13,620,-5.0,0.0,0.0,-1.0,0600-0659,22.0,637.0,738.0,7.0,755,745.0,-10.0,0.0,0.0,-1.0,0700-0759,0.0,,0.0,95.0,90.0,61.0,1.0,369.0,2,,,0.0,,0.0,,,,0,,,,,,,,,,,,,,,,,,,,,,,,,,,,,,,,,,,,,,,,,,,,,N,0.0,0.0,6.0,7.0,1.0,3.0,25.0,31.0,6,7,1.0,4.0,25.0,32.0,8,8,0,1.0,1.0,N235WN,N235WN-WN-0,25.0,37.0,6.0,31.0,43.0,,,0.0,25,31,0.0,0.0
N235WN,829.0,2019,2,5,2,4,2019-05-02,WN,WN,19393,WN,2259,,,,,WN,19393,WN,2259,10721,1072102,30721,BOS,"Boston, MA",MA,25,Massachusetts,13,13198,1319801,33198,MCI,"Kansas City, MO",MO,29,Missouri,64,830,-1.0,0.0,0.0,-1.0,0800-0859,16.0,845.0,1056.0,5.0,1105,1101.0,-4.0,0.0,0.0,-1.0,1100-1159,0.0,,0.0,215.0,212.0,191.0,1.0,1256.0,6,,,0.0,,0.0,,,,0,,,,,,,,,,,,,,,,,,,,,,,,,,,,,,,,,,,,,,,,,,,,,N,0.0,4.0,8.0,11.0,2.0,0.0,34.0,48.0,8,11,2.0,0.0,34.0,48.0,1,1,1,1.0,0.0,N235WN,N235WN-WN-1,34.0,46.0,14.0,48.0,60.0,31.0,3.0,0.0,34,48,0.0,0.0
N236JB,618.0,2019,2,5,2,4,2019-05-02,B6,B6,20409,B6,2802,,,,,B6,20409,B6,2802,12478,1247805,31703,JFK,"New York, NY",NY,36,New York,22,10792,1079206,30792,BUF,"Buffalo, NY",NY,36,New York,22,630,-12.0,0.0,0.0,-1.0,0600-0659,26.0,644.0,742.0,3.0,748,745.0,-3.0,0.0,0.0,-1.0,0700-0759,0.0,,0.0,78.0,87.0,58.0,1.0,301.0,2,,,0.0,,0.0,,,,0,,,,,,,,,,,,,,,,,,,,,,,,,,,,,,,,,,,,,,,,,,,,,N,0.0,0.0,6.0,7.0,1.0,3.0,25.0,31.0,6,7,2.0,3.0,26.0,31.0,2,2,0,1.0,1.0,N236JB,N236JB-B6-0,26.0,37.0,6.0,32.0,43.0,,,0.0,26,32,0.0,0.0
N236JB,816.0,2019,2,5,2,4,2019-05-02,B6,B6,20409,B6,2101,,,,,B6,20409,B6,2101,10792,1079206,30792,BUF,"Buffalo, NY",NY,36,New York,22,12478,1247805,31703,JFK,"New York, NY",NY,36,New York,22,826,-10.0,0.0,0.0,-1.0,0800-0859,19.0,835.0,933.0,4.0,951,937.0,-14.0,0.0,0.0,-1.0,0900-0959,0.0,,0.0,85.0,81.0,58.0,1.0,301.0,2,,,0.0,,0.0,,,,0,,,,,,,,,,,,,,,,,,,,,,,,,,,,,,,,,,,,,,,,,,,,,N,0.0,0.0,8.0,9.0,1.0,2.0,33.0,38.0,8,9,2.0,3.0,34.0,39.0,9,9,1,1.0,0.0,N236JB,N236JB-B6-1,34.0,45.0,5.0,39.0,50.0,31.0,2.0,0.0,34,39,0.0,0.0
N236WN,608.0,2019,2,5,2,4,2019-05-02,WN,WN,19393,WN,1925,,,,,WN,19393,WN,1925,12889,1288903,32211,LAS,"Las Vegas, NV",NV,32,Nevada,85,14679,1467903,33570,SAN,"San Diego, CA",CA,6,California,91,610,-2.0,0.0,0.0,-1.0,0600-0659,12.0,620.0,703.0,3.0,720,706.0,-14.0,0.0,0.0,-1.0,0700-0759,0.0,,0.0,70.0,58.0,43.0,1.0,258.0,2,,,0.0,,0.0,,,,0,,,,,,,,,,,,,,,,,,,,,,,,,,,,,,,,,,,,,,,,,,,,,N,12.0,12.0,6.0,7.0,1.0,0.0,37.0,40.0,6,7,1.0,1.0,37.0,41.0,6,6,0,0.0,0.0,N236WN,N236WN-WN-0,37.0,49.0,3.0,40.0,52.0,,,0.0,37,40,0.0,0.0
N23707,559.0,2019,2,5,2,4,2019-05-02,UA,UA,19977,UA,551,,,,,UA,19977,UA,551,11278,1127805,30852,DCA,"Washington, DC",VA,51,Virginia,38,12266,1226603,31453,IAH,"Houston, TX",TX,48,Texas,74,605,-6.0,0.0,0.0,-1.0,0600-0659,10.0,609.0,836.0,4.0,828,840.0,12.0,12.0,0.0,0.0,0800-0859,0.0,,0.0,203.0,221.0,207.0,1.0,1208.0,5,,,0.0,,0.0,,,,0,,,,,,,,,,,,,,,,,,,,,,,,,,,,,,,,,,,,,,,,,,,,,N,0.0,4.0,5.0,8.0,4.0,3.0,24.0,39.0,6,8,0.0,2.0,24.0,38.0,6,6,0,0.0,0.0,N23707,N23707-UA-0,24.0,36.0,15.0,39.0,51.0,,,0.0,24,40,1.0,6.22
N23708,723.0,2019,2,5,2,4,2019-05-02,UA,UA,19977,UA,1153,,,,,UA,19977,UA,1153,11042,1104205,30647,CLE,"Cleveland, OH",OH,39,Ohio,44,13930,1393007,30977,ORD,"Chicago, IL",IL,17,Illinois,41,725,-2.0,0.0,0.0,-1.0,0700-0759,14.0,737.0,735.0,24.0,810,759.0,-11.0,0.0,0.0,-1.0,0800-0859,0.0,,0.0,105.0,96.0,58.0,1.0,315.0,2,,,0.0,,0.0,,,,0,,,,,,,,,,,,,,,,,,,,,,,,,,,,,,,,,,,,,,,,,,,,,N,0.0,4.0,7.0,7.0,2.0,4.0,30.0,36.0,7,8,2.0,1.0,30.0,37.0,9,9,0,0.0,0.0,N23708,N23708-UA-0,30.0,42.0,6.0,36.0,48.0,,,0.0,30,36,0.0,0.0
N23721,556.0,2019,2,5,2,4,2019-05-02,UA,UA,19977,UA,1023,,,,,UA,19977,UA,1023,13930,1393007,30977,ORD,"Chicago, IL",IL,17,Illinois,41,11278,1127805,30852,DCA,"Washington, DC",VA,51,Virginia,38,600,-4.0,0.0,0.0,-1.0,0600-0659,18.0,614.0,836.0,2.0,846,838.0,-8.0,0.0,0.0,-1.0,0800-0859,0.0,,0.0,106.0,102.0,82.0,1.0,612.0,3,,,0.0,,0.0,,,,0,,,,,,,,,,,,,,,,,,,,,,,,,,,,,,,,,,,,,,,,,,,,,N,4.0,0.0,5.0,8.0,4.0,3.0,28.0,35.0,6,8,0.0,3.0,28.0,35.0,9,9,0,1.0,1.0,N23721,N23721-UA-0,28.0,40.0,7.0,35.0,47.0,,,0.0,28,35,0.0,0.0
N23721,938.0,2019,2,5,2,4,2019-05-02,UA,UA,19977,UA,1496,,,,,UA,19977,UA,1496,11278,1127805,30852,DCA,"Washington, DC",VA,51,Virginia,38,13930,1393007,30977,ORD,"Chicago, IL",IL,17,Illinois,41,945,-7.0,0.0,0.0,-1.0,0900-0959,16.0,954.0,1032.0,10.0,1056,1042.0,-14.0,0.0,0.0,-1.0,1000-1059,0.0,,0.0,131.0,124.0,98.0,1.0,612.0,3,,,0.0,,0.0,,,,0,,,,,,,,,,,,,,,,,,,,,,,,,,,,,,,,,,,,,,,,,,,,,N,0.0,4.0,9.0,10.0,3.0,3.0,39.0,47.0,9,10,3.0,4.0,39.0,48.0,4,4,1,1.0,0.0,N23721,N23721-UA-1,39.0,51.0,8.0,47.0,59.0,35.0,4.0,0.0,42,50,3.0,13.96
N237PS,541.0,2019,2,5,2,4,2019-05-02,AA,AA_CODESHARE,19805,AA,5330,,,,,OH,20397,OH,5330,10581,1058102,30581,BGR,"Bangor, ME",ME,23,Maine,12,11278,1127805,30852,DCA,"Washington, DC",VA,51,Virginia,38,542,-1.0,0.0,0.0,-1.0,0001-0559,10.0,551.0,732.0,3.0,750,735.0,-15.0,0.0,0.0,-1.0,0700-0759,0.0,,0.0,128.0,114.0,101.0,1.0,590.0,3,,,0.0,,0.0,,,,0,,,,,,,,,,,,,,,,,,,,,,,,,,,,,,,,,,,,,,,,,,,,,N,0.0,0.0,5.0,7.0,3.0,2.0,23.0,30.0,5,7,3.0,3.0,23.0,31.0,1,1,0,1.0,1.0,N237PS,N237PS-AA-0,23.0,35.0,7.0,30.0,42.0,,,0.0,23,31,1.0,1.14
N237PS,839.0,2019,2,5,2,4,2019-05-02,AA,AA_CODESHARE,19805,AA,5042,,,,,OH,20397,OH,5042,11278,1127805,30852,DCA,"Washington, DC",VA,51,Virginia,38,11267,1126702,31267,DAY,"Dayton, OH",OH,39,Ohio,44,840,-1.0,0.0,0.0,-1.0,0800-0859,38.0,917.0,1032.0,6.0,1017,1038.0,21.0,21.0,1.0,1.0,1000-1059,0.0,,0.0,97.0,119.0,75.0,1.0,391.0,2,0.0,0.0,21.0,0.0,0.0,,,,0,,,,,,,,,,,,,,,,,,,,,,,,,,,,,,,,,,,,,,,,,,,,,N,0.0,0.0,8.0,10.0,3.0,3.0,35.0,43.0,8,10,3.0,1.0,35.0,41.0,8,8,1,1.0,0.0,N237PS,N237PS-AA-1,35.0,47.0,8.0,43.0,55.0,30.0,5.0,1.0,35,43,0.0,0.0
N237WN,746.0,2019,2,5,2,4,2019-05-02,WN,WN,19393,WN,4247,,,,,WN,19393,WN,4247,10693,1069302,30693,BNA,"Nashville, TN",TN,47,Tennessee,54,12889,1288903,32211,LAS,"Las Vegas, NV",NV,32,Nevada,85,745,1.0,1.0,0.0,0.0,0700-0759,10.0,756.0,936.0,3.0,940,939.0,-1.0,0.0,0.0,-1.0,0900-0959,0.0,,0.0,235.0,233.0,220.0,1.0,1587.0,7,,,0.0,,0.0,,,,0,,,,,,,,,,,,,,,,,,,,,,,,,,,,,,,,,,,,,,,,,,,,,N,4.0,12.0,7.0,9.0,3.0,3.0,35.0,51.0,7,9,3.0,3.0,35.0,51.0,6,6,0,0.0,0.0,N237WN,N237WN-WN-0,35.0,47.0,16.0,51.0,63.0,,,0.0,35,51,0.0,0.0
N238AK,829.0,2019,2,5,2,4,2019-05-02,AS,AS,19930,AS,741,,,,,AS,19930,AS,741,10721,1072102,30721,BOS,"Boston, MA",MA,25,Massachusetts,13,14747,1474703,30559,SEA,"Seattle, WA",WA,53,Washington,93,840,-11.0,0.0,0.0,-1.0,0800-0859,27.0,856.0,1147.0,19.0,1205,1206.0,1.0,1.0,0.0,0.0,1200-1259,0.0,,0.0,385.0,397.0,351.0,1.0,2496.0,10,,,0.0,,0.0,,,,0,,,,,,,,,,,,,,,,,,,,,,,,,,,,,,,,,,,,,,,,,,,,,N,0.0,12.0,8.0,12.0,2.0,0.0,34.0,60.0,8,12,3.0,0.0,35.0,60.0,2,2,0,0.0,0.0,N238AK,N238AK-AS-0,35.0,46.0,26.0,61.0,72.0,,,0.0,36,62,1.0,2.24
N238FR,508.0,2019,2,5,2,4,2019-05-02,F9,F9,20436,F9,245,,,,,F9,20436,F9,245,12266,1226603,31453,IAH,"Houston, TX",TX,48,Texas,74,11292,1129202,30325,DEN,"Denver, CO",CO,8,Colorado,82,515,-7.0,0.0,0.0,-1.0,0001-0559,10.0,518.0,622.0,17.0,648,639.0,-9.0,0.0,0.0,-1.0,0600-0659,0.0,,0.0,153.0,151.0,124.0,1.0,862.0,4,,,0.0,,0.0,,,,0,,,,,,,,,,,,,,,,,,,,,,,,,,,,,,,,,,,,,,,,,,,,,N,4.0,8.0,5.0,6.0,1.0,3.0,25.0,35.0,5,6,1.0,3.0,25.0,35.0,1,1,0,1.0,1.0,N238FR,N238FR-F9-0,25.0,37.0,10.0,35.0,47.0,,,0.0,25,35,0.0,0.0
N238FR,731.0,2019,2,5,2,4,2019-05-02,F9,F9,20436,F9,536,,,,,F9,20436,F9,536,11292,1129202,30325,DEN,"Denver, CO",CO,8,Colorado,82,11278,1127805,30852,DCA,"Washington, DC",VA,51,Virginia,38,726,5.0,5.0,0.0,0.0,0700-0759,17.0,748.0,1246.0,5.0,1252,1251.0,-1.0,0.0,0.0,-1.0,1200-1259,0.0,,0.0,206.0,200.0,178.0,1.0,1476.0,6,,,0.0,,0.0,,,,0,,,,,,,,,,,,,,,,,,,,,,,,,,,,,,,,,,,,,,,,,,,,,N,8.0,0.0,7.0,12.0,2.0,3.0,38.0,51.0,7,12,2.0,3.0,38.0,51.0,7,7,1,1.0,0.0,N238FR,N238FR-F9-1,38.0,50.0,13.0,51.0,63.0,35.0,3.0,0.0,38,51,0.0,0.0
N238JB,554.0,2019,2,5,2,4,2019-05-02,B6,B6,20409,B6,2751,,,,,B6,20409,B6,2751,15304,1530402,33195,TPA,"Tampa, FL",FL,12,Florida,33,14843,1484306,34819,SJU,"San Juan, PR",PR,72,Puerto Rico,3,600,-6.0,0.0,0.0,-1.0,0600-0659,11.0,605.0,841.0,4.0,849,845.0,-4.0,0.0,0.0,-1.0,0800-0859,0.0,,0.0,169.0,171.0,156.0,1.0,1237.0,5,,,0.0,,0.0,,,,0,,,,,,,,,,,,,,,,,,,,,,,,,,,,,,,,,,,,,,,,,,,,,N,0.0,-4.0,5.0,8.0,4.0,3.0,24.0,31.0,6,8,0.0,3.0,24.0,31.0,7,7,0,0.0,0.0,N238JB,N238JB-B6-0,24.0,36.0,7.0,31.0,43.0,,,0.0,24,31,0.0,0.0
N238NN,649.0,2019,2,5,2,4,2019-05-02,AA,AA_CODESHARE,19805,AA,3418,,,,,MQ,20398,MQ,3418,11637,1163703,31637,FAR,"Fargo, ND",ND,38,North Dakota,66,11298,1129806,30194,DFW,"Dallas/Fort Worth, TX",TX,48,Texas,74,653,-4.0,0.0,0.0,-1.0,0600-0659,10.0,659.0,922.0,19.0,940,941.0,1.0,1.0,0.0,0.0,0900-0959,0.0,,0.0,167.0,172.0,143.0,1.0,968.0,4,,,0.0,,0.0,,,,0,,,,,,,,,,,,,,,,,,,,,,,,,,,,,,,,,,,,,,,,,,,,,N,4.0,4.0,6.0,9.0,3.0,3.0,31.0,43.0,6,9,4.0,3.0,32.0,43.0,2,2,0,0.0,0.0,N238NN,N238NN-AA-0,32.0,43.0,12.0,44.0,55.0,,,0.0,32,44,0.0,0.0
N238WN,655.0,2019,2,5,2,4,2019-05-02,WN,WN,19393,WN,1522,,,,,WN,19393,WN,1522,13851,1385103,33851,OKC,"Oklahoma City, OK",OK,40,Oklahoma,73,11292,1129202,30325,DEN,"Denver, CO",CO,8,Colorado,82,700,-5.0,0.0,0.0,-1.0,0700-0759,10.0,705.0,719.0,7.0,735,726.0,-9.0,0.0,0.0,-1.0,0700-0759,0.0,,0.0,95.0,91.0,74.0,1.0,495.0,2,,,0.0,,0.0,,,,0,,,,,,,,,,,,,,,,,,,,,,,,,,,,,,,,,,,,,,,,,,,,,N,4.0,8.0,6.0,7.0,4.0,2.0,32.0,38.0,7,7,0.0,2.0,32.0,38.0,2,2,0,0.0,0.0,N238WN,N238WN-WN-0,32.0,44.0,6.0,38.0,50.0,,,0.0,32,38,0.0,0.0
N239JB,632.0,2019,2,5,2,4,2019-05-02,B6,B6,20409,B6,1680,,,,,B6,20409,B6,1680,11697,1169706,32467,FLL,"Fort Lauderdale, FL",FL,12,Florida,33,11278,1127805,30852,DCA,"Washington, DC",VA,51,Virginia,38,642,-10.0,0.0,0.0,-1.0,0600-0659,21.0,653.0,849.0,11.0,905,900.0,-5.0,0.0,0.0,-1.0,0900-0959,0.0,,0.0,143.0,148.0,116.0,1.0,899.0,4,,,0.0,,0.0,,,,0,,,,,,,,,,,,,,,,,,,,,,,,,,,,,,,,,,,,,,,,,,,,,N,0.0,0.0,6.0,9.0,2.0,0.0,26.0,36.0,6,9,3.0,0.0,27.0,36.0,4,4,0,0.0,0.0,N239JB,N239JB-B6-0,27.0,38.0,10.0,37.0,48.0,,,0.0,27,37,0.0,0.0
N239NN,834.0,2019,2,5,2,4,2019-05-02,AA,AA_CODESHARE,19805,AA,3572,,,,,MQ,20398,MQ,3572,11066,1106606,31066,CMH,"Columbus, OH",OH,39,Ohio,44,13930,1393007,30977,ORD,"Chicago, IL",IL,17,Illinois,41,834,0.0,0.0,0.0,0.0,0800-0859,46.0,920.0,918.0,5.0,915,923.0,8.0,8.0,0.0,0.0,0900-0959,0.0,,0.0,101.0,109.0,58.0,1.0,296.0,2,,,0.0,,0.0,,,,0,,,,,,,,,,,,,,,,,,,,,,,,,,,,,,,,,,,,,,,,,,,,,N,0.0,4.0,8.0,9.0,2.0,2.0,34.0,42.0,8,9,2.0,1.0,34.0,41.0,1,1,0,0.0,0.0,N239NN,N239NN-AA-0,34.0,46.0,8.0,42.0,54.0,,,0.0,34,47,5.0,11.44
N241LR,703.0,2019,2,5,2,4,2019-05-02,AA,AA_CODESHARE,19805,AA,5722,,,,,YV,20378,YV,5722,11298,1129806,30194,DFW,"Dallas/Fort Worth, TX",TX,48,Texas,74,15624,1562404,31504,VPS,"Valparaiso, FL",FL,12,Florida,33,705,-2.0,0.0,0.0,-1.0,0700-0759,34.0,737.0,909.0,7.0,855,916.0,21.0,21.0,1.0,1.0,0800-0859,0.0,,0.0,110.0,133.0,92.0,1.0,641.0,3,0.0,0.0,21.0,0.0,0.0,,,,0,,,,,,,,,,,,,,,,,,,,,,,,,,,,,,,,,,,,,,,,,,,,,N,4.0,4.0,7.0,9.0,0.0,1.0,32.0,41.0,7,8,0.0,4.0,32.0,40.0,4,4,0,0.0,0.0,N241LR,N241LR-AA-0,32.0,44.0,9.0,41.0,53.0,,,1.0,32,41,0.0,0.0
N241PS,802.0,2019,2,5,2,4,2019-05-02,AA,AA_CODESHARE,19805,AA,5238,,,,,OH,20397,OH,5238,11267,1126702,31267,DAY,"Dayton, OH",OH,39,Ohio,44,14100,1410005,34100,PHL,"Philadelphia, PA",PA,42,Pennsylvania,23,810,-8.0,0.0,0.0,-1.0,0800-0859,88.0,930.0,1046.0,6.0,955,1052.0,57.0,57.0,1.0,3.0,0900-0959,0.0,,0.0,105.0,170.0,76.0,1.0,477.0,2,0.0,0.0,57.0,0.0,0.0,,,,0,,,,,,,,,,,,,,,,,,,,,,,,,,,,,,,,,,,,,,,,,,,,,N,0.0,0.0,8.0,10.0,0.0,3.0,32.0,43.0,8,9,1.0,4.0,33.0,40.0,6,6,0,0.0,0.0,N241PS,N241PS-AA-0,33.0,44.0,11.0,44.0,55.0,,,4.0,33,44,0.0,0.0
N241SY,606.0,2019,2,5,2,4,2019-05-02,DL,DL_CODESHARE,19790,DL,4633,,,,,OO,20304,OO,4633,10713,1071302,30713,BOI,"Boise, ID",ID,16,Idaho,83,14747,1474703,30559,SEA,"Seattle, WA",WA,53,Washington,93,615,-9.0,0.0,0.0,-1.0,0600-0659,11.0,617.0,629.0,8.0,656,637.0,-19.0,0.0,0.0,-2.0,0600-0659,0.0,,0.0,101.0,91.0,72.0,1.0,399.0,2,,,0.0,,0.0,,,,0,,,,,,,,,,,,,,,,,,,,,,,,,,,,,,,,,,,,,,,,,,,,,N,8.0,12.0,6.0,6.0,0.0,2.0,32.0,38.0,6,6,1.0,4.0,33.0,40.0,3,3,0,0.0,0.0,N241SY,N241SY-DL-0,33.0,44.0,6.0,39.0,50.0,,,0.0,33,39,0.0,0.0
N241WN,800.0,2019,2,5,2,4,2019-05-02,WN,WN,19393,WN,497,,,,,WN,19393,WN,497,15016,1501606,31123,STL,"St. Louis, MO",MO,29,Missouri,64,15304,1530402,33195,TPA,"Tampa, FL",FL,12,Florida,33,735,25.0,25.0,1.0,1.0,0700-0759,10.0,810.0,1117.0,5.0,1050,1122.0,32.0,32.0,1.0,2.0,1000-1059,0.0,,0.0,135.0,142.0,127.0,1.0,869.0,4,15.0,0.0,7.0,0.0,10.0,,,,0,,,,,,,,,,,,,,,,,,,,,,,,,,,,,,,,,,,,,,,,,,,,,N,4.0,0.0,8.0,11.0,0.0,1.0,36.0,45.0,7,10,2.0,3.0,34.0,43.0,9,9,0,0.0,0.0,N241WN,N241WN-WN-0,35.0,48.0,9.0,44.0,57.0,,,1.0,35,44,0.0,0.0
N24211,918.0,2019,2,5,2,4,2019-05-02,UA,UA,19977,UA,2032,,,,,UA,19977,UA,2032,13204,1320402,31454,MCO,"Orlando, FL",FL,12,Florida,33,11618,1161802,31703,EWR,"Newark, NJ",NJ,34,New Jersey,21,925,-7.0,0.0,0.0,-1.0,0900-0959,12.0,930.0,1136.0,8.0,1203,1144.0,-19.0,0.0,0.0,-2.0,1200-1259,0.0,,0.0,158.0,146.0,126.0,1.0,937.0,4,,,0.0,,0.0,,,,0,,,,,,,,,,,,,,,,,,,,,,,,,,,,,,,,,,,,,,,,,,,,,N,0.0,0.0,9.0,11.0,1.0,3.0,37.0,47.0,9,12,2.0,0.0,38.0,48.0,7,7,0,0.0,0.0,N24211,N24211-UA-0,38.0,49.0,10.0,48.0,59.0,,,0.0,38,48,0.0,0.0
N24212,750.0,2019,2,5,2,4,2019-05-02,UA,UA,19977,UA,599,,,,,UA,19977,UA,599,11292,1129202,30325,DEN,"Denver, CO",CO,8,Colorado,82,10721,1072102,30721,BOS,"Boston, MA",MA,25,Massachusetts,13,750,0.0,0.0,0.0,0.0,0700-0759,14.0,804.0,1322.0,7.0,1339,1329.0,-10.0,0.0,0.0,-1.0,1300-1359,0.0,,0.0,229.0,219.0,198.0,1.0,1754.0,8,,,0.0,,0.0,,,,0,,,,,,,,,,,,,,,,,,,,,,,,,,,,,,,,,,,,,,,,,,,,,N,8.0,0.0,7.0,13.0,3.0,2.0,39.0,54.0,7,13,3.0,3.0,39.0,55.0,6,6,0,0.0,0.0,N24212,N24212-UA-0,39.0,51.0,15.0,54.0,66.0,,,0.0,39,54,0.0,0.0
N24224,912.0,2019,2,5,2,4,2019-05-02,UA,UA,19977,UA,1414,,,,,UA,19977,UA,1414,13256,1325602,33256,MFE,"Mission/McAllen/Edinburg, TX",TX,48,Texas,74,12266,1226603,31453,IAH,"Houston, TX",TX,48,Texas,74,715,117.0,117.0,1.0,7.0,0700-0759,12.0,924.0,1015.0,7.0,829,1022.0,113.0,113.0,1.0,7.0,0800-0859,0.0,,0.0,74.0,70.0,51.0,1.0,316.0,2,0.0,0.0,113.0,0.0,0.0,,,,0,,,,,,,,,,,,,,,,,,,,,,,,,,,,,,,,,,,,,,,,,,,,,N,4.0,4.0,9.0,10.0,1.0,1.0,41.0,45.0,7,8,1.0,2.0,33.0,38.0,2,2,0,0.0,0.0,N24224,N24224-UA-0,33.0,53.0,4.0,37.0,57.0,,,8.0,33,47,10.0,44.2
N242JS,556.0,2019,2,5,2,4,2019-05-02,AA,AA_CODESHARE,19805,AA,5562,,,,,OH,20397,OH,5562,10599,1059904,30599,BHM,"Birmingham, AL",AL,1,Alabama,51,11278,1127805,30852,DCA,"Washington, DC",VA,51,Virginia,38,605,-9.0,0.0,0.0,-1.0,0600-0659,14.0,610.0,853.0,3.0,910,856.0,-14.0,0.0,0.0,-1.0,0900-0959,0.0,,0.0,125.0,120.0,103.0,1.0,653.0,3,,,0.0,,0.0,,,,0,,,,,,,,,,,,,,,,,,,,,,,,,,,,,,,,,,,,,,,,,,,,,N,4.0,0.0,5.0,8.0,4.0,4.0,28.0,36.0,6,9,0.0,1.0,28.0,37.0,4,4,0,1.0,1.0,N242JS,N242JS-AA-0,28.0,40.0,8.0,36.0,48.0,,,0.0,28,36,0.0,0.0
N242JS,1026.0,2019,2,5,2,4,2019-05-02,AA,AA_CODESHARE,19805,AA,5264,,,,,OH,20397,OH,5264,11278,1127805,30852,DCA,"Washington, DC",VA,51,Virginia,38,13277,1327702,33277,MGM,"Montgomery, AL",AL,1,Alabama,51,758,148.0,148.0,1.0,9.0,0700-0759,16.0,1042.0,1130.0,3.0,913,1133.0,140.0,140.0,1.0,9.0,0900-0959,0.0,,0.0,135.0,127.0,108.0,1.0,693.0,3,52.0,0.0,0.0,0.0,88.0,758.0,31.0,31.0,0,,,,,,,,,,,,,,,,,,,,,,,,,,,,,,,,,,,,,,,,,,,,,N,0.0,4.0,10.0,11.0,2.0,2.0,42.0,50.0,7,9,4.0,1.0,32.0,41.0,6,6,1,1.0,0.0,N242JS,N242JS-AA-1,36.0,54.0,8.0,44.0,62.0,36.0,6.0,6.0,36,44,0.0,0.0
N242NN,624.0,2019,2,5,2,4,2019-05-02,AA,AA_CODESHARE,19805,AA,3671,,,,,MQ,20398,MQ,3671,15919,1591904,31834,XNA,"Fayetteville, AR",AR,5,Arkansas,71,11298,1129806,30194,DFW,"Dallas/Fort Worth, TX",TX,48,Texas,74,633,-9.0,0.0,0.0,-1.0,0600-0659,19.0,643.0,729.0,5.0,800,734.0,-26.0,0.0,0.0,-2.0,0800-0859,0.0,,0.0,87.0,70.0,46.0,1.0,280.0,2,,,0.0,,0.0,,,,0,,,,,,,,,,,,,,,,,,,,,,,,,,,,,,,,,,,,,,,,,,,,,N,4.0,4.0,6.0,7.0,2.0,2.0,30.0,34.0,6,8,2.0,0.0,30.0,36.0,1,1,0,0.0,0.0,N242NN,N242NN-AA-0,30.0,42.0,4.0,34.0,46.0,,,0.0,30,34,0.0,0.0
N243SY,725.0,2019,2,5,2,4,2019-05-02,DL,DL_CODESHARE,19790,DL,3601,,,,,OO,20304,OO,3601,13342,1334207,33342,MKE,"Milwaukee, WI",WI,55,Wisconsin,45,14747,1474703,30559,SEA,"Seattle, WA",WA,53,Washington,93,730,-5.0,0.0,0.0,-1.0,0700-0759,10.0,735.0,937.0,9.0,1010,946.0,-24.0,0.0,0.0,-2.0,1000-1059,0.0,,0.0,280.0,261.0,242.0,1.0,1694.0,7,,,0.0,,0.0,,,,0,,,,,,,,,,,,,,,,,,,,,,,,,,,,,,,,,,,,,,,,,,,,,N,4.0,12.0,7.0,9.0,2.0,3.0,34.0,51.0,7,10,2.0,1.0,34.0,53.0,8,8,0,0.0,0.0,N243SY,N243SY-DL-0,34.0,46.0,17.0,51.0,63.0,,,0.0,34,51,0.0,0.0
N243WN,629.0,2019,2,5,2,4,2019-05-02,WN,WN,19393,WN,2305,,,,,WN,19393,WN,2305,14831,1483106,32457,SJC,"San Jose, CA",CA,6,California,91,14107,1410702,30466,PHX,"Phoenix, AZ",AZ,4,Arizona,81,630,-1.0,0.0,0.0,-1.0,0600-0659,16.0,645.0,807.0,4.0,820,811.0,-9.0,0.0,0.0,-1.0,0800-0859,0.0,,0.0,110.0,102.0,82.0,1.0,621.0,3,,,0.0,,0.0,,,,0,,,,,,,,,,,,,,,,,,,,,,,,,,,,,,,,,,,,,,,,,,,,,N,12.0,8.0,6.0,8.0,2.0,1.0,38.0,41.0,6,8,2.0,1.0,38.0,41.0,5,5,0,0.0,0.0,N243WN,N243WN-WN-0,38.0,50.0,3.0,41.0,53.0,,,0.0,38,41,0.0,0.0
N244NN,845.0,2019,2,5,2,4,2019-05-02,AA,AA_CODESHARE,19805,AA,3548,,,,,MQ,20398,MQ,3548,14783,1478302,34783,SGF,"Springfield, MO",MO,29,Missouri,64,11298,1129806,30194,DFW,"Dallas/Fort Worth, TX",TX,48,Texas,74,807,38.0,38.0,1.0,2.0,0800-0859,18.0,903.0,1007.0,30.0,945,1037.0,52.0,52.0,1.0,3.0,0900-0959,0.0,,0.0,98.0,112.0,64.0,1.0,364.0,2,38.0,0.0,14.0,0.0,0.0,,,,0,,,,,,,,,,,,,,,,,,,,,,,,,,,,,,,,,,,,,,,,,,,,,N,4.0,4.0,8.0,10.0,3.0,2.0,39.0,46.0,8,9,0.0,3.0,36.0,43.0,4,4,0,0.0,0.0,N244NN,N244NN-AA-0,38.0,51.0,7.0,45.0,58.0,,,1.0,38,45,0.0,0.0
N244PS,557.0,2019,2,5,2,4,2019-05-02,AA,AA_CODESHARE,19805,AA,5018,,,,,OH,20397,OH,5018,15412,1541205,35412,TYS,"Knoxville, TN",TN,47,Tennessee,54,11278,1127805,30852,DCA,"Washington, DC",VA,51,Virginia,38,604,-7.0,0.0,0.0,-1.0,0600-0659,15.0,612.0,719.0,3.0,735,722.0,-13.0,0.0,0.0,-1.0,0700-0759,0.0,,0.0,91.0,85.0,67.0,1.0,437.0,2,,,0.0,,0.0,,,,0,,,,,,,,,,,,,,,,,,,,,,,,,,,,,,,,,,,,,,,,,,,,,N,0.0,0.0,5.0,7.0,4.0,1.0,24.0,29.0,6,7,0.0,2.0,24.0,30.0,1,1,0,0.0,0.0,N244PS,N244PS-AA-0,24.0,36.0,5.0,29.0,41.0,,,0.0,24,31,2.0,2.84
N244SY,613.0,2019,2,5,2,4,2019-05-02,DL,DL_CODESHARE,19790,DL,4790,,,,,OO,20304,OO,4790,14489,1448902,34489,RDM,"Bend/Redmond, OR",OR,41,Oregon,92,14869,1486903,34614,SLC,"Salt Lake City, UT",UT,49,Utah,87,620,-7.0,0.0,0.0,-1.0,0600-0659,19.0,632.0,843.0,8.0,900,851.0,-9.0,0.0,0.0,-1.0,0900-0959,0.0,,0.0,100.0,98.0,71.0,1.0,525.0,3,,,0.0,,0.0,,,,0,,,,,,,,,,,,,,,,,,,,,,,,,,,,,,,,,,,,,,,,,,,,,N,12.0,8.0,6.0,8.0,1.0,3.0,37.0,43.0,6,9,1.0,0.0,37.0,44.0,5,5,0,0.0,0.0,N244SY,N244SY-DL-0,37.0,49.0,6.0,43.0,55.0,,,0.0,37,43,0.0,0.0
N245LR,632.0,2019,2,5,2,4,2019-05-02,AA,AA_CODESHARE,19805,AA,5836,,,,,YV,20378,YV,5836,14107,1410702,30466,PHX,"Phoenix, AZ",AZ,4,Arizona,81,11298,1129806,30194,DFW,"Dallas/Fort Worth, TX",TX,48,Texas,74,555,37.0,37.0,1.0,2.0,0001-0559,18.0,650.0,1040.0,6.0,1015,1046.0,31.0,31.0,1.0,2.0,1000-1059,0.0,,0.0,140.0,134.0,110.0,1.0,868.0,4,31.0,0.0,0.0,0.0,0.0,,,,0,,,,,,,,,,,,,,,,,,,,,,,,,,,,,,,,,,,,,,,,,,,,,N,8.0,4.0,6.0,10.0,2.0,3.0,34.0,47.0,5,10,4.0,1.0,32.0,45.0,8,8,0,0.0,0.0,N245LR,N245LR-AA-0,34.0,46.0,13.0,47.0,59.0,,,0.0,34,47,0.0,0.0
N245NN,753.0,2019,2,5,2,4,2019-05-02,AA,AA_CODESHARE,19805,AA,3752,,,,,MQ,20398,MQ,3752,11298,1129806,30194,DFW,"Dallas/Fort Worth, TX",TX,48,Texas,74,11267,1126702,31267,DAY,"Dayton, OH",OH,39,Ohio,44,755,-2.0,0.0,0.0,-1.0,0700-0759,18.0,811.0,1108.0,3.0,1111,1111.0,0.0,0.0,0.0,0.0,1100-1159,0.0,,0.0,136.0,138.0,117.0,1.0,861.0,4,,,0.0,,0.0,,,,0,,,,,,,,,,,,,,,,,,,,,,,,,,,,,,,,,,,,,,,,,,,,,N,4.0,0.0,7.0,11.0,4.0,1.0,36.0,45.0,7,11,4.0,1.0,36.0,45.0,8,8,0,0.0,0.0,N245NN,N245NN-AA-0,36.0,48.0,9.0,45.0,57.0,,,0.0,36,45,0.0,0.0
N245PS,729.0,2019,2,5,2,4,2019-05-02,AA,AA_CODESHARE,19805,AA,5041,,,,,OH,20397,OH,5041,11278,1127805,30852,DCA,"Washington, DC",VA,51,Virginia,38,12323,1232305,32323,ILM,"Wilmington, NC",NC,37,North Carolina,36,740,-11.0,0.0,0.0,-1.0,0700-0759,17.0,746.0,843.0,3.0,902,846.0,-16.0,0.0,0.0,-2.0,0900-0959,0.0,,0.0,82.0,77.0,57.0,1.0,319.0,2,,,0.0,,0.0,,,,0,,,,,,,,,,,,,,,,,,,,,,,,,,,,,,,,,,,,,,,,,,,,,N,0.0,0.0,7.0,8.0,2.0,3.0,30.0,35.0,7,9,3.0,0.0,31.0,36.0,3,3,0,1.0,1.0,N245PS,N245PS-AA-0,31.0,42.0,5.0,36.0,47.0,,,0.0,31,36,0.0,0.0
N245PS,921.0,2019,2,5,2,4,2019-05-02,AA,AA_CODESHARE,19805,AA,5041,,,,,OH,20397,OH,5041,12323,1232305,32323,ILM,"Wilmington, NC",NC,37,North Carolina,36,11278,1127805,30852,DCA,"Washington, DC",VA,51,Virginia,38,928,-7.0,0.0,0.0,-1.0,0900-0959,17.0,938.0,1031.0,2.0,1050,1033.0,-17.0,0.0,0.0,-2.0,1000-1059,0.0,,0.0,82.0,72.0,53.0,1.0,319.0,2,,,0.0,,0.0,,,,0,,,,,,,,,,,,,,,,,,,,,,,,,,,,,,,,,,,,,,,,,,,,,N,0.0,0.0,9.0,10.0,1.0,2.0,37.0,42.0,9,10,2.0,3.0,38.0,43.0,5,5,1,1.0,0.0,N245PS,N245PS-AA-1,38.0,49.0,5.0,43.0,54.0,35.0,2.0,0.0,38,43,0.0,0.0
N245WN,603.0,2019,2,5,2,4,2019-05-02,WN,WN,19393,WN,1720,,,,,WN,19393,WN,1720,14771,1477104,32457,SFO,"San Francisco, CA",CA,6,California,91,10800,1080003,32575,BUR,"Burbank, CA",CA,6,California,91,610,-7.0,0.0,0.0,-1.0,0600-0659,12.0,615.0,705.0,6.0,730,711.0,-19.0,0.0,0.0,-2.0,0700-0759,0.0,,0.0,80.0,68.0,50.0,1.0,326.0,2,,,0.0,,0.0,,,,0,,,,,,,,,,,,,,,,,,,,,,,,,,,,,,,,,,,,,,,,,,,,,N,12.0,12.0,6.0,7.0,0.0,1.0,36.0,41.0,6,7,1.0,2.0,37.0,42.0,4,4,0,0.0,0.0,N245WN,N245WN-WN-0,37.0,48.0,5.0,42.0,53.0,,,0.0,37,42,0.0,0.0
N246LV,602.0,2019,2,5,2,4,2019-05-02,WN,WN,19393,WN,2215,,,,,WN,19393,WN,2215,10397,1039707,30397,ATL,"Atlanta, GA",GA,13,Georgia,34,12953,1295304,31703,LGA,"New York, NY",NY,36,New York,22,605,-3.0,0.0,0.0,-1.0,0600-0659,10.0,612.0,758.0,7.0,815,805.0,-10.0,0.0,0.0,-1.0,0800-0859,0.0,,0.0,130.0,123.0,106.0,1.0,762.0,4,,,0.0,,0.0,,,,0,,,,,,,,,,,,,,,,,,,,,,,,,,,,,,,,,,,,,,,,,,,,,N,0.0,0.0,6.0,8.0,0.0,0.0,24.0,32.0,6,8,0.0,1.0,24.0,33.0,5,5,0,1.0,1.0,N246LV,N246LV-WN-0,24.0,36.0,8.0,32.0,44.0,,,0.0,24,32,0.0,0.0
N246LV,850.0,2019,2,5,2,4,2019-05-02,WN,WN,19393,WN,2215,,,,,WN,19393,WN,2215,12953,1295304,31703,LGA,"New York, NY",NY,36,New York,22,11292,1129202,30325,DEN,"Denver, CO",CO,8,Colorado,82,855,-5.0,0.0,0.0,-1.0,0800-0859,24.0,914.0,1131.0,14.0,1130,1145.0,15.0,15.0,1.0,1.0,1100-1159,0.0,,0.0,275.0,295.0,257.0,1.0,1620.0,7,0.0,0.0,15.0,0.0,0.0,,,,0,,,,,,,,,,,,,,,,,,,,,,,,,,,,,,,,,,,,,,,,,,,,,N,0.0,8.0,8.0,11.0,3.0,3.0,35.0,55.0,8,11,4.0,2.0,36.0,54.0,4,4,1,1.0,0.0,N246LV,N246LV-WN-1,36.0,47.0,20.0,56.0,67.0,32.0,3.0,1.0,36,56,0.0,0.0
N246NN,902.0,2019,2,5,2,4,2019-05-02,AA,AA_CODESHARE,19805,AA,4068,,,,,MQ,20398,MQ,4068,11298,1129806,30194,DFW,"Dallas/Fort Worth, TX",TX,48,Texas,74,11921,1192102,31921,GJT,"Grand Junction, CO",CO,8,Colorado,82,845,17.0,17.0,1.0,1.0,0800-0859,46.0,948.0,1051.0,3.0,1003,1054.0,51.0,51.0,1.0,3.0,1000-1059,0.0,,0.0,138.0,172.0,123.0,1.0,773.0,4,17.0,0.0,34.0,0.0,0.0,,,,0,,,,,,,,,,,,,,,,,,,,,,,,,,,,,,,,,,,,,,,,,,,,,N,4.0,8.0,9.0,10.0,0.0,4.0,40.0,52.0,8,10,3.0,0.0,39.0,48.0,7,7,0,0.0,0.0,N246NN,N246NN-AA-0,39.0,52.0,12.0,51.0,64.0,,,2.0,39,51,0.0,0.0
N246PS,936.0,2019,2,5,2,4,2019-05-02,AA,AA_CODESHARE,19805,AA,5269,,,,,OH,20397,OH,5269,10874,1087402,30647,CAK,"Akron, OH",OH,39,Ohio,44,11057,1105703,31057,CLT,"Charlotte, NC",NC,37,North Carolina,36,942,-6.0,0.0,0.0,-1.0,0900-0959,19.0,955.0,1100.0,34.0,1130,1134.0,4.0,4.0,0.0,0.0,1100-1159,0.0,,0.0,108.0,118.0,65.0,1.0,394.0,2,,,0.0,,0.0,,,,0,,,,,,,,,,,,,,,,,,,,,,,,,,,,,,,,,,,,,,,,,,,,,N,0.0,0.0,9.0,11.0,2.0,2.0,38.0,46.0,9,11,3.0,2.0,39.0,46.0,1,1,0,0.0,0.0,N246PS,N246PS-AA-0,39.0,50.0,8.0,47.0,58.0,,,0.0,39,51,4.0,7.04
N24706,809.0,2019,2,5,2,4,2019-05-02,UA,UA,19977,UA,1237,,,,,UA,19977,UA,1237,12264,1226402,30852,IAD,"Washington, DC",VA,51,Virginia,38,10397,1039707,30397,ATL,"Atlanta, GA",GA,13,Georgia,34,815,-6.0,0.0,0.0,-1.0,0800-0859,16.0,825.0,948.0,8.0,1007,956.0,-11.0,0.0,0.0,-1.0,1000-1059,0.0,,0.0,112.0,107.0,83.0,1.0,534.0,3,,,0.0,,0.0,,,,0,,,,,,,,,,,,,,,,,,,,,,,,,,,,,,,,,,,,,,,,,,,,,N,0.0,0.0,8.0,9.0,1.0,4.0,33.0,40.0,8,10,1.0,0.0,33.0,40.0,8,8,0,0.0,0.0,N24706,N24706-UA-0,33.0,45.0,7.0,40.0,52.0,,,0.0,33,40,0.0,0.0
N24736,723.0,2019,2,5,2,4,2019-05-02,UA,UA,19977,UA,1029,,,,,UA,19977,UA,1029,13930,1393007,30977,ORD,"Chicago, IL",IL,17,Illinois,41,12953,1295304,31703,LGA,"New York, NY",NY,36,New York,22,730,-7.0,0.0,0.0,-1.0,0700-0759,32.0,755.0,1037.0,4.0,1037,1041.0,4.0,4.0,0.0,0.0,1000-1059,0.0,,0.0,127.0,138.0,102.0,1.0,733.0,3,,,0.0,,0.0,,,,0,,,,,,,,,,,,,,,,,,,,,,,,,,,,,,,,,,,,,,,,,,,,,N,4.0,0.0,7.0,10.0,2.0,3.0,34.0,43.0,7,10,2.0,2.0,34.0,42.0,8,8,0,0.0,0.0,N24736,N24736-UA-0,34.0,46.0,9.0,43.0,55.0,,,0.0,34,43,0.0,0.0
N247NN,812.0,2019,2,5,2,4,2019-05-02,AA,AA_CODESHARE,19805,AA,3987,,,,,MQ,20398,MQ,3987,11140,1114008,31140,CRP,"Corpus Christi, TX",TX,48,Texas,74,11298,1129806,30194,DFW,"Dallas/Fort Worth, TX",TX,48,Texas,74,816,-4.0,0.0,0.0,-1.0,0800-0859,21.0,833.0,931.0,6.0,945,937.0,-8.0,0.0,0.0,-1.0,0900-0959,0.0,,0.0,89.0,85.0,58.0,1.0,354.0,2,,,0.0,,0.0,,,,0,,,,,,,,,,,,,,,,,,,,,,,,,,,,,,,,,,,,,,,,,,,,,N,4.0,4.0,8.0,9.0,1.0,2.0,37.0,42.0,8,9,1.0,3.0,37.0,43.0,6,6,0,0.0,0.0,N247NN,N247NN-AA-0,37.0,49.0,5.0,42.0,54.0,,,0.0,37,42,0.0,0.0
N247WN,557.0,2019,2,5,2,4,2019-05-02,WN,WN,19393,WN,2194,,,,,WN,19393,WN,2194,11433,1143302,31295,DTW,"Detroit, MI",MI,26,Michigan,43,10821,1082106,30852,BWI,"Baltimore, MD",MD,24,Maryland,35,600,-3.0,0.0,0.0,-1.0,0600-0659,11.0,608.0,707.0,4.0,725,711.0,-14.0,0.0,0.0,-1.0,0700-0759,0.0,,0.0,85.0,74.0,59.0,1.0,409.0,2,,,0.0,,0.0,,,,0,,,,,,,,,,,,,,,,,,,,,,,,,,,,,,,,,,,,,,,,,,,,,N,0.0,0.0,5.0,7.0,4.0,1.0,24.0,29.0,6,7,0.0,2.0,24.0,30.0,8,8,0,1.0,1.0,N247WN,N247WN-WN-0,24.0,36.0,5.0,29.0,41.0,,,0.0,24,29,0.0,0.0
N247WN,823.0,2019,2,5,2,4,2019-05-02,WN,WN,19393,WN,2194,,,,,WN,19393,WN,2194,10821,1082106,30852,BWI,"Baltimore, MD",MD,24,Maryland,35,13244,1324402,33244,MEM,"Memphis, TN",TN,47,Tennessee,54,820,3.0,3.0,0.0,0.0,0800-0859,21.0,844.0,935.0,5.0,945,940.0,-5.0,0.0,0.0,-1.0,0900-0959,0.0,,0.0,145.0,137.0,111.0,1.0,787.0,4,,,0.0,,0.0,,,,0,,,,,,,,,,,,,,,,,,,,,,,,,,,,,,,,,,,,,,,,,,,,,N,0.0,4.0,8.0,9.0,2.0,3.0,34.0,43.0,8,9,1.0,3.0,33.0,43.0,6,6,1,1.0,0.0,N247WN,N247WN-WN-1,34.0,46.0,9.0,43.0,55.0,29.0,5.0,0.0,34,43,0.0,0.0
N248NN,659.0,2019,2,5,2,4,2019-05-02,AA,AA_CODESHARE,19805,AA,3485,,,,,MQ,20398,MQ,3485,11298,1129806,30194,DFW,"Dallas/Fort Worth, TX",TX,48,Texas,74,14524,1452401,34524,RIC,"Richmond, VA",VA,51,Virginia,38,705,-6.0,0.0,0.0,-1.0,0700-0759,25.0,724.0,1050.0,10.0,1055,1100.0,5.0,5.0,0.0,0.0,1000-1059,0.0,,0.0,170.0,181.0,146.0,1.0,1158.0,5,,,0.0,,0.0,,,,0,,,,,,,,,,,,,,,,,,,,,,,,,,,,,,,,,,,,,,,,,,,,,N,4.0,0.0,6.0,11.0,4.0,0.0,32.0,44.0,7,10,0.0,4.0,32.0,44.0,9,9,0,0.0,0.0,N248NN,N248NN-AA-0,32.0,44.0,12.0,44.0,56.0,,,0.0,32,44,0.0,0.0
N248PS,647.0,2019,2,5,2,4,2019-05-02,AA,AA_CODESHARE,19805,AA,5122,,,,,OH,20397,OH,5122,11278,1127805,30852,DCA,"Washington, DC",VA,51,Virginia,38,10868,1086803,30868,CAE,"Columbia, SC",SC,45,South Carolina,37,659,-12.0,0.0,0.0,-1.0,0600-0659,28.0,715.0,826.0,3.0,827,829.0,2.0,2.0,0.0,0.0,0800-0859,0.0,,0.0,88.0,102.0,71.0,1.0,408.0,2,,,0.0,,0.0,,,,0,,,,,,,,,,,,,,,,,,,,,,,,,,,,,,,,,,,,,,,,,,,,,N,0.0,0.0,6.0,8.0,3.0,2.0,27.0,34.0,6,8,4.0,2.0,28.0,34.0,8,8,0,1.0,1.0,N248PS,N248PS-AA-0,28.0,39.0,7.0,35.0,46.0,,,0.0,28,35,0.0,0.0
N248PS,921.0,2019,2,5,2,4,2019-05-02,AA,AA_CODESHARE,19805,AA,5122,,,,,OH,20397,OH,5122,10868,1086803,30868,CAE,"Columbia, SC",SC,45,South Carolina,37,11278,1127805,30852,DCA,"Washington, DC",VA,51,Virginia,38,921,0.0,0.0,0.0,0.0,0900-0959,14.0,935.0,1037.0,4.0,1050,1041.0,-9.0,0.0,0.0,-1.0,1000-1059,0.0,,0.0,89.0,80.0,62.0,1.0,408.0,2,,,0.0,,0.0,,,,0,,,,,,,,,,,,,,,,,,,,,,,,,,,,,,,,,,,,,,,,,,,,,N,0.0,0.0,9.0,10.0,1.0,3.0,37.0,43.0,9,10,1.0,3.0,37.0,43.0,3,3,1,1.0,0.0,N248PS,N248PS-AA-1,37.0,49.0,6.0,43.0,55.0,34.0,3.0,0.0,38,49,6.0,25.0
N248WN,724.0,2019,2,5,2,4,2019-05-02,WN,WN,19393,WN,4232,,,,,WN,19393,WN,4232,11278,1127805,30852,DCA,"Washington, DC",VA,51,Virginia,38,15304,1530402,33195,TPA,"Tampa, FL",FL,12,Florida,33,730,-6.0,0.0,0.0,-1.0,0700-0759,17.0,741.0,944.0,3.0,945,947.0,2.0,2.0,0.0,0.0,0900-0959,0.0,,0.0,135.0,143.0,123.0,1.0,814.0,4,,,0.0,,0.0,,,,0,,,,,,,,,,,,,,,,,,,,,,,,,,,,,,,,,,,,,,,,,,,,,N,0.0,0.0,7.0,9.0,2.0,3.0,30.0,39.0,7,9,2.0,3.0,30.0,39.0,6,6,0,0.0,0.0,N248WN,N248WN-WN-0,30.0,42.0,9.0,39.0,51.0,,,0.0,30,39,0.0,0.0
N249LR,704.0,2019,2,5,2,4,2019-05-02,AA,AA_CODESHARE,19805,AA,5789,,,,,YV,20378,YV,5789,13485,1348502,33485,MSN,"Madison, WI",WI,55,Wisconsin,45,14107,1410702,30466,PHX,"Phoenix, AZ",AZ,4,Arizona,81,705,-1.0,0.0,0.0,-1.0,0700-0759,12.0,716.0,845.0,6.0,855,851.0,-4.0,0.0,0.0,-1.0,0800-0859,0.0,,0.0,230.0,227.0,209.0,1.0,1396.0,6,,,0.0,,0.0,,,,0,,,,,,,,,,,,,,,,,,,,,,,,,,,,,,,,,,,,,,,,,,,,,N,4.0,8.0,7.0,8.0,0.0,3.0,32.0,43.0,7,8,0.0,4.0,32.0,44.0,3,3,0,0.0,0.0,N249LR,N249LR-AA-0,32.0,44.0,11.0,43.0,55.0,,,0.0,32,45,2.0,6.96
N249NN,721.0,2019,2,5,2,4,2019-05-02,AA,AA_CODESHARE,19805,AA,3520,,,,,MQ,20398,MQ,3520,13930,1393007,30977,ORD,"Chicago, IL",IL,17,Illinois,41,10397,1039707,30397,ATL,"Atlanta, GA",GA,13,Georgia,34,705,16.0,16.0,1.0,1.0,0700-0759,55.0,816.0,1044.0,13.0,1008,1057.0,49.0,49.0,1.0,3.0,1000-1059,0.0,,0.0,123.0,156.0,88.0,1.0,606.0,3,16.0,0.0,33.0,0.0,0.0,,,,0,,,,,,,,,,,,,,,,,,,,,,,,,,,,,,,,,,,,,,,,,,,,,N,4.0,0.0,7.0,10.0,1.0,4.0,33.0,44.0,7,10,0.0,1.0,32.0,41.0,2,2,0,0.0,0.0,N249NN,N249NN-AA-0,32.0,45.0,11.0,43.0,56.0,,,2.0,32,43,0.0,0.0
N249PS,754.0,2019,2,5,2,4,2019-05-02,AA,AA_CODESHARE,19805,AA,5440,,,,,OH,20397,OH,5440,10874,1087402,30647,CAK,"Akron, OH",OH,39,Ohio,44,14100,1410005,34100,PHL,"Philadelphia, PA",PA,42,Pennsylvania,23,758,-4.0,0.0,0.0,-1.0,0700-0759,12.0,806.0,908.0,21.0,933,929.0,-4.0,0.0,0.0,-1.0,0900-0959,0.0,,0.0,95.0,95.0,62.0,1.0,335.0,2,,,0.0,,0.0,,,,0,,,,,,,,,,,,,,,,,,,,,,,,,,,,,,,,,,,,,,,,,,,,,N,0.0,0.0,7.0,9.0,4.0,2.0,32.0,38.0,7,9,4.0,2.0,32.0,38.0,7,7,0,0.0,0.0,N249PS,N249PS-AA-0,32.0,44.0,6.0,38.0,50.0,,,0.0,32,38,0.0,0.0
N249WN,600.0,2019,2,5,2,4,2019-05-02,WN,WN,19393,WN,539,,,,,WN,19393,WN,539,13204,1320402,31454,MCO,"Orlando, FL",FL,12,Florida,33,10821,1082106,30852,BWI,"Baltimore, MD",MD,24,Maryland,35,605,-5.0,0.0,0.0,-1.0,0600-0659,13.0,613.0,757.0,4.0,810,801.0,-9.0,0.0,0.0,-1.0,0800-0859,0.0,,0.0,125.0,121.0,104.0,1.0,787.0,4,,,0.0,,0.0,,,,0,,,,,,,,,,,,,,,,,,,,,,,,,,,,,,,,,,,,,,,,,,,,,N,0.0,0.0,6.0,8.0,0.0,0.0,24.0,32.0,6,8,0.0,1.0,24.0,33.0,8,8,0,1.0,1.0,N249WN,N249WN-WN-0,24.0,36.0,8.0,32.0,44.0,,,0.0,24,32,0.0,0.0
N249WN,838.0,2019,2,5,2,4,2019-05-02,WN,WN,19393,WN,1681,,,,,WN,19393,WN,1681,10821,1082106,30852,BWI,"Baltimore, MD",MD,24,Maryland,35,15304,1530402,33195,TPA,"Tampa, FL",FL,12,Florida,33,845,-7.0,0.0,0.0,-1.0,0800-0859,15.0,853.0,1057.0,5.0,1120,1102.0,-18.0,0.0,0.0,-2.0,1100-1159,0.0,,0.0,155.0,144.0,124.0,1.0,842.0,4,,,0.0,,0.0,,,,0,,,,,,,,,,,,,,,,,,,,,,,,,,,,,,,,,,,,,,,,,,,,,N,0.0,0.0,8.0,11.0,3.0,0.0,35.0,44.0,8,11,3.0,1.0,35.0,45.0,5,5,1,1.0,0.0,N249WN,N249WN-WN-1,35.0,47.0,9.0,44.0,56.0,32.0,3.0,0.0,36,45,1.0,5.22
N250NN,745.0,2019,2,5,2,4,2019-05-02,AA,AA_CODESHARE,19805,AA,3367,,,,,MQ,20398,MQ,3367,11298,1129806,30194,DFW,"Dallas/Fort Worth, TX",TX,48,Texas,74,15370,1537002,34653,TUL,"Tulsa, OK",OK,40,Oklahoma,73,745,0.0,0.0,0.0,0.0,0700-0759,18.0,803.0,840.0,5.0,848,845.0,-3.0,0.0,0.0,-1.0,0800-0859,0.0,,0.0,63.0,60.0,37.0,1.0,237.0,1,,,0.0,,0.0,,,,0,,,,,,,,,,,,,,,,,,,,,,,,,,,,,,,,,,,,,,,,,,,,,N,4.0,4.0,7.0,8.0,3.0,3.0,35.0,39.0,7,8,3.0,3.0,35.0,39.0,8,8,0,0.0,0.0,N250NN,N250NN-AA-0,35.0,47.0,4.0,39.0,51.0,,,0.0,35,39,0.0,0.0
N250PS,841.0,2019,2,5,2,4,2019-05-02,AA,AA_CODESHARE,19805,AA,5258,,,,,OH,20397,OH,5258,11278,1127805,30852,DCA,"Washington, DC",VA,51,Virginia,38,11996,1199603,31871,GSP,"Greer, SC",SC,45,South Carolina,37,845,-4.0,0.0,0.0,-1.0,0800-0859,38.0,919.0,1027.0,2.0,1022,1029.0,7.0,7.0,0.0,0.0,1000-1059,0.0,,0.0,97.0,108.0,68.0,1.0,396.0,2,,,0.0,,0.0,,,,0,,,,,,,,,,,,,,,,,,,,,,,,,,,,,,,,,,,,,,,,,,,,,N,0.0,0.0,8.0,10.0,3.0,2.0,35.0,42.0,8,10,3.0,1.0,35.0,41.0,3,3,0,0.0,0.0,N250PS,N250PS-AA-0,35.0,47.0,7.0,42.0,54.0,,,0.0,36,43,1.0,3.28
N250SY,737.0,2019,2,5,2,4,2019-05-02,DL,DL_CODESHARE,19790,DL,4564,,,,,OO,20304,OO,4564,10713,1071302,30713,BOI,"Boise, ID",ID,16,Idaho,83,12892,1289208,32575,LAX,"Los Angeles, CA",CA,6,California,91,740,-3.0,0.0,0.0,-1.0,0700-0759,14.0,751.0,840.0,12.0,900,852.0,-8.0,0.0,0.0,-1.0,0900-0959,0.0,,0.0,140.0,135.0,109.0,1.0,674.0,3,,,0.0,,0.0,,,,0,,,,,,,,,,,,,,,,,,,,,,,,,,,,,,,,,,,,,,,,,,,,,N,8.0,12.0,7.0,8.0,2.0,3.0,38.0,47.0,7,9,3.0,0.0,39.0,48.0,5,5,0,0.0,0.0,N250SY,N250SY-DL-0,39.0,50.0,9.0,48.0,59.0,,,0.0,39,48,0.0,0.0
N250WN,910.0,2019,2,5,2,4,2019-05-02,WN,WN,19393,WN,2283,,,,,WN,19393,WN,2283,10821,1082106,30852,BWI,"Baltimore, MD",MD,24,Maryland,35,11433,1143302,31295,DTW,"Detroit, MI",MI,26,Michigan,43,825,45.0,45.0,1.0,3.0,0800-0859,13.0,923.0,1031.0,8.0,1005,1039.0,34.0,34.0,1.0,2.0,1000-1059,0.0,,0.0,100.0,89.0,68.0,1.0,409.0,2,0.0,34.0,0.0,0.0,0.0,,,,0,,,,,,,,,,,,,,,,,,,,,,,,,,,,,,,,,,,,,,,,,,,,,N,0.0,0.0,9.0,10.0,1.0,3.0,37.0,43.0,8,10,2.0,0.0,34.0,40.0,9,9,0,0.0,0.0,N250WN,N250WN-WN-0,37.0,49.0,6.0,43.0,55.0,,,0.0,37,43,0.0,0.0
N25134,547.0,2019,2,5,2,4,2019-05-02,UA,UA_CODESHARE,19977,UA,4092,,,,,EV,20366,EV,4092,10874,1087402,30647,CAK,"Akron, OH",OH,39,Ohio,44,11618,1161802,31703,EWR,"Newark, NJ",NJ,34,New Jersey,21,600,-13.0,0.0,0.0,-1.0,0600-0659,14.0,601.0,658.0,7.0,748,705.0,-43.0,0.0,0.0,-2.0,0700-0759,0.0,,0.0,108.0,78.0,57.0,1.0,382.0,2,,,0.0,,0.0,,,,0,,,,,,,,,,,,,,,,,,,,,,,,,,,,,,,,,,,,,,,,,,,,,N,0.0,0.0,5.0,7.0,3.0,0.0,23.0,28.0,6,7,0.0,3.0,24.0,31.0,8,8,0,0.0,0.0,N25134,N25134-UA-0,24.0,35.0,5.0,29.0,40.0,,,0.0,24,29,0.0,0.0
N251AK,621.0,2019,2,5,2,4,2019-05-02,AS,AS,19930,AS,782,,,,,AS,19930,AS,782,14057,1405702,34057,PDX,"Portland, OR",OR,41,Oregon,92,13204,1320402,31454,MCO,"Orlando, FL",FL,12,Florida,33,630,-9.0,0.0,0.0,-1.0,0600-0659,12.0,633.0,1436.0,9.0,1500,1445.0,-15.0,0.0,0.0,-1.0,1500-1559,0.0,,0.0,330.0,324.0,303.0,1.0,2534.0,11,,,0.0,,0.0,,,,0,,,,,,,,,,,,,,,,,,,,,,,,,,,,,,,,,,,,,,,,,,,,,N,12.0,0.0,6.0,14.0,1.0,3.0,37.0,59.0,6,15,2.0,0.0,38.0,60.0,2,2,0,0.0,0.0,N251AK,N251AK-AS-0,38.0,49.0,22.0,60.0,71.0,,,0.0,38,60,0.0,0.0
N251NN,633.0,2019,2,5,2,4,2019-05-02,AA,AA_CODESHARE,19805,AA,4088,,,,,MQ,20398,MQ,4088,14814,1481402,30476,SHV,"Shreveport, LA",LA,22,Louisiana,72,11298,1129806,30194,DFW,"Dallas/Fort Worth, TX",TX,48,Texas,74,633,0.0,0.0,0.0,0.0,0600-0659,74.0,747.0,826.0,6.0,740,832.0,52.0,52.0,1.0,3.0,0700-0759,0.0,,0.0,67.0,119.0,39.0,1.0,190.0,1,0.0,0.0,52.0,0.0,0.0,,,,0,,,,,,,,,,,,,,,,,,,,,,,,,,,,,,,,,,,,,,,,,,,,,N,4.0,4.0,6.0,8.0,2.0,2.0,30.0,38.0,6,7,2.0,3.0,30.0,35.0,6,6,0,1.0,1.0,N251NN,N251NN-AA-0,30.0,42.0,8.0,38.0,50.0,,,3.0,30,38,0.0,0.0
N251NN,916.0,2019,2,5,2,4,2019-05-02,AA,AA_CODESHARE,19805,AA,3433,,,,,MQ,20398,MQ,3433,11298,1129806,30194,DFW,"Dallas/Fort Worth, TX",TX,48,Texas,74,10849,1084905,30849,BZN,"Bozeman, MT",MT,30,Montana,84,845,31.0,31.0,1.0,2.0,0800-0859,16.0,932.0,1112.0,3.0,1102,1115.0,13.0,13.0,0.0,0.0,1100-1159,0.0,,0.0,197.0,179.0,160.0,1.0,1163.0,5,,,0.0,,0.0,,,,0,,,,,,,,,,,,,,,,,,,,,,,,,,,,,,,,,,,,,,,,,,,,,N,4.0,8.0,9.0,11.0,1.0,1.0,41.0,53.0,8,11,3.0,0.0,39.0,52.0,6,6,1,1.0,0.0,N251NN,N251NN-AA-1,41.0,53.0,12.0,53.0,65.0,38.0,3.0,0.0,42,54,1.0,6.2
N251PS,751.0,2019,2,5,2,4,2019-05-02,AA,AA_CODESHARE,19805,AA,5649,,,,,OH,20397,OH,5649,14492,1449202,34492,RDU,"Raleigh/Durham, NC",NC,37,North Carolina,36,11278,1127805,30852,DCA,"Washington, DC",VA,51,Virginia,38,747,4.0,4.0,0.0,0.0,0700-0759,48.0,839.0,921.0,4.0,910,925.0,15.0,15.0,1.0,1.0,0900-0959,0.0,,0.0,83.0,94.0,42.0,1.0,227.0,1,4.0,0.0,11.0,0.0,0.0,,,,0,,,,,,,,,,,,,,,,,,,,,,,,,,,,,,,,,,,,,,,,,,,,,N,0.0,0.0,7.0,9.0,3.0,2.0,31.0,38.0,7,9,3.0,1.0,31.0,37.0,1,1,0,1.0,1.0,N251PS,N251PS-AA-0,31.0,43.0,7.0,38.0,50.0,,,1.0,31,41,3.0,5.14
N251PS,1001.0,2019,2,5,2,4,2019-05-02,AA,AA_CODESHARE,19805,AA,5116,,,,,OH,20397,OH,5116,11278,1127805,30852,DCA,"Washington, DC",VA,51,Virginia,38,13931,1393102,33667,ORF,"Norfolk, VA",VA,51,Virginia,38,850,71.0,71.0,1.0,4.0,0800-0859,25.0,1026.0,1059.0,3.0,949,1102.0,73.0,73.0,1.0,4.0,0900-0959,0.0,,0.0,59.0,61.0,33.0,1.0,142.0,1,1.0,0.0,2.0,0.0,70.0,,,,0,,,,,,,,,,,,,,,,,,,,,,,,,,,,,,,,,,,,,,,,,,,,,N,0.0,0.0,10.0,11.0,0.0,0.0,40.0,44.0,8,9,3.0,3.0,35.0,39.0,2,2,1,1.0,0.0,N251PS,N251PS-AA-1,35.0,52.0,4.0,39.0,56.0,38.0,2.0,5.0,38,42,3.0,7.86
N251SY,736.0,2019,2,5,2,4,2019-05-02,DL,DL_CODESHARE,19790,DL,3502,,,,,OO,20304,OO,3502,15016,1501606,31123,STL,"St. Louis, MO",MO,29,Missouri,64,14869,1486903,34614,SLC,"Salt Lake City, UT",UT,49,Utah,87,740,-4.0,0.0,0.0,-1.0,0700-0759,27.0,803.0,1005.0,3.0,958,1008.0,10.0,10.0,0.0,0.0,0900-0959,0.0,,0.0,198.0,212.0,182.0,1.0,1156.0,5,,,0.0,,0.0,,,,0,,,,,,,,,,,,,,,,,,,,,,,,,,,,,,,,,,,,,,,,,,,,,N,4.0,8.0,7.0,10.0,2.0,1.0,34.0,49.0,7,9,3.0,4.0,35.0,48.0,8,8,0,0.0,0.0,N251SY,N251SY-DL-0,35.0,46.0,15.0,50.0,61.0,,,0.0,35,50,0.0,0.0
N251WN,609.0,2019,2,5,2,4,2019-05-02,WN,WN,19393,WN,1981,,,,,WN,19393,WN,1981,13204,1320402,31454,MCO,"Orlando, FL",FL,12,Florida,33,13198,1319801,33198,MCI,"Kansas City, MO",MO,29,Missouri,64,610,-1.0,0.0,0.0,-1.0,0600-0659,22.0,631.0,758.0,4.0,800,802.0,2.0,2.0,0.0,0.0,0800-0859,0.0,,0.0,170.0,173.0,147.0,1.0,1072.0,5,,,0.0,,0.0,,,,0,,,,,,,,,,,,,,,,,,,,,,,,,,,,,,,,,,,,,,,,,,,,,N,0.0,4.0,6.0,8.0,1.0,0.0,25.0,36.0,6,8,1.0,0.0,25.0,36.0,5,5,0,1.0,1.0,N251WN,N251WN-WN-0,25.0,37.0,11.0,36.0,48.0,,,0.0,25,36,0.0,0.0
N251WN,835.0,2019,2,5,2,4,2019-05-02,WN,WN,19393,WN,1981,,,,,WN,19393,WN,1981,13198,1319801,33198,MCI,"Kansas City, MO",MO,29,Missouri,64,11278,1127805,30852,DCA,"Washington, DC",VA,51,Virginia,38,835,0.0,0.0,0.0,0.0,0800-0859,7.0,842.0,1137.0,7.0,1155,1144.0,-11.0,0.0,0.0,-1.0,1100-1159,0.0,,0.0,140.0,129.0,115.0,1.0,949.0,4,,,0.0,,0.0,,,,0,,,,,,,,,,,,,,,,,,,,,,,,,,,,,,,,,,,,,,,,,,,,,N,4.0,0.0,8.0,11.0,2.0,3.0,38.0,47.0,8,11,2.0,4.0,38.0,48.0,8,8,1,1.0,0.0,N251WN,N251WN-WN-1,38.0,50.0,9.0,47.0,59.0,36.0,2.0,0.0,38,47,0.0,0.0
N25201,557.0,2019,2,5,2,4,2019-05-02,UA,UA,19977,UA,1600,,,,,UA,19977,UA,1600,14107,1410702,30466,PHX,"Phoenix, AZ",AZ,4,Arizona,81,11618,1161802,31703,EWR,"Newark, NJ",NJ,34,New Jersey,21,600,-3.0,0.0,0.0,-1.0,0600-0659,30.0,627.0,1322.0,12.0,1336,1334.0,-2.0,0.0,0.0,-1.0,1300-1359,0.0,,0.0,276.0,277.0,235.0,1.0,2133.0,9,,,0.0,,0.0,,,,0,,,,,,,,,,,,,,,,,,,,,,,,,,,,,,,,,,,,,,,,,,,,,N,8.0,0.0,5.0,13.0,4.0,2.0,32.0,54.0,6,13,0.0,2.0,32.0,54.0,2,2,0,0.0,0.0,N25201,N25201-UA-0,32.0,44.0,22.0,54.0,66.0,,,0.0,32,54,0.0,0.0
N252NN,656.0,2019,2,5,2,4,2019-05-02,AA,AA_CODESHARE,19805,AA,3366,,,,,MQ,20398,MQ,3366,11986,1198603,31986,GRR,"Grand Rapids, MI",MI,26,Michigan,43,11298,1129806,30194,DFW,"Dallas/Fort Worth, TX",TX,48,Texas,74,700,-4.0,0.0,0.0,-1.0,0700-0759,13.0,709.0,842.0,32.0,854,914.0,20.0,20.0,1.0,1.0,0800-0859,0.0,,0.0,174.0,198.0,153.0,1.0,931.0,4,0.0,0.0,20.0,0.0,0.0,,,,0,,,,,,,,,,,,,,,,,,,,,,,,,,,,,,,,,,,,,,,,,,,,,N,0.0,4.0,6.0,9.0,4.0,1.0,28.0,41.0,7,8,0.0,4.0,28.0,40.0,2,2,0,0.0,0.0,N252NN,N252NN-AA-0,28.0,40.0,13.0,41.0,53.0,,,1.0,28,41,0.0,0.0
N252SY,848.0,2019,2,5,2,4,2019-05-02,DL,DL_CODESHARE,19790,DL,3881,,,,,OO,20304,OO,3881,13487,1348702,31650,MSP,"Minneapolis, MN",MN,27,Minnesota,63,13244,1324402,33244,MEM,"Memphis, TN",TN,47,Tennessee,54,850,-2.0,0.0,0.0,-1.0,0800-0859,17.0,905.0,1054.0,5.0,1101,1059.0,-2.0,0.0,0.0,-1.0,1100-1159,0.0,,0.0,131.0,131.0,109.0,1.0,700.0,3,,,0.0,,0.0,,,,0,,,,,,,,,,,,,,,,,,,,,,,,,,,,,,,,,,,,,,,,,,,,,N,4.0,4.0,8.0,10.0,3.0,4.0,39.0,48.0,8,11,3.0,0.0,39.0,48.0,5,5,0,0.0,0.0,N252SY,N252SY-DL-0,39.0,51.0,9.0,48.0,60.0,,,0.0,39,48,0.0,0.0
N252WN,823.0,2019,2,5,2,4,2019-05-02,WN,WN,19393,WN,2054,,,,,WN,19393,WN,2054,15016,1501606,31123,STL,"St. Louis, MO",MO,29,Missouri,64,14100,1410005,34100,PHL,"Philadelphia, PA",PA,42,Pennsylvania,23,825,-2.0,0.0,0.0,-1.0,0800-0859,10.0,833.0,1117.0,4.0,1135,1121.0,-14.0,0.0,0.0,-1.0,1100-1159,0.0,,0.0,130.0,118.0,104.0,1.0,814.0,4,,,0.0,,0.0,,,,0,,,,,,,,,,,,,,,,,,,,,,,,,,,,,,,,,,,,,,,,,,,,,N,4.0,0.0,8.0,11.0,2.0,1.0,38.0,45.0,8,11,2.0,2.0,38.0,46.0,8,8,0,0.0,0.0,N252WN,N252WN-WN-0,38.0,50.0,7.0,45.0,57.0,,,0.0,38,45,0.0,0.0
N253AK,722.0,2019,2,5,2,4,2019-05-02,AS,AS,19930,AS,135,,,,,AS,19930,AS,135,11618,1161802,31703,EWR,"Newark, NJ",NJ,34,New Jersey,21,12892,1289208,32575,LAX,"Los Angeles, CA",CA,6,California,91,730,-8.0,0.0,0.0,-1.0,0700-0759,25.0,747.0,1045.0,13.0,1040,1058.0,18.0,18.0,1.0,1.0,1000-1059,0.0,,0.0,370.0,396.0,358.0,1.0,2454.0,10,0.0,0.0,18.0,0.0,0.0,,,,0,,,,,,,,,,,,,,,,,,,,,,,,,,,,,,,,,,,,,,,,,,,,,N,0.0,12.0,7.0,10.0,1.0,4.0,29.0,56.0,7,10,2.0,3.0,30.0,55.0,5,5,0,0.0,0.0,N253AK,N253AK-AS-0,30.0,41.0,27.0,57.0,68.0,,,1.0,31,58,1.0,5.42
N253PS,531.0,2019,2,5,2,4,2019-05-02,AA,AA_CODESHARE,19805,AA,5520,,,,,OH,20397,OH,5520,13931,1393102,33667,ORF,"Norfolk, VA",VA,51,Virginia,38,11278,1127805,30852,DCA,"Washington, DC",VA,51,Virginia,38,526,5.0,5.0,0.0,0.0,0001-0559,12.0,543.0,616.0,3.0,624,619.0,-5.0,0.0,0.0,-1.0,0600-0659,0.0,,0.0,58.0,48.0,33.0,1.0,142.0,1,,,0.0,,0.0,,,,0,,,,,,,,,,,,,,,,,,,,,,,,,,,,,,,,,,,,,,,,,,,,,N,0.0,0.0,5.0,6.0,2.0,1.0,22.0,25.0,5,6,2.0,2.0,22.0,26.0,1,1,0,2.0,2.0,N253PS,N253PS-AA-0,22.0,34.0,3.0,25.0,37.0,,,0.0,22,25,0.0,0.0
N253PS,646.0,2019,2,5,2,4,2019-05-02,AA,AA_CODESHARE,19805,AA,5276,,,,,OH,20397,OH,5276,11278,1127805,30852,DCA,"Washington, DC",VA,51,Virginia,38,15412,1541205,35412,TYS,"Knoxville, TN",TN,47,Tennessee,54,659,-13.0,0.0,0.0,-1.0,0600-0659,21.0,707.0,819.0,4.0,832,823.0,-9.0,0.0,0.0,-1.0,0800-0859,0.0,,0.0,93.0,97.0,72.0,1.0,437.0,2,,,0.0,,0.0,,,,0,,,,,,,,,,,,,,,,,,,,,,,,,,,,,,,,,,,,,,,,,,,,,N,0.0,0.0,6.0,8.0,3.0,2.0,27.0,34.0,6,8,4.0,2.0,28.0,34.0,8,8,1,2.0,1.0,N253PS,N253PS-AA-1,28.0,39.0,7.0,35.0,46.0,25.0,2.0,0.0,28,35,0.0,0.0
N253PS,905.0,2019,2,5,2,4,2019-05-02,AA,AA_CODESHARE,19805,AA,5276,,,,,OH,20397,OH,5276,15412,1541205,35412,TYS,"Knoxville, TN",TN,47,Tennessee,54,11278,1127805,30852,DCA,"Washington, DC",VA,51,Virginia,38,914,-9.0,0.0,0.0,-1.0,0900-0959,20.0,925.0,1036.0,3.0,1045,1039.0,-6.0,0.0,0.0,-1.0,1000-1059,0.0,,0.0,91.0,94.0,71.0,1.0,437.0,2,,,0.0,,0.0,,,,0,,,,,,,,,,,,,,,,,,,,,,,,,,,,,,,,,,,,,,,,,,,,,N,0.0,0.0,9.0,10.0,0.0,3.0,36.0,43.0,9,10,1.0,3.0,37.0,43.0,3,3,2,2.0,0.0,N253PS,N253PS-AA-2,37.0,48.0,7.0,44.0,55.0,34.0,2.0,0.0,37,45,1.0,3.32
N253WN,604.0,2019,2,5,2,4,2019-05-02,WN,WN,19393,WN,947,,,,,WN,19393,WN,947,10140,1014005,30140,ABQ,"Albuquerque, NM",NM,35,New Mexico,86,14679,1467903,33570,SAN,"San Diego, CA",CA,6,California,91,605,-1.0,0.0,0.0,-1.0,0600-0659,10.0,614.0,648.0,6.0,700,654.0,-6.0,0.0,0.0,-1.0,0700-0759,0.0,,0.0,115.0,110.0,94.0,1.0,628.0,3,,,0.0,,0.0,,,,0,,,,,,,,,,,,,,,,,,,,,,,,,,,,,,,,,,,,,,,,,,,,,N,8.0,12.0,6.0,6.0,0.0,4.0,32.0,40.0,6,7,0.0,0.0,32.0,40.0,3,3,0,0.0,0.0,N253WN,N253WN-WN-0,32.0,44.0,8.0,40.0,52.0,,,0.0,32,40,0.0,0.0
N254PS,640.0,2019,2,5,2,4,2019-05-02,AA,AA_CODESHARE,19805,AA,5181,,,,,OH,20397,OH,5181,11146,1114607,31146,CRW,"Charleston/Dunbar, WV",WV,54,West Virginia,39,11057,1105703,31057,CLT,"Charlotte, NC",NC,37,North Carolina,36,640,0.0,0.0,0.0,0.0,0600-0659,6.0,646.0,727.0,12.0,801,739.0,-22.0,0.0,0.0,-2.0,0800-0859,0.0,,0.0,81.0,59.0,41.0,1.0,221.0,1,,,0.0,,0.0,,,,0,,,,,,,,,,,,,,,,,,,,,,,,,,,,,,,,,,,,,,,,,,,,,N,0.0,0.0,6.0,7.0,3.0,3.0,27.0,31.0,6,8,3.0,0.0,27.0,32.0,5,5,0,1.0,1.0,N254PS,N254PS-AA-0,27.0,39.0,4.0,31.0,43.0,,,0.0,27,31,0.0,0.0
N254PS,1004.0,2019,2,5,2,4,2019-05-02,AA,AA_CODESHARE,19805,AA,5117,,,,,OH,20397,OH,5117,11057,1105703,31057,CLT,"Charlotte, NC",NC,37,North Carolina,36,11612,1161206,31612,EVV,"Evansville, IN",IN,18,Indiana,42,945,19.0,19.0,1.0,1.0,0900-0959,25.0,1029.0,1040.0,6.0,1036,1046.0,10.0,10.0,0.0,0.0,1000-1059,0.0,,0.0,111.0,102.0,71.0,1.0,414.0,2,,,0.0,,0.0,,,,0,,,,,,,,,,,,,,,,,,,,,,,,,,,,,,,,,,,,,,,,,,,,,N,0.0,4.0,10.0,10.0,0.0,3.0,40.0,47.0,9,10,3.0,2.0,39.0,46.0,1,1,1,1.0,0.0,N254PS,N254PS-AA-1,40.0,52.0,7.0,47.0,59.0,31.0,9.0,0.0,40,47,0.0,0.0
N254WN,530.0,2019,2,5,2,4,2019-05-02,WN,WN,19393,WN,611,,,,,WN,19393,WN,611,10693,1069302,30693,BNA,"Nashville, TN",TN,47,Tennessee,54,11292,1129202,30325,DEN,"Denver, CO",CO,8,Colorado,82,530,0.0,0.0,0.0,0.0,0001-0559,8.0,538.0,705.0,7.0,715,712.0,-3.0,0.0,0.0,-1.0,0700-0759,0.0,,0.0,165.0,162.0,147.0,1.0,1014.0,5,,,0.0,,0.0,,,,0,,,,,,,,,,,,,,,,,,,,,,,,,,,,,,,,,,,,,,,,,,,,,N,4.0,8.0,5.0,7.0,2.0,1.0,26.0,37.0,5,7,2.0,1.0,26.0,37.0,6,6,0,0.0,0.0,N254WN,N254WN-WN-0,26.0,38.0,11.0,37.0,49.0,,,0.0,26,38,1.0,6.22
N255NN,728.0,2019,2,5,2,4,2019-05-02,AA,AA_CODESHARE,19805,AA,4073,,,,,MQ,20398,MQ,4073,12992,1299206,32600,LIT,"Little Rock, AR",AR,5,Arkansas,71,11278,1127805,30852,DCA,"Washington, DC",VA,51,Virginia,38,736,-8.0,0.0,0.0,-1.0,0700-0759,12.0,740.0,1041.0,5.0,1050,1046.0,-4.0,0.0,0.0,-1.0,1000-1059,0.0,,0.0,134.0,138.0,121.0,1.0,888.0,4,,,0.0,,0.0,,,,0,,,,,,,,,,,,,,,,,,,,,,,,,,,,,,,,,,,,,,,,,,,,,N,4.0,0.0,7.0,10.0,2.0,3.0,34.0,43.0,7,10,2.0,3.0,34.0,43.0,4,4,0,0.0,0.0,N255NN,N255NN-AA-0,34.0,46.0,9.0,43.0,55.0,,,0.0,34,43,0.0,0.0
N255WN,729.0,2019,2,5,2,4,2019-05-02,WN,WN,19393,WN,1450,,,,,WN,19393,WN,1450,12953,1295304,31703,LGA,"New York, NY",NY,36,New York,22,15016,1501606,31123,STL,"St. Louis, MO",MO,29,Missouri,64,730,-1.0,0.0,0.0,-1.0,0700-0759,17.0,746.0,857.0,13.0,915,910.0,-5.0,0.0,0.0,-1.0,0900-0959,0.0,,0.0,165.0,161.0,131.0,1.0,888.0,4,,,0.0,,0.0,,,,0,,,,,,,,,,,,,,,,,,,,,,,,,,,,,,,,,,,,,,,,,,,,,N,0.0,4.0,7.0,9.0,2.0,1.0,30.0,41.0,7,9,2.0,1.0,30.0,41.0,5,5,0,0.0,0.0,N255WN,N255WN-WN-0,30.0,42.0,11.0,41.0,53.0,,,0.0,30,41,0.0,0.0
N256PS,745.0,2019,2,5,2,4,2019-05-02,AA,AA_CODESHARE,19805,AA,5173,,,,,OH,20397,OH,5173,11995,1199502,31995,GSO,"Greensboro/High Point, NC",NC,37,North Carolina,36,11278,1127805,30852,DCA,"Washington, DC",VA,51,Virginia,38,753,-8.0,0.0,0.0,-1.0,0700-0759,37.0,822.0,908.0,3.0,918,911.0,-7.0,0.0,0.0,-1.0,0900-0959,0.0,,0.0,85.0,86.0,46.0,1.0,248.0,1,,,0.0,,0.0,,,,0,,,,,,,,,,,,,,,,,,,,,,,,,,,,,,,,,,,,,,,,,,,,,N,0.0,0.0,7.0,9.0,3.0,1.0,31.0,37.0,7,9,4.0,1.0,32.0,37.0,3,3,0,0.0,0.0,N256PS,N256PS-AA-0,32.0,43.0,6.0,38.0,49.0,,,0.0,32,38,0.0,0.0
N25705,810.0,2019,2,5,2,4,2019-05-02,UA,UA,19977,UA,2250,,,,,UA,19977,UA,2250,12264,1226402,30852,IAD,"Washington, DC",VA,51,Virginia,38,11618,1161802,31703,EWR,"Newark, NJ",NJ,34,New Jersey,21,815,-5.0,0.0,0.0,-1.0,0800-0859,13.0,823.0,905.0,9.0,943,914.0,-29.0,0.0,0.0,-2.0,0900-0959,0.0,,0.0,88.0,64.0,42.0,1.0,212.0,1,,,0.0,,0.0,,,,0,,,,,,,,,,,,,,,,,,,,,,,,,,,,,,,,,,,,,,,,,,,,,N,0.0,0.0,8.0,9.0,1.0,1.0,33.0,37.0,8,9,1.0,3.0,33.0,39.0,4,4,0,0.0,0.0,N25705,N25705-UA-0,33.0,45.0,4.0,37.0,49.0,,,0.0,33,37,0.0,0.0
N257PS,554.0,2019,2,5,2,4,2019-05-02,AA,AA_CODESHARE,19805,AA,5359,,,,,OH,20397,OH,5359,12448,1244807,32448,JAN,"Jackson/Vicksburg, MS",MS,28,Mississippi,53,11278,1127805,30852,DCA,"Washington, DC",VA,51,Virginia,38,600,-6.0,0.0,0.0,-1.0,0600-0659,12.0,606.0,910.0,3.0,930,913.0,-17.0,0.0,0.0,-2.0,0900-0959,0.0,,0.0,150.0,139.0,124.0,1.0,860.0,4,,,0.0,,0.0,,,,0,,,,,,,,,,,,,,,,,,,,,,,,,,,,,,,,,,,,,,,,,,,,,N,4.0,0.0,5.0,9.0,4.0,1.0,28.0,37.0,6,9,0.0,2.0,28.0,38.0,3,3,0,0.0,0.0,N257PS,N257PS-AA-0,28.0,40.0,9.0,37.0,49.0,,,0.0,28,38,1.0,3.22
N257SY,613.0,2019,2,5,2,4,2019-05-02,DL,DL_CODESHARE,19790,DL,3709,,,,,OO,20304,OO,3709,14252,1425202,34252,PSC,"Pasco/Kennewick/Richland, WA",WA,53,Washington,93,14869,1486903,34614,SLC,"Salt Lake City, UT",UT,49,Utah,87,615,-2.0,0.0,0.0,-1.0,0600-0659,8.0,621.0,831.0,12.0,856,843.0,-13.0,0.0,0.0,-1.0,0800-0859,0.0,,0.0,101.0,90.0,70.0,1.0,521.0,3,,,0.0,,0.0,,,,0,,,,,,,,,,,,,,,,,,,,,,,,,,,,,,,,,,,,,,,,,,,,,N,12.0,8.0,6.0,8.0,1.0,3.0,37.0,43.0,6,8,1.0,4.0,37.0,44.0,1,1,0,0.0,0.0,N257SY,N257SY-DL-0,37.0,49.0,6.0,43.0,55.0,,,0.0,37,43,0.0,0.0
N257WN,942.0,2019,2,5,2,4,2019-05-02,WN,WN,19393,WN,241,,,,,WN,19393,WN,241,11259,1125904,30194,DAL,"Dallas, TX",TX,48,Texas,74,11292,1129202,30325,DEN,"Denver, CO",CO,8,Colorado,82,820,82.0,82.0,1.0,5.0,0800-0859,94.0,1116.0,1155.0,8.0,920,1203.0,163.0,163.0,1.0,10.0,0900-0959,0.0,,0.0,120.0,201.0,99.0,1.0,651.0,3,19.0,0.0,81.0,0.0,63.0,,,,0,,,,,,,,,,,,,,,,,,,,,,,,,,,,,,,,,,,,,,,,,,,,,N,4.0,8.0,9.0,12.0,3.0,0.0,43.0,56.0,8,9,1.0,1.0,37.0,45.0,2,2,0,0.0,0.0,N257WN,N257WN-WN-0,37.0,55.0,13.0,50.0,68.0,,,10.0,37,50,0.0,0.0
N258JB,552.0,2019,2,5,2,4,2019-05-02,B6,B6,20409,B6,2010,,,,,B6,20409,B6,2010,12451,1245102,31136,JAX,"Jacksonville, FL",FL,12,Florida,33,10721,1072102,30721,BOS,"Boston, MA",MA,25,Massachusetts,13,600,-8.0,0.0,0.0,-1.0,0600-0659,10.0,602.0,819.0,6.0,836,825.0,-11.0,0.0,0.0,-1.0,0800-0859,0.0,,0.0,156.0,153.0,137.0,1.0,1010.0,5,,,0.0,,0.0,,,,0,,,,,,,,,,,,,,,,,,,,,,,,,,,,,,,,,,,,,,,,,,,,,N,0.0,0.0,5.0,8.0,3.0,2.0,23.0,34.0,6,8,0.0,2.0,24.0,34.0,4,4,0,1.0,1.0,N258JB,N258JB-B6-0,24.0,35.0,11.0,35.0,46.0,,,0.0,24,35,0.0,0.0
N258JB,926.0,2019,2,5,2,4,2019-05-02,B6,B6,20409,B6,1097,,,,,B6,20409,B6,1097,10721,1072102,30721,BOS,"Boston, MA",MA,25,Massachusetts,13,10397,1039707,30397,ATL,"Atlanta, GA",GA,13,Georgia,34,929,-3.0,0.0,0.0,-1.0,0900-0959,23.0,949.0,1204.0,9.0,1224,1213.0,-11.0,0.0,0.0,-1.0,1200-1259,0.0,,0.0,175.0,167.0,135.0,1.0,946.0,4,,,0.0,,0.0,,,,0,,,,,,,,,,,,,,,,,,,,,,,,,,,,,,,,,,,,,,,,,,,,,N,0.0,0.0,9.0,12.0,2.0,1.0,38.0,49.0,9,12,2.0,2.0,38.0,50.0,1,1,1,1.0,0.0,N258JB,N258JB-B6-1,38.0,50.0,11.0,49.0,61.0,34.0,4.0,0.0,40,51,2.0,3.18
N258NN,517.0,2019,2,5,2,4,2019-05-02,AA,AA_CODESHARE,19805,AA,3544,,,,,MQ,20398,MQ,3544,14122,1412202,30198,PIT,"Pittsburgh, PA",PA,42,Pennsylvania,23,13930,1393007,30977,ORD,"Chicago, IL",IL,17,Illinois,41,525,-8.0,0.0,0.0,-1.0,0001-0559,12.0,529.0,538.0,5.0,614,543.0,-31.0,0.0,0.0,-2.0,0600-0659,0.0,,0.0,109.0,86.0,69.0,1.0,413.0,2,,,0.0,,0.0,,,,0,,,,,,,,,,,,,,,,,,,,,,,,,,,,,,,,,,,,,,,,,,,,,N,0.0,4.0,5.0,5.0,1.0,3.0,21.0,27.0,5,6,2.0,1.0,22.0,29.0,7,7,0,1.0,1.0,N258NN,N258NN-AA-0,22.0,33.0,6.0,28.0,39.0,,,0.0,22,28,0.0,0.0
N258NN,825.0,2019,2,5,2,4,2019-05-02,AA,AA_CODESHARE,19805,AA,3534,,,,,MQ,20398,MQ,3534,13930,1393007,30977,ORD,"Chicago, IL",IL,17,Illinois,41,11066,1106606,31066,CMH,"Columbus, OH",OH,39,Ohio,44,748,37.0,37.0,1.0,2.0,0700-0759,42.0,907.0,1056.0,6.0,1008,1102.0,54.0,54.0,1.0,3.0,1000-1059,0.0,,0.0,80.0,97.0,49.0,1.0,296.0,2,37.0,0.0,17.0,0.0,0.0,,,,0,,,,,,,,,,,,,,,,,,,,,,,,,,,,,,,,,,,,,,,,,,,,,N,4.0,0.0,8.0,11.0,2.0,0.0,38.0,44.0,7,10,3.0,1.0,35.0,41.0,7,7,1,1.0,0.0,N258NN,N258NN-AA-1,37.0,50.0,6.0,43.0,56.0,27.0,11.0,1.0,38,44,1.0,7.28
N258PS,522.0,2019,2,5,2,4,2019-05-02,AA,AA_CODESHARE,19805,AA,5156,,,,,OH,20397,OH,5156,10257,1025702,30257,ALB,"Albany, NY",NY,36,New York,22,11278,1127805,30852,DCA,"Washington, DC",VA,51,Virginia,38,529,-7.0,0.0,0.0,-1.0,0001-0559,15.0,537.0,643.0,5.0,659,648.0,-11.0,0.0,0.0,-1.0,0600-0659,0.0,,0.0,90.0,86.0,66.0,1.0,318.0,2,,,0.0,,0.0,,,,0,,,,,,,,,,,,,,,,,,,,,,,,,,,,,,,,,,,,,,,,,,,,,N,0.0,0.0,5.0,6.0,1.0,3.0,21.0,27.0,5,6,2.0,4.0,22.0,28.0,2,2,0,2.0,2.0,N258PS,N258PS-AA-0,22.0,33.0,6.0,28.0,39.0,,,0.0,22,28,0.0,0.0
N258PS,734.0,2019,2,5,2,4,2019-05-02,AA,AA_CODESHARE,19805,AA,5476,,,,,OH,20397,OH,5476,11278,1127805,30852,DCA,"Washington, DC",VA,51,Virginia,38,10257,1025702,30257,ALB,"Albany, NY",NY,36,New York,22,740,-6.0,0.0,0.0,-1.0,0700-0759,24.0,758.0,900.0,2.0,859,902.0,3.0,3.0,0.0,0.0,0800-0859,0.0,,0.0,79.0,88.0,62.0,1.0,318.0,2,,,0.0,,0.0,,,,0,,,,,,,,,,,,,,,,,,,,,,,,,,,,,,,,,,,,,,,,,,,,,N,0.0,0.0,7.0,9.0,2.0,0.0,30.0,36.0,7,8,3.0,4.0,31.0,36.0,2,2,1,2.0,1.0,N258PS,N258PS-AA-1,31.0,42.0,6.0,37.0,48.0,27.0,3.0,0.0,32,38,1.0,2.28
N258PS,925.0,2019,2,5,2,4,2019-05-02,AA,AA_CODESHARE,19805,AA,5476,,,,,OH,20397,OH,5476,10257,1025702,30257,ALB,"Albany, NY",NY,36,New York,22,11278,1127805,30852,DCA,"Washington, DC",VA,51,Virginia,38,924,1.0,1.0,0.0,0.0,0900-0959,9.0,934.0,1044.0,7.0,1050,1051.0,1.0,1.0,0.0,0.0,1000-1059,0.0,,0.0,86.0,86.0,70.0,1.0,318.0,2,,,0.0,,0.0,,,,0,,,,,,,,,,,,,,,,,,,,,,,,,,,,,,,,,,,,,,,,,,,,,N,0.0,0.0,9.0,10.0,2.0,3.0,38.0,43.0,9,10,2.0,3.0,38.0,43.0,7,7,2,2.0,0.0,N258PS,N258PS-AA-2,38.0,50.0,5.0,43.0,55.0,36.0,2.0,0.0,40,45,2.0,15.04
N258SY,549.0,2019,2,5,2,4,2019-05-02,DL,DL_CODESHARE,19790,DL,4059,,,,,OO,20304,OO,4059,14683,1468305,33214,SAT,"San Antonio, TX",TX,48,Texas,74,14869,1486903,34614,SLC,"Salt Lake City, UT",UT,49,Utah,87,555,-6.0,0.0,0.0,-1.0,0001-0559,12.0,601.0,742.0,5.0,750,747.0,-3.0,0.0,0.0,-1.0,0700-0759,0.0,,0.0,175.0,178.0,161.0,1.0,1087.0,5,,,0.0,,0.0,,,,0,,,,,,,,,,,,,,,,,,,,,,,,,,,,,,,,,,,,,,,,,,,,,N,4.0,8.0,5.0,7.0,3.0,3.0,27.0,39.0,5,7,4.0,3.0,28.0,39.0,2,2,0,0.0,0.0,N258SY,N258SY-DL-0,28.0,39.0,12.0,40.0,51.0,,,0.0,28,40,0.0,0.0
N259NN,600.0,2019,2,5,2,4,2019-05-02,AA,AA_CODESHARE,19805,AA,3986,,,,,MQ,20398,MQ,3986,11423,1142307,31423,DSM,"Des Moines, IA",IA,19,Iowa,61,13930,1393007,30977,ORD,"Chicago, IL",IL,17,Illinois,41,608,-8.0,0.0,0.0,-1.0,0600-0659,11.0,611.0,700.0,32.0,739,732.0,-7.0,0.0,0.0,-1.0,0700-0759,0.0,,0.0,91.0,92.0,49.0,1.0,299.0,2,,,0.0,,0.0,,,,0,,,,,,,,,,,,,,,,,,,,,,,,,,,,,,,,,,,,,,,,,,,,,N,4.0,4.0,6.0,7.0,0.0,2.0,28.0,34.0,6,7,1.0,3.0,29.0,35.0,5,5,0,1.0,1.0,N259NN,N259NN-AA-0,29.0,40.0,6.0,35.0,46.0,,,0.0,29,35,0.0,0.0
N259NN,825.0,2019,2,5,2,4,2019-05-02,AA,AA_CODESHARE,19805,AA,3352,,,,,MQ,20398,MQ,3352,13930,1393007,30977,ORD,"Chicago, IL",IL,17,Illinois,41,10792,1079206,30792,BUF,"Buffalo, NY",NY,36,New York,22,830,-5.0,0.0,0.0,-1.0,0800-0859,36.0,901.0,1105.0,3.0,1109,1108.0,-1.0,0.0,0.0,-1.0,1100-1159,0.0,,0.0,99.0,103.0,64.0,1.0,473.0,2,,,0.0,,0.0,,,,0,,,,,,,,,,,,,,,,,,,,,,,,,,,,,,,,,,,,,,,,,,,,,N,4.0,0.0,8.0,11.0,2.0,1.0,38.0,45.0,8,11,2.0,1.0,38.0,45.0,3,3,1,1.0,0.0,N259NN,N259NN-AA-1,38.0,50.0,7.0,45.0,57.0,34.0,4.0,0.0,41,48,3.0,11.84
N259PS,810.0,2019,2,5,2,4,2019-05-02,AA,AA_CODESHARE,19805,AA,5666,,,,,OH,20397,OH,5666,10868,1086803,30868,CAE,"Columbia, SC",SC,45,South Carolina,37,11278,1127805,30852,DCA,"Washington, DC",VA,51,Virginia,38,735,35.0,35.0,1.0,2.0,0700-0759,10.0,820.0,920.0,4.0,911,924.0,13.0,13.0,0.0,0.0,0900-0959,0.0,,0.0,96.0,74.0,60.0,1.0,408.0,2,,,0.0,,0.0,,,,0,,,,,,,,,,,,,,,,,,,,,,,,,,,,,,,,,,,,,,,,,,,,,N,0.0,0.0,8.0,9.0,1.0,2.0,33.0,38.0,7,9,2.0,1.0,30.0,37.0,4,4,0,0.0,0.0,N259PS,N259PS-AA-0,33.0,45.0,5.0,38.0,50.0,,,0.0,33,38,0.0,0.0
N259SY,613.0,2019,2,5,2,4,2019-05-02,DL,DL_CODESHARE,19790,DL,3810,,,,,OO,20304,OO,3810,12156,1215605,32156,HLN,"Helena, MT",MT,30,Montana,84,14869,1486903,34614,SLC,"Salt Lake City, UT",UT,49,Utah,87,615,-2.0,0.0,0.0,-1.0,0600-0659,12.0,625.0,725.0,6.0,742,731.0,-11.0,0.0,0.0,-1.0,0700-0759,0.0,,0.0,87.0,78.0,60.0,1.0,402.0,2,,,0.0,,0.0,,,,0,,,,,,,,,,,,,,,,,,,,,,,,,,,,,,,,,,,,,,,,,,,,,N,8.0,8.0,6.0,7.0,1.0,2.0,33.0,38.0,6,7,1.0,3.0,33.0,39.0,1,1,0,0.0,0.0,N259SY,N259SY-DL-0,33.0,45.0,5.0,38.0,50.0,,,0.0,33,38,0.0,0.0
N260JS,612.0,2019,2,5,2,4,2019-05-02,AA,AA_CODESHARE,19805,AA,5614,,,,,OH,20397,OH,5614,11042,1104205,30647,CLE,"Cleveland, OH",OH,39,Ohio,44,11278,1127805,30852,DCA,"Washington, DC",VA,51,Virginia,38,618,-6.0,0.0,0.0,-1.0,0600-0659,13.0,625.0,724.0,4.0,749,728.0,-21.0,0.0,0.0,-2.0,0700-0759,0.0,,0.0,91.0,76.0,59.0,1.0,310.0,2,,,0.0,,0.0,,,,0,,,,,,,,,,,,,,,,,,,,,,,,,,,,,,,,,,,,,,,,,,,,,N,0.0,0.0,6.0,7.0,1.0,2.0,25.0,30.0,6,7,1.0,3.0,25.0,31.0,1,1,0,1.0,1.0,N260JS,N260JS-AA-0,25.0,37.0,5.0,30.0,42.0,,,0.0,25,30,0.0,0.0
N260JS,856.0,2019,2,5,2,4,2019-05-02,AA,AA_CODESHARE,19805,AA,5375,,,,,OH,20397,OH,5375,11278,1127805,30852,DCA,"Washington, DC",VA,51,Virginia,38,10868,1086803,30868,CAE,"Columbia, SC",SC,45,South Carolina,37,859,-3.0,0.0,0.0,-1.0,0800-0859,30.0,926.0,1035.0,4.0,1035,1039.0,4.0,4.0,0.0,0.0,1000-1059,0.0,,0.0,96.0,103.0,69.0,1.0,408.0,2,,,0.0,,0.0,,,,0,,,,,,,,,,,,,,,,,,,,,,,,,,,,,,,,,,,,,,,,,,,,,N,0.0,0.0,8.0,10.0,4.0,3.0,36.0,43.0,8,10,4.0,2.0,36.0,42.0,4,4,1,1.0,0.0,N260JS,N260JS-AA-1,36.0,48.0,7.0,43.0,55.0,30.0,6.0,0.0,37,44,1.0,4.3
N261NN,656.0,2019,2,5,2,4,2019-05-02,AA,AA_CODESHARE,19805,AA,3349,,,,,MQ,20398,MQ,3349,13930,1393007,30977,ORD,"Chicago, IL",IL,17,Illinois,41,13871,1387102,33316,OMA,"Omaha, NE",NE,31,Nebraska,65,700,-4.0,0.0,0.0,-1.0,0700-0759,17.0,713.0,826.0,3.0,837,829.0,-8.0,0.0,0.0,-1.0,0800-0859,0.0,,0.0,97.0,93.0,73.0,1.0,416.0,2,,,0.0,,0.0,,,,0,,,,,,,,,,,,,,,,,,,,,,,,,,,,,,,,,,,,,,,,,,,,,N,4.0,4.0,6.0,8.0,4.0,2.0,32.0,38.0,7,8,0.0,2.0,32.0,38.0,6,6,0,0.0,0.0,N261NN,N261NN-AA-0,32.0,44.0,6.0,38.0,50.0,,,0.0,32,38,0.0,0.0
N261PS,617.0,2019,2,5,2,4,2019-05-02,AA,AA_CODESHARE,19805,AA,5598,,,,,OH,20397,OH,5598,10874,1087402,30647,CAK,"Akron, OH",OH,39,Ohio,44,12953,1295304,31703,LGA,"New York, NY",NY,36,New York,22,615,2.0,2.0,0.0,0.0,0600-0659,23.0,640.0,752.0,3.0,754,755.0,1.0,1.0,0.0,0.0,0700-0759,0.0,,0.0,99.0,98.0,72.0,1.0,397.0,2,,,0.0,,0.0,,,,0,,,,,,,,,,,,,,,,,,,,,,,,,,,,,,,,,,,,,,,,,,,,,N,0.0,0.0,6.0,7.0,1.0,4.0,25.0,32.0,6,7,1.0,4.0,25.0,32.0,2,2,0,1.0,1.0,N261PS,N261PS-AA-0,25.0,37.0,7.0,32.0,44.0,,,0.0,25,32,0.0,0.0
N261PS,822.0,2019,2,5,2,4,2019-05-02,AA,AA_CODESHARE,19805,AA,5364,,,,,OH,20397,OH,5364,12953,1295304,31703,LGA,"New York, NY",NY,36,New York,22,13931,1393102,33667,ORF,"Norfolk, VA",VA,51,Virginia,38,829,-7.0,0.0,0.0,-1.0,0800-0859,17.0,839.0,938.0,2.0,1002,940.0,-22.0,0.0,0.0,-2.0,1000-1059,0.0,,0.0,93.0,78.0,59.0,1.0,296.0,2,,,0.0,,0.0,,,,0,,,,,,,,,,,,,,,,,,,,,,,,,,,,,,,,,,,,,,,,,,,,,N,0.0,0.0,8.0,9.0,1.0,3.0,33.0,39.0,8,10,2.0,0.0,34.0,40.0,9,9,1,1.0,0.0,N261PS,N261PS-AA-1,34.0,45.0,6.0,40.0,51.0,32.0,1.0,0.0,34,40,0.0,0.0
N26215,724.0,2019,2,5,2,4,2019-05-02,UA,UA,19977,UA,977,,,,,UA,19977,UA,977,11618,1161802,31703,EWR,"Newark, NJ",NJ,34,New Jersey,21,13930,1393007,30977,ORD,"Chicago, IL",IL,17,Illinois,41,730,-6.0,0.0,0.0,-1.0,0700-0759,15.0,739.0,844.0,9.0,902,853.0,-9.0,0.0,0.0,-1.0,0900-0959,0.0,,0.0,152.0,149.0,125.0,1.0,719.0,3,,,0.0,,0.0,,,,0,,,,,,,,,,,,,,,,,,,,,,,,,,,,,,,,,,,,,,,,,,,,,N,0.0,4.0,7.0,8.0,2.0,4.0,30.0,40.0,7,9,2.0,0.0,30.0,40.0,8,8,0,0.0,0.0,N26215,N26215-UA-0,30.0,42.0,10.0,40.0,52.0,,,0.0,30,40,0.0,0.0
N26226,604.0,2019,2,5,2,4,2019-05-02,UA,UA,19977,UA,1929,,,,,UA,19977,UA,1929,14747,1474703,30559,SEA,"Seattle, WA",WA,53,Washington,93,11618,1161802,31703,EWR,"Newark, NJ",NJ,34,New Jersey,21,615,-11.0,0.0,0.0,-1.0,0600-0659,16.0,620.0,1403.0,6.0,1430,1409.0,-21.0,0.0,0.0,-2.0,1400-1459,0.0,,0.0,315.0,305.0,283.0,1.0,2402.0,10,,,0.0,,0.0,,,,0,,,,,,,,,,,,,,,,,,,,,,,,,,,,,,,,,,,,,,,,,,,,,N,12.0,0.0,6.0,14.0,0.0,1.0,36.0,57.0,6,14,1.0,2.0,37.0,58.0,6,6,0,0.0,0.0,N26226,N26226-UA-0,37.0,48.0,21.0,58.0,69.0,,,0.0,37,58,0.0,0.0
N26232,736.0,2019,2,5,2,4,2019-05-02,UA,UA,19977,UA,1716,,,,,UA,19977,UA,1716,13198,1319801,33198,MCI,"Kansas City, MO",MO,29,Missouri,64,11292,1129202,30325,DEN,"Denver, CO",CO,8,Colorado,82,735,1.0,1.0,0.0,0.0,0700-0759,17.0,753.0,820.0,6.0,824,826.0,2.0,2.0,0.0,0.0,0800-0859,0.0,,0.0,109.0,110.0,87.0,1.0,533.0,3,,,0.0,,0.0,,,,0,,,,,,,,,,,,,,,,,,,,,,,,,,,,,,,,,,,,,,,,,,,,,N,4.0,8.0,7.0,8.0,2.0,2.0,34.0,42.0,7,8,2.0,2.0,34.0,42.0,8,8,0,0.0,0.0,N26232,N26232-UA-0,34.0,46.0,8.0,42.0,54.0,,,0.0,34,42,0.0,0.0
N262NN,532.0,2019,2,5,2,4,2019-05-02,AA,AA_CODESHARE,19805,AA,3403,,,,,MQ,20398,MQ,3403,11042,1104205,30647,CLE,"Cleveland, OH",OH,39,Ohio,44,13930,1393007,30977,ORD,"Chicago, IL",IL,17,Illinois,41,539,-7.0,0.0,0.0,-1.0,0001-0559,14.0,546.0,543.0,9.0,619,552.0,-27.0,0.0,0.0,-2.0,0600-0659,0.0,,0.0,100.0,80.0,57.0,1.0,315.0,2,,,0.0,,0.0,,,,0,,,,,,,,,,,,,,,,,,,,,,,,,,,,,,,,,,,,,,,,,,,,,N,0.0,4.0,5.0,5.0,2.0,3.0,22.0,27.0,5,6,3.0,1.0,23.0,29.0,6,6,0,1.0,1.0,N262NN,N262NN-AA-0,23.0,34.0,5.0,28.0,39.0,,,0.0,23,28,0.0,0.0
N262NN,651.0,2019,2,5,2,4,2019-05-02,AA,AA_CODESHARE,19805,AA,3762,,,,,MQ,20398,MQ,3762,13930,1393007,30977,ORD,"Chicago, IL",IL,17,Illinois,41,15919,1591904,31834,XNA,"Fayetteville, AR",AR,5,Arkansas,71,700,-9.0,0.0,0.0,-1.0,0700-0759,35.0,726.0,856.0,3.0,851,859.0,8.0,8.0,0.0,0.0,0800-0859,0.0,,0.0,111.0,128.0,90.0,1.0,522.0,3,,,0.0,,0.0,,,,0,,,,,,,,,,,,,,,,,,,,,,,,,,,,,,,,,,,,,,,,,,,,,N,4.0,4.0,6.0,8.0,3.0,4.0,31.0,40.0,7,8,0.0,3.0,32.0,39.0,5,5,1,1.0,0.0,N262NN,N262NN-AA-1,32.0,43.0,9.0,41.0,52.0,27.0,4.0,0.0,32,41,0.0,0.0
N262PS,523.0,2019,2,5,2,4,2019-05-02,AA,AA_CODESHARE,19805,AA,5427,,,,,OH,20397,OH,5427,10529,1052906,30529,BDL,"Hartford, CT",CT,9,Connecticut,11,11278,1127805,30852,DCA,"Washington, DC",VA,51,Virginia,38,524,-1.0,0.0,0.0,-1.0,0001-0559,17.0,540.0,645.0,4.0,659,649.0,-10.0,0.0,0.0,-1.0,0600-0659,0.0,,0.0,95.0,86.0,65.0,1.0,313.0,2,,,0.0,,0.0,,,,0,,,,,,,,,,,,,,,,,,,,,,,,,,,,,,,,,,,,,,,,,,,,,N,0.0,0.0,5.0,6.0,2.0,3.0,22.0,27.0,5,6,2.0,4.0,22.0,28.0,4,4,0,0.0,0.0,N262PS,N262PS-AA-0,22.0,34.0,5.0,27.0,39.0,,,0.0,22,27,0.0,0.0
N262SY,620.0,2019,2,5,2,4,2019-05-02,DL,DL_CODESHARE,19790,DL,3634,,,,,OO,20304,OO,3634,11996,1199603,31871,GSP,"Greer, SC",SC,45,South Carolina,37,12953,1295304,31703,LGA,"New York, NY",NY,36,New York,22,625,-5.0,0.0,0.0,-1.0,0600-0659,11.0,631.0,809.0,12.0,828,821.0,-7.0,0.0,0.0,-1.0,0800-0859,0.0,,0.0,123.0,121.0,98.0,1.0,610.0,3,,,0.0,,0.0,,,,0,,,,,,,,,,,,,,,,,,,,,,,,,,,,,,,,,,,,,,,,,,,,,N,0.0,0.0,6.0,8.0,1.0,1.0,25.0,33.0,6,8,2.0,2.0,26.0,34.0,1,1,0,1.0,1.0,N262SY,N262SY-DL-0,26.0,37.0,8.0,34.0,45.0,,,0.0,26,34,0.0,0.0
N262SY,905.0,2019,2,5,2,4,2019-05-02,DL,DL_CODESHARE,19790,DL,3607,,,,,OO,20304,OO,3607,12953,1295304,31703,LGA,"New York, NY",NY,36,New York,22,11995,1199502,31995,GSO,"Greensboro/High Point, NC",NC,37,North Carolina,36,910,-5.0,0.0,0.0,-1.0,0900-0959,28.0,933.0,1052.0,7.0,1105,1059.0,-6.0,0.0,0.0,-1.0,1100-1159,0.0,,0.0,115.0,114.0,79.0,1.0,461.0,2,,,0.0,,0.0,,,,0,,,,,,,,,,,,,,,,,,,,,,,,,,,,,,,,,,,,,,,,,,,,,N,0.0,0.0,9.0,10.0,0.0,4.0,36.0,44.0,9,11,1.0,0.0,37.0,44.0,9,9,1,1.0,0.0,N262SY,N262SY-DL-1,37.0,48.0,8.0,45.0,56.0,33.0,3.0,0.0,37,45,0.0,0.0
N262WN,541.0,2019,2,5,2,4,2019-05-02,WN,WN,19393,WN,1675,,,,,WN,19393,WN,1675,12889,1288903,32211,LAS,"Las Vegas, NV",NV,32,Nevada,85,14831,1483106,32457,SJC,"San Jose, CA",CA,6,California,91,535,6.0,6.0,0.0,0.0,0001-0559,8.0,549.0,651.0,3.0,700,654.0,-6.0,0.0,0.0,-1.0,0700-0759,0.0,,0.0,85.0,73.0,62.0,1.0,386.0,2,,,0.0,,0.0,,,,0,,,,,,,,,,,,,,,,,,,,,,,,,,,,,,,,,,,,,,,,,,,,,N,12.0,12.0,5.0,6.0,3.0,4.0,35.0,40.0,5,7,2.0,0.0,34.0,40.0,2,2,0,0.0,0.0,N262WN,N262WN-WN-0,35.0,47.0,5.0,40.0,52.0,,,0.0,35,40,0.0,0.0
N263NN,756.0,2019,2,5,2,4,2019-05-02,AA,AA_CODESHARE,19805,AA,3664,,,,,MQ,20398,MQ,3664,15919,1591904,31834,XNA,"Fayetteville, AR",AR,5,Arkansas,71,11298,1129806,30194,DFW,"Dallas/Fort Worth, TX",TX,48,Texas,74,802,-6.0,0.0,0.0,-1.0,0800-0859,18.0,814.0,916.0,17.0,930,933.0,3.0,3.0,0.0,0.0,0900-0959,0.0,,0.0,88.0,97.0,62.0,1.0,280.0,2,,,0.0,,0.0,,,,0,,,,,,,,,,,,,,,,,,,,,,,,,,,,,,,,,,,,,,,,,,,,,N,4.0,4.0,7.0,9.0,4.0,2.0,36.0,42.0,8,9,0.0,2.0,36.0,42.0,1,1,0,0.0,0.0,N263NN,N263NN-AA-0,36.0,48.0,6.0,42.0,54.0,,,0.0,36,42,0.0,0.0
N263SY,648.0,2019,2,5,2,4,2019-05-02,DL,DL_CODESHARE,19790,DL,3750,,,,,OO,20304,OO,3750,13342,1334207,33342,MKE,"Milwaukee, WI",WI,55,Wisconsin,45,10721,1072102,30721,BOS,"Boston, MA",MA,25,Massachusetts,13,700,-12.0,0.0,0.0,-1.0,0700-0759,24.0,712.0,1014.0,11.0,1020,1025.0,5.0,5.0,0.0,0.0,1000-1059,0.0,,0.0,140.0,157.0,122.0,1.0,860.0,4,,,0.0,,0.0,,,,0,,,,,,,,,,,,,,,,,,,,,,,,,,,,,,,,,,,,,,,,,,,,,N,4.0,0.0,6.0,10.0,3.0,2.0,31.0,42.0,7,10,0.0,1.0,32.0,41.0,5,5,0,0.0,0.0,N263SY,N263SY-DL-0,32.0,43.0,11.0,43.0,54.0,,,0.0,32,43,0.0,0.0
N263WN,557.0,2019,2,5,2,4,2019-05-02,WN,WN,19393,WN,804,,,,,WN,19393,WN,804,14570,1457002,34570,RNO,"Reno, NV",NV,32,Nevada,85,14679,1467903,33570,SAN,"San Diego, CA",CA,6,California,91,600,-3.0,0.0,0.0,-1.0,0600-0659,7.0,604.0,714.0,1.0,730,715.0,-15.0,0.0,0.0,-1.0,0700-0759,0.0,,0.0,90.0,78.0,70.0,1.0,488.0,2,,,0.0,,0.0,,,,0,,,,,,,,,,,,,,,,,,,,,,,,,,,,,,,,,,,,,,,,,,,,,N,12.0,12.0,5.0,7.0,4.0,1.0,36.0,41.0,6,7,0.0,2.0,36.0,42.0,8,8,0,0.0,0.0,N263WN,N263WN-WN-0,36.0,48.0,5.0,41.0,53.0,,,0.0,36,41,0.0,0.0
N264AK,710.0,2019,2,5,2,4,2019-05-02,AS,AS,19930,AS,9,,,,,AS,19930,AS,9,13204,1320402,31454,MCO,"Orlando, FL",FL,12,Florida,33,14747,1474703,30559,SEA,"Seattle, WA",WA,53,Washington,93,710,0.0,0.0,0.0,0.0,0700-0759,17.0,727.0,1041.0,11.0,1035,1052.0,17.0,17.0,1.0,1.0,1000-1059,0.0,,0.0,385.0,402.0,374.0,1.0,2554.0,11,0.0,0.0,17.0,0.0,0.0,,,,0,,,,,,,,,,,,,,,,,,,,,,,,,,,,,,,,,,,,,,,,,,,,,N,0.0,12.0,7.0,10.0,1.0,3.0,29.0,55.0,7,10,1.0,2.0,29.0,54.0,8,8,0,0.0,0.0,N264AK,N264AK-AS-0,29.0,41.0,26.0,55.0,67.0,,,1.0,29,55,0.0,0.0
N264NN,857.0,2019,2,5,2,4,2019-05-02,AA,AA_CODESHARE,19805,AA,3532,,,,,MQ,20398,MQ,3532,11298,1129806,30194,DFW,"Dallas/Fort Worth, TX",TX,48,Texas,74,11140,1114008,31140,CRP,"Corpus Christi, TX",TX,48,Texas,74,840,17.0,17.0,1.0,1.0,0800-0859,42.0,939.0,1044.0,5.0,1001,1049.0,48.0,48.0,1.0,3.0,1000-1059,0.0,,0.0,81.0,112.0,65.0,1.0,354.0,2,17.0,0.0,31.0,0.0,0.0,,,,0,,,,,,,,,,,,,,,,,,,,,,,,,,,,,,,,,,,,,,,,,,,,,N,4.0,4.0,8.0,10.0,4.0,3.0,40.0,47.0,8,10,3.0,0.0,39.0,44.0,1,1,0,0.0,0.0,N264NN,N264NN-AA-0,39.0,52.0,7.0,46.0,59.0,,,2.0,45,52,6.0,14.28
N264SY,557.0,2019,2,5,2,4,2019-05-02,DL,DL_CODESHARE,19790,DL,3543,,,,,OO,20304,OO,3543,14685,1468502,34685,SAV,"Savannah, GA",GA,13,Georgia,34,12953,1295304,31703,LGA,"New York, NY",NY,36,New York,22,600,-3.0,0.0,0.0,-1.0,0600-0659,12.0,609.0,751.0,5.0,815,756.0,-19.0,0.0,0.0,-2.0,0800-0859,0.0,,0.0,135.0,119.0,102.0,1.0,722.0,3,,,0.0,,0.0,,,,0,,,,,,,,,,,,,,,,,,,,,,,,,,,,,,,,,,,,,,,,,,,,,N,0.0,0.0,5.0,7.0,4.0,4.0,24.0,32.0,6,8,0.0,1.0,24.0,33.0,8,8,0,1.0,1.0,N264SY,N264SY-DL-0,24.0,36.0,8.0,32.0,44.0,,,0.0,24,32,0.0,0.0
N264SY,850.0,2019,2,5,2,4,2019-05-02,DL,DL_CODESHARE,19790,DL,3500,,,,,OO,20304,OO,3500,12953,1295304,31703,LGA,"New York, NY",NY,36,New York,22,10693,1069302,30693,BNA,"Nashville, TN",TN,47,Tennessee,54,855,-5.0,0.0,0.0,-1.0,0800-0859,15.0,905.0,958.0,7.0,1034,1005.0,-29.0,0.0,0.0,-2.0,1000-1059,0.0,,0.0,159.0,135.0,113.0,1.0,764.0,4,,,0.0,,0.0,,,,0,,,,,,,,,,,,,,,,,,,,,,,,,,,,,,,,,,,,,,,,,,,,,N,0.0,4.0,8.0,10.0,3.0,0.0,35.0,44.0,8,10,4.0,2.0,36.0,46.0,3,3,1,1.0,0.0,N264SY,N264SY-DL-1,36.0,47.0,9.0,45.0,56.0,32.0,3.0,0.0,36,45,0.0,0.0
N265SY,721.0,2019,2,5,2,4,2019-05-02,DL,DL_CODESHARE,19790,DL,3682,,,,,OO,20304,OO,3682,10994,1099402,30994,CHS,"Charleston, SC",SC,45,South Carolina,37,12478,1247805,31703,JFK,"New York, NY",NY,36,New York,22,649,32.0,32.0,1.0,2.0,0600-0659,12.0,733.0,910.0,7.0,900,917.0,17.0,17.0,1.0,1.0,0900-0959,0.0,,0.0,131.0,116.0,97.0,1.0,636.0,3,0.0,0.0,0.0,0.0,17.0,644.0,13.0,13.0,0,,,,,,,,,,,,,,,,,,,,,,,,,,,,,,,,,,,,,,,,,,,,,N,0.0,0.0,7.0,9.0,1.0,1.0,29.0,37.0,6,9,3.0,0.0,27.0,36.0,6,6,0,1.0,1.0,N265SY,N265SY-DL-0,28.0,41.0,8.0,36.0,49.0,,,1.0,28,36,0.0,0.0
N265SY,955.0,2019,2,5,2,4,2019-05-02,DL,DL_CODESHARE,19790,DL,3838,,,,,OO,20304,OO,3838,12478,1247805,31703,JFK,"New York, NY",NY,36,New York,22,11042,1104205,30647,CLE,"Cleveland, OH",OH,39,Ohio,44,940,15.0,15.0,1.0,1.0,0900-0959,26.0,1021.0,1139.0,23.0,1130,1202.0,32.0,32.0,1.0,2.0,1100-1159,0.0,,0.0,110.0,127.0,78.0,1.0,425.0,2,0.0,0.0,17.0,0.0,15.0,,,,0,,,,,,,,,,,,,,,,,,,,,,,,,,,,,,,,,,,,,,,,,,,,,N,0.0,0.0,9.0,12.0,4.0,0.0,40.0,48.0,9,11,3.0,2.0,39.0,46.0,3,3,1,1.0,0.0,N265SY,N265SY-DL-1,39.0,52.0,8.0,47.0,60.0,37.0,3.0,2.0,42,50,3.0,11.82
N265WN,725.0,2019,2,5,2,4,2019-05-02,WN,WN,19393,WN,665,,,,,WN,19393,WN,665,14679,1467903,33570,SAN,"San Diego, CA",CA,6,California,91,14683,1468305,33214,SAT,"San Antonio, TX",TX,48,Texas,74,625,60.0,60.0,1.0,4.0,0600-0659,11.0,736.0,1145.0,2.0,1105,1147.0,42.0,42.0,1.0,2.0,1100-1159,0.0,,0.0,160.0,142.0,129.0,1.0,1129.0,5,42.0,0.0,0.0,0.0,0.0,,,,0,,,,,,,,,,,,,,,,,,,,,,,,,,,,,,,,,,,,,,,,,,,,,N,12.0,4.0,7.0,11.0,2.0,3.0,42.0,51.0,6,11,2.0,0.0,38.0,48.0,7,7,0,0.0,0.0,N265WN,N265WN-WN-0,42.0,54.0,9.0,51.0,63.0,,,0.0,42,51,0.0,0.0
N266AK,631.0,2019,2,5,2,4,2019-05-02,AS,AS,19930,AS,770,,,,,AS,19930,AS,770,14747,1474703,30559,SEA,"Seattle, WA",WA,53,Washington,93,15304,1530402,33195,TPA,"Tampa, FL",FL,12,Florida,33,635,-4.0,0.0,0.0,-1.0,0600-0659,22.0,653.0,1505.0,13.0,1510,1518.0,8.0,8.0,0.0,0.0,1500-1559,0.0,,0.0,335.0,347.0,312.0,1.0,2520.0,11,,,0.0,,0.0,,,,0,,,,,,,,,,,,,,,,,,,,,,,,,,,,,,,,,,,,,,,,,,,,,N,12.0,0.0,6.0,15.0,2.0,1.0,38.0,61.0,6,15,2.0,1.0,38.0,61.0,8,8,0,0.0,0.0,N266AK,N266AK-AS-0,38.0,50.0,23.0,61.0,73.0,,,0.0,38,61,0.0,0.0
N267AK,24.0,2019,2,5,2,4,2019-05-02,AS,AS,19930,AS,128,,,,,AS,19930,AS,128,11630,1163002,31517,FAI,"Fairbanks, AK",AK,2,Alaska,1,14747,1474703,30559,SEA,"Seattle, WA",WA,53,Washington,93,30,-6.0,0.0,0.0,-1.0,0001-0559,7.0,31.0,422.0,4.0,505,426.0,-39.0,0.0,0.0,-2.0,0001-0559,0.0,,0.0,215.0,182.0,171.0,1.0,1533.0,7,,,0.0,,0.0,,,,0,,,,,,,,,,,,,,,,,,,,,,,,,,,,,,,,,,,,,,,,,,,,,N,16.0,12.0,0.0,4.0,2.0,2.0,18.0,30.0,0,5,2.0,0.0,18.0,32.0,4,4,0,0.0,0.0,N267AK,N267AK-AS-0,18.0,30.0,12.0,30.0,42.0,,,0.0,18,30,0.0,0.0
N267JB,623.0,2019,2,5,2,4,2019-05-02,B6,B6,20409,B6,1432,,,,,B6,20409,B6,1432,12953,1295304,31703,LGA,"New York, NY",NY,36,New York,22,10721,1072102,30721,BOS,"Boston, MA",MA,25,Massachusetts,13,630,-7.0,0.0,0.0,-1.0,0600-0659,13.0,636.0,709.0,7.0,739,716.0,-23.0,0.0,0.0,-2.0,0700-0759,0.0,,0.0,69.0,53.0,33.0,1.0,184.0,1,,,0.0,,0.0,,,,0,,,,,,,,,,,,,,,,,,,,,,,,,,,,,,,,,,,,,,,,,,,,,N,0.0,0.0,6.0,7.0,2.0,1.0,26.0,29.0,6,7,2.0,3.0,26.0,31.0,9,9,0,1.0,1.0,N267JB,N267JB-B6-0,26.0,38.0,3.0,29.0,41.0,,,0.0,26,29,0.0,0.0
N267JB,838.0,2019,2,5,2,4,2019-05-02,B6,B6,20409,B6,731,,,,,B6,20409,B6,731,10721,1072102,30721,BOS,"Boston, MA",MA,25,Massachusetts,13,12953,1295304,31703,LGA,"New York, NY",NY,36,New York,22,845,-7.0,0.0,0.0,-1.0,0800-0859,22.0,900.0,945.0,2.0,1002,947.0,-15.0,0.0,0.0,-1.0,1000-1059,0.0,,0.0,77.0,69.0,45.0,1.0,184.0,1,,,0.0,,0.0,,,,0,,,,,,,,,,,,,,,,,,,,,,,,,,,,,,,,,,,,,,,,,,,,,N,0.0,0.0,8.0,9.0,3.0,3.0,35.0,39.0,8,10,3.0,0.0,35.0,40.0,7,7,1,1.0,0.0,N267JB,N267JB-B6-1,35.0,47.0,4.0,39.0,51.0,29.0,6.0,0.0,35,39,0.0,0.0
N267NN,702.0,2019,2,5,2,4,2019-05-02,AA,AA_CODESHARE,19805,AA,3656,,,,,MQ,20398,MQ,3656,12992,1299206,32600,LIT,"Little Rock, AR",AR,5,Arkansas,71,13930,1393007,30977,ORD,"Chicago, IL",IL,17,Illinois,41,708,-6.0,0.0,0.0,-1.0,0700-0759,10.0,712.0,855.0,15.0,904,910.0,6.0,6.0,0.0,0.0,0900-0959,0.0,,0.0,116.0,128.0,103.0,1.0,552.0,3,,,0.0,,0.0,,,,0,,,,,,,,,,,,,,,,,,,,,,,,,,,,,,,,,,,,,,,,,,,,,N,4.0,4.0,7.0,9.0,0.0,1.0,32.0,41.0,7,9,1.0,0.0,33.0,40.0,6,6,0,0.0,0.0,N267NN,N267NN-AA-0,33.0,44.0,9.0,42.0,53.0,,,0.0,33,42,0.0,0.0
N267WN,649.0,2019,2,5,2,4,2019-05-02,WN,WN,19393,WN,1430,,,,,WN,19393,WN,1430,14679,1467903,33570,SAN,"San Diego, CA",CA,6,California,91,13495,1349505,33495,MSY,"New Orleans, LA",LA,22,Louisiana,72,650,-1.0,0.0,0.0,-1.0,0600-0659,18.0,707.0,1208.0,5.0,1220,1213.0,-7.0,0.0,0.0,-1.0,1200-1259,0.0,,0.0,210.0,204.0,181.0,1.0,1599.0,7,,,0.0,,0.0,,,,0,,,,,,,,,,,,,,,,,,,,,,,,,,,,,,,,,,,,,,,,,,,,,N,12.0,4.0,6.0,12.0,3.0,1.0,39.0,53.0,6,12,3.0,1.0,39.0,53.0,9,9,0,0.0,0.0,N267WN,N267WN-WN-0,39.0,51.0,14.0,53.0,65.0,,,0.0,39,53,0.0,0.0
N268SY,753.0,2019,2,5,2,4,2019-05-02,DL,DL_CODESHARE,19790,DL,3540,,,,,OO,20304,OO,3540,11995,1199502,31995,GSO,"Greensboro/High Point, NC",NC,37,North Carolina,36,12953,1295304,31703,LGA,"New York, NY",NY,36,New York,22,800,-7.0,0.0,0.0,-1.0,0800-0859,25.0,818.0,930.0,7.0,942,937.0,-5.0,0.0,0.0,-1.0,0900-0959,0.0,,0.0,102.0,104.0,72.0,1.0,461.0,2,,,0.0,,0.0,,,,0,,,,,,,,,,,,,,,,,,,,,,,,,,,,,,,,,,,,,,,,,,,,,N,0.0,0.0,7.0,9.0,4.0,2.0,32.0,38.0,8,9,0.0,3.0,32.0,39.0,9,9,0,0.0,0.0,N268SY,N268SY-DL-0,32.0,44.0,6.0,38.0,50.0,,,0.0,32,38,0.0,0.0
N268WN,556.0,2019,2,5,2,4,2019-05-02,WN,WN,19393,WN,681,,,,,WN,19393,WN,681,14107,1410702,30466,PHX,"Phoenix, AZ",AZ,4,Arizona,81,10140,1014005,30140,ABQ,"Albuquerque, NM",NM,35,New Mexico,86,600,-4.0,0.0,0.0,-1.0,0600-0659,9.0,605.0,748.0,4.0,805,752.0,-13.0,0.0,0.0,-1.0,0800-0859,0.0,,0.0,65.0,56.0,43.0,1.0,328.0,2,,,0.0,,0.0,,,,0,,,,,,,,,,,,,,,,,,,,,,,,,,,,,,,,,,,,,,,,,,,,,N,8.0,8.0,5.0,7.0,4.0,3.0,32.0,39.0,6,8,0.0,0.0,32.0,40.0,1,1,0,0.0,0.0,N268WN,N268WN-WN-0,32.0,44.0,7.0,39.0,51.0,,,0.0,32,39,0.0,0.0
N269NN,629.0,2019,2,5,2,4,2019-05-02,AA,AA_CODESHARE,19805,AA,3410,,,,,MQ,20398,MQ,3410,14307,1430705,30721,PVD,"Providence, RI",RI,44,Rhode Island,15,13930,1393007,30977,ORD,"Chicago, IL",IL,17,Illinois,41,636,-7.0,0.0,0.0,-1.0,0600-0659,14.0,643.0,801.0,27.0,829,828.0,-1.0,0.0,0.0,-1.0,0800-0859,0.0,,0.0,173.0,179.0,138.0,1.0,849.0,4,,,0.0,,0.0,,,,0,,,,,,,,,,,,,,,,,,,,,,,,,,,,,,,,,,,,,,,,,,,,,N,0.0,4.0,6.0,8.0,2.0,2.0,26.0,38.0,6,8,2.0,2.0,26.0,38.0,1,1,0,0.0,0.0,N269NN,N269NN-AA-0,26.0,38.0,12.0,38.0,50.0,,,0.0,26,38,0.0,0.0
N269SY,819.0,2019,2,5,2,4,2019-05-02,DL,DL_CODESHARE,19790,DL,3971,,,,,OO,20304,OO,3971,12264,1226402,30852,IAD,"Washington, DC",VA,51,Virginia,38,13487,1348702,31650,MSP,"Minneapolis, MN",MN,27,Minnesota,63,830,-11.0,0.0,0.0,-1.0,0800-0859,18.0,837.0,946.0,5.0,1016,951.0,-25.0,0.0,0.0,-2.0,1000-1059,0.0,,0.0,166.0,152.0,129.0,1.0,908.0,4,,,0.0,,0.0,,,,0,,,,,,,,,,,,,,,,,,,,,,,,,,,,,,,,,,,,,,,,,,,,,N,0.0,4.0,8.0,9.0,1.0,3.0,33.0,43.0,8,10,2.0,1.0,34.0,45.0,5,5,0,0.0,0.0,N269SY,N269SY-DL-0,34.0,45.0,10.0,44.0,55.0,,,0.0,43,53,9.0,65.16
N270AK,528.0,2019,2,5,2,4,2019-05-02,AS,AS,19930,AS,352,,,,,AS,19930,AS,352,14747,1474703,30559,SEA,"Seattle, WA",WA,53,Washington,93,13796,1379608,32457,OAK,"Oakland, CA",CA,6,California,91,530,-2.0,0.0,0.0,-1.0,0001-0559,12.0,540.0,713.0,5.0,735,718.0,-17.0,0.0,0.0,-2.0,0700-0759,0.0,,0.0,125.0,110.0,93.0,1.0,672.0,3,,,0.0,,0.0,,,,0,,,,,,,,,,,,,,,,,,,,,,,,,,,,,,,,,,,,,,,,,,,,,N,12.0,12.0,5.0,7.0,2.0,1.0,34.0,41.0,5,7,2.0,2.0,34.0,42.0,9,9,0,0.0,0.0,N270AK,N270AK-AS-0,34.0,46.0,7.0,41.0,53.0,,,0.0,34,41,0.0,0.0
N270NN,652.0,2019,2,5,2,4,2019-05-02,AA,AA_CODESHARE,19805,AA,3326,,,,,MQ,20398,MQ,3326,13930,1393007,30977,ORD,"Chicago, IL",IL,17,Illinois,41,10821,1082106,30852,BWI,"Baltimore, MD",MD,24,Maryland,35,655,-3.0,0.0,0.0,-1.0,0600-0659,51.0,743.0,1012.0,5.0,953,1017.0,24.0,24.0,1.0,1.0,0900-0959,0.0,,0.0,118.0,145.0,89.0,1.0,621.0,3,0.0,0.0,24.0,0.0,0.0,,,,0,,,,,,,,,,,,,,,,,,,,,,,,,,,,,,,,,,,,,,,,,,,,,N,4.0,0.0,6.0,10.0,3.0,1.0,31.0,41.0,6,9,4.0,4.0,32.0,40.0,1,1,0,0.0,0.0,N270NN,N270NN-AA-0,32.0,43.0,10.0,42.0,53.0,,,2.0,32,43,1.0,1.2
N270SY,702.0,2019,2,5,2,4,2019-05-02,DL,DL_CODESHARE,19790,DL,4086,,,,,OO,20304,OO,4086,10721,1072102,30721,BOS,"Boston, MA",MA,25,Massachusetts,13,13342,1334207,33342,MKE,"Milwaukee, WI",WI,55,Wisconsin,45,710,-8.0,0.0,0.0,-1.0,0700-0759,19.0,721.0,839.0,3.0,904,842.0,-22.0,0.0,0.0,-2.0,0900-0959,0.0,,0.0,174.0,160.0,138.0,1.0,860.0,4,,,0.0,,0.0,,,,0,,,,,,,,,,,,,,,,,,,,,,,,,,,,,,,,,,,,,,,,,,,,,N,0.0,4.0,7.0,8.0,0.0,3.0,28.0,39.0,7,9,1.0,0.0,29.0,40.0,4,4,0,0.0,0.0,N270SY,N270SY-DL-0,29.0,40.0,11.0,40.0,51.0,,,0.0,29,40,0.0,0.0
N270WN,722.0,2019,2,5,2,4,2019-05-02,WN,WN,19393,WN,234,,,,,WN,19393,WN,234,14122,1412202,30198,PIT,"Pittsburgh, PA",PA,42,Pennsylvania,23,10397,1039707,30397,ATL,"Atlanta, GA",GA,13,Georgia,34,725,-3.0,0.0,0.0,-1.0,0700-0759,16.0,738.0,900.0,9.0,910,909.0,-1.0,0.0,0.0,-1.0,0900-0959,0.0,,0.0,105.0,107.0,82.0,1.0,526.0,3,,,0.0,,0.0,,,,0,,,,,,,,,,,,,,,,,,,,,,,,,,,,,,,,,,,,,,,,,,,,,N,0.0,0.0,7.0,9.0,1.0,1.0,29.0,37.0,7,9,2.0,1.0,30.0,37.0,2,2,0,1.0,1.0,N270WN,N270WN-WN-0,30.0,41.0,8.0,38.0,49.0,,,0.0,30,38,0.0,0.0
N270WN,944.0,2019,2,5,2,4,2019-05-02,WN,WN,19393,WN,320,,,,,WN,19393,WN,320,10397,1039707,30397,ATL,"Atlanta, GA",GA,13,Georgia,34,10821,1082106,30852,BWI,"Baltimore, MD",MD,24,Maryland,35,945,-1.0,0.0,0.0,-1.0,0900-0959,19.0,1003.0,1122.0,3.0,1140,1125.0,-15.0,0.0,0.0,-1.0,1100-1159,0.0,,0.0,115.0,101.0,79.0,1.0,577.0,3,,,0.0,,0.0,,,,0,,,,,,,,,,,,,,,,,,,,,,,,,,,,,,,,,,,,,,,,,,,,,N,0.0,0.0,9.0,11.0,3.0,2.0,39.0,46.0,9,11,3.0,3.0,39.0,47.0,6,6,1,1.0,0.0,N270WN,N270WN-WN-1,39.0,51.0,7.0,46.0,58.0,37.0,2.0,0.0,40,47,1.0,6.36
N27152,656.0,2019,2,5,2,4,2019-05-02,UA,UA_CODESHARE,19977,UA,4979,,,,,C5,20445,C5,4979,11618,1161802,31703,EWR,"Newark, NJ",NJ,34,New Jersey,21,15016,1501606,31123,STL,"St. Louis, MO",MO,29,Missouri,64,700,-4.0,0.0,0.0,-1.0,0700-0759,20.0,716.0,831.0,7.0,855,838.0,-17.0,0.0,0.0,-2.0,0800-0859,0.0,,0.0,175.0,162.0,135.0,1.0,872.0,4,,,0.0,,0.0,,,,0,,,,,,,,,,,,,,,,,,,,,,,,,,,,,,,,,,,,,,,,,,,,,N,0.0,4.0,6.0,8.0,4.0,3.0,28.0,39.0,7,8,0.0,4.0,28.0,40.0,1,1,0,0.0,0.0,N27152,N27152-UA-0,28.0,40.0,11.0,39.0,51.0,,,0.0,29,40,1.0,1.16
N27190,601.0,2019,2,5,2,4,2019-05-02,UA,UA_CODESHARE,19977,UA,4912,,,,,C5,20445,C5,4912,14711,1471105,34711,SCE,"State College, PA",PA,42,Pennsylvania,23,12264,1226402,30852,IAD,"Washington, DC",VA,51,Virginia,38,615,-14.0,0.0,0.0,-1.0,0600-0659,29.0,630.0,657.0,5.0,710,702.0,-8.0,0.0,0.0,-1.0,0700-0759,0.0,,0.0,55.0,61.0,27.0,1.0,133.0,1,,,0.0,,0.0,,,,0,,,,,,,,,,,,,,,,,,,,,,,,,,,,,,,,,,,,,,,,,,,,,N,0.0,0.0,6.0,7.0,0.0,0.0,24.0,28.0,6,7,1.0,1.0,25.0,29.0,4,4,0,1.0,1.0,N27190,N27190-UA-0,25.0,36.0,4.0,29.0,40.0,,,0.0,25,33,4.0,20.3
N27190,821.0,2019,2,5,2,4,2019-05-02,UA,UA_CODESHARE,19977,UA,4902,,,,,C5,20445,C5,4902,12264,1226402,30852,IAD,"Washington, DC",VA,51,Virginia,38,12451,1245102,31136,JAX,"Jacksonville, FL",FL,12,Florida,33,825,-4.0,0.0,0.0,-1.0,0800-0859,34.0,855.0,1042.0,4.0,1034,1046.0,12.0,12.0,0.0,0.0,1000-1059,0.0,,0.0,129.0,145.0,107.0,1.0,630.0,3,,,0.0,,0.0,,,,0,,,,,,,,,,,,,,,,,,,,,,,,,,,,,,,,,,,,,,,,,,,,,N,0.0,0.0,8.0,10.0,1.0,3.0,33.0,43.0,8,10,2.0,2.0,34.0,42.0,1,1,1,1.0,0.0,N27190,N27190-UA-1,34.0,45.0,10.0,44.0,55.0,28.0,5.0,0.0,39,49,5.0,10.02
N271LV,639.0,2019,2,5,2,4,2019-05-02,WN,WN,19393,WN,2169,,,,,WN,19393,WN,2169,14730,1473003,33044,SDF,"Louisville, KY",KY,21,Kentucky,52,11292,1129202,30325,DEN,"Denver, CO",CO,8,Colorado,82,640,-1.0,0.0,0.0,-1.0,0600-0659,6.0,645.0,718.0,5.0,725,723.0,-2.0,0.0,0.0,-1.0,0700-0759,0.0,,0.0,165.0,164.0,153.0,1.0,1024.0,5,,,0.0,,0.0,,,,0,,,,,,,,,,,,,,,,,,,,,,,,,,,,,,,,,,,,,,,,,,,,,N,0.0,8.0,6.0,7.0,3.0,2.0,27.0,38.0,6,7,3.0,2.0,27.0,38.0,9,9,0,0.0,0.0,N271LV,N271LV-WN-0,27.0,39.0,11.0,38.0,50.0,,,0.0,27,38,0.0,0.0
N271SY,706.0,2019,2,5,2,4,2019-05-02,DL,DL_CODESHARE,19790,DL,3786,,,,,OO,20304,OO,3786,10693,1069302,30693,BNA,"Nashville, TN",TN,47,Tennessee,54,12478,1247805,31703,JFK,"New York, NY",NY,36,New York,22,711,-5.0,0.0,0.0,-1.0,0700-0759,13.0,719.0,1020.0,8.0,1038,1028.0,-10.0,0.0,0.0,-1.0,1000-1059,0.0,,0.0,147.0,142.0,121.0,1.0,765.0,4,,,0.0,,0.0,,,,0,,,,,,,,,,,,,,,,,,,,,,,,,,,,,,,,,,,,,,,,,,,,,N,4.0,0.0,7.0,10.0,0.0,2.0,32.0,42.0,7,10,1.0,3.0,33.0,43.0,2,2,0,0.0,0.0,N271SY,N271SY-DL-0,33.0,44.0,10.0,43.0,54.0,,,0.0,33,45,2.0,4.78
N27205,751.0,2019,2,5,2,4,2019-05-02,UA,UA,19977,UA,1683,,,,,UA,19977,UA,1683,13930,1393007,30977,ORD,"Chicago, IL",IL,17,Illinois,41,13487,1348702,31650,MSP,"Minneapolis, MN",MN,27,Minnesota,63,755,-4.0,0.0,0.0,-1.0,0700-0759,19.0,810.0,909.0,4.0,924,913.0,-11.0,0.0,0.0,-1.0,0900-0959,0.0,,0.0,89.0,82.0,59.0,1.0,334.0,2,,,0.0,,0.0,,,,0,,,,,,,,,,,,,,,,,,,,,,,,,,,,,,,,,,,,,,,,,,,,,N,4.0,4.0,7.0,9.0,3.0,1.0,35.0,41.0,7,9,4.0,2.0,36.0,42.0,6,6,0,0.0,0.0,N27205,N27205-UA-0,36.0,47.0,6.0,42.0,53.0,,,0.0,37,44,2.0,12.9
N27239,934.0,2019,2,5,2,4,2019-05-02,UA,UA,19977,UA,2392,,,,,UA,19977,UA,2392,14683,1468305,33214,SAT,"San Antonio, TX",TX,48,Texas,74,12266,1226603,31453,IAH,"Houston, TX",TX,48,Texas,74,720,134.0,134.0,1.0,8.0,0700-0759,13.0,947.0,1022.0,5.0,828,1027.0,119.0,119.0,1.0,7.0,0800-0859,0.0,,0.0,68.0,53.0,35.0,1.0,191.0,1,0.0,0.0,119.0,0.0,0.0,,,,0,,,,,,,,,,,,,,,,,,,,,,,,,,,,,,,,,,,,,,,,,,,,,N,4.0,4.0,9.0,10.0,2.0,2.0,42.0,46.0,7,8,1.0,2.0,33.0,38.0,5,5,0,0.0,0.0,N27239,N27239-UA-0,34.0,54.0,4.0,38.0,58.0,,,8.0,34,38,0.0,0.0
N27246,746.0,2019,2,5,2,4,2019-05-02,UA,UA,19977,UA,748,,,,,UA,19977,UA,748,13930,1393007,30977,ORD,"Chicago, IL",IL,17,Illinois,41,12266,1226603,31453,IAH,"Houston, TX",TX,48,Texas,74,753,-7.0,0.0,0.0,-1.0,0700-0759,23.0,809.0,1125.0,15.0,1044,1140.0,56.0,56.0,1.0,3.0,1000-1059,0.0,,0.0,171.0,234.0,196.0,1.0,925.0,4,0.0,0.0,56.0,0.0,0.0,,,,0,,,,,,,,,,,,,,,,,,,,,,,,,,,,,,,,,,,,,,,,,,,,,N,4.0,4.0,7.0,11.0,3.0,3.0,35.0,51.0,7,10,4.0,3.0,36.0,47.0,7,7,0,0.0,0.0,N27246,N27246-UA-0,36.0,47.0,16.0,52.0,63.0,,,4.0,36,52,0.0,0.0
N272AK,713.0,2019,2,5,2,4,2019-05-02,AS,AS,19930,AS,449,,,,,AS,19930,AS,449,12478,1247805,31703,JFK,"New York, NY",NY,36,New York,22,14057,1405702,34057,PDX,"Portland, OR",OR,41,Oregon,92,720,-7.0,0.0,0.0,-1.0,0700-0759,28.0,741.0,1024.0,4.0,1035,1028.0,-7.0,0.0,0.0,-1.0,1000-1059,0.0,,0.0,375.0,375.0,343.0,1.0,2454.0,10,,,0.0,,0.0,,,,0,,,,,,,,,,,,,,,,,,,,,,,,,,,,,,,,,,,,,,,,,,,,,N,0.0,12.0,7.0,10.0,1.0,2.0,29.0,54.0,7,10,1.0,2.0,29.0,54.0,3,3,0,0.0,0.0,N272AK,N272AK-AS-0,29.0,41.0,25.0,54.0,66.0,,,0.0,29,54,0.0,0.0
N272NN,508.0,2019,2,5,2,4,2019-05-02,AA,AA_CODESHARE,19805,AA,3672,,,,,MQ,20398,MQ,3672,15370,1537002,34653,TUL,"Tulsa, OK",OK,40,Oklahoma,73,13930,1393007,30977,ORD,"Chicago, IL",IL,17,Illinois,41,512,-4.0,0.0,0.0,-1.0,0001-0559,9.0,517.0,641.0,5.0,708,646.0,-22.0,0.0,0.0,-2.0,0700-0759,0.0,,0.0,116.0,98.0,84.0,1.0,585.0,3,,,0.0,,0.0,,,,0,,,,,,,,,,,,,,,,,,,,,,,,,,,,,,,,,,,,,,,,,,,,,N,4.0,4.0,5.0,6.0,1.0,3.0,25.0,31.0,5,7,1.0,1.0,25.0,33.0,6,6,0,1.0,1.0,N272NN,N272NN-AA-0,25.0,37.0,6.0,31.0,43.0,,,0.0,25,31,0.0,0.0
N272NN,819.0,2019,2,5,2,4,2019-05-02,AA,AA_CODESHARE,19805,AA,3971,,,,,MQ,20398,MQ,3971,13930,1393007,30977,ORD,"Chicago, IL",IL,17,Illinois,41,14122,1412202,30198,PIT,"Pittsburgh, PA",PA,42,Pennsylvania,23,820,-1.0,0.0,0.0,-1.0,0800-0859,44.0,903.0,1105.0,5.0,1054,1110.0,16.0,16.0,1.0,1.0,1000-1059,0.0,,0.0,94.0,111.0,62.0,1.0,413.0,2,0.0,0.0,16.0,0.0,0.0,,,,0,,,,,,,,,,,,,,,,,,,,,,,,,,,,,,,,,,,,,,,,,,,,,N,4.0,0.0,8.0,11.0,1.0,1.0,37.0,45.0,8,10,1.0,4.0,37.0,44.0,1,1,1,1.0,0.0,N272NN,N272NN-AA-1,37.0,49.0,8.0,45.0,57.0,31.0,6.0,1.0,37,45,0.0,0.0
N272SY,559.0,2019,2,5,2,4,2019-05-02,DL,DL_CODESHARE,19790,DL,3531,,,,,OO,20304,OO,3531,13871,1387102,33316,OMA,"Omaha, NE",NE,31,Nebraska,65,12953,1295304,31703,LGA,"New York, NY",NY,36,New York,22,602,-3.0,0.0,0.0,-1.0,0600-0659,17.0,616.0,940.0,7.0,1000,947.0,-13.0,0.0,0.0,-1.0,1000-1059,0.0,,0.0,178.0,168.0,144.0,1.0,1148.0,5,,,0.0,,0.0,,,,0,,,,,,,,,,,,,,,,,,,,,,,,,,,,,,,,,,,,,,,,,,,,,N,4.0,0.0,5.0,9.0,4.0,3.0,28.0,39.0,6,10,0.0,0.0,28.0,40.0,4,4,0,0.0,0.0,N272SY,N272SY-DL-0,28.0,40.0,11.0,39.0,51.0,,,0.0,28,39,0.0,0.0
N272WN,556.0,2019,2,5,2,4,2019-05-02,WN,WN,19393,WN,543,,,,,WN,19393,WN,543,14492,1449202,34492,RDU,"Raleigh/Durham, NC",NC,37,North Carolina,36,10821,1082106,30852,BWI,"Baltimore, MD",MD,24,Maryland,35,600,-4.0,0.0,0.0,-1.0,0600-0659,7.0,603.0,649.0,3.0,710,652.0,-18.0,0.0,0.0,-2.0,0700-0759,0.0,,0.0,70.0,56.0,46.0,1.0,255.0,2,,,0.0,,0.0,,,,0,,,,,,,,,,,,,,,,,,,,,,,,,,,,,,,,,,,,,,,,,,,,,N,0.0,0.0,5.0,6.0,4.0,3.0,24.0,27.0,6,7,0.0,1.0,24.0,29.0,8,8,0,0.0,0.0,N272WN,N272WN-WN-0,24.0,36.0,3.0,27.0,39.0,,,0.0,24,28,1.0,8.28
N273AK,509.0,2019,2,5,2,4,2019-05-02,AS,AS,19930,AS,176,,,,,AS,19930,AS,176,12523,1252306,32523,JNU,"Juneau, AK",AK,2,Alaska,1,14747,1474703,30559,SEA,"Seattle, WA",WA,53,Washington,93,520,-11.0,0.0,0.0,-1.0,0001-0559,8.0,517.0,804.0,13.0,845,817.0,-28.0,0.0,0.0,-2.0,0800-0859,0.0,,0.0,145.0,128.0,107.0,1.0,909.0,4,,,0.0,,0.0,,,,0,,,,,,,,,,,,,,,,,,,,,,,,,,,,,,,,,,,,,,,,,,,,,N,16.0,12.0,5.0,8.0,1.0,1.0,37.0,45.0,5,8,1.0,3.0,37.0,47.0,7,7,0,0.0,0.0,N273AK,N273AK-AS-0,37.0,49.0,8.0,45.0,57.0,,,0.0,37,45,0.0,0.0
N273JB,840.0,2019,2,5,2,4,2019-05-02,B6,B6,20409,B6,1012,,,,,B6,20409,B6,1012,13930,1393007,30977,ORD,"Chicago, IL",IL,17,Illinois,41,10721,1072102,30721,BOS,"Boston, MA",MA,25,Massachusetts,13,823,17.0,17.0,1.0,1.0,0800-0859,50.0,930.0,1219.0,6.0,1142,1225.0,43.0,43.0,1.0,2.0,1100-1159,0.0,,0.0,139.0,165.0,109.0,1.0,867.0,4,17.0,0.0,26.0,0.0,0.0,,,,0,,,,,,,,,,,,,,,,,,,,,,,,,,,,,,,,,,,,,,,,,,,,,N,4.0,0.0,8.0,12.0,3.0,2.0,39.0,50.0,8,11,2.0,3.0,38.0,47.0,8,8,0,0.0,0.0,N273JB,N273JB-B6-0,38.0,51.0,11.0,49.0,62.0,,,2.0,38,49,0.0,0.0
N273SY,557.0,2019,2,5,2,4,2019-05-02,DL,DL_CODESHARE,19790,DL,4824,,,,,OO,20304,OO,4824,14524,1452401,34524,RIC,"Richmond, VA",VA,51,Virginia,38,12953,1295304,31703,LGA,"New York, NY",NY,36,New York,22,600,-3.0,0.0,0.0,-1.0,0600-0659,17.0,614.0,702.0,9.0,723,711.0,-12.0,0.0,0.0,-1.0,0700-0759,0.0,,0.0,83.0,74.0,48.0,1.0,292.0,2,,,0.0,,0.0,,,,0,,,,,,,,,,,,,,,,,,,,,,,,,,,,,,,,,,,,,,,,,,,,,N,0.0,0.0,5.0,7.0,4.0,1.0,24.0,29.0,6,7,0.0,2.0,24.0,30.0,7,7,0,1.0,1.0,N273SY,N273SY-DL-0,24.0,36.0,5.0,29.0,41.0,,,0.0,24,29,0.0,0.0
N273SY,802.0,2019,2,5,2,4,2019-05-02,DL,DL_CODESHARE,19790,DL,3898,,,,,OO,20304,OO,3898,12953,1295304,31703,LGA,"New York, NY",NY,36,New York,22,10599,1059904,30599,BHM,"Birmingham, AL",AL,1,Alabama,51,805,-3.0,0.0,0.0,-1.0,0800-0859,21.0,823.0,926.0,3.0,948,929.0,-19.0,0.0,0.0,-2.0,0900-0959,0.0,,0.0,163.0,147.0,123.0,1.0,866.0,4,,,0.0,,0.0,,,,0,,,,,,,,,,,,,,,,,,,,,,,,,,,,,,,,,,,,,,,,,,,,,N,0.0,4.0,8.0,9.0,0.0,2.0,32.0,42.0,8,9,0.0,3.0,32.0,43.0,7,7,1,1.0,0.0,N273SY,N273SY-DL-1,32.0,44.0,10.0,42.0,54.0,29.0,3.0,0.0,32,42,0.0,0.0
N273WN,551.0,2019,2,5,2,4,2019-05-02,WN,WN,19393,WN,1371,,,,,WN,19393,WN,1371,15376,1537604,30436,TUS,"Tucson, AZ",AZ,4,Arizona,81,12889,1288903,32211,LAS,"Las Vegas, NV",NV,32,Nevada,85,555,-4.0,0.0,0.0,-1.0,0001-0559,7.0,558.0,654.0,4.0,710,658.0,-12.0,0.0,0.0,-1.0,0700-0759,0.0,,0.0,75.0,67.0,56.0,1.0,365.0,2,,,0.0,,0.0,,,,0,,,,,,,,,,,,,,,,,,,,,,,,,,,,,,,,,,,,,,,,,,,,,N,8.0,12.0,5.0,6.0,3.0,4.0,31.0,40.0,5,7,4.0,1.0,32.0,41.0,8,8,0,0.0,0.0,N273WN,N273WN-WN-0,32.0,43.0,9.0,41.0,52.0,,,0.0,32,41,0.0,0.0
N27421,602.0,2019,2,5,2,4,2019-05-02,UA,UA,19977,UA,1588,,,,,UA,19977,UA,1588,14107,1410702,30466,PHX,"Phoenix, AZ",AZ,4,Arizona,81,12892,1289208,32575,LAX,"Los Angeles, CA",CA,6,California,91,600,2.0,2.0,0.0,0.0,0600-0659,14.0,616.0,722.0,14.0,745,736.0,-9.0,0.0,0.0,-1.0,0700-0759,0.0,,0.0,105.0,94.0,66.0,1.0,370.0,2,,,0.0,,0.0,,,,0,,,,,,,,,,,,,,,,,,,,,,,,,,,,,,,,,,,,,,,,,,,,,N,8.0,12.0,6.0,7.0,0.0,2.0,32.0,42.0,6,7,0.0,3.0,32.0,43.0,9,9,0,0.0,0.0,N27421,N27421-UA-0,32.0,44.0,10.0,42.0,54.0,,,0.0,32,42,0.0,0.0
N27477,554.0,2019,2,5,2,4,2019-05-02,UA,UA,19977,UA,1849,,,,,UA,19977,UA,1849,14492,1449202,34492,RDU,"Raleigh/Durham, NC",NC,37,North Carolina,36,11618,1161802,31703,EWR,"Newark, NJ",NJ,34,New Jersey,21,600,-6.0,0.0,0.0,-1.0,0600-0659,18.0,612.0,710.0,3.0,732,713.0,-19.0,0.0,0.0,-2.0,0700-0759,0.0,,0.0,92.0,79.0,58.0,1.0,416.0,2,,,0.0,,0.0,,,,0,,,,,,,,,,,,,,,,,,,,,,,,,,,,,,,,,,,,,,,,,,,,,N,0.0,0.0,5.0,7.0,4.0,1.0,24.0,29.0,6,7,0.0,2.0,24.0,30.0,4,4,0,0.0,0.0,N27477,N27477-UA-0,24.0,36.0,5.0,29.0,41.0,,,0.0,24,29,0.0,0.0
N274AK,600.0,2019,2,5,2,4,2019-05-02,AS,AS,19930,AS,545,,,,,AS,19930,AS,545,13891,1389101,32575,ONT,"Ontario, CA",CA,6,California,91,14747,1474703,30559,SEA,"Seattle, WA",WA,53,Washington,93,600,0.0,0.0,0.0,0.0,0600-0659,11.0,611.0,839.0,11.0,850,850.0,0.0,0.0,0.0,0.0,0800-0859,0.0,,0.0,170.0,170.0,148.0,1.0,956.0,4,,,0.0,,0.0,,,,0,,,,,,,,,,,,,,,,,,,,,,,,,,,,,,,,,,,,,,,,,,,,,N,12.0,12.0,6.0,8.0,0.0,3.0,36.0,47.0,6,8,0.0,3.0,36.0,47.0,1,1,0,0.0,0.0,N274AK,N274AK-AS-0,36.0,48.0,11.0,47.0,59.0,,,0.0,36,47,0.0,0.0
N274JB,555.0,2019,2,5,2,4,2019-05-02,B6,B6,20409,B6,1481,,,,,B6,20409,B6,1481,10721,1072102,30721,BOS,"Boston, MA",MA,25,Massachusetts,13,14524,1452401,34524,RIC,"Richmond, VA",VA,51,Virginia,38,600,-5.0,0.0,0.0,-1.0,0600-0659,13.0,608.0,727.0,4.0,745,731.0,-14.0,0.0,0.0,-1.0,0700-0759,0.0,,0.0,105.0,96.0,79.0,1.0,474.0,2,,,0.0,,0.0,,,,0,,,,,,,,,,,,,,,,,,,,,,,,,,,,,,,,,,,,,,,,,,,,,N,0.0,0.0,5.0,7.0,4.0,2.0,24.0,30.0,6,7,0.0,3.0,24.0,31.0,8,8,0,1.0,1.0,N274JB,N274JB-B6-0,24.0,36.0,6.0,30.0,42.0,,,0.0,24,30,0.0,0.0
N274JB,812.0,2019,2,5,2,4,2019-05-02,B6,B6,20409,B6,382,,,,,B6,20409,B6,382,14524,1452401,34524,RIC,"Richmond, VA",VA,51,Virginia,38,10721,1072102,30721,BOS,"Boston, MA",MA,25,Massachusetts,13,821,-9.0,0.0,0.0,-1.0,0800-0859,9.0,821.0,925.0,6.0,953,931.0,-22.0,0.0,0.0,-2.0,0900-0959,0.0,,0.0,92.0,79.0,64.0,1.0,474.0,2,,,0.0,,0.0,,,,0,,,,,,,,,,,,,,,,,,,,,,,,,,,,,,,,,,,,,,,,,,,,,N,0.0,0.0,8.0,9.0,1.0,2.0,33.0,38.0,8,9,1.0,4.0,33.0,40.0,5,5,1,1.0,0.0,N274JB,N274JB-B6-1,33.0,45.0,5.0,38.0,50.0,30.0,3.0,0.0,33,38,0.0,0.0
N274SY,606.0,2019,2,5,2,4,2019-05-02,DL,DL_CODESHARE,19790,DL,3581,,,,,OO,20304,OO,3581,15096,1509602,35096,SYR,"Syracuse, NY",NY,36,New York,22,12953,1295304,31703,LGA,"New York, NY",NY,36,New York,22,607,-1.0,0.0,0.0,-1.0,0600-0659,32.0,638.0,721.0,6.0,725,727.0,2.0,2.0,0.0,0.0,0700-0759,0.0,,0.0,78.0,81.0,43.0,1.0,198.0,1,,,0.0,,0.0,,,,0,,,,,,,,,,,,,,,,,,,,,,,,,,,,,,,,,,,,,,,,,,,,,N,0.0,0.0,6.0,7.0,0.0,2.0,24.0,30.0,6,7,0.0,2.0,24.0,30.0,5,5,0,1.0,1.0,N274SY,N274SY-DL-0,24.0,36.0,6.0,30.0,42.0,,,0.0,24,30,0.0,0.0
N274SY,800.0,2019,2,5,2,4,2019-05-02,DL,DL_CODESHARE,19790,DL,3768,,,,,OO,20304,OO,3768,12953,1295304,31703,LGA,"New York, NY",NY,36,New York,22,13871,1387102,33316,OMA,"Omaha, NE",NE,31,Nebraska,65,803,-3.0,0.0,0.0,-1.0,0800-0859,19.0,819.0,1014.0,7.0,1023,1021.0,-2.0,0.0,0.0,-1.0,1000-1059,0.0,,0.0,200.0,201.0,175.0,1.0,1148.0,5,,,0.0,,0.0,,,,0,,,,,,,,,,,,,,,,,,,,,,,,,,,,,,,,,,,,,,,,,,,,,N,0.0,4.0,8.0,10.0,0.0,1.0,32.0,45.0,8,10,0.0,2.0,32.0,46.0,9,9,1,1.0,0.0,N274SY,N274SY-DL-1,32.0,44.0,13.0,45.0,57.0,30.0,2.0,0.0,32,45,0.0,0.0
N274WN,457.0,2019,2,5,2,4,2019-05-02,WN,WN,19393,WN,1393,,,,,WN,19393,WN,1393,10423,1042302,30423,AUS,"Austin, TX",TX,48,Texas,74,11292,1129202,30325,DEN,"Denver, CO",CO,8,Colorado,82,500,-3.0,0.0,0.0,-1.0,0001-0559,9.0,506.0,547.0,6.0,610,553.0,-17.0,0.0,0.0,-2.0,0600-0659,0.0,,0.0,130.0,116.0,101.0,1.0,775.0,4,,,0.0,,0.0,,,,0,,,,,,,,,,,,,,,,,,,,,,,,,,,,,,,,,,,,,,,,,,,,,N,4.0,8.0,4.0,5.0,4.0,4.0,24.0,32.0,5,6,0.0,1.0,24.0,33.0,8,8,0,1.0,1.0,N274WN,N274WN-WN-0,24.0,36.0,8.0,32.0,44.0,,,0.0,24,32,0.0,0.0
N274WN,715.0,2019,2,5,2,4,2019-05-02,WN,WN,19393,WN,1564,,,,,WN,19393,WN,1564,11292,1129202,30325,DEN,"Denver, CO",CO,8,Colorado,82,10693,1069302,30693,BNA,"Nashville, TN",TN,47,Tennessee,54,715,0.0,0.0,0.0,0.0,0700-0759,10.0,725.0,1038.0,6.0,1050,1044.0,-6.0,0.0,0.0,-1.0,1000-1059,0.0,,0.0,155.0,149.0,133.0,1.0,1014.0,5,,,0.0,,0.0,,,,0,,,,,,,,,,,,,,,,,,,,,,,,,,,,,,,,,,,,,,,,,,,,,N,8.0,4.0,7.0,10.0,1.0,3.0,37.0,47.0,7,10,1.0,3.0,37.0,47.0,4,4,1,1.0,0.0,N274WN,N274WN-WN-1,37.0,49.0,10.0,47.0,59.0,32.0,5.0,0.0,37,47,0.0,0.0
N275NN,617.0,2019,2,5,2,4,2019-05-02,AA,AA_CODESHARE,19805,AA,3661,,,,,MQ,20398,MQ,3661,13256,1325602,33256,MFE,"Mission/McAllen/Edinburg, TX",TX,48,Texas,74,11298,1129806,30194,DFW,"Dallas/Fort Worth, TX",TX,48,Texas,74,619,-2.0,0.0,0.0,-1.0,0600-0659,8.0,625.0,736.0,8.0,759,744.0,-15.0,0.0,0.0,-1.0,0700-0759,0.0,,0.0,100.0,87.0,71.0,1.0,469.0,2,,,0.0,,0.0,,,,0,,,,,,,,,,,,,,,,,,,,,,,,,,,,,,,,,,,,,,,,,,,,,N,4.0,4.0,6.0,7.0,1.0,3.0,29.0,35.0,6,7,1.0,4.0,29.0,36.0,8,8,0,1.0,1.0,N275NN,N275NN-AA-0,29.0,41.0,6.0,35.0,47.0,,,0.0,29,35,0.0,0.0
N275NN,841.0,2019,2,5,2,4,2019-05-02,AA,AA_CODESHARE,19805,AA,3614,,,,,MQ,20398,MQ,3614,11298,1129806,30194,DFW,"Dallas/Fort Worth, TX",TX,48,Texas,74,15919,1591904,31834,XNA,"Fayetteville, AR",AR,5,Arkansas,71,845,-4.0,0.0,0.0,-1.0,0800-0859,15.0,856.0,938.0,7.0,958,945.0,-13.0,0.0,0.0,-1.0,0900-0959,0.0,,0.0,73.0,64.0,42.0,1.0,280.0,2,,,0.0,,0.0,,,,0,,,,,,,,,,,,,,,,,,,,,,,,,,,,,,,,,,,,,,,,,,,,,N,4.0,4.0,8.0,9.0,3.0,3.0,39.0,43.0,8,9,3.0,4.0,39.0,44.0,3,3,1,1.0,0.0,N275NN,N275NN-AA-1,39.0,51.0,4.0,43.0,55.0,35.0,4.0,0.0,40,44,1.0,3.4
N275SY,642.0,2019,2,5,2,4,2019-05-02,DL,DL_CODESHARE,19790,DL,4660,,,,,OO,20304,OO,4660,15041,1504102,35041,SUN,"Sun Valley/Hailey/Ketchum, ID",ID,16,Idaho,83,14869,1486903,34614,SLC,"Salt Lake City, UT",UT,49,Utah,87,650,-8.0,0.0,0.0,-1.0,0600-0659,3.0,645.0,720.0,3.0,746,723.0,-23.0,0.0,0.0,-2.0,0700-0759,0.0,,0.0,56.0,41.0,35.0,1.0,222.0,1,,,0.0,,0.0,,,,0,,,,,,,,,,,,,,,,,,,,,,,,,,,,,,,,,,,,,,,,,,,,,N,8.0,8.0,6.0,7.0,3.0,2.0,35.0,38.0,6,7,3.0,3.0,35.0,39.0,5,5,0,0.0,0.0,N275SY,N275SY-DL-0,35.0,47.0,3.0,38.0,50.0,,,0.0,35,38,0.0,0.0
N275WN,602.0,2019,2,5,2,4,2019-05-02,WN,WN,19393,WN,257,,,,,WN,19393,WN,257,10721,1072102,30721,BOS,"Boston, MA",MA,25,Massachusetts,13,11066,1106606,31066,CMH,"Columbus, OH",OH,39,Ohio,44,610,-8.0,0.0,0.0,-1.0,0600-0659,23.0,625.0,806.0,4.0,825,810.0,-15.0,0.0,0.0,-1.0,0800-0859,0.0,,0.0,135.0,128.0,101.0,1.0,640.0,3,,,0.0,,0.0,,,,0,,,,,,,,,,,,,,,,,,,,,,,,,,,,,,,,,,,,,,,,,,,,,N,0.0,0.0,6.0,8.0,0.0,1.0,24.0,33.0,6,8,1.0,2.0,25.0,34.0,2,2,0,0.0,0.0,N275WN,N275WN-WN-0,25.0,36.0,9.0,34.0,45.0,,,0.0,29,38,4.0,12.48
N276NN,802.0,2019,2,5,2,4,2019-05-02,AA,AA_CODESHARE,19805,AA,3982,,,,,MQ,20398,MQ,3982,13256,1325602,33256,MFE,"Mission/McAllen/Edinburg, TX",TX,48,Texas,74,11298,1129806,30194,DFW,"Dallas/Fort Worth, TX",TX,48,Texas,74,805,-3.0,0.0,0.0,-1.0,0800-0859,9.0,811.0,924.0,5.0,945,929.0,-16.0,0.0,0.0,-2.0,0900-0959,0.0,,0.0,100.0,87.0,73.0,1.0,469.0,2,,,0.0,,0.0,,,,0,,,,,,,,,,,,,,,,,,,,,,,,,,,,,,,,,,,,,,,,,,,,,N,4.0,4.0,8.0,9.0,0.0,2.0,36.0,42.0,8,9,0.0,3.0,36.0,43.0,9,9,0,0.0,0.0,N276NN,N276NN-AA-0,36.0,48.0,6.0,42.0,54.0,,,0.0,36,42,0.0,0.0
N276SY,742.0,2019,2,5,2,4,2019-05-02,DL,DL_CODESHARE,19790,DL,3677,,,,,OO,20304,OO,3677,12280,1228002,32280,IDA,"Idaho Falls, ID",ID,16,Idaho,83,14869,1486903,34614,SLC,"Salt Lake City, UT",UT,49,Utah,87,745,-3.0,0.0,0.0,-1.0,0700-0759,8.0,750.0,826.0,19.0,850,845.0,-5.0,0.0,0.0,-1.0,0800-0859,0.0,,0.0,65.0,63.0,36.0,1.0,188.0,1,,,0.0,,0.0,,,,0,,,,,,,,,,,,,,,,,,,,,,,,,,,,,,,,,,,,,,,,,,,,,N,8.0,8.0,7.0,8.0,3.0,3.0,39.0,43.0,7,8,3.0,3.0,39.0,43.0,6,6,0,0.0,0.0,N276SY,N276SY-DL-0,39.0,51.0,4.0,43.0,55.0,,,0.0,39,43,0.0,0.0
N276WN,534.0,2019,2,5,2,4,2019-05-02,WN,WN,19393,WN,1404,,,,,WN,19393,WN,1404,13232,1323202,30977,MDW,"Chicago, IL",IL,17,Illinois,41,13204,1320402,31454,MCO,"Orlando, FL",FL,12,Florida,33,530,4.0,4.0,0.0,0.0,0001-0559,10.0,544.0,858.0,6.0,900,904.0,4.0,4.0,0.0,0.0,0900-0959,0.0,,0.0,150.0,150.0,134.0,1.0,990.0,4,,,0.0,,0.0,,,,0,,,,,,,,,,,,,,,,,,,,,,,,,,,,,,,,,,,,,,,,,,,,,N,4.0,0.0,5.0,9.0,2.0,0.0,26.0,36.0,5,9,2.0,0.0,26.0,36.0,7,7,0,1.0,1.0,N276WN,N276WN-WN-0,26.0,38.0,10.0,36.0,48.0,,,0.0,26,36,0.0,0.0
N276WN,952.0,2019,2,5,2,4,2019-05-02,WN,WN,19393,WN,1048,,,,,WN,19393,WN,1048,13204,1320402,31454,MCO,"Orlando, FL",FL,12,Florida,33,14122,1412202,30198,PIT,"Pittsburgh, PA",PA,42,Pennsylvania,23,935,17.0,17.0,1.0,1.0,0900-0959,15.0,1007.0,1153.0,5.0,1155,1158.0,3.0,3.0,0.0,0.0,1100-1159,0.0,,0.0,140.0,126.0,106.0,1.0,834.0,4,,,0.0,,0.0,,,,0,,,,,,,,,,,,,,,,,,,,,,,,,,,,,,,,,,,,,,,,,,,,,N,0.0,0.0,9.0,11.0,3.0,4.0,39.0,48.0,9,11,2.0,4.0,38.0,48.0,2,2,1,1.0,0.0,N276WN,N276WN-WN-1,39.0,51.0,9.0,48.0,60.0,36.0,3.0,0.0,40,49,1.0,2.38
N27724,710.0,2019,2,5,2,4,2019-05-02,UA,UA,19977,UA,2427,,,,,UA,19977,UA,2427,11057,1105703,31057,CLT,"Charlotte, NC",NC,37,North Carolina,36,11618,1161802,31703,EWR,"Newark, NJ",NJ,34,New Jersey,21,710,0.0,0.0,0.0,0.0,0700-0759,22.0,732.0,849.0,12.0,859,901.0,2.0,2.0,0.0,0.0,0800-0859,0.0,,0.0,109.0,111.0,77.0,1.0,529.0,3,,,0.0,,0.0,,,,0,,,,,,,,,,,,,,,,,,,,,,,,,,,,,,,,,,,,,,,,,,,,,N,0.0,0.0,7.0,9.0,1.0,0.0,29.0,36.0,7,8,1.0,4.0,29.0,36.0,1,1,0,0.0,0.0,N27724,N27724-UA-0,29.0,41.0,7.0,36.0,48.0,,,0.0,29,39,3.0,4.96
N27733,837.0,2019,2,5,2,4,2019-05-02,UA,UA,19977,UA,760,,,,,UA,19977,UA,760,11042,1104205,30647,CLE,"Cleveland, OH",OH,39,Ohio,44,12266,1226603,31453,IAH,"Houston, TX",TX,48,Texas,74,845,-8.0,0.0,0.0,-1.0,0800-0859,11.0,848.0,1106.0,13.0,1049,1119.0,30.0,30.0,1.0,2.0,1000-1059,0.0,,0.0,184.0,222.0,198.0,1.0,1091.0,5,0.0,0.0,30.0,0.0,0.0,,,,0,,,,,,,,,,,,,,,,,,,,,,,,,,,,,,,,,,,,,,,,,,,,,N,0.0,4.0,8.0,11.0,2.0,1.0,34.0,49.0,8,10,3.0,3.0,35.0,47.0,4,4,0,0.0,0.0,N27733,N27733-UA-0,35.0,46.0,15.0,50.0,61.0,,,2.0,35,50,0.0,0.0
N27734,608.0,2019,2,5,2,4,2019-05-02,UA,UA,19977,UA,312,,,,,UA,19977,UA,312,11423,1142307,31423,DSM,"Des Moines, IA",IA,19,Iowa,61,13930,1393007,30977,ORD,"Chicago, IL",IL,17,Illinois,41,615,-7.0,0.0,0.0,-1.0,0600-0659,13.0,621.0,713.0,17.0,738,730.0,-8.0,0.0,0.0,-1.0,0700-0759,0.0,,0.0,83.0,82.0,52.0,1.0,299.0,2,,,0.0,,0.0,,,,0,,,,,,,,,,,,,,,,,,,,,,,,,,,,,,,,,,,,,,,,,,,,,N,4.0,4.0,6.0,7.0,1.0,2.0,29.0,34.0,6,7,1.0,3.0,29.0,35.0,4,4,0,1.0,1.0,N27734,N27734-UA-0,29.0,41.0,5.0,34.0,46.0,,,0.0,29,34,0.0,0.0
N27734,821.0,2019,2,5,2,4,2019-05-02,UA,UA,19977,UA,1497,,,,,UA,19977,UA,1497,13930,1393007,30977,ORD,"Chicago, IL",IL,17,Illinois,41,13871,1387102,33316,OMA,"Omaha, NE",NE,31,Nebraska,65,826,-5.0,0.0,0.0,-1.0,0800-0859,16.0,837.0,943.0,3.0,959,946.0,-13.0,0.0,0.0,-1.0,0900-0959,0.0,,0.0,93.0,85.0,66.0,1.0,416.0,2,,,0.0,,0.0,,,,0,,,,,,,,,,,,,,,,,,,,,,,,,,,,,,,,,,,,,,,,,,,,,N,4.0,4.0,8.0,9.0,1.0,3.0,37.0,43.0,8,9,2.0,4.0,38.0,44.0,8,8,1,1.0,0.0,N27734,N27734-UA-1,38.0,49.0,6.0,44.0,55.0,34.0,3.0,0.0,38,44,0.0,0.0
N277AK,627.0,2019,2,5,2,4,2019-05-02,AS,AS,19930,AS,658,,,,,AS,19930,AS,658,14747,1474703,30559,SEA,"Seattle, WA",WA,53,Washington,93,11298,1129806,30194,DFW,"Dallas/Fort Worth, TX",TX,48,Texas,74,610,17.0,17.0,1.0,1.0,0600-0659,11.0,638.0,1210.0,11.0,1210,1221.0,11.0,11.0,0.0,0.0,1200-1259,0.0,,0.0,240.0,234.0,212.0,1.0,1660.0,7,,,0.0,,0.0,,,,0,,,,,,,,,,,,,,,,,,,,,,,,,,,,,,,,,,,,,,,,,,,,,N,12.0,4.0,6.0,12.0,2.0,1.0,38.0,53.0,6,12,1.0,1.0,37.0,53.0,4,4,0,0.0,0.0,N277AK,N277AK-AS-0,38.0,50.0,15.0,53.0,65.0,,,0.0,38,53,0.0,0.0
N277NN,555.0,2019,2,5,2,4,2019-05-02,AA,AA_CODESHARE,19805,AA,3759,,,,,MQ,20398,MQ,3759,15919,1591904,31834,XNA,"Fayetteville, AR",AR,5,Arkansas,71,13930,1393007,30977,ORD,"Chicago, IL",IL,17,Illinois,41,600,-5.0,0.0,0.0,-1.0,0600-0659,10.0,605.0,722.0,8.0,753,730.0,-23.0,0.0,0.0,-2.0,0700-0759,0.0,,0.0,113.0,95.0,77.0,1.0,522.0,3,,,0.0,,0.0,,,,0,,,,,,,,,,,,,,,,,,,,,,,,,,,,,,,,,,,,,,,,,,,,,N,4.0,4.0,5.0,7.0,4.0,2.0,28.0,34.0,6,7,0.0,4.0,28.0,36.0,8,8,0,1.0,1.0,N277NN,N277NN-AA-0,28.0,40.0,6.0,34.0,46.0,,,0.0,28,34,0.0,0.0
N277NN,836.0,2019,2,5,2,4,2019-05-02,AA,AA_CODESHARE,19805,AA,3662,,,,,MQ,20398,MQ,3662,13930,1393007,30977,ORD,"Chicago, IL",IL,17,Illinois,41,11042,1104205,30647,CLE,"Cleveland, OH",OH,39,Ohio,44,835,1.0,1.0,0.0,0.0,0800-0859,38.0,914.0,1104.0,3.0,1059,1107.0,8.0,8.0,0.0,0.0,1000-1059,0.0,,0.0,84.0,91.0,50.0,1.0,315.0,2,,,0.0,,0.0,,,,0,,,,,,,,,,,,,,,,,,,,,,,,,,,,,,,,,,,,,,,,,,,,,N,4.0,0.0,8.0,11.0,2.0,0.0,38.0,44.0,8,10,2.0,4.0,38.0,44.0,4,4,1,1.0,0.0,N277NN,N277NN-AA-1,38.0,50.0,6.0,44.0,56.0,34.0,4.0,0.0,38,44,0.0,0.0
N277SY,654.0,2019,2,5,2,4,2019-05-02,DL,DL_CODESHARE,19790,DL,4440,,,,,OO,20304,OO,4440,15376,1537604,30436,TUS,"Tucson, AZ",AZ,4,Arizona,81,12892,1289208,32575,LAX,"Los Angeles, CA",CA,6,California,91,700,-6.0,0.0,0.0,-1.0,0700-0759,18.0,712.0,831.0,30.0,900,901.0,1.0,1.0,0.0,0.0,0900-0959,0.0,,0.0,120.0,127.0,79.0,1.0,451.0,2,,,0.0,,0.0,,,,0,,,,,,,,,,,,,,,,,,,,,,,,,,,,,,,,,,,,,,,,,,,,,N,8.0,12.0,6.0,9.0,4.0,0.0,36.0,48.0,7,9,0.0,0.0,36.0,48.0,2,2,0,0.0,0.0,N277SY,N277SY-DL-0,36.0,48.0,12.0,48.0,60.0,,,0.0,36,48,0.0,0.0
N278AK,704.0,2019,2,5,2,4,2019-05-02,AS,AS,19930,AS,746,,,,,AS,19930,AS,746,14747,1474703,30559,SEA,"Seattle, WA",WA,53,Washington,93,10397,1039707,30397,ATL,"Atlanta, GA",GA,13,Georgia,34,625,39.0,39.0,1.0,2.0,0600-0659,11.0,715.0,1446.0,6.0,1415,1452.0,37.0,37.0,1.0,2.0,1400-1459,0.0,,0.0,290.0,288.0,271.0,1.0,2182.0,9,37.0,0.0,0.0,0.0,0.0,,,,0,,,,,,,,,,,,,,,,,,,,,,,,,,,,,,,,,,,,,,,,,,,,,N,12.0,0.0,7.0,14.0,0.0,3.0,40.0,59.0,6,14,2.0,1.0,38.0,57.0,3,3,0,0.0,0.0,N278AK,N278AK-AS-0,40.0,52.0,19.0,59.0,71.0,,,0.0,40,59,0.0,0.0
N278SY,557.0,2019,2,5,2,4,2019-05-02,DL,DL_CODESHARE,19790,DL,3773,,,,,OO,20304,OO,3773,14524,1452401,34524,RIC,"Richmond, VA",VA,51,Virginia,38,10721,1072102,30721,BOS,"Boston, MA",MA,25,Massachusetts,13,600,-3.0,0.0,0.0,-1.0,0600-0659,15.0,612.0,725.0,7.0,739,732.0,-7.0,0.0,0.0,-1.0,0700-0759,0.0,,0.0,99.0,95.0,73.0,1.0,474.0,2,,,0.0,,0.0,,,,0,,,,,,,,,,,,,,,,,,,,,,,,,,,,,,,,,,,,,,,,,,,,,N,0.0,0.0,5.0,7.0,4.0,2.0,24.0,30.0,6,7,0.0,3.0,24.0,31.0,9,9,0,1.0,1.0,N278SY,N278SY-DL-0,24.0,36.0,6.0,30.0,42.0,,,0.0,24,30,0.0,0.0
N278SY,820.0,2019,2,5,2,4,2019-05-02,DL,DL_CODESHARE,19790,DL,3994,,,,,OO,20304,OO,3994,10721,1072102,30721,BOS,"Boston, MA",MA,25,Massachusetts,13,10693,1069302,30693,BNA,"Nashville, TN",TN,47,Tennessee,54,820,0.0,0.0,0.0,0.0,0800-0859,19.0,839.0,959.0,7.0,1012,1006.0,-6.0,0.0,0.0,-1.0,1000-1059,0.0,,0.0,172.0,166.0,140.0,1.0,942.0,4,,,0.0,,0.0,,,,0,,,,,,,,,,,,,,,,,,,,,,,,,,,,,,,,,,,,,,,,,,,,,N,0.0,4.0,8.0,10.0,1.0,0.0,33.0,44.0,8,10,1.0,1.0,33.0,45.0,5,5,1,1.0,0.0,N278SY,N278SY-DL-1,33.0,45.0,11.0,44.0,56.0,30.0,3.0,0.0,33,44,0.0,0.0
N27903,816.0,2019,2,5,2,4,2019-05-02,UA,UA,19977,UA,424,,,,,UA,19977,UA,424,12264,1226402,30852,IAD,"Washington, DC",VA,51,Virginia,38,14771,1477104,32457,SFO,"San Francisco, CA",CA,6,California,91,820,-4.0,0.0,0.0,-1.0,0800-0859,16.0,832.0,1043.0,33.0,1059,1116.0,17.0,17.0,1.0,1.0,1000-1059,0.0,,0.0,339.0,360.0,311.0,1.0,2419.0,10,0.0,0.0,17.0,0.0,0.0,,,,0,,,,,,,,,,,,,,,,,,,,,,,,,,,,,,,,,,,,,,,,,,,,,N,0.0,12.0,8.0,11.0,1.0,1.0,33.0,57.0,8,10,1.0,4.0,33.0,56.0,2,2,0,0.0,0.0,N27903,N27903-UA-0,33.0,45.0,24.0,57.0,69.0,,,1.0,33,59,2.0,4.96
N279JB,556.0,2019,2,5,2,4,2019-05-02,B6,B6,20409,B6,397,,,,,B6,20409,B6,397,10721,1072102,30721,BOS,"Boston, MA",MA,25,Massachusetts,13,10397,1039707,30397,ATL,"Atlanta, GA",GA,13,Georgia,34,600,-4.0,0.0,0.0,-1.0,0600-0659,22.0,618.0,847.0,15.0,849,902.0,13.0,13.0,0.0,0.0,0800-0859,0.0,,0.0,169.0,186.0,149.0,1.0,946.0,4,,,0.0,,0.0,,,,0,,,,,,,,,,,,,,,,,,,,,,,,,,,,,,,,,,,,,,,,,,,,,N,0.0,0.0,5.0,9.0,4.0,0.0,24.0,36.0,6,8,0.0,3.0,24.0,35.0,2,2,0,1.0,1.0,N279JB,N279JB-B6-0,24.0,36.0,12.0,36.0,48.0,,,0.0,24,36,0.0,0.0
N279JB,942.0,2019,2,5,2,4,2019-05-02,B6,B6,20409,B6,396,,,,,B6,20409,B6,396,10397,1039707,30397,ATL,"Atlanta, GA",GA,13,Georgia,34,10721,1072102,30721,BOS,"Boston, MA",MA,25,Massachusetts,13,925,17.0,17.0,1.0,1.0,0900-0959,15.0,957.0,1157.0,3.0,1206,1200.0,-6.0,0.0,0.0,-1.0,1200-1259,0.0,,0.0,161.0,138.0,120.0,1.0,946.0,4,,,0.0,,0.0,,,,0,,,,,,,,,,,,,,,,,,,,,,,,,,,,,,,,,,,,,,,,,,,,,N,0.0,0.0,9.0,12.0,3.0,0.0,39.0,48.0,9,12,2.0,0.0,38.0,48.0,4,4,1,1.0,0.0,N279JB,N279JB-B6-1,39.0,51.0,9.0,48.0,60.0,36.0,3.0,0.0,39,48,0.0,0.0
N279PQ,701.0,2019,2,5,2,4,2019-05-02,DL,DL_CODESHARE,19790,DL,5419,,,,,9E,20363,9E,5419,10721,1072102,30721,BOS,"Boston, MA",MA,25,Massachusetts,13,12478,1247805,31703,JFK,"New York, NY",NY,36,New York,22,703,-2.0,0.0,0.0,-1.0,0700-0759,21.0,722.0,805.0,7.0,830,812.0,-18.0,0.0,0.0,-2.0,0800-0859,0.0,,0.0,87.0,71.0,43.0,1.0,187.0,1,,,0.0,,0.0,,,,0,,,,,,,,,,,,,,,,,,,,,,,,,,,,,,,,,,,,,,,,,,,,,N,0.0,0.0,7.0,8.0,0.0,1.0,28.0,33.0,7,8,0.0,2.0,28.0,34.0,1,1,0,1.0,1.0,N279PQ,N279PQ-DL-0,28.0,40.0,5.0,33.0,45.0,,,0.0,28,33,0.0,0.0
N279PQ,925.0,2019,2,5,2,4,2019-05-02,DL,DL_CODESHARE,19790,DL,3474,,,,,9E,20363,9E,3474,12478,1247805,31703,JFK,"New York, NY",NY,36,New York,22,12264,1226402,30852,IAD,"Washington, DC",VA,51,Virginia,38,905,20.0,20.0,1.0,1.0,0900-0959,19.0,944.0,1026.0,3.0,1029,1029.0,0.0,0.0,0.0,0.0,1000-1059,0.0,,0.0,84.0,64.0,42.0,1.0,228.0,1,,,0.0,,0.0,,,,0,,,,,,,,,,,,,,,,,,,,,,,,,,,,,,,,,,,,,,,,,,,,,N,0.0,0.0,9.0,10.0,2.0,2.0,38.0,42.0,9,10,0.0,2.0,36.0,42.0,4,4,1,1.0,0.0,N279PQ,N279PQ-DL-1,38.0,50.0,4.0,42.0,54.0,33.0,5.0,0.0,38,42,0.0,0.0
N279SY,555.0,2019,2,5,2,4,2019-05-02,DL,DL_CODESHARE,19790,DL,4759,,,,,OO,20304,OO,4759,11995,1199502,31995,GSO,"Greensboro/High Point, NC",NC,37,North Carolina,36,12953,1295304,31703,LGA,"New York, NY",NY,36,New York,22,600,-5.0,0.0,0.0,-1.0,0600-0659,24.0,619.0,728.0,5.0,737,733.0,-4.0,0.0,0.0,-1.0,0700-0759,0.0,,0.0,97.0,98.0,69.0,1.0,461.0,2,,,0.0,,0.0,,,,0,,,,,,,,,,,,,,,,,,,,,,,,,,,,,,,,,,,,,,,,,,,,,N,0.0,0.0,5.0,7.0,4.0,2.0,24.0,30.0,6,7,0.0,2.0,24.0,30.0,8,8,0,1.0,1.0,N279SY,N279SY-DL-0,24.0,36.0,6.0,30.0,42.0,,,0.0,24,30,0.0,0.0
N279SY,829.0,2019,2,5,2,4,2019-05-02,DL,DL_CODESHARE,19790,DL,3649,,,,,OO,20304,OO,3649,12953,1295304,31703,LGA,"New York, NY",NY,36,New York,22,10994,1099402,30994,CHS,"Charleston, SC",SC,45,South Carolina,37,830,-1.0,0.0,0.0,-1.0,0800-0859,30.0,859.0,1041.0,4.0,1101,1045.0,-16.0,0.0,0.0,-2.0,1100-1159,0.0,,0.0,151.0,136.0,102.0,1.0,641.0,3,,,0.0,,0.0,,,,0,,,,,,,,,,,,,,,,,,,,,,,,,,,,,,,,,,,,,,,,,,,,,N,0.0,0.0,8.0,10.0,2.0,3.0,34.0,43.0,8,11,2.0,0.0,34.0,44.0,2,2,1,1.0,0.0,N279SY,N279SY-DL-1,34.0,46.0,9.0,43.0,55.0,30.0,4.0,0.0,34,43,0.0,0.0
N279WN,649.0,2019,2,5,2,4,2019-05-02,WN,WN,19393,WN,1734,,,,,WN,19393,WN,1734,15370,1537002,34653,TUL,"Tulsa, OK",OK,40,Oklahoma,73,11292,1129202,30325,DEN,"Denver, CO",CO,8,Colorado,82,645,4.0,4.0,0.0,0.0,0600-0659,7.0,656.0,716.0,7.0,725,723.0,-2.0,0.0,0.0,-1.0,0700-0759,0.0,,0.0,100.0,94.0,80.0,1.0,541.0,3,,,0.0,,0.0,,,,0,,,,,,,,,,,,,,,,,,,,,,,,,,,,,,,,,,,,,,,,,,,,,N,4.0,8.0,6.0,7.0,3.0,2.0,31.0,38.0,6,7,3.0,2.0,31.0,38.0,6,6,0,0.0,0.0,N279WN,N279WN-WN-0,31.0,43.0,7.0,38.0,50.0,,,0.0,31,38,0.0,0.0
N280AK,619.0,2019,2,5,2,4,2019-05-02,AS,AS,19930,AS,677,,,,,AS,19930,AS,677,15376,1537604,30436,TUS,"Tucson, AZ",AZ,4,Arizona,81,14747,1474703,30559,SEA,"Seattle, WA",WA,53,Washington,93,625,-6.0,0.0,0.0,-1.0,0600-0659,9.0,628.0,928.0,18.0,940,946.0,6.0,6.0,0.0,0.0,0900-0959,0.0,,0.0,195.0,207.0,180.0,1.0,1216.0,5,,,0.0,,0.0,,,,0,,,,,,,,,,,,,,,,,,,,,,,,,,,,,,,,,,,,,,,,,,,,,N,8.0,12.0,6.0,9.0,1.0,3.0,33.0,51.0,6,9,2.0,3.0,34.0,51.0,6,6,0,0.0,0.0,N280AK,N280AK-AS-0,34.0,45.0,18.0,52.0,63.0,,,0.0,34,53,1.0,6.2
N280SY,643.0,2019,2,5,2,4,2019-05-02,DL,DL_CODESHARE,19790,DL,3517,,,,,OO,20304,OO,3517,13342,1334207,33342,MKE,"Milwaukee, WI",WI,55,Wisconsin,45,12953,1295304,31703,LGA,"New York, NY",NY,36,New York,22,645,-2.0,0.0,0.0,-1.0,0600-0659,12.0,655.0,938.0,7.0,1004,945.0,-19.0,0.0,0.0,-2.0,1000-1059,0.0,,0.0,139.0,122.0,103.0,1.0,738.0,3,,,0.0,,0.0,,,,0,,,,,,,,,,,,,,,,,,,,,,,,,,,,,,,,,,,,,,,,,,,,,N,4.0,0.0,6.0,9.0,3.0,3.0,31.0,39.0,6,10,3.0,0.0,31.0,40.0,1,1,0,0.0,0.0,N280SY,N280SY-DL-0,31.0,43.0,8.0,39.0,51.0,,,0.0,31,41,2.0,3.26
N280WN,547.0,2019,2,5,2,4,2019-05-02,WN,WN,19393,WN,1591,,,,,WN,19393,WN,1591,12992,1299206,32600,LIT,"Little Rock, AR",AR,5,Arkansas,71,14107,1410702,30466,PHX,"Phoenix, AZ",AZ,4,Arizona,81,545,2.0,2.0,0.0,0.0,0001-0559,12.0,559.0,641.0,4.0,650,645.0,-5.0,0.0,0.0,-1.0,0600-0659,0.0,,0.0,185.0,178.0,162.0,1.0,1136.0,5,,,0.0,,0.0,,,,0,,,,,,,,,,,,,,,,,,,,,,,,,,,,,,,,,,,,,,,,,,,,,N,4.0,8.0,5.0,6.0,3.0,3.0,27.0,35.0,5,6,3.0,3.0,27.0,35.0,7,7,0,0.0,0.0,N280WN,N280WN-WN-0,27.0,39.0,8.0,35.0,47.0,,,0.0,27,35,0.0,0.0
N281AY,902.0,2019,2,5,2,4,2019-05-02,AA,AA,19805,AA,1899,,,,,AA,19805,AA,1899,13204,1320402,31454,MCO,"Orlando, FL",FL,12,Florida,33,14100,1410005,34100,PHL,"Philadelphia, PA",PA,42,Pennsylvania,23,901,1.0,1.0,0.0,0.0,0900-0959,15.0,917.0,1115.0,5.0,1129,1120.0,-9.0,0.0,0.0,-1.0,1100-1159,0.0,,0.0,148.0,138.0,118.0,1.0,861.0,4,,,0.0,,0.0,,,,0,,,,,,,,,,,,,,,,,,,,,,,,,,,,,,,,,,,,,,,,,,,,,N,0.0,0.0,9.0,11.0,0.0,1.0,36.0,45.0,9,11,0.0,2.0,36.0,46.0,7,7,0,0.0,0.0,N281AY,N281AY-AA-0,36.0,48.0,9.0,45.0,57.0,,,0.0,36,45,0.0,0.0
N281JB,642.0,2019,2,5,2,4,2019-05-02,B6,B6,20409,B6,2317,,,,,B6,20409,B6,2317,10721,1072102,30721,BOS,"Boston, MA",MA,25,Massachusetts,13,12478,1247805,31703,JFK,"New York, NY",NY,36,New York,22,647,-5.0,0.0,0.0,-1.0,0600-0659,11.0,653.0,737.0,7.0,800,744.0,-16.0,0.0,0.0,-2.0,0800-0859,0.0,,0.0,73.0,62.0,44.0,1.0,187.0,1,,,0.0,,0.0,,,,0,,,,,,,,,,,,,,,,,,,,,,,,,,,,,,,,,,,,,,,,,,,,,N,0.0,0.0,6.0,7.0,3.0,3.0,27.0,31.0,6,8,3.0,0.0,27.0,32.0,7,7,0,0.0,0.0,N281JB,N281JB-B6-0,27.0,39.0,4.0,31.0,43.0,,,0.0,27,31,0.0,0.0
N281SY,555.0,2019,2,5,2,4,2019-05-02,DL,DL_CODESHARE,19790,DL,3932,,,,,OO,20304,OO,3932,10994,1099402,30994,CHS,"Charleston, SC",SC,45,South Carolina,37,12953,1295304,31703,LGA,"New York, NY",NY,36,New York,22,600,-5.0,0.0,0.0,-1.0,0600-0659,7.0,602.0,738.0,9.0,756,747.0,-9.0,0.0,0.0,-1.0,0700-0759,0.0,,0.0,116.0,112.0,96.0,1.0,641.0,3,,,0.0,,0.0,,,,0,,,,,,,,,,,,,,,,,,,,,,,,,,,,,,,,,,,,,,,,,,,,,N,0.0,0.0,5.0,7.0,4.0,3.0,24.0,31.0,6,7,0.0,4.0,24.0,32.0,7,7,0,1.0,1.0,N281SY,N281SY-DL-0,24.0,36.0,7.0,31.0,43.0,,,0.0,24,31,0.0,0.0
N281SY,842.0,2019,2,5,2,4,2019-05-02,DL,DL_CODESHARE,19790,DL,4029,,,,,OO,20304,OO,4029,12953,1295304,31703,LGA,"New York, NY",NY,36,New York,22,13342,1334207,33342,MKE,"Milwaukee, WI",WI,55,Wisconsin,45,840,2.0,2.0,0.0,0.0,0800-0859,22.0,904.0,958.0,3.0,1006,1001.0,-5.0,0.0,0.0,-1.0,1000-1059,0.0,,0.0,146.0,139.0,114.0,1.0,738.0,3,,,0.0,,0.0,,,,0,,,,,,,,,,,,,,,,,,,,,,,,,,,,,,,,,,,,,,,,,,,,,N,0.0,4.0,8.0,10.0,3.0,0.0,35.0,44.0,8,10,3.0,0.0,35.0,44.0,9,9,1,1.0,0.0,N281SY,N281SY-DL-1,35.0,47.0,9.0,44.0,56.0,31.0,4.0,0.0,35,44,0.0,0.0
N281VA,655.0,2019,2,5,2,4,2019-05-02,AS,AS,19930,AS,1107,,,,,AS,19930,AS,1107,14492,1449202,34492,RDU,"Raleigh/Durham, NC",NC,37,North Carolina,36,14771,1477104,32457,SFO,"San Francisco, CA",CA,6,California,91,700,-5.0,0.0,0.0,-1.0,0700-0759,11.0,706.0,1002.0,6.0,1000,1008.0,8.0,8.0,0.0,0.0,1000-1059,0.0,,0.0,360.0,373.0,356.0,1.0,2400.0,10,,,0.0,,0.0,,,,0,,,,,,,,,,,,,,,,,,,,,,,,,,,,,,,,,,,,,,,,,,,,,N,0.0,12.0,6.0,10.0,4.0,1.0,28.0,53.0,7,10,0.0,0.0,28.0,52.0,7,7,0,0.0,0.0,N281VA,N281VA-AS-0,28.0,40.0,25.0,53.0,65.0,,,0.0,28,53,0.0,0.0
N282SY,649.0,2019,2,5,2,4,2019-05-02,DL,DL_CODESHARE,19790,DL,3704,,,,,OO,20304,OO,3704,13930,1393007,30977,ORD,"Chicago, IL",IL,17,Illinois,41,12478,1247805,31703,JFK,"New York, NY",NY,36,New York,22,650,-1.0,0.0,0.0,-1.0,0600-0659,9.0,658.0,948.0,8.0,1000,956.0,-4.0,0.0,0.0,-1.0,1000-1059,0.0,,0.0,130.0,127.0,110.0,1.0,740.0,3,,,0.0,,0.0,,,,0,,,,,,,,,,,,,,,,,,,,,,,,,,,,,,,,,,,,,,,,,,,,,N,4.0,0.0,6.0,9.0,3.0,4.0,31.0,40.0,6,10,3.0,0.0,31.0,40.0,9,9,0,0.0,0.0,N282SY,N282SY-DL-0,31.0,43.0,9.0,40.0,52.0,,,0.0,31,40,0.0,0.0
N283JB,603.0,2019,2,5,2,4,2019-05-02,B6,B6,20409,B6,671,,,,,B6,20409,B6,671,13933,1393305,33933,ORH,"Worcester, MA",MA,25,Massachusetts,13,12478,1247805,31703,JFK,"New York, NY",NY,36,New York,22,604,-1.0,0.0,0.0,-1.0,0600-0659,15.0,618.0,654.0,11.0,711,705.0,-6.0,0.0,0.0,-1.0,0700-0759,0.0,,0.0,67.0,62.0,36.0,1.0,150.0,1,,,0.0,,0.0,,,,0,,,,,,,,,,,,,,,,,,,,,,,,,,,,,,,,,,,,,,,,,,,,,N,0.0,0.0,6.0,7.0,0.0,0.0,24.0,28.0,6,7,0.0,1.0,24.0,29.0,3,3,0,1.0,1.0,N283JB,N283JB-B6-0,24.0,36.0,4.0,28.0,40.0,,,0.0,24,29,1.0,3.26
N283JB,807.0,2019,2,5,2,4,2019-05-02,B6,B6,20409,B6,2273,,,,,B6,20409,B6,2273,12478,1247805,31703,JFK,"New York, NY",NY,36,New York,22,10994,1099402,30994,CHS,"Charleston, SC",SC,45,South Carolina,37,818,-11.0,0.0,0.0,-1.0,0800-0859,17.0,824.0,956.0,5.0,1035,1001.0,-34.0,0.0,0.0,-2.0,1000-1059,0.0,,0.0,137.0,114.0,92.0,1.0,636.0,3,,,0.0,,0.0,,,,0,,,,,,,,,,,,,,,,,,,,,,,,,,,,,,,,,,,,,,,,,,,,,N,0.0,0.0,8.0,10.0,0.0,0.0,32.0,40.0,8,10,1.0,2.0,33.0,42.0,2,2,1,1.0,0.0,N283JB,N283JB-B6-1,33.0,44.0,8.0,41.0,52.0,28.0,4.0,0.0,33,41,0.0,0.0
N283SY,629.0,2019,2,5,2,4,2019-05-02,DL,DL_CODESHARE,19790,DL,3893,,,,,OO,20304,OO,3893,10693,1069302,30693,BNA,"Nashville, TN",TN,47,Tennessee,54,10721,1072102,30721,BOS,"Boston, MA",MA,25,Massachusetts,13,630,-1.0,0.0,0.0,-1.0,0600-0659,14.0,643.0,951.0,20.0,1014,1011.0,-3.0,0.0,0.0,-1.0,1000-1059,0.0,,0.0,164.0,162.0,128.0,1.0,942.0,4,,,0.0,,0.0,,,,0,,,,,,,,,,,,,,,,,,,,,,,,,,,,,,,,,,,,,,,,,,,,,N,4.0,0.0,6.0,10.0,2.0,1.0,30.0,41.0,6,10,2.0,1.0,30.0,41.0,2,2,0,0.0,0.0,N283SY,N283SY-DL-0,30.0,42.0,11.0,41.0,53.0,,,0.0,30,42,1.0,2.2
N283VA,649.0,2019,2,5,2,4,2019-05-02,AS,AS,19930,AS,1737,,,,,AS,19930,AS,1737,10721,1072102,30721,BOS,"Boston, MA",MA,25,Massachusetts,13,14747,1474703,30559,SEA,"Seattle, WA",WA,53,Washington,93,700,-11.0,0.0,0.0,-1.0,0700-0759,40.0,729.0,1030.0,14.0,1025,1044.0,19.0,19.0,1.0,1.0,1000-1059,0.0,,0.0,385.0,415.0,361.0,1.0,2496.0,10,0.0,0.0,19.0,0.0,0.0,,,,0,,,,,,,,,,,,,,,,,,,,,,,,,,,,,,,,,,,,,,,,,,,,,N,0.0,12.0,6.0,10.0,3.0,3.0,27.0,55.0,7,10,0.0,2.0,28.0,54.0,3,3,0,0.0,0.0,N283VA,N283VA-AS-0,28.0,39.0,28.0,56.0,67.0,,,1.0,29,57,1.0,3.22
N283WN,600.0,2019,2,5,2,4,2019-05-02,WN,WN,19393,WN,4249,,,,,WN,19393,WN,4249,15304,1530402,33195,TPA,"Tampa, FL",FL,12,Florida,33,12191,1219102,31453,HOU,"Houston, TX",TX,48,Texas,74,600,0.0,0.0,0.0,0.0,0600-0659,15.0,615.0,710.0,7.0,720,717.0,-3.0,0.0,0.0,-1.0,0700-0759,0.0,,0.0,140.0,137.0,115.0,1.0,781.0,4,,,0.0,,0.0,,,,0,,,,,,,,,,,,,,,,,,,,,,,,,,,,,,,,,,,,,,,,,,,,,N,0.0,4.0,6.0,7.0,0.0,1.0,24.0,33.0,6,7,0.0,1.0,24.0,33.0,6,6,0,0.0,0.0,N283WN,N283WN-WN-0,24.0,36.0,9.0,33.0,45.0,,,0.0,24,33,0.0,0.0
N284JB,734.0,2019,2,5,2,4,2019-05-02,B6,B6,20409,B6,441,,,,,B6,20409,B6,441,10721,1072102,30721,BOS,"Boston, MA",MA,25,Massachusetts,13,11042,1104205,30647,CLE,"Cleveland, OH",OH,39,Ohio,44,739,-5.0,0.0,0.0,-1.0,0700-0759,19.0,753.0,927.0,6.0,940,933.0,-7.0,0.0,0.0,-1.0,0900-0959,0.0,,0.0,121.0,119.0,94.0,1.0,563.0,3,,,0.0,,0.0,,,,0,,,,,,,,,,,,,,,,,,,,,,,,,,,,,,,,,,,,,,,,,,,,,N,0.0,0.0,7.0,9.0,2.0,2.0,30.0,38.0,7,9,3.0,3.0,31.0,39.0,7,7,0,0.0,0.0,N284JB,N284JB-B6-0,31.0,42.0,8.0,39.0,50.0,,,0.0,31,39,0.0,0.0
N284SY,557.0,2019,2,5,2,4,2019-05-02,DL,DL_CODESHARE,19790,DL,3530,,,,,OO,20304,OO,3530,10693,1069302,30693,BNA,"Nashville, TN",TN,47,Tennessee,54,13487,1348702,31650,MSP,"Minneapolis, MN",MN,27,Minnesota,63,600,-3.0,0.0,0.0,-1.0,0600-0659,7.0,604.0,811.0,8.0,821,819.0,-2.0,0.0,0.0,-1.0,0800-0859,0.0,,0.0,141.0,142.0,127.0,1.0,695.0,3,,,0.0,,0.0,,,,0,,,,,,,,,,,,,,,,,,,,,,,,,,,,,,,,,,,,,,,,,,,,,N,4.0,4.0,5.0,8.0,4.0,1.0,28.0,37.0,6,8,0.0,1.0,28.0,37.0,7,7,0,0.0,0.0,N284SY,N284SY-DL-0,28.0,40.0,9.0,37.0,49.0,,,0.0,28,37,0.0,0.0
N284VA,604.0,2019,2,5,2,4,2019-05-02,AS,AS,19930,AS,1019,,,,,AS,19930,AS,1019,14747,1474703,30559,SEA,"Seattle, WA",WA,53,Washington,93,14771,1477104,32457,SFO,"San Francisco, CA",CA,6,California,91,605,-1.0,0.0,0.0,-1.0,0600-0659,11.0,615.0,752.0,9.0,820,801.0,-19.0,0.0,0.0,-2.0,0800-0859,0.0,,0.0,135.0,117.0,97.0,1.0,679.0,3,,,0.0,,0.0,,,,0,,,,,,,,,,,,,,,,,,,,,,,,,,,,,,,,,,,,,,,,,,,,,N,12.0,12.0,6.0,8.0,0.0,0.0,36.0,44.0,6,8,0.0,1.0,36.0,45.0,8,8,0,0.0,0.0,N284VA,N284VA-AS-0,36.0,48.0,8.0,44.0,56.0,,,0.0,36,44,0.0,0.0
N285SY,559.0,2019,2,5,2,4,2019-05-02,DL,DL_CODESHARE,19790,DL,3972,,,,,OO,20304,OO,3972,10599,1059904,30599,BHM,"Birmingham, AL",AL,1,Alabama,51,12953,1295304,31703,LGA,"New York, NY",NY,36,New York,22,600,-1.0,0.0,0.0,-1.0,0600-0659,14.0,613.0,917.0,4.0,930,921.0,-9.0,0.0,0.0,-1.0,0900-0959,0.0,,0.0,150.0,142.0,124.0,1.0,866.0,4,,,0.0,,0.0,,,,0,,,,,,,,,,,,,,,,,,,,,,,,,,,,,,,,,,,,,,,,,,,,,N,4.0,0.0,5.0,9.0,4.0,1.0,28.0,37.0,6,9,0.0,2.0,28.0,38.0,2,2,0,0.0,0.0,N285SY,N285SY-DL-0,28.0,40.0,9.0,37.0,49.0,,,0.0,28,39,2.0,5.06
N285WN,631.0,2019,2,5,2,4,2019-05-02,WN,WN,19393,WN,851,,,,,WN,19393,WN,851,14679,1467903,33570,SAN,"San Diego, CA",CA,6,California,91,14893,1489302,33192,SMF,"Sacramento, CA",CA,6,California,91,635,-4.0,0.0,0.0,-1.0,0600-0659,21.0,652.0,807.0,5.0,820,812.0,-8.0,0.0,0.0,-1.0,0800-0859,0.0,,0.0,105.0,101.0,75.0,1.0,480.0,2,,,0.0,,0.0,,,,0,,,,,,,,,,,,,,,,,,,,,,,,,,,,,,,,,,,,,,,,,,,,,N,12.0,12.0,6.0,8.0,2.0,1.0,38.0,45.0,6,8,2.0,1.0,38.0,45.0,2,2,0,0.0,0.0,N285WN,N285WN-WN-0,38.0,50.0,7.0,45.0,57.0,,,0.0,38,45,0.0,0.0
N286SY,559.0,2019,2,5,2,4,2019-05-02,DL,DL_CODESHARE,19790,DL,4746,,,,,OO,20304,OO,4746,14524,1452401,34524,RIC,"Richmond, VA",VA,51,Virginia,38,13487,1348702,31650,MSP,"Minneapolis, MN",MN,27,Minnesota,63,600,-1.0,0.0,0.0,-1.0,0600-0659,14.0,613.0,755.0,3.0,755,758.0,3.0,3.0,0.0,0.0,0700-0759,0.0,,0.0,175.0,179.0,162.0,1.0,970.0,4,,,0.0,,0.0,,,,0,,,,,,,,,,,,,,,,,,,,,,,,,,,,,,,,,,,,,,,,,,,,,N,0.0,4.0,5.0,7.0,4.0,4.0,24.0,36.0,6,7,0.0,4.0,24.0,36.0,7,7,0,1.0,1.0,N286SY,N286SY-DL-0,24.0,36.0,12.0,36.0,48.0,,,0.0,24,36,0.0,0.0
N286SY,849.0,2019,2,5,2,4,2019-05-02,DL,DL_CODESHARE,19790,DL,4095,,,,,OO,20304,OO,4095,13487,1348702,31650,MSP,"Minneapolis, MN",MN,27,Minnesota,63,10693,1069302,30693,BNA,"Nashville, TN",TN,47,Tennessee,54,850,-1.0,0.0,0.0,-1.0,0800-0859,14.0,903.0,1113.0,8.0,1104,1121.0,17.0,17.0,1.0,1.0,1100-1159,0.0,,0.0,134.0,152.0,130.0,1.0,695.0,3,0.0,0.0,17.0,0.0,0.0,,,,0,,,,,,,,,,,,,,,,,,,,,,,,,,,,,,,,,,,,,,,,,,,,,N,4.0,4.0,8.0,11.0,3.0,1.0,39.0,49.0,8,11,3.0,0.0,39.0,48.0,6,6,1,1.0,0.0,N286SY,N286SY-DL-1,39.0,51.0,10.0,49.0,61.0,36.0,3.0,1.0,39,49,0.0,0.0
N286WN,558.0,2019,2,5,2,4,2019-05-02,WN,WN,19393,WN,1017,,,,,WN,19393,WN,1017,14869,1486903,34614,SLC,"Salt Lake City, UT",UT,49,Utah,87,14831,1483106,32457,SJC,"San Jose, CA",CA,6,California,91,605,-7.0,0.0,0.0,-1.0,0600-0659,9.0,607.0,637.0,8.0,700,645.0,-15.0,0.0,0.0,-1.0,0700-0759,0.0,,0.0,115.0,107.0,90.0,1.0,584.0,3,,,0.0,,0.0,,,,0,,,,,,,,,,,,,,,,,,,,,,,,,,,,,,,,,,,,,,,,,,,,,N,8.0,12.0,5.0,6.0,4.0,3.0,32.0,39.0,6,7,0.0,0.0,32.0,40.0,2,2,0,0.0,0.0,N286WN,N286WN-WN-0,32.0,44.0,7.0,39.0,51.0,,,0.0,32,39,0.0,0.0
N287AK,610.0,2019,2,5,2,4,2019-05-02,AS,AS,19930,AS,377,,,,,AS,19930,AS,377,10821,1082106,30852,BWI,"Baltimore, MD",MD,24,Maryland,35,14679,1467903,33570,SAN,"San Diego, CA",CA,6,California,91,615,-5.0,0.0,0.0,-1.0,0600-0659,25.0,635.0,915.0,5.0,845,920.0,35.0,35.0,1.0,2.0,0800-0859,0.0,,0.0,330.0,370.0,340.0,1.0,2295.0,10,0.0,0.0,35.0,0.0,0.0,,,,0,,,,,,,,,,,,,,,,,,,,,,,,,,,,,,,,,,,,,,,,,,,,,N,0.0,12.0,6.0,9.0,1.0,1.0,25.0,49.0,6,8,1.0,3.0,25.0,47.0,6,6,0,0.0,0.0,N287AK,N287AK-AS-0,25.0,37.0,24.0,49.0,61.0,,,2.0,26,50,1.0,6.28
N287SY,715.0,2019,2,5,2,4,2019-05-02,DL,DL_CODESHARE,19790,DL,4539,,,,,OO,20304,OO,4539,15376,1537604,30436,TUS,"Tucson, AZ",AZ,4,Arizona,81,14869,1486903,34614,SLC,"Salt Lake City, UT",UT,49,Utah,87,721,-6.0,0.0,0.0,-1.0,0700-0759,12.0,727.0,1003.0,6.0,1020,1009.0,-11.0,0.0,0.0,-1.0,1000-1059,0.0,,0.0,119.0,114.0,96.0,1.0,601.0,3,,,0.0,,0.0,,,,0,,,,,,,,,,,,,,,,,,,,,,,,,,,,,,,,,,,,,,,,,,,,,N,8.0,8.0,7.0,10.0,1.0,1.0,37.0,49.0,7,10,1.0,1.0,37.0,49.0,9,9,0,0.0,0.0,N287SY,N287SY-DL-0,37.0,49.0,12.0,49.0,61.0,,,0.0,37,49,0.0,0.0
N287WN,659.0,2019,2,5,2,4,2019-05-02,WN,WN,19393,WN,596,,,,,WN,19393,WN,596,10423,1042302,30423,AUS,"Austin, TX",TX,48,Texas,74,11618,1161802,31703,EWR,"Newark, NJ",NJ,34,New Jersey,21,700,-1.0,0.0,0.0,-1.0,0700-0759,8.0,707.0,1133.0,7.0,1135,1140.0,5.0,5.0,0.0,0.0,1100-1159,0.0,,0.0,215.0,221.0,206.0,1.0,1504.0,7,,,0.0,,0.0,,,,0,,,,,,,,,,,,,,,,,,,,,,,,,,,,,,,,,,,,,,,,,,,,,N,4.0,0.0,6.0,11.0,4.0,3.0,32.0,47.0,7,11,0.0,2.0,32.0,46.0,8,8,0,0.0,0.0,N287WN,N287WN-WN-0,32.0,44.0,15.0,47.0,59.0,,,0.0,32,47,0.0,0.0
N288SY,605.0,2019,2,5,2,4,2019-05-02,DL,DL_CODESHARE,19790,DL,4110,,,,,OO,20304,OO,4110,13871,1387102,33316,OMA,"Omaha, NE",NE,31,Nebraska,65,14869,1486903,34614,SLC,"Salt Lake City, UT",UT,49,Utah,87,610,-5.0,0.0,0.0,-1.0,0600-0659,8.0,613.0,741.0,7.0,747,748.0,1.0,1.0,0.0,0.0,0700-0759,0.0,,0.0,157.0,163.0,148.0,1.0,840.0,4,,,0.0,,0.0,,,,0,,,,,,,,,,,,,,,,,,,,,,,,,,,,,,,,,,,,,,,,,,,,,N,4.0,8.0,6.0,7.0,0.0,3.0,28.0,39.0,6,7,1.0,3.0,29.0,39.0,3,3,0,0.0,0.0,N288SY,N288SY-DL-0,29.0,40.0,11.0,40.0,51.0,,,0.0,29,40,0.0,0.0
N288WN,533.0,2019,2,5,2,4,2019-05-02,WN,WN,19393,WN,782,,,,,WN,19393,WN,782,10693,1069302,30693,BNA,"Nashville, TN",TN,47,Tennessee,54,11697,1169706,32467,FLL,"Fort Lauderdale, FL",FL,12,Florida,33,535,-2.0,0.0,0.0,-1.0,0001-0559,8.0,541.0,831.0,4.0,845,835.0,-10.0,0.0,0.0,-1.0,0800-0859,0.0,,0.0,130.0,122.0,110.0,1.0,793.0,4,,,0.0,,0.0,,,,0,,,,,,,,,,,,,,,,,,,,,,,,,,,,,,,,,,,,,,,,,,,,,N,4.0,0.0,5.0,8.0,2.0,2.0,26.0,34.0,5,8,2.0,3.0,26.0,35.0,9,9,0,0.0,0.0,N288WN,N288WN-WN-0,26.0,38.0,8.0,34.0,46.0,,,0.0,26,34,0.0,0.0
N290AK,934.0,2019,2,5,2,4,2019-05-02,AS,AS,19930,AS,171,,,,,AS,19930,AS,171,10721,1072102,30721,BOS,"Boston, MA",MA,25,Massachusetts,13,14057,1405702,34057,PDX,"Portland, OR",OR,41,Oregon,92,930,4.0,4.0,0.0,0.0,0900-0959,20.0,954.0,1242.0,4.0,1255,1246.0,-9.0,0.0,0.0,-1.0,1200-1259,0.0,,0.0,385.0,372.0,348.0,1.0,2537.0,11,,,0.0,,0.0,,,,0,,,,,,,,,,,,,,,,,,,,,,,,,,,,,,,,,,,,,,,,,,,,,N,0.0,12.0,9.0,12.0,2.0,3.0,38.0,63.0,9,12,2.0,4.0,38.0,64.0,1,1,0,0.0,0.0,N290AK,N290AK-AS-0,38.0,50.0,25.0,63.0,75.0,,,0.0,38,63,0.0,0.0
N29129,614.0,2019,2,5,2,4,2019-05-02,UA,UA,19977,UA,1784,,,,,UA,19977,UA,1784,11618,1161802,31703,EWR,"Newark, NJ",NJ,34,New Jersey,21,13204,1320402,31454,MCO,"Orlando, FL",FL,12,Florida,33,620,-6.0,0.0,0.0,-1.0,0600-0659,25.0,639.0,846.0,11.0,902,857.0,-5.0,0.0,0.0,-1.0,0900-0959,0.0,,0.0,162.0,163.0,127.0,1.0,937.0,4,,,0.0,,0.0,,,,0,,,,,,,,,,,,,,,,,,,,,,,,,,,,,,,,,,,,,,,,,,,,,N,0.0,0.0,6.0,8.0,1.0,4.0,25.0,36.0,6,9,1.0,0.0,25.0,36.0,8,8,0,0.0,0.0,N29129,N29129-UA-0,25.0,37.0,11.0,36.0,48.0,,,0.0,25,37,1.0,8.42
N291SY,653.0,2019,2,5,2,4,2019-05-02,DL,DL_CODESHARE,19790,DL,3698,,,,,OO,20304,OO,3698,10693,1069302,30693,BNA,"Nashville, TN",TN,47,Tennessee,54,12953,1295304,31703,LGA,"New York, NY",NY,36,New York,22,700,-7.0,0.0,0.0,-1.0,0700-0759,10.0,703.0,950.0,7.0,1019,957.0,-22.0,0.0,0.0,-2.0,1000-1059,0.0,,0.0,139.0,124.0,107.0,1.0,764.0,4,,,0.0,,0.0,,,,0,,,,,,,,,,,,,,,,,,,,,,,,,,,,,,,,,,,,,,,,,,,,,N,4.0,0.0,6.0,9.0,4.0,4.0,32.0,40.0,7,10,0.0,1.0,32.0,41.0,6,6,0,0.0,0.0,N291SY,N291SY-DL-0,32.0,44.0,8.0,40.0,52.0,,,0.0,32,40,0.0,0.0
N291WN,629.0,2019,2,5,2,4,2019-05-02,WN,WN,19393,WN,1559,,,,,WN,19393,WN,1559,11697,1169706,32467,FLL,"Fort Lauderdale, FL",FL,12,Florida,33,12451,1245102,31136,JAX,"Jacksonville, FL",FL,12,Florida,33,630,-1.0,0.0,0.0,-1.0,0600-0659,17.0,646.0,732.0,4.0,740,736.0,-4.0,0.0,0.0,-1.0,0700-0759,0.0,,0.0,70.0,67.0,46.0,1.0,319.0,2,,,0.0,,0.0,,,,0,,,,,,,,,,,,,,,,,,,,,,,,,,,,,,,,,,,,,,,,,,,,,N,0.0,0.0,6.0,7.0,2.0,2.0,26.0,30.0,6,7,2.0,3.0,26.0,31.0,7,7,0,1.0,1.0,N291WN,N291WN-WN-0,26.0,38.0,4.0,30.0,42.0,,,0.0,26,30,0.0,0.0
N291WN,815.0,2019,2,5,2,4,2019-05-02,WN,WN,19393,WN,1559,,,,,WN,19393,WN,1559,12451,1245102,31136,JAX,"Jacksonville, FL",FL,12,Florida,33,10821,1082106,30852,BWI,"Baltimore, MD",MD,24,Maryland,35,820,-5.0,0.0,0.0,-1.0,0800-0859,8.0,823.0,949.0,4.0,1015,953.0,-22.0,0.0,0.0,-2.0,1000-1059,0.0,,0.0,115.0,98.0,86.0,1.0,663.0,3,,,0.0,,0.0,,,,0,,,,,,,,,,,,,,,,,,,,,,,,,,,,,,,,,,,,,,,,,,,,,N,0.0,0.0,8.0,9.0,1.0,4.0,33.0,40.0,8,10,1.0,1.0,33.0,41.0,7,7,1,1.0,0.0,N291WN,N291WN-WN-1,33.0,45.0,7.0,40.0,52.0,30.0,3.0,0.0,33,40,0.0,0.0
N292AK,649.0,2019,2,5,2,4,2019-05-02,AS,AS,19930,AS,709,,,,,AS,19930,AS,709,13495,1349505,33495,MSY,"New Orleans, LA",LA,22,Louisiana,72,14747,1474703,30559,SEA,"Seattle, WA",WA,53,Washington,93,700,-11.0,0.0,0.0,-1.0,0700-0759,13.0,702.0,1014.0,13.0,1015,1027.0,12.0,12.0,0.0,0.0,1000-1059,0.0,,0.0,315.0,338.0,312.0,1.0,2086.0,9,,,0.0,,0.0,,,,0,,,,,,,,,,,,,,,,,,,,,,,,,,,,,,,,,,,,,,,,,,,,,N,4.0,12.0,6.0,10.0,3.0,2.0,31.0,54.0,7,10,0.0,1.0,32.0,53.0,5,5,0,0.0,0.0,N292AK,N292AK-AS-0,32.0,43.0,23.0,55.0,66.0,,,0.0,32,55,0.0,0.0
N292JB,638.0,2019,2,5,2,4,2019-05-02,B6,B6,20409,B6,55,,,,,B6,20409,B6,55,10721,1072102,30721,BOS,"Boston, MA",MA,25,Massachusetts,13,11278,1127805,30852,DCA,"Washington, DC",VA,51,Virginia,38,645,-7.0,0.0,0.0,-1.0,0600-0659,12.0,650.0,802.0,15.0,824,817.0,-7.0,0.0,0.0,-1.0,0800-0859,0.0,,0.0,99.0,99.0,72.0,1.0,399.0,2,,,0.0,,0.0,,,,0,,,,,,,,,,,,,,,,,,,,,,,,,,,,,,,,,,,,,,,,,,,,,N,0.0,0.0,6.0,8.0,3.0,1.0,27.0,33.0,6,8,3.0,2.0,27.0,34.0,1,1,0,1.0,1.0,N292JB,N292JB-B6-0,27.0,39.0,6.0,33.0,45.0,,,0.0,27,33,0.0,0.0
N292JB,936.0,2019,2,5,2,4,2019-05-02,B6,B6,20409,B6,589,,,,,B6,20409,B6,589,11278,1127805,30852,DCA,"Washington, DC",VA,51,Virginia,38,12451,1245102,31136,JAX,"Jacksonville, FL",FL,12,Florida,33,949,-13.0,0.0,0.0,-1.0,0900-0959,12.0,948.0,1126.0,4.0,1151,1130.0,-21.0,0.0,0.0,-2.0,1100-1159,0.0,,0.0,122.0,114.0,98.0,1.0,634.0,3,,,0.0,,0.0,,,,0,,,,,,,,,,,,,,,,,,,,,,,,,,,,,,,,,,,,,,,,,,,,,N,0.0,0.0,9.0,11.0,2.0,2.0,38.0,46.0,9,11,3.0,3.0,39.0,47.0,5,5,1,1.0,0.0,N292JB,N292JB-B6-1,39.0,50.0,8.0,47.0,58.0,33.0,5.0,0.0,39,47,0.0,0.0
N292SY,640.0,2019,2,5,2,4,2019-05-02,DL,DL_CODESHARE,19790,DL,4001,,,,,OO,20304,OO,4001,13930,1393007,30977,ORD,"Chicago, IL",IL,17,Illinois,41,12953,1295304,31703,LGA,"New York, NY",NY,36,New York,22,645,-5.0,0.0,0.0,-1.0,0600-0659,13.0,653.0,946.0,10.0,955,956.0,1.0,1.0,0.0,0.0,0900-0959,0.0,,0.0,130.0,136.0,113.0,1.0,733.0,3,,,0.0,,0.0,,,,0,,,,,,,,,,,,,,,,,,,,,,,,,,,,,,,,,,,,,,,,,,,,,N,4.0,0.0,6.0,9.0,3.0,4.0,31.0,40.0,6,9,3.0,4.0,31.0,40.0,3,3,0,0.0,0.0,N292SY,N292SY-DL-0,31.0,43.0,9.0,40.0,52.0,,,0.0,31,41,1.0,3.28
N292WN,543.0,2019,2,5,2,4,2019-05-02,WN,WN,19393,WN,795,,,,,WN,19393,WN,795,15304,1530402,33195,TPA,"Tampa, FL",FL,12,Florida,33,10821,1082106,30852,BWI,"Baltimore, MD",MD,24,Maryland,35,545,-2.0,0.0,0.0,-1.0,0001-0559,11.0,554.0,743.0,5.0,800,748.0,-12.0,0.0,0.0,-1.0,0800-0859,0.0,,0.0,135.0,125.0,109.0,1.0,842.0,4,,,0.0,,0.0,,,,0,,,,,,,,,,,,,,,,,,,,,,,,,,,,,,,,,,,,,,,,,,,,,N,0.0,0.0,5.0,7.0,3.0,3.0,23.0,31.0,5,8,3.0,0.0,23.0,32.0,8,8,0,1.0,1.0,N292WN,N292WN-WN-0,23.0,35.0,8.0,31.0,43.0,,,0.0,23,31,0.0,0.0
N292WN,841.0,2019,2,5,2,4,2019-05-02,WN,WN,19393,WN,795,,,,,WN,19393,WN,795,10821,1082106,30852,BWI,"Baltimore, MD",MD,24,Maryland,35,13931,1393102,33667,ORF,"Norfolk, VA",VA,51,Virginia,38,845,-4.0,0.0,0.0,-1.0,0800-0859,28.0,909.0,941.0,3.0,945,944.0,-1.0,0.0,0.0,-1.0,0900-0959,0.0,,0.0,60.0,63.0,32.0,1.0,159.0,1,,,0.0,,0.0,,,,0,,,,,,,,,,,,,,,,,,,,,,,,,,,,,,,,,,,,,,,,,,,,,N,0.0,0.0,8.0,9.0,3.0,3.0,35.0,39.0,8,9,3.0,3.0,35.0,39.0,2,2,1,1.0,0.0,N292WN,N292WN-WN-1,35.0,47.0,4.0,39.0,51.0,31.0,4.0,0.0,36,40,1.0,2.26
N293PQ,813.0,2019,2,5,2,4,2019-05-02,DL,DL_CODESHARE,19790,DL,5243,,,,,9E,20363,9E,5243,11298,1129806,30194,DFW,"Dallas/Fort Worth, TX",TX,48,Texas,74,12478,1247805,31703,JFK,"New York, NY",NY,36,New York,22,735,38.0,38.0,1.0,2.0,0700-0759,14.0,827.0,1231.0,9.0,1218,1240.0,22.0,22.0,1.0,1.0,1200-1259,0.0,,0.0,223.0,207.0,184.0,1.0,1391.0,6,0.0,0.0,22.0,0.0,0.0,,,,0,,,,,,,,,,,,,,,,,,,,,,,,,,,,,,,,,,,,,,,,,,,,,N,4.0,0.0,8.0,12.0,1.0,3.0,37.0,51.0,7,12,2.0,1.0,34.0,49.0,9,9,0,0.0,0.0,N293PQ,N293PQ-DL-0,36.0,49.0,14.0,50.0,63.0,,,1.0,36,50,0.0,0.0
N293SY,653.0,2019,2,5,2,4,2019-05-02,DL,DL_CODESHARE,19790,DL,3859,,,,,OO,20304,OO,3859,13487,1348702,31650,MSP,"Minneapolis, MN",MN,27,Minnesota,63,11986,1198603,31986,GRR,"Grand Rapids, MI",MI,26,Michigan,43,700,-7.0,0.0,0.0,-1.0,0700-0759,12.0,705.0,908.0,4.0,929,912.0,-17.0,0.0,0.0,-2.0,0900-0959,0.0,,0.0,89.0,79.0,63.0,1.0,408.0,2,,,0.0,,0.0,,,,0,,,,,,,,,,,,,,,,,,,,,,,,,,,,,,,,,,,,,,,,,,,,,N,4.0,0.0,6.0,9.0,4.0,1.0,32.0,37.0,7,9,0.0,2.0,32.0,38.0,1,1,0,0.0,0.0,N293SY,N293SY-DL-0,32.0,44.0,5.0,37.0,49.0,,,0.0,32,37,0.0,0.0
N293WN,558.0,2019,2,5,2,4,2019-05-02,WN,WN,19393,WN,1332,,,,,WN,19393,WN,1332,12451,1245102,31136,JAX,"Jacksonville, FL",FL,12,Florida,33,10397,1039707,30397,ATL,"Atlanta, GA",GA,13,Georgia,34,600,-2.0,0.0,0.0,-1.0,0600-0659,10.0,608.0,652.0,5.0,715,657.0,-18.0,0.0,0.0,-2.0,0700-0759,0.0,,0.0,75.0,59.0,44.0,1.0,270.0,2,,,0.0,,0.0,,,,0,,,,,,,,,,,,,,,,,,,,,,,,,,,,,,,,,,,,,,,,,,,,,N,0.0,0.0,5.0,6.0,4.0,4.0,24.0,28.0,6,7,0.0,1.0,24.0,29.0,6,6,0,1.0,1.0,N293WN,N293WN-WN-0,24.0,36.0,4.0,28.0,40.0,,,0.0,24,28,0.0,0.0
N293WN,834.0,2019,2,5,2,4,2019-05-02,WN,WN,19393,WN,1399,,,,,WN,19393,WN,1399,10397,1039707,30397,ATL,"Atlanta, GA",GA,13,Georgia,34,11042,1104205,30647,CLE,"Cleveland, OH",OH,39,Ohio,44,835,-1.0,0.0,0.0,-1.0,0800-0859,20.0,854.0,1012.0,3.0,1025,1015.0,-10.0,0.0,0.0,-1.0,1000-1059,0.0,,0.0,110.0,101.0,78.0,1.0,554.0,3,,,0.0,,0.0,,,,0,,,,,,,,,,,,,,,,,,,,,,,,,,,,,,,,,,,,,,,,,,,,,N,0.0,0.0,8.0,10.0,2.0,1.0,34.0,41.0,8,10,2.0,2.0,34.0,42.0,8,8,1,1.0,0.0,N293WN,N293WN-WN-1,34.0,46.0,7.0,41.0,53.0,28.0,6.0,0.0,34,41,0.0,0.0
N294JB,658.0,2019,2,5,2,4,2019-05-02,B6,B6,20409,B6,798,,,,,B6,20409,B6,798,11278,1127805,30852,DCA,"Washington, DC",VA,51,Virginia,38,10529,1052906,30529,BDL,"Hartford, CT",CT,9,Connecticut,11,710,-12.0,0.0,0.0,-1.0,0700-0759,15.0,713.0,806.0,3.0,826,809.0,-17.0,0.0,0.0,-2.0,0800-0859,0.0,,0.0,76.0,71.0,53.0,1.0,313.0,2,,,0.0,,0.0,,,,0,,,,,,,,,,,,,,,,,,,,,,,,,,,,,,,,,,,,,,,,,,,,,N,0.0,0.0,6.0,8.0,4.0,1.0,28.0,33.0,7,8,1.0,2.0,29.0,34.0,6,6,0,1.0,1.0,N294JB,N294JB-B6-0,29.0,40.0,5.0,34.0,45.0,,,0.0,29,34,0.0,0.0
N294JB,851.0,2019,2,5,2,4,2019-05-02,B6,B6,20409,B6,699,,,,,B6,20409,B6,699,10529,1052906,30529,BDL,"Hartford, CT",CT,9,Connecticut,11,11278,1127805,30852,DCA,"Washington, DC",VA,51,Virginia,38,903,-12.0,0.0,0.0,-1.0,0900-0959,13.0,904.0,1006.0,2.0,1025,1008.0,-17.0,0.0,0.0,-2.0,1000-1059,0.0,,0.0,82.0,77.0,62.0,1.0,313.0,2,,,0.0,,0.0,,,,0,,,,,,,,,,,,,,,,,,,,,,,,,,,,,,,,,,,,,,,,,,,,,N,0.0,0.0,8.0,10.0,3.0,1.0,35.0,41.0,9,10,0.0,2.0,36.0,42.0,2,2,1,1.0,0.0,N294JB,N294JB-B6-1,36.0,47.0,6.0,42.0,53.0,33.0,2.0,0.0,36,42,0.0,0.0
N294PQ,707.0,2019,2,5,2,4,2019-05-02,DL,DL_CODESHARE,19790,DL,5153,,,,,9E,20363,9E,5153,12451,1245102,31136,JAX,"Jacksonville, FL",FL,12,Florida,33,12953,1295304,31703,LGA,"New York, NY",NY,36,New York,22,710,-3.0,0.0,0.0,-1.0,0700-0759,8.0,715.0,906.0,16.0,931,922.0,-9.0,0.0,0.0,-1.0,0900-0959,0.0,,0.0,141.0,135.0,111.0,1.0,833.0,4,,,0.0,,0.0,,,,0,,,,,,,,,,,,,,,,,,,,,,,,,,,,,,,,,,,,,,,,,,,,,N,0.0,0.0,7.0,9.0,0.0,1.0,28.0,37.0,7,9,1.0,2.0,29.0,38.0,5,5,0,0.0,0.0,N294PQ,N294PQ-DL-0,29.0,40.0,9.0,38.0,49.0,,,0.0,29,38,0.0,0.0
N294WN,609.0,2019,2,5,2,4,2019-05-02,WN,WN,19393,WN,1229,,,,,WN,19393,WN,1229,11697,1169706,32467,FLL,"Fort Lauderdale, FL",FL,12,Florida,33,13204,1320402,31454,MCO,"Orlando, FL",FL,12,Florida,33,610,-1.0,0.0,0.0,-1.0,0600-0659,20.0,629.0,700.0,7.0,715,707.0,-8.0,0.0,0.0,-1.0,0700-0759,0.0,,0.0,65.0,58.0,31.0,1.0,177.0,1,,,0.0,,0.0,,,,0,,,,,,,,,,,,,,,,,,,,,,,,,,,,,,,,,,,,,,,,,,,,,N,0.0,0.0,6.0,7.0,1.0,0.0,25.0,28.0,6,7,1.0,1.0,25.0,29.0,3,3,0,1.0,1.0,N294WN,N294WN-WN-0,25.0,37.0,3.0,28.0,40.0,,,0.0,25,28,0.0,0.0
N294WN,803.0,2019,2,5,2,4,2019-05-02,WN,WN,19393,WN,1229,,,,,WN,19393,WN,1229,13204,1320402,31454,MCO,"Orlando, FL",FL,12,Florida,33,10423,1042302,30423,AUS,"Austin, TX",TX,48,Texas,74,800,3.0,3.0,0.0,0.0,0800-0859,16.0,819.0,933.0,4.0,950,937.0,-13.0,0.0,0.0,-1.0,0900-0959,0.0,,0.0,170.0,154.0,134.0,1.0,994.0,4,,,0.0,,0.0,,,,0,,,,,,,,,,,,,,,,,,,,,,,,,,,,,,,,,,,,,,,,,,,,,N,0.0,4.0,8.0,9.0,0.0,2.0,32.0,42.0,8,9,0.0,3.0,32.0,43.0,4,4,1,1.0,0.0,N294WN,N294WN-WN-1,32.0,44.0,10.0,42.0,54.0,28.0,4.0,0.0,32,42,0.0,0.0
N296AK,554.0,2019,2,5,2,4,2019-05-02,AS,AS,19930,AS,27,,,,,AS,19930,AS,27,13930,1393007,30977,ORD,"Chicago, IL",IL,17,Illinois,41,14747,1474703,30559,SEA,"Seattle, WA",WA,53,Washington,93,600,-6.0,0.0,0.0,-1.0,0600-0659,30.0,624.0,825.0,12.0,840,837.0,-3.0,0.0,0.0,-1.0,0800-0859,0.0,,0.0,280.0,283.0,241.0,1.0,1721.0,7,,,0.0,,0.0,,,,0,,,,,,,,,,,,,,,,,,,,,,,,,,,,,,,,,,,,,,,,,,,,,N,4.0,12.0,5.0,8.0,4.0,2.0,28.0,46.0,6,8,0.0,3.0,28.0,47.0,6,6,0,0.0,0.0,N296AK,N296AK-AS-0,28.0,40.0,18.0,46.0,58.0,,,0.0,28,46,0.0,0.0
N296JB,550.0,2019,2,5,2,4,2019-05-02,B6,B6,20409,B6,2324,,,,,B6,20409,B6,2324,13204,1320402,31454,MCO,"Orlando, FL",FL,12,Florida,33,11278,1127805,30852,DCA,"Washington, DC",VA,51,Virginia,38,600,-10.0,0.0,0.0,-1.0,0600-0659,15.0,605.0,745.0,23.0,806,808.0,2.0,2.0,0.0,0.0,0800-0859,0.0,,0.0,126.0,138.0,100.0,1.0,759.0,4,,,0.0,,0.0,,,,0,,,,,,,,,,,,,,,,,,,,,,,,,,,,,,,,,,,,,,,,,,,,,N,0.0,0.0,5.0,8.0,3.0,1.0,23.0,33.0,6,8,0.0,0.0,24.0,32.0,4,4,0,1.0,1.0,N296JB,N296JB-B6-0,24.0,35.0,10.0,34.0,45.0,,,0.0,24,34,0.0,0.0
N296JB,846.0,2019,2,5,2,4,2019-05-02,B6,B6,20409,B6,1043,,,,,B6,20409,B6,1043,11278,1127805,30852,DCA,"Washington, DC",VA,51,Virginia,38,10721,1072102,30721,BOS,"Boston, MA",MA,25,Massachusetts,13,900,-14.0,0.0,0.0,-1.0,0900-0959,28.0,914.0,1013.0,4.0,1031,1017.0,-14.0,0.0,0.0,-1.0,1000-1059,0.0,,0.0,91.0,91.0,59.0,1.0,399.0,2,,,0.0,,0.0,,,,0,,,,,,,,,,,,,,,,,,,,,,,,,,,,,,,,,,,,,,,,,,,,,N,0.0,0.0,8.0,10.0,3.0,1.0,35.0,41.0,9,10,0.0,2.0,36.0,42.0,9,9,1,1.0,0.0,N296JB,N296JB-B6-1,36.0,47.0,6.0,42.0,53.0,33.0,2.0,0.0,36,42,0.0,0.0
N296PQ,746.0,2019,2,5,2,4,2019-05-02,DL,DL_CODESHARE,19790,DL,3355,,,,,9E,20363,9E,3355,10208,1020803,30208,AGS,"Augusta, GA",GA,13,Georgia,34,10397,1039707,30397,ATL,"Atlanta, GA",GA,13,Georgia,34,705,41.0,41.0,1.0,2.0,0700-0759,22.0,808.0,842.0,15.0,808,857.0,49.0,49.0,1.0,3.0,0800-0859,0.0,,0.0,63.0,71.0,34.0,1.0,143.0,1,2.0,0.0,8.0,0.0,39.0,,,,0,,,,,,,,,,,,,,,,,,,,,,,,,,,,,,,,,,,,,,,,,,,,,N,0.0,0.0,7.0,8.0,3.0,4.0,31.0,36.0,7,8,0.0,1.0,28.0,33.0,6,6,0,0.0,0.0,N296PQ,N296PQ-DL-0,28.0,43.0,5.0,33.0,48.0,,,3.0,28,33,0.0,0.0
N296WN,506.0,2019,2,5,2,4,2019-05-02,WN,WN,19393,WN,1686,,,,,WN,19393,WN,1686,14747,1474703,30559,SEA,"Seattle, WA",WA,53,Washington,93,13796,1379608,32457,OAK,"Oakland, CA",CA,6,California,91,510,-4.0,0.0,0.0,-1.0,0001-0559,14.0,520.0,651.0,5.0,715,656.0,-19.0,0.0,0.0,-2.0,0700-0759,0.0,,0.0,125.0,110.0,91.0,1.0,672.0,3,,,0.0,,0.0,,,,0,,,,,,,,,,,,,,,,,,,,,,,,,,,,,,,,,,,,,,,,,,,,,N,12.0,12.0,5.0,6.0,0.0,4.0,32.0,40.0,5,7,1.0,1.0,33.0,41.0,2,2,0,0.0,0.0,N296WN,N296WN-WN-0,33.0,44.0,8.0,41.0,52.0,,,0.0,33,41,0.0,0.0
N297AK,539.0,2019,2,5,2,4,2019-05-02,AS,AS,19930,AS,31,,,,,AS,19930,AS,31,11618,1161802,31703,EWR,"Newark, NJ",NJ,34,New Jersey,21,14747,1474703,30559,SEA,"Seattle, WA",WA,53,Washington,93,600,-21.0,0.0,0.0,-2.0,0600-0659,50.0,629.0,910.0,5.0,915,915.0,0.0,0.0,0.0,0.0,0900-0959,0.0,,0.0,375.0,396.0,341.0,1.0,2402.0,10,,,0.0,,0.0,,,,0,,,,,,,,,,,,,,,,,,,,,,,,,,,,,,,,,,,,,,,,,,,,,N,0.0,12.0,5.0,9.0,3.0,1.0,23.0,49.0,6,9,0.0,1.0,24.0,49.0,4,4,0,0.0,0.0,N297AK,N297AK-AS-0,24.0,35.0,26.0,50.0,61.0,,,0.0,24,50,0.0,0.0
N297PQ,838.0,2019,2,5,2,4,2019-05-02,DL,DL_CODESHARE,19790,DL,5091,,,,,9E,20363,9E,5091,11433,1143302,31295,DTW,"Detroit, MI",MI,26,Michigan,43,11423,1142307,31423,DSM,"Des Moines, IA",IA,19,Iowa,61,840,-2.0,0.0,0.0,-1.0,0800-0859,23.0,901.0,925.0,3.0,933,928.0,-5.0,0.0,0.0,-1.0,0900-0959,0.0,,0.0,113.0,110.0,84.0,1.0,534.0,3,,,0.0,,0.0,,,,0,,,,,,,,,,,,,,,,,,,,,,,,,,,,,,,,,,,,,,,,,,,,,N,0.0,4.0,8.0,9.0,3.0,2.0,35.0,42.0,8,9,3.0,2.0,35.0,42.0,1,1,0,0.0,0.0,N297PQ,N297PQ-DL-0,35.0,47.0,7.0,42.0,54.0,,,0.0,35,42,0.0,0.0
N297WN,610.0,2019,2,5,2,4,2019-05-02,WN,WN,19393,WN,2203,,,,,WN,19393,WN,2203,12391,1239103,31703,ISP,"Islip, NY",NY,36,New York,22,11697,1169706,32467,FLL,"Fort Lauderdale, FL",FL,12,Florida,33,610,0.0,0.0,0.0,0.0,0600-0659,8.0,618.0,850.0,5.0,915,855.0,-20.0,0.0,0.0,-2.0,0900-0959,0.0,,0.0,185.0,165.0,152.0,1.0,1092.0,5,,,0.0,,0.0,,,,0,,,,,,,,,,,,,,,,,,,,,,,,,,,,,,,,,,,,,,,,,,,,,N,0.0,0.0,6.0,8.0,1.0,4.0,25.0,36.0,6,9,1.0,1.0,25.0,37.0,6,6,0,1.0,1.0,N297WN,N297WN-WN-0,25.0,37.0,11.0,36.0,48.0,,,0.0,25,36,0.0,0.0
N297WN,951.0,2019,2,5,2,4,2019-05-02,WN,WN,19393,WN,2203,,,,,WN,19393,WN,2203,11697,1169706,32467,FLL,"Fort Lauderdale, FL",FL,12,Florida,33,10397,1039707,30397,ATL,"Atlanta, GA",GA,13,Georgia,34,950,1.0,1.0,0.0,0.0,0900-0959,36.0,1027.0,1152.0,9.0,1150,1201.0,11.0,11.0,0.0,0.0,1100-1159,0.0,,0.0,120.0,130.0,85.0,1.0,581.0,3,,,0.0,,0.0,,,,0,,,,,,,,,,,,,,,,,,,,,,,,,,,,,,,,,,,,,,,,,,,,,N,0.0,0.0,9.0,12.0,3.0,0.0,39.0,48.0,9,11,3.0,3.0,39.0,47.0,7,7,1,1.0,0.0,N297WN,N297WN-WN-1,39.0,51.0,9.0,48.0,60.0,36.0,3.0,0.0,40,49,1.0,7.2
N298JB,513.0,2019,2,5,2,4,2019-05-02,B6,B6,20409,B6,374,,,,,B6,20409,B6,374,15096,1509602,35096,SYR,"Syracuse, NY",NY,36,New York,22,10721,1072102,30721,BOS,"Boston, MA",MA,25,Massachusetts,13,520,-7.0,0.0,0.0,-1.0,0001-0559,11.0,524.0,607.0,6.0,624,613.0,-11.0,0.0,0.0,-1.0,0600-0659,0.0,,0.0,64.0,60.0,43.0,1.0,265.0,2,,,0.0,,0.0,,,,0,,,,,,,,,,,,,,,,,,,,,,,,,,,,,,,,,,,,,,,,,,,,,N,0.0,0.0,5.0,6.0,1.0,1.0,21.0,25.0,5,6,1.0,2.0,21.0,26.0,9,9,0,1.0,1.0,N298JB,N298JB-B6-0,21.0,33.0,4.0,25.0,37.0,,,0.0,21,25,0.0,0.0
N298JB,656.0,2019,2,5,2,4,2019-05-02,B6,B6,20409,B6,1109,,,,,B6,20409,B6,1109,10721,1072102,30721,BOS,"Boston, MA",MA,25,Massachusetts,13,12451,1245102,31136,JAX,"Jacksonville, FL",FL,12,Florida,33,707,-11.0,0.0,0.0,-1.0,0700-0759,22.0,718.0,941.0,5.0,959,946.0,-13.0,0.0,0.0,-1.0,0900-0959,0.0,,0.0,172.0,170.0,143.0,1.0,1010.0,5,,,0.0,,0.0,,,,0,,,,,,,,,,,,,,,,,,,,,,,,,,,,,,,,,,,,,,,,,,,,,N,0.0,0.0,6.0,9.0,4.0,3.0,28.0,39.0,7,9,0.0,4.0,28.0,40.0,6,6,1,1.0,0.0,N298JB,N298JB-B6-1,28.0,40.0,11.0,39.0,51.0,25.0,3.0,0.0,28,39,0.0,0.0
N298PQ,558.0,2019,2,5,2,4,2019-05-02,DL,DL_CODESHARE,19790,DL,5235,,,,,9E,20363,9E,5235,14574,1457405,34574,ROA,"Roanoke, VA",VA,51,Virginia,38,10397,1039707,30397,ATL,"Atlanta, GA",GA,13,Georgia,34,600,-2.0,0.0,0.0,-1.0,0600-0659,13.0,611.0,708.0,8.0,735,716.0,-19.0,0.0,0.0,-2.0,0700-0759,0.0,,0.0,95.0,78.0,57.0,1.0,357.0,2,,,0.0,,0.0,,,,0,,,,,,,,,,,,,,,,,,,,,,,,,,,,,,,,,,,,,,,,,,,,,N,0.0,0.0,5.0,7.0,4.0,1.0,24.0,29.0,6,7,0.0,2.0,24.0,30.0,4,4,0,1.0,1.0,N298PQ,N298PQ-DL-0,24.0,36.0,5.0,29.0,41.0,,,0.0,24,29,0.0,0.0
N298PQ,829.0,2019,2,5,2,4,2019-05-02,DL,DL_CODESHARE,19790,DL,3346,,,,,9E,20363,9E,3346,10397,1039707,30397,ATL,"Atlanta, GA",GA,13,Georgia,34,15249,1524906,35249,TLH,"Tallahassee, FL",FL,12,Florida,33,826,3.0,3.0,0.0,0.0,0800-0859,13.0,842.0,919.0,4.0,932,923.0,-9.0,0.0,0.0,-1.0,0900-0959,0.0,,0.0,66.0,54.0,37.0,1.0,223.0,1,,,0.0,,0.0,,,,0,,,,,,,,,,,,,,,,,,,,,,,,,,,,,,,,,,,,,,,,,,,,,N,0.0,0.0,8.0,9.0,2.0,2.0,34.0,38.0,8,9,2.0,2.0,34.0,38.0,1,1,1,1.0,0.0,N298PQ,N298PQ-DL-1,34.0,46.0,4.0,38.0,50.0,29.0,5.0,0.0,34,38,0.0,0.0
N29906,605.0,2019,2,5,2,4,2019-05-02,UA,UA_CODESHARE,19977,UA,4225,,,,,EV,20366,EV,4225,11042,1104205,30647,CLE,"Cleveland, OH",OH,39,Ohio,44,12953,1295304,31703,LGA,"New York, NY",NY,36,New York,22,615,-10.0,0.0,0.0,-1.0,0600-0659,17.0,622.0,731.0,7.0,800,738.0,-22.0,0.0,0.0,-2.0,0800-0859,0.0,,0.0,105.0,93.0,69.0,1.0,419.0,2,,,0.0,,0.0,,,,0,,,,,,,,,,,,,,,,,,,,,,,,,,,,,,,,,,,,,,,,,,,,,N,0.0,0.0,6.0,7.0,0.0,3.0,24.0,31.0,6,8,1.0,0.0,25.0,32.0,7,7,0,1.0,1.0,N29906,N29906-UA-0,25.0,36.0,7.0,32.0,43.0,,,0.0,25,32,0.0,0.0
N29906,822.0,2019,2,5,2,4,2019-05-02,UA,UA_CODESHARE,19977,UA,4120,,,,,EV,20366,EV,4120,12953,1295304,31703,LGA,"New York, NY",NY,36,New York,22,11042,1104205,30647,CLE,"Cleveland, OH",OH,39,Ohio,44,830,-8.0,0.0,0.0,-1.0,0800-0859,18.0,840.0,958.0,6.0,1014,1004.0,-10.0,0.0,0.0,-1.0,1000-1059,0.0,,0.0,104.0,102.0,78.0,1.0,419.0,2,,,0.0,,0.0,,,,0,,,,,,,,,,,,,,,,,,,,,,,,,,,,,,,,,,,,,,,,,,,,,N,0.0,0.0,8.0,10.0,1.0,0.0,33.0,40.0,8,10,2.0,1.0,34.0,41.0,9,9,1,1.0,0.0,N29906,N29906-UA-1,34.0,45.0,7.0,41.0,52.0,31.0,2.0,0.0,34,41,0.0,0.0
N29917,1019.0,2019,2,5,2,4,2019-05-02,UA,UA_CODESHARE,19977,UA,4030,,,,,EV,20366,EV,4030,12266,1226603,31453,IAH,"Houston, TX",TX,48,Texas,74,12951,1295106,32951,LFT,"Lafayette, LA",LA,22,Louisiana,72,800,139.0,139.0,1.0,9.0,0800-0859,13.0,1032.0,1134.0,4.0,904,1138.0,154.0,154.0,1.0,10.0,0900-0959,0.0,,0.0,64.0,79.0,62.0,1.0,201.0,1,0.0,139.0,15.0,0.0,0.0,,,,0,,,,,,,,,,,,,,,,,,,,,,,,,,,,,,,,,,,,,,,,,,,,,N,4.0,4.0,10.0,11.0,1.0,3.0,45.0,51.0,8,9,0.0,0.0,36.0,40.0,9,9,0,0.0,0.0,N29917,N29917-UA-0,44.0,57.0,6.0,50.0,63.0,,,1.0,44,50,0.0,0.0
N299PQ,706.0,2019,2,5,2,4,2019-05-02,DL,DL_CODESHARE,19790,DL,3321,,,,,9E,20363,9E,3321,14683,1468305,33214,SAT,"San Antonio, TX",TX,48,Texas,74,11433,1143302,31295,DTW,"Detroit, MI",MI,26,Michigan,43,710,-4.0,0.0,0.0,-1.0,0700-0759,20.0,726.0,1108.0,10.0,1116,1118.0,2.0,2.0,0.0,0.0,1100-1159,0.0,,0.0,186.0,192.0,162.0,1.0,1214.0,5,,,0.0,,0.0,,,,0,,,,,,,,,,,,,,,,,,,,,,,,,,,,,,,,,,,,,,,,,,,,,N,4.0,0.0,7.0,11.0,0.0,1.0,32.0,45.0,7,11,1.0,1.0,33.0,45.0,1,1,0,0.0,0.0,N299PQ,N299PQ-DL-0,33.0,44.0,13.0,46.0,57.0,,,0.0,33,46,0.0,0.0
N300PQ,610.0,2019,2,5,2,4,2019-05-02,DL,DL_CODESHARE,19790,DL,5314,,,,,9E,20363,9E,5314,10980,1098002,30980,CHA,"Chattanooga, TN",TN,47,Tennessee,54,12953,1295304,31703,LGA,"New York, NY",NY,36,New York,22,610,0.0,0.0,0.0,0.0,0600-0659,9.0,619.0,802.0,17.0,829,819.0,-10.0,0.0,0.0,-1.0,0800-0859,0.0,,0.0,139.0,129.0,103.0,1.0,734.0,3,,,0.0,,0.0,,,,0,,,,,,,,,,,,,,,,,,,,,,,,,,,,,,,,,,,,,,,,,,,,,N,0.0,0.0,6.0,8.0,1.0,1.0,25.0,33.0,6,8,1.0,2.0,25.0,34.0,2,2,0,0.0,0.0,N300PQ,N300PQ-DL-0,25.0,37.0,8.0,33.0,45.0,,,0.0,25,33,0.0,0.0
N301DQ,846.0,2019,2,5,2,4,2019-05-02,DL,DL,19790,DL,2478,,,,,DL,19790,DL,2478,15624,1562404,31504,VPS,"Valparaiso, FL",FL,12,Florida,33,10397,1039707,30397,ATL,"Atlanta, GA",GA,13,Georgia,34,715,91.0,91.0,1.0,6.0,0700-0759,12.0,858.0,1037.0,8.0,927,1045.0,78.0,78.0,1.0,5.0,0900-0959,0.0,,0.0,72.0,59.0,39.0,1.0,250.0,2,78.0,0.0,0.0,0.0,0.0,,,,0,,,,,,,,,,,,,,,,,,,,,,,,,,,,,,,,,,,,,,,,,,,,,N,4.0,0.0,8.0,10.0,3.0,3.0,39.0,43.0,7,9,1.0,2.0,33.0,38.0,1,1,0,0.0,0.0,N301DQ,N301DQ-DL-0,39.0,51.0,4.0,43.0,55.0,,,0.0,39,43,0.0,0.0
N301DV,724.0,2019,2,5,2,4,2019-05-02,DL,DL,19790,DL,2957,,,,,DL,19790,DL,2957,13204,1320402,31454,MCO,"Orlando, FL",FL,12,Florida,33,12953,1295304,31703,LGA,"New York, NY",NY,36,New York,22,720,4.0,4.0,0.0,0.0,0700-0759,14.0,738.0,943.0,9.0,1002,952.0,-10.0,0.0,0.0,-1.0,1000-1059,0.0,,0.0,162.0,148.0,125.0,1.0,950.0,4,,,0.0,,0.0,,,,0,,,,,,,,,,,,,,,,,,,,,,,,,,,,,,,,,,,,,,,,,,,,,N,0.0,0.0,7.0,9.0,2.0,3.0,30.0,39.0,7,10,1.0,0.0,29.0,40.0,1,1,0,0.0,0.0,N301DV,N301DV-DL-0,30.0,42.0,9.0,39.0,51.0,,,0.0,30,39,0.0,0.0
N301FR,645.0,2019,2,5,2,4,2019-05-02,F9,F9,20436,F9,2339,,,,,F9,20436,F9,2339,14100,1410005,34100,PHL,"Philadelphia, PA",PA,42,Pennsylvania,23,13495,1349505,33495,MSY,"New Orleans, LA",LA,22,Louisiana,72,700,-15.0,0.0,0.0,-1.0,0700-0759,14.0,659.0,836.0,6.0,908,842.0,-26.0,0.0,0.0,-2.0,0900-0959,0.0,,0.0,188.0,177.0,157.0,1.0,1089.0,5,,,0.0,,0.0,,,,0,,,,,,,,,,,,,,,,,,,,,,,,,,,,,,,,,,,,,,,,,,,,,N,0.0,4.0,6.0,8.0,3.0,3.0,27.0,39.0,7,9,0.0,1.0,28.0,41.0,8,8,0,0.0,0.0,N301FR,N301FR-F9-0,28.0,39.0,12.0,40.0,51.0,,,0.0,28,40,0.0,0.0
N301NW,648.0,2019,2,5,2,4,2019-05-02,AA,AA,19805,AA,1557,,,,,AA,19805,AA,1557,15304,1530402,33195,TPA,"Tampa, FL",FL,12,Florida,33,13930,1393007,30977,ORD,"Chicago, IL",IL,17,Illinois,41,652,-4.0,0.0,0.0,-1.0,0600-0659,10.0,658.0,823.0,17.0,903,840.0,-23.0,0.0,0.0,-2.0,0900-0959,0.0,,0.0,191.0,172.0,145.0,1.0,1011.0,5,,,0.0,,0.0,,,,0,,,,,,,,,,,,,,,,,,,,,,,,,,,,,,,,,,,,,,,,,,,,,N,0.0,4.0,6.0,8.0,3.0,3.0,27.0,39.0,6,9,3.0,0.0,27.0,40.0,9,9,0,0.0,0.0,N301NW,N301NW-AA-0,27.0,39.0,12.0,39.0,51.0,,,0.0,27,39,0.0,0.0
N301PA,931.0,2019,2,5,2,4,2019-05-02,AA,AA,19805,AA,2371,,,,,AA,19805,AA,2371,11618,1161802,31703,EWR,"Newark, NJ",NJ,34,New Jersey,21,14107,1410702,30466,PHX,"Phoenix, AZ",AZ,4,Arizona,81,935,-4.0,0.0,0.0,-1.0,0900-0959,23.0,954.0,1152.0,11.0,1216,1203.0,-13.0,0.0,0.0,-1.0,1200-1259,0.0,,0.0,341.0,332.0,298.0,1.0,2133.0,9,,,0.0,,0.0,,,,0,,,,,,,,,,,,,,,,,,,,,,,,,,,,,,,,,,,,,,,,,,,,,N,0.0,8.0,9.0,12.0,2.0,0.0,38.0,56.0,9,12,2.0,1.0,38.0,57.0,3,3,0,0.0,0.0,N301PA,N301PA-AA-0,38.0,50.0,18.0,56.0,68.0,,,0.0,38,56,0.0,0.0
N302DN,719.0,2019,2,5,2,4,2019-05-02,DL,DL,19790,DL,1217,,,,,DL,19790,DL,1217,11433,1143302,31295,DTW,"Detroit, MI",MI,26,Michigan,43,12889,1288903,32211,LAS,"Las Vegas, NV",NV,32,Nevada,85,720,-1.0,0.0,0.0,-1.0,0700-0759,23.0,742.0,856.0,8.0,844,904.0,20.0,20.0,1.0,1.0,0800-0859,0.0,,0.0,264.0,285.0,254.0,1.0,1749.0,7,0.0,0.0,20.0,0.0,0.0,,,,0,,,,,,,,,,,,,,,,,,,,,,,,,,,,,,,,,,,,,,,,,,,,,N,0.0,12.0,7.0,9.0,1.0,0.0,29.0,48.0,7,8,1.0,3.0,29.0,47.0,4,4,0,0.0,0.0,N302DN,N302DN-DL-0,29.0,41.0,19.0,48.0,60.0,,,1.0,29,48,0.0,0.0
N302NB,726.0,2019,2,5,2,4,2019-05-02,DL,DL,19790,DL,2464,,,,,DL,19790,DL,2464,15304,1530402,33195,TPA,"Tampa, FL",FL,12,Florida,33,12478,1247805,31703,JFK,"New York, NY",NY,36,New York,22,720,6.0,6.0,0.0,0.0,0700-0759,17.0,743.0,955.0,6.0,1003,1001.0,-2.0,0.0,0.0,-1.0,1000-1059,0.0,,0.0,163.0,155.0,132.0,1.0,1005.0,5,,,0.0,,0.0,,,,0,,,,,,,,,,,,,,,,,,,,,,,,,,,,,,,,,,,,,,,,,,,,,N,0.0,0.0,7.0,10.0,2.0,0.0,30.0,40.0,7,10,1.0,0.0,29.0,40.0,1,1,0,0.0,0.0,N302NB,N302NB-DL-0,30.0,42.0,10.0,40.0,52.0,,,0.0,32,42,2.0,2.96
N302PQ,806.0,2019,2,5,2,4,2019-05-02,DL,DL_CODESHARE,19790,DL,5254,,,,,9E,20363,9E,5254,13244,1324402,33244,MEM,"Memphis, TN",TN,47,Tennessee,54,13487,1348702,31650,MSP,"Minneapolis, MN",MN,27,Minnesota,63,815,-9.0,0.0,0.0,-1.0,0800-0859,11.0,817.0,956.0,5.0,1028,1001.0,-27.0,0.0,0.0,-2.0,1000-1059,0.0,,0.0,133.0,115.0,99.0,1.0,700.0,3,,,0.0,,0.0,,,,0,,,,,,,,,,,,,,,,,,,,,,,,,,,,,,,,,,,,,,,,,,,,,N,4.0,4.0,8.0,10.0,0.0,0.0,36.0,44.0,8,10,1.0,2.0,37.0,46.0,3,3,0,0.0,0.0,N302PQ,N302PQ-DL-0,37.0,48.0,8.0,45.0,56.0,,,0.0,37,45,0.0,0.0
N303AS,36.0,2019,2,5,2,4,2019-05-02,AS,AS,19930,AS,90,,,,,AS,19930,AS,90,10299,1029906,30299,ANC,"Anchorage, AK",AK,2,Alaska,1,14747,1474703,30559,SEA,"Seattle, WA",WA,53,Washington,93,35,1.0,1.0,0.0,0.0,0001-0559,16.0,52.0,437.0,5.0,505,442.0,-23.0,0.0,0.0,-2.0,0001-0559,0.0,,0.0,210.0,186.0,165.0,1.0,1448.0,6,,,0.0,,0.0,,,,0,,,,,,,,,,,,,,,,,,,,,,,,,,,,,,,,,,,,,,,,,,,,,N,16.0,12.0,0.0,4.0,2.0,3.0,18.0,31.0,0,5,2.0,0.0,18.0,32.0,2,2,0,1.0,1.0,N303AS,N303AS-AS-0,18.0,30.0,13.0,31.0,43.0,,,0.0,18,31,0.0,0.0
N303AS,649.0,2019,2,5,2,4,2019-05-02,AS,AS,19930,AS,81,,,,,AS,19930,AS,81,14747,1474703,30559,SEA,"Seattle, WA",WA,53,Washington,93,10299,1029906,30299,ANC,"Anchorage, AK",AK,2,Alaska,1,600,49.0,49.0,1.0,3.0,0600-0659,30.0,719.0,950.0,4.0,845,954.0,69.0,69.0,1.0,4.0,0800-0859,0.0,,0.0,225.0,245.0,211.0,1.0,1448.0,6,49.0,0.0,20.0,0.0,0.0,,,,0,,,,,,,,,,,,,,,,,,,,,,,,,,,,,,,,,,,,,,,,,,,,,N,12.0,16.0,6.0,9.0,3.0,4.0,39.0,56.0,6,8,0.0,3.0,36.0,51.0,5,5,1,1.0,0.0,N303AS,N303AS-AS-1,38.0,51.0,17.0,55.0,68.0,31.0,8.0,1.0,39,56,1.0,5.34
N303DN,730.0,2019,2,5,2,4,2019-05-02,DL,DL,19790,DL,2400,,,,,DL,19790,DL,2400,10397,1039707,30397,ATL,"Atlanta, GA",GA,13,Georgia,34,12953,1295304,31703,LGA,"New York, NY",NY,36,New York,22,730,0.0,0.0,0.0,0.0,0700-0759,16.0,746.0,928.0,7.0,946,935.0,-11.0,0.0,0.0,-1.0,0900-0959,0.0,,0.0,136.0,125.0,102.0,1.0,762.0,4,,,0.0,,0.0,,,,0,,,,,,,,,,,,,,,,,,,,,,,,,,,,,,,,,,,,,,,,,,,,,N,0.0,0.0,7.0,9.0,2.0,2.0,30.0,38.0,7,9,2.0,3.0,30.0,39.0,9,9,0,0.0,0.0,N303DN,N303DN-DL-0,30.0,42.0,8.0,38.0,50.0,,,0.0,30,38,0.0,0.0
N303DQ,629.0,2019,2,5,2,4,2019-05-02,DL,DL,19790,DL,2996,,,,,DL,19790,DL,2996,14098,1409803,33667,PHF,"Newport News/Williamsburg, VA",VA,51,Virginia,38,10397,1039707,30397,ATL,"Atlanta, GA",GA,13,Georgia,34,635,-6.0,0.0,0.0,-1.0,0600-0659,11.0,640.0,801.0,7.0,817,808.0,-9.0,0.0,0.0,-1.0,0800-0859,0.0,,0.0,102.0,99.0,81.0,1.0,508.0,3,,,0.0,,0.0,,,,0,,,,,,,,,,,,,,,,,,,,,,,,,,,,,,,,,,,,,,,,,,,,,N,0.0,0.0,6.0,8.0,2.0,1.0,26.0,33.0,6,8,2.0,1.0,26.0,33.0,2,2,0,0.0,0.0,N303DQ,N303DQ-DL-0,26.0,38.0,7.0,33.0,45.0,,,0.0,26,34,1.0,2.42
N303FR,701.0,2019,2,5,2,4,2019-05-02,F9,F9,20436,F9,1447,,,,,F9,20436,F9,1447,13930,1393007,30977,ORD,"Chicago, IL",IL,17,Illinois,41,15304,1530402,33195,TPA,"Tampa, FL",FL,12,Florida,33,700,1.0,1.0,0.0,0.0,0700-0759,35.0,736.0,1059.0,8.0,1049,1107.0,18.0,18.0,1.0,1.0,1000-1059,0.0,,0.0,169.0,186.0,143.0,1.0,1011.0,5,1.0,0.0,17.0,0.0,0.0,,,,0,,,,,,,,,,,,,,,,,,,,,,,,,,,,,,,,,,,,,,,,,,,,,N,4.0,0.0,7.0,11.0,0.0,0.0,32.0,44.0,7,10,0.0,3.0,32.0,43.0,2,2,0,0.0,0.0,N303FR,N303FR-F9-0,32.0,44.0,12.0,44.0,56.0,,,1.0,32,44,0.0,0.0
N303PQ,703.0,2019,2,5,2,4,2019-05-02,DL,DL_CODESHARE,19790,DL,5111,,,,,9E,20363,9E,5111,12945,1294503,32945,LEX,"Lexington, KY",KY,21,Kentucky,52,10397,1039707,30397,ATL,"Atlanta, GA",GA,13,Georgia,34,715,-12.0,0.0,0.0,-1.0,0700-0759,11.0,714.0,812.0,3.0,840,815.0,-25.0,0.0,0.0,-2.0,0800-0859,0.0,,0.0,85.0,72.0,58.0,1.0,304.0,2,,,0.0,,0.0,,,,0,,,,,,,,,,,,,,,,,,,,,,,,,,,,,,,,,,,,,,,,,,,,,N,0.0,0.0,7.0,8.0,0.0,1.0,28.0,33.0,7,8,1.0,3.0,29.0,35.0,8,8,0,0.0,0.0,N303PQ,N303PQ-DL-0,29.0,40.0,5.0,34.0,45.0,,,0.0,29,34,0.0,0.0
N304DQ,712.0,2019,2,5,2,4,2019-05-02,DL,DL,19790,DL,2701,,,,,DL,19790,DL,2701,13232,1323202,30977,MDW,"Chicago, IL",IL,17,Illinois,41,10397,1039707,30397,ATL,"Atlanta, GA",GA,13,Georgia,34,715,-3.0,0.0,0.0,-1.0,0700-0759,23.0,735.0,958.0,10.0,1010,1008.0,-2.0,0.0,0.0,-1.0,1000-1059,0.0,,0.0,115.0,116.0,83.0,1.0,591.0,3,,,0.0,,0.0,,,,0,,,,,,,,,,,,,,,,,,,,,,,,,,,,,,,,,,,,,,,,,,,,,N,4.0,0.0,7.0,10.0,1.0,1.0,33.0,41.0,7,10,1.0,1.0,33.0,41.0,5,5,0,0.0,0.0,N304DQ,N304DQ-DL-0,33.0,45.0,8.0,41.0,53.0,,,0.0,33,41,0.0,0.0
N304FR,228.0,2019,2,5,2,4,2019-05-02,F9,F9,20436,F9,1058,,,,,F9,20436,F9,1058,11109,1110902,30189,COS,"Colorado Springs, CO",CO,8,Colorado,82,13204,1320402,31454,MCO,"Orlando, FL",FL,12,Florida,33,59,89.0,89.0,1.0,5.0,0001-0559,32.0,300.0,832.0,12.0,637,844.0,127.0,127.0,1.0,8.0,0600-0659,0.0,,0.0,218.0,256.0,212.0,1.0,1520.0,7,82.0,0.0,38.0,0.0,7.0,,,,0,,,,,,,,,,,,,,,,,,,,,,,,,,,,,,,,,,,,,,,,,,,,,N,8.0,0.0,2.0,8.0,2.0,3.0,18.0,35.0,0,6,4.0,2.0,12.0,26.0,2,2,0,1.0,1.0,N304FR,N304FR-F9-0,15.0,30.0,17.0,32.0,47.0,,,3.0,15,35,3.0,8.18
N304FR,937.0,2019,2,5,2,4,2019-05-02,F9,F9,20436,F9,800,,,,,F9,20436,F9,800,13204,1320402,31454,MCO,"Orlando, FL",FL,12,Florida,33,15356,1535602,35356,TTN,"Trenton, NJ",NJ,34,New Jersey,21,800,97.0,97.0,1.0,6.0,0800-0859,14.0,951.0,1150.0,8.0,1029,1158.0,89.0,89.0,1.0,5.0,1000-1059,0.0,,0.0,149.0,141.0,119.0,1.0,896.0,4,0.0,0.0,0.0,0.0,89.0,,,,0,,,,,,,,,,,,,,,,,,,,,,,,,,,,,,,,,,,,,,,,,,,,,N,0.0,0.0,9.0,11.0,2.0,4.0,38.0,48.0,8,10,0.0,2.0,32.0,42.0,6,6,1,1.0,0.0,N304FR,N304FR-F9-1,32.0,50.0,10.0,42.0,60.0,35.0,3.0,6.0,32,42,0.0,0.0
N304JB,624.0,2019,2,5,2,4,2019-05-02,B6,B6,20409,B6,1895,,,,,B6,20409,B6,1895,12197,1219702,31703,HPN,"White Plains, NY",NY,36,New York,22,13204,1320402,31454,MCO,"Orlando, FL",FL,12,Florida,33,630,-6.0,0.0,0.0,-1.0,0600-0659,22.0,646.0,903.0,6.0,909,909.0,0.0,0.0,0.0,0.0,0900-0959,0.0,,0.0,159.0,165.0,137.0,1.0,972.0,4,,,0.0,,0.0,,,,0,,,,,,,,,,,,,,,,,,,,,,,,,,,,,,,,,,,,,,,,,,,,,N,0.0,0.0,6.0,9.0,2.0,1.0,26.0,37.0,6,9,2.0,1.0,26.0,37.0,4,4,0,1.0,1.0,N304JB,N304JB-B6-0,26.0,38.0,11.0,37.0,49.0,,,0.0,26,37,0.0,0.0
N304JB,944.0,2019,2,5,2,4,2019-05-02,B6,B6,20409,B6,1033,,,,,B6,20409,B6,1033,13204,1320402,31454,MCO,"Orlando, FL",FL,12,Florida,33,14843,1484306,34819,SJU,"San Juan, PR",PR,72,Puerto Rico,3,944,0.0,0.0,0.0,0.0,0900-0959,13.0,957.0,1226.0,25.0,1232,1251.0,19.0,19.0,1.0,1.0,1200-1259,0.0,,0.0,168.0,187.0,149.0,1.0,1189.0,5,0.0,0.0,19.0,0.0,0.0,,,,0,,,,,,,,,,,,,,,,,,,,,,,,,,,,,,,,,,,,,,,,,,,,,N,0.0,-4.0,9.0,12.0,3.0,3.0,39.0,47.0,9,12,3.0,2.0,39.0,46.0,9,9,1,1.0,0.0,N304JB,N304JB-B6-1,39.0,51.0,8.0,47.0,59.0,37.0,2.0,1.0,39,47,0.0,0.0
N304PQ,633.0,2019,2,5,2,4,2019-05-02,DL,DL_CODESHARE,19790,DL,5336,,,,,9E,20363,9E,5336,12953,1295304,31703,LGA,"New York, NY",NY,36,New York,22,11042,1104205,30647,CLE,"Cleveland, OH",OH,39,Ohio,44,640,-7.0,0.0,0.0,-1.0,0600-0659,17.0,650.0,801.0,7.0,821,808.0,-13.0,0.0,0.0,-1.0,0800-0859,0.0,,0.0,101.0,95.0,71.0,1.0,419.0,2,,,0.0,,0.0,,,,0,,,,,,,,,,,,,,,,,,,,,,,,,,,,,,,,,,,,,,,,,,,,,N,0.0,0.0,6.0,8.0,2.0,1.0,26.0,33.0,6,8,3.0,1.0,27.0,33.0,6,6,0,1.0,1.0,N304PQ,N304PQ-DL-0,27.0,38.0,7.0,34.0,45.0,,,0.0,27,34,0.0,0.0
N304PQ,851.0,2019,2,5,2,4,2019-05-02,DL,DL_CODESHARE,19790,DL,5484,,,,,9E,20363,9E,5484,11042,1104205,30647,CLE,"Cleveland, OH",OH,39,Ohio,44,12953,1295304,31703,LGA,"New York, NY",NY,36,New York,22,900,-9.0,0.0,0.0,-1.0,0900-0959,18.0,909.0,1018.0,11.0,1046,1029.0,-17.0,0.0,0.0,-2.0,1000-1059,0.0,,0.0,106.0,98.0,69.0,1.0,419.0,2,,,0.0,,0.0,,,,0,,,,,,,,,,,,,,,,,,,,,,,,,,,,,,,,,,,,,,,,,,,,,N,0.0,0.0,8.0,10.0,3.0,2.0,35.0,42.0,9,10,0.0,3.0,36.0,43.0,9,9,1,1.0,0.0,N304PQ,N304PQ-DL-1,36.0,47.0,7.0,43.0,54.0,33.0,2.0,0.0,36,43,0.0,0.0
N305DN,638.0,2019,2,5,2,4,2019-05-02,DL,DL,19790,DL,2630,,,,,DL,19790,DL,2630,13485,1348502,33485,MSN,"Madison, WI",WI,55,Wisconsin,45,11433,1143302,31295,DTW,"Detroit, MI",MI,26,Michigan,43,635,3.0,3.0,0.0,0.0,0600-0659,11.0,649.0,840.0,11.0,853,851.0,-2.0,0.0,0.0,-1.0,0800-0859,0.0,,0.0,78.0,73.0,51.0,1.0,311.0,2,,,0.0,,0.0,,,,0,,,,,,,,,,,,,,,,,,,,,,,,,,,,,,,,,,,,,,,,,,,,,N,4.0,0.0,6.0,8.0,3.0,3.0,31.0,35.0,6,8,2.0,4.0,30.0,36.0,9,9,0,0.0,0.0,N305DN,N305DN-DL-0,31.0,43.0,4.0,35.0,47.0,,,0.0,31,35,0.0,0.0
N305FR,102.0,2019,2,5,2,4,2019-05-02,F9,F9,20436,F9,142,,,,,F9,20436,F9,142,14747,1474703,30559,SEA,"Seattle, WA",WA,53,Washington,93,11292,1129202,30325,DEN,"Denver, CO",CO,8,Colorado,82,53,9.0,9.0,0.0,0.0,0001-0559,12.0,114.0,417.0,8.0,440,425.0,-15.0,0.0,0.0,-1.0,0001-0559,0.0,,0.0,167.0,143.0,123.0,1.0,1024.0,5,,,0.0,,0.0,,,,0,,,,,,,,,,,,,,,,,,,,,,,,,,,,,,,,,,,,,,,,,,,,,N,12.0,8.0,1.0,4.0,0.0,2.0,16.0,26.0,0,4,4.0,3.0,16.0,27.0,1,1,0,1.0,1.0,N305FR,N305FR-F9-0,16.0,28.0,10.0,26.0,38.0,,,0.0,16,26,0.0,0.0
N305FR,610.0,2019,2,5,2,4,2019-05-02,F9,F9,20436,F9,474,,,,,F9,20436,F9,474,11292,1129202,30325,DEN,"Denver, CO",CO,8,Colorado,82,12451,1245102,31136,JAX,"Jacksonville, FL",FL,12,Florida,33,600,10.0,10.0,0.0,0.0,0600-0659,15.0,625.0,1118.0,7.0,1128,1125.0,-3.0,0.0,0.0,-1.0,1100-1159,0.0,,0.0,208.0,195.0,173.0,1.0,1447.0,6,,,0.0,,0.0,,,,0,,,,,,,,,,,,,,,,,,,,,,,,,,,,,,,,,,,,,,,,,,,,,N,8.0,0.0,6.0,11.0,1.0,2.0,33.0,46.0,6,11,0.0,2.0,32.0,46.0,7,7,1,1.0,0.0,N305FR,N305FR-F9-1,33.0,45.0,13.0,46.0,58.0,26.0,7.0,0.0,33,46,0.0,0.0
N305PQ,545.0,2019,2,5,2,4,2019-05-02,DL,DL_CODESHARE,19790,DL,5240,,,,,9E,20363,9E,5240,10792,1079206,30792,BUF,"Buffalo, NY",NY,36,New York,22,12478,1247805,31703,JFK,"New York, NY",NY,36,New York,22,550,-5.0,0.0,0.0,-1.0,0001-0559,12.0,557.0,651.0,10.0,722,701.0,-21.0,0.0,0.0,-2.0,0700-0759,0.0,,0.0,92.0,76.0,54.0,1.0,301.0,2,,,0.0,,0.0,,,,0,,,,,,,,,,,,,,,,,,,,,,,,,,,,,,,,,,,,,,,,,,,,,N,0.0,0.0,5.0,7.0,3.0,0.0,23.0,28.0,5,7,3.0,1.0,23.0,29.0,5,5,0,1.0,1.0,N305PQ,N305PQ-DL-0,23.0,35.0,5.0,28.0,40.0,,,0.0,23,28,0.0,0.0
N305PQ,801.0,2019,2,5,2,4,2019-05-02,DL,DL_CODESHARE,19790,DL,5431,,,,,9E,20363,9E,5431,12478,1247805,31703,JFK,"New York, NY",NY,36,New York,22,10792,1079206,30792,BUF,"Buffalo, NY",NY,36,New York,22,805,-4.0,0.0,0.0,-1.0,0800-0859,17.0,818.0,912.0,3.0,940,915.0,-25.0,0.0,0.0,-2.0,0900-0959,0.0,,0.0,95.0,74.0,54.0,1.0,301.0,2,,,0.0,,0.0,,,,0,,,,,,,,,,,,,,,,,,,,,,,,,,,,,,,,,,,,,,,,,,,,,N,0.0,0.0,8.0,9.0,0.0,1.0,32.0,37.0,8,9,0.0,3.0,32.0,39.0,5,5,1,1.0,0.0,N305PQ,N305PQ-DL-1,32.0,44.0,5.0,37.0,49.0,28.0,4.0,0.0,32,37,0.0,0.0
N306AS,617.0,2019,2,5,2,4,2019-05-02,AS,AS,19930,AS,716,,,,,AS,19930,AS,716,14747,1474703,30559,SEA,"Seattle, WA",WA,53,Washington,93,13871,1387102,33316,OMA,"Omaha, NE",NE,31,Nebraska,65,630,-13.0,0.0,0.0,-1.0,0600-0659,17.0,634.0,1117.0,5.0,1150,1122.0,-28.0,0.0,0.0,-2.0,1100-1159,0.0,,0.0,200.0,185.0,163.0,1.0,1368.0,6,,,0.0,,0.0,,,,0,,,,,,,,,,,,,,,,,,,,,,,,,,,,,,,,,,,,,,,,,,,,,N,12.0,4.0,6.0,11.0,1.0,1.0,37.0,49.0,6,11,2.0,3.0,38.0,51.0,6,6,0,0.0,0.0,N306AS,N306AS-AS-0,38.0,49.0,12.0,50.0,61.0,,,0.0,38,50,0.0,0.0
N306JB,652.0,2019,2,5,2,4,2019-05-02,B6,B6,20409,B6,2279,,,,,B6,20409,B6,2279,10721,1072102,30721,BOS,"Boston, MA",MA,25,Massachusetts,13,11618,1161802,31703,EWR,"Newark, NJ",NJ,34,New Jersey,21,655,-3.0,0.0,0.0,-1.0,0600-0659,21.0,713.0,806.0,5.0,824,811.0,-13.0,0.0,0.0,-1.0,0800-0859,0.0,,0.0,89.0,79.0,53.0,1.0,200.0,1,,,0.0,,0.0,,,,0,,,,,,,,,,,,,,,,,,,,,,,,,,,,,,,,,,,,,,,,,,,,,N,0.0,0.0,6.0,8.0,3.0,1.0,27.0,33.0,6,8,4.0,2.0,28.0,34.0,6,6,0,1.0,1.0,N306JB,N306JB-B6-0,28.0,39.0,6.0,34.0,45.0,,,0.0,28,34,0.0,0.0
N306JB,903.0,2019,2,5,2,4,2019-05-02,B6,B6,20409,B6,2280,,,,,B6,20409,B6,2280,11618,1161802,31703,EWR,"Newark, NJ",NJ,34,New Jersey,21,10721,1072102,30721,BOS,"Boston, MA",MA,25,Massachusetts,13,908,-5.0,0.0,0.0,-1.0,0900-0959,37.0,940.0,1020.0,5.0,1021,1025.0,4.0,4.0,0.0,0.0,1000-1059,0.0,,0.0,73.0,82.0,40.0,1.0,200.0,1,,,0.0,,0.0,,,,0,,,,,,,,,,,,,,,,,,,,,,,,,,,,,,,,,,,,,,,,,,,,,N,0.0,0.0,9.0,10.0,0.0,2.0,36.0,42.0,9,10,1.0,1.0,37.0,41.0,1,1,1,1.0,0.0,N306JB,N306JB-B6-1,37.0,48.0,6.0,43.0,54.0,33.0,3.0,0.0,38,44,1.0,1.32
N306NY,947.0,2019,2,5,2,4,2019-05-02,AA,AA,19805,AA,1110,,,,,AA,19805,AA,1110,13204,1320402,31454,MCO,"Orlando, FL",FL,12,Florida,33,13930,1393007,30977,ORD,"Chicago, IL",IL,17,Illinois,41,902,45.0,45.0,1.0,3.0,0900-0959,12.0,959.0,1123.0,12.0,1110,1135.0,25.0,25.0,1.0,1.0,1100-1159,0.0,,0.0,188.0,168.0,144.0,1.0,1005.0,5,25.0,0.0,0.0,0.0,0.0,,,,0,,,,,,,,,,,,,,,,,,,,,,,,,,,,,,,,,,,,,,,,,,,,,N,0.0,4.0,9.0,11.0,3.0,2.0,39.0,50.0,9,11,0.0,1.0,36.0,49.0,3,3,0,0.0,0.0,N306NY,N306NY-AA-0,39.0,51.0,11.0,50.0,62.0,,,0.0,42,53,3.0,11.78
N306PQ,701.0,2019,2,5,2,4,2019-05-02,DL,DL_CODESHARE,19790,DL,3316,,,,,9E,20363,9E,3316,11193,1119302,33105,CVG,"Cincinnati, OH",KY,21,Kentucky,52,11278,1127805,30852,DCA,"Washington, DC",VA,51,Virginia,38,710,-9.0,0.0,0.0,-1.0,0700-0759,14.0,715.0,813.0,17.0,838,830.0,-8.0,0.0,0.0,-1.0,0800-0859,0.0,,0.0,88.0,89.0,58.0,1.0,411.0,2,,,0.0,,0.0,,,,0,,,,,,,,,,,,,,,,,,,,,,,,,,,,,,,,,,,,,,,,,,,,,N,0.0,0.0,7.0,8.0,0.0,2.0,28.0,34.0,7,8,1.0,3.0,29.0,35.0,5,5,0,1.0,1.0,N306PQ,N306PQ-DL-0,29.0,40.0,6.0,35.0,46.0,,,0.0,29,35,0.0,0.0
N306PQ,907.0,2019,2,5,2,4,2019-05-02,DL,DL_CODESHARE,19790,DL,5028,,,,,9E,20363,9E,5028,11278,1127805,30852,DCA,"Washington, DC",VA,51,Virginia,38,12478,1247805,31703,JFK,"New York, NY",NY,36,New York,22,913,-6.0,0.0,0.0,-1.0,0900-0959,36.0,943.0,1032.0,5.0,1036,1037.0,1.0,1.0,0.0,0.0,1000-1059,0.0,,0.0,83.0,90.0,49.0,1.0,213.0,1,,,0.0,,0.0,,,,0,,,,,,,,,,,,,,,,,,,,,,,,,,,,,,,,,,,,,,,,,,,,,N,0.0,0.0,9.0,10.0,0.0,2.0,36.0,42.0,9,10,1.0,2.0,37.0,42.0,5,5,1,1.0,0.0,N306PQ,N306PQ-DL-1,37.0,48.0,6.0,43.0,54.0,34.0,2.0,0.0,43,49,6.0,39.64
N307DQ,605.0,2019,2,5,2,4,2019-05-02,DL,DL,19790,DL,2341,,,,,DL,19790,DL,2341,12478,1247805,31703,JFK,"New York, NY",NY,36,New York,22,10397,1039707,30397,ATL,"Atlanta, GA",GA,13,Georgia,34,610,-5.0,0.0,0.0,-1.0,0600-0659,16.0,621.0,812.0,12.0,832,824.0,-8.0,0.0,0.0,-1.0,0800-0859,0.0,,0.0,142.0,139.0,111.0,1.0,760.0,4,,,0.0,,0.0,,,,0,,,,,,,,,,,,,,,,,,,,,,,,,,,,,,,,,,,,,,,,,,,,,N,0.0,0.0,6.0,8.0,0.0,2.0,24.0,34.0,6,8,1.0,2.0,25.0,34.0,5,5,0,0.0,0.0,N307DQ,N307DQ-DL-0,25.0,36.0,10.0,35.0,46.0,,,0.0,25,35,0.0,0.0
N307DX,649.0,2019,2,5,2,4,2019-05-02,DL,DL,19790,DL,1514,,,,,DL,19790,DL,1514,13487,1348702,31650,MSP,"Minneapolis, MN",MN,27,Minnesota,63,14107,1410702,30466,PHX,"Phoenix, AZ",AZ,4,Arizona,81,655,-6.0,0.0,0.0,-1.0,0600-0659,16.0,705.0,812.0,8.0,811,820.0,9.0,9.0,0.0,0.0,0800-0859,0.0,,0.0,196.0,211.0,187.0,1.0,1276.0,6,,,0.0,,0.0,,,,0,,,,,,,,,,,,,,,,,,,,,,,,,,,,,,,,,,,,,,,,,,,,,N,4.0,8.0,6.0,8.0,3.0,1.0,31.0,41.0,6,8,4.0,1.0,32.0,41.0,5,5,0,0.0,0.0,N307DX,N307DX-DL-0,32.0,43.0,10.0,42.0,53.0,,,0.0,32,42,0.0,0.0
N307FR,759.0,2019,2,5,2,4,2019-05-02,F9,F9,20436,F9,2103,,,,,F9,20436,F9,2103,14100,1410005,34100,PHL,"Philadelphia, PA",PA,42,Pennsylvania,23,10994,1099402,30994,CHS,"Charleston, SC",SC,45,South Carolina,37,800,-1.0,0.0,0.0,-1.0,0800-0859,22.0,821.0,941.0,6.0,1002,947.0,-15.0,0.0,0.0,-1.0,1000-1059,0.0,,0.0,122.0,108.0,80.0,1.0,550.0,3,,,0.0,,0.0,,,,0,,,,,,,,,,,,,,,,,,,,,,,,,,,,,,,,,,,,,,,,,,,,,N,0.0,0.0,7.0,9.0,4.0,3.0,32.0,39.0,8,10,0.0,0.0,32.0,40.0,5,5,0,0.0,0.0,N307FR,N307FR-F9-0,32.0,44.0,7.0,39.0,51.0,,,0.0,32,39,0.0,0.0
N307JB,510.0,2019,2,5,2,4,2019-05-02,B6,B6,20409,B6,917,,,,,B6,20409,B6,917,10721,1072102,30721,BOS,"Boston, MA",MA,25,Massachusetts,13,12478,1247805,31703,JFK,"New York, NY",NY,36,New York,22,510,0.0,0.0,0.0,0.0,0001-0559,13.0,523.0,610.0,8.0,624,618.0,-6.0,0.0,0.0,-1.0,0600-0659,0.0,,0.0,74.0,68.0,47.0,1.0,187.0,1,,,0.0,,0.0,,,,0,,,,,,,,,,,,,,,,,,,,,,,,,,,,,,,,,,,,,,,,,,,,,N,0.0,0.0,5.0,6.0,1.0,1.0,21.0,25.0,5,6,1.0,2.0,21.0,26.0,8,8,0,1.0,1.0,N307JB,N307JB-B6-0,21.0,33.0,4.0,25.0,37.0,,,0.0,21,25,0.0,0.0
N307JB,729.0,2019,2,5,2,4,2019-05-02,B6,B6,20409,B6,885,,,,,B6,20409,B6,885,12478,1247805,31703,JFK,"New York, NY",NY,36,New York,22,14492,1449202,34492,RDU,"Raleigh/Durham, NC",NC,37,North Carolina,36,735,-6.0,0.0,0.0,-1.0,0700-0759,23.0,752.0,900.0,6.0,920,906.0,-14.0,0.0,0.0,-1.0,0900-0959,0.0,,0.0,105.0,97.0,68.0,1.0,427.0,2,,,0.0,,0.0,,,,0,,,,,,,,,,,,,,,,,,,,,,,,,,,,,,,,,,,,,,,,,,,,,N,0.0,0.0,7.0,9.0,2.0,0.0,30.0,36.0,7,9,2.0,1.0,30.0,37.0,9,9,1,1.0,0.0,N307JB,N307JB-B6-1,30.0,42.0,6.0,36.0,48.0,25.0,5.0,0.0,30,36,0.0,0.0
N307PQ,804.0,2019,2,5,2,4,2019-05-02,DL,DL_CODESHARE,19790,DL,3290,,,,,9E,20363,9E,3290,15412,1541205,35412,TYS,"Knoxville, TN",TN,47,Tennessee,54,12953,1295304,31703,LGA,"New York, NY",NY,36,New York,22,808,-4.0,0.0,0.0,-1.0,0800-0859,18.0,822.0,953.0,7.0,1019,1000.0,-19.0,0.0,0.0,-2.0,1000-1059,0.0,,0.0,131.0,116.0,91.0,1.0,648.0,3,,,0.0,,0.0,,,,0,,,,,,,,,,,,,,,,,,,,,,,,,,,,,,,,,,,,,,,,,,,,,N,0.0,0.0,8.0,10.0,0.0,0.0,32.0,40.0,8,10,1.0,1.0,33.0,41.0,8,8,0,0.0,0.0,N307PQ,N307PQ-DL-0,33.0,44.0,8.0,41.0,52.0,,,0.0,33,41,0.0,0.0
N308DE,817.0,2019,2,5,2,4,2019-05-02,DL,DL,19790,DL,1283,,,,,DL,19790,DL,1283,10397,1039707,30397,ATL,"Atlanta, GA",GA,13,Georgia,34,15624,1562404,31504,VPS,"Valparaiso, FL",FL,12,Florida,33,820,-3.0,0.0,0.0,-1.0,0800-0859,15.0,832.0,814.0,6.0,830,820.0,-10.0,0.0,0.0,-1.0,0800-0859,0.0,,0.0,70.0,63.0,42.0,1.0,250.0,2,,,0.0,,0.0,,,,0,,,,,,,,,,,,,,,,,,,,,,,,,,,,,,,,,,,,,,,,,,,,,N,0.0,4.0,8.0,8.0,1.0,1.0,33.0,37.0,8,8,1.0,2.0,33.0,38.0,5,5,0,0.0,0.0,N308DE,N308DE-DL-0,33.0,45.0,4.0,37.0,49.0,,,0.0,33,37,0.0,0.0
N308DN,809.0,2019,2,5,2,4,2019-05-02,DL,DL,19790,DL,1546,,,,,DL,19790,DL,1546,10397,1039707,30397,ATL,"Atlanta, GA",GA,13,Georgia,34,14107,1410702,30466,PHX,"Phoenix, AZ",AZ,4,Arizona,81,810,-1.0,0.0,0.0,-1.0,0800-0859,14.0,823.0,921.0,5.0,914,926.0,12.0,12.0,0.0,0.0,0900-0959,0.0,,0.0,244.0,257.0,238.0,1.0,1587.0,7,,,0.0,,0.0,,,,0,,,,,,,,,,,,,,,,,,,,,,,,,,,,,,,,,,,,,,,,,,,,,N,0.0,8.0,8.0,9.0,1.0,2.0,33.0,46.0,8,9,1.0,1.0,33.0,45.0,3,3,0,0.0,0.0,N308DN,N308DN-DL-0,33.0,45.0,13.0,46.0,58.0,,,0.0,34,50,4.0,16.44
N308FR,643.0,2019,2,5,2,4,2019-05-02,F9,F9,20436,F9,814,,,,,F9,20436,F9,814,13930,1393007,30977,ORD,"Chicago, IL",IL,17,Illinois,41,15356,1535602,35356,TTN,"Trenton, NJ",NJ,34,New Jersey,21,655,-12.0,0.0,0.0,-1.0,0600-0659,20.0,703.0,936.0,6.0,959,942.0,-17.0,0.0,0.0,-2.0,0900-0959,0.0,,0.0,124.0,119.0,93.0,1.0,692.0,3,,,0.0,,0.0,,,,0,,,,,,,,,,,,,,,,,,,,,,,,,,,,,,,,,,,,,,,,,,,,,N,4.0,0.0,6.0,9.0,3.0,3.0,31.0,39.0,6,9,4.0,4.0,32.0,40.0,5,5,0,0.0,0.0,N308FR,N308FR-F9-0,32.0,43.0,8.0,40.0,51.0,,,0.0,32,40,0.0,0.0
N308PQ,727.0,2019,2,5,2,4,2019-05-02,DL,DL_CODESHARE,19790,DL,3460,,,,,9E,20363,9E,3460,10721,1072102,30721,BOS,"Boston, MA",MA,25,Massachusetts,13,11193,1119302,33105,CVG,"Cincinnati, OH",KY,21,Kentucky,52,730,-3.0,0.0,0.0,-1.0,0700-0759,29.0,756.0,951.0,6.0,1000,957.0,-3.0,0.0,0.0,-1.0,1000-1059,0.0,,0.0,150.0,150.0,115.0,1.0,752.0,4,,,0.0,,0.0,,,,0,,,,,,,,,,,,,,,,,,,,,,,,,,,,,,,,,,,,,,,,,,,,,N,0.0,0.0,7.0,9.0,2.0,4.0,30.0,40.0,7,10,2.0,0.0,30.0,40.0,8,8,0,0.0,0.0,N308PQ,N308PQ-DL-0,30.0,42.0,10.0,40.0,52.0,,,0.0,30,40,0.0,0.0
N309DE,555.0,2019,2,5,2,4,2019-05-02,DL,DL,19790,DL,2830,,,,,DL,19790,DL,2830,11193,1119302,33105,CVG,"Cincinnati, OH",KY,21,Kentucky,52,10397,1039707,30397,ATL,"Atlanta, GA",GA,13,Georgia,34,600,-5.0,0.0,0.0,-1.0,0600-0659,14.0,609.0,707.0,6.0,732,713.0,-19.0,0.0,0.0,-2.0,0700-0759,0.0,,0.0,92.0,78.0,58.0,1.0,373.0,2,,,0.0,,0.0,,,,0,,,,,,,,,,,,,,,,,,,,,,,,,,,,,,,,,,,,,,,,,,,,,N,0.0,0.0,5.0,7.0,4.0,1.0,24.0,29.0,6,7,0.0,2.0,24.0,30.0,1,1,0,1.0,1.0,N309DE,N309DE-DL-0,24.0,36.0,5.0,29.0,41.0,,,0.0,24,29,0.0,0.0
N309DE,815.0,2019,2,5,2,4,2019-05-02,DL,DL,19790,DL,2878,,,,,DL,19790,DL,2878,10397,1039707,30397,ATL,"Atlanta, GA",GA,13,Georgia,34,11624,1162403,31624,EYW,"Key West, FL",FL,12,Florida,33,820,-5.0,0.0,0.0,-1.0,0800-0859,14.0,829.0,958.0,2.0,1013,1000.0,-13.0,0.0,0.0,-1.0,1000-1059,0.0,,0.0,113.0,105.0,89.0,1.0,646.0,3,,,0.0,,0.0,,,,0,,,,,,,,,,,,,,,,,,,,,,,,,,,,,,,,,,,,,,,,,,,,,N,0.0,0.0,8.0,10.0,1.0,0.0,33.0,40.0,8,10,1.0,1.0,33.0,41.0,9,9,1,1.0,0.0,N309DE,N309DE-DL-1,33.0,45.0,7.0,40.0,52.0,29.0,4.0,0.0,33,40,0.0,0.0
N309DN,647.0,2019,2,5,2,4,2019-05-02,DL,DL,19790,DL,808,,,,,DL,19790,DL,808,13487,1348702,31650,MSP,"Minneapolis, MN",MN,27,Minnesota,63,10721,1072102,30721,BOS,"Boston, MA",MA,25,Massachusetts,13,650,-3.0,0.0,0.0,-1.0,0600-0659,9.0,656.0,1016.0,10.0,1041,1026.0,-15.0,0.0,0.0,-1.0,1000-1059,0.0,,0.0,171.0,159.0,140.0,1.0,1124.0,5,,,0.0,,0.0,,,,0,,,,,,,,,,,,,,,,,,,,,,,,,,,,,,,,,,,,,,,,,,,,,N,4.0,0.0,6.0,10.0,3.0,2.0,31.0,42.0,6,10,3.0,3.0,31.0,43.0,4,4,0,0.0,0.0,N309DN,N309DN-DL-0,31.0,43.0,11.0,42.0,54.0,,,0.0,31,42,0.0,0.0
N309FR,653.0,2019,2,5,2,4,2019-05-02,F9,F9,20436,F9,1023,,,,,F9,20436,F9,1023,13204,1320402,31454,MCO,"Orlando, FL",FL,12,Florida,33,10599,1059904,30599,BHM,"Birmingham, AL",AL,1,Alabama,51,700,-7.0,0.0,0.0,-1.0,0700-0759,13.0,706.0,712.0,6.0,740,718.0,-22.0,0.0,0.0,-2.0,0700-0759,0.0,,0.0,100.0,85.0,66.0,1.0,479.0,2,,,0.0,,0.0,,,,0,,,,,,,,,,,,,,,,,,,,,,,,,,,,,,,,,,,,,,,,,,,,,N,0.0,4.0,6.0,7.0,4.0,1.0,28.0,33.0,7,7,0.0,3.0,28.0,35.0,5,5,0,1.0,1.0,N309FR,N309FR-F9-0,28.0,40.0,5.0,33.0,45.0,,,0.0,28,33,0.0,0.0
N309FR,827.0,2019,2,5,2,4,2019-05-02,F9,F9,20436,F9,1022,,,,,F9,20436,F9,1022,10599,1059904,30599,BHM,"Birmingham, AL",AL,1,Alabama,51,13204,1320402,31454,MCO,"Orlando, FL",FL,12,Florida,33,830,-3.0,0.0,0.0,-1.0,0800-0859,12.0,839.0,1102.0,7.0,1107,1109.0,2.0,2.0,0.0,0.0,1100-1159,0.0,,0.0,97.0,102.0,83.0,1.0,479.0,2,,,0.0,,0.0,,,,0,,,,,,,,,,,,,,,,,,,,,,,,,,,,,,,,,,,,,,,,,,,,,N,4.0,0.0,8.0,11.0,2.0,1.0,38.0,45.0,8,11,2.0,0.0,38.0,44.0,8,8,1,1.0,0.0,N309FR,N309FR-F9-1,38.0,50.0,7.0,45.0,57.0,33.0,5.0,0.0,38,45,0.0,0.0
N309JB,502.0,2019,2,5,2,4,2019-05-02,B6,B6,20409,B6,185,,,,,B6,20409,B6,185,14576,1457606,34576,ROC,"Rochester, NY",NY,36,New York,22,12478,1247805,31703,JFK,"New York, NY",NY,36,New York,22,515,-13.0,0.0,0.0,-1.0,0001-0559,13.0,515.0,614.0,10.0,635,624.0,-11.0,0.0,0.0,-1.0,0600-0659,0.0,,0.0,80.0,82.0,59.0,1.0,264.0,2,,,0.0,,0.0,,,,0,,,,,,,,,,,,,,,,,,,,,,,,,,,,,,,,,,,,,,,,,,,,,N,0.0,0.0,5.0,6.0,0.0,2.0,20.0,26.0,5,6,1.0,2.0,21.0,26.0,4,4,0,2.0,2.0,N309JB,N309JB-B6-0,21.0,32.0,6.0,27.0,38.0,,,0.0,21,27,0.0,0.0
N309JB,738.0,2019,2,5,2,4,2019-05-02,B6,B6,20409,B6,518,,,,,B6,20409,B6,518,12478,1247805,31703,JFK,"New York, NY",NY,36,New York,22,10721,1072102,30721,BOS,"Boston, MA",MA,25,Massachusetts,13,748,-10.0,0.0,0.0,-1.0,0700-0759,23.0,801.0,834.0,9.0,910,843.0,-27.0,0.0,0.0,-2.0,0900-0959,0.0,,0.0,82.0,65.0,33.0,1.0,187.0,1,,,0.0,,0.0,,,,0,,,,,,,,,,,,,,,,,,,,,,,,,,,,,,,,,,,,,,,,,,,,,N,0.0,0.0,7.0,8.0,3.0,3.0,31.0,35.0,7,9,3.0,1.0,31.0,37.0,2,2,1,2.0,1.0,N309JB,N309JB-B6-1,31.0,43.0,4.0,35.0,47.0,26.0,5.0,0.0,32,36,1.0,2.22
N309JB,937.0,2019,2,5,2,4,2019-05-02,B6,B6,20409,B6,1383,,,,,B6,20409,B6,1383,10721,1072102,30721,BOS,"Boston, MA",MA,25,Massachusetts,13,14492,1449202,34492,RDU,"Raleigh/Durham, NC",NC,37,North Carolina,36,945,-8.0,0.0,0.0,-1.0,0900-0959,27.0,1004.0,1136.0,6.0,1145,1142.0,-3.0,0.0,0.0,-1.0,1100-1159,0.0,,0.0,120.0,125.0,92.0,1.0,612.0,3,,,0.0,,0.0,,,,0,,,,,,,,,,,,,,,,,,,,,,,,,,,,,,,,,,,,,,,,,,,,,N,0.0,0.0,9.0,11.0,2.0,3.0,38.0,47.0,9,11,3.0,3.0,39.0,47.0,8,8,2,2.0,0.0,N309JB,N309JB-B6-2,39.0,50.0,9.0,48.0,59.0,35.0,3.0,0.0,39,48,0.0,0.0
N309PC,726.0,2019,2,5,2,4,2019-05-02,AA,AA,19805,AA,370,,,,,AA,19805,AA,370,12953,1295304,31703,LGA,"New York, NY",NY,36,New York,22,13930,1393007,30977,ORD,"Chicago, IL",IL,17,Illinois,41,730,-4.0,0.0,0.0,-1.0,0700-0759,14.0,740.0,839.0,19.0,914,858.0,-16.0,0.0,0.0,-2.0,0900-0959,0.0,,0.0,164.0,152.0,119.0,1.0,733.0,3,,,0.0,,0.0,,,,0,,,,,,,,,,,,,,,,,,,,,,,,,,,,,,,,,,,,,,,,,,,,,N,0.0,4.0,7.0,8.0,2.0,4.0,30.0,40.0,7,9,2.0,1.0,30.0,41.0,1,1,0,0.0,0.0,N309PC,N309PC-AA-0,30.0,42.0,10.0,40.0,52.0,,,0.0,31,45,5.0,11.06
N309PQ,552.0,2019,2,5,2,4,2019-05-02,DL,DL_CODESHARE,19790,DL,5239,,,,,9E,20363,9E,5239,15412,1541205,35412,TYS,"Knoxville, TN",TN,47,Tennessee,54,10397,1039707,30397,ATL,"Atlanta, GA",GA,13,Georgia,34,555,-3.0,0.0,0.0,-1.0,0001-0559,8.0,600.0,633.0,5.0,650,638.0,-12.0,0.0,0.0,-1.0,0600-0659,0.0,,0.0,55.0,46.0,33.0,1.0,152.0,1,,,0.0,,0.0,,,,0,,,,,,,,,,,,,,,,,,,,,,,,,,,,,,,,,,,,,,,,,,,,,N,0.0,0.0,5.0,6.0,3.0,3.0,23.0,27.0,5,6,4.0,3.0,24.0,27.0,7,7,0,2.0,2.0,N309PQ,N309PQ-DL-0,24.0,35.0,4.0,28.0,39.0,,,0.0,24,28,0.0,0.0
N309PQ,811.0,2019,2,5,2,4,2019-05-02,DL,DL_CODESHARE,19790,DL,5030,,,,,9E,20363,9E,5030,10397,1039707,30397,ATL,"Atlanta, GA",GA,13,Georgia,34,15412,1541205,35412,TYS,"Knoxville, TN",TN,47,Tennessee,54,815,-4.0,0.0,0.0,-1.0,0800-0859,11.0,822.0,852.0,2.0,912,854.0,-18.0,0.0,0.0,-2.0,0900-0959,0.0,,0.0,57.0,43.0,30.0,1.0,152.0,1,,,0.0,,0.0,,,,0,,,,,,,,,,,,,,,,,,,,,,,,,,,,,,,,,,,,,,,,,,,,,N,0.0,0.0,8.0,8.0,1.0,4.0,33.0,36.0,8,9,1.0,1.0,33.0,37.0,3,3,1,2.0,1.0,N309PQ,N309PQ-DL-1,33.0,45.0,3.0,36.0,48.0,27.0,6.0,0.0,34,37,1.0,3.14
N309PQ,940.0,2019,2,5,2,4,2019-05-02,DL,DL_CODESHARE,19790,DL,5030,,,,,9E,20363,9E,5030,15412,1541205,35412,TYS,"Knoxville, TN",TN,47,Tennessee,54,10397,1039707,30397,ATL,"Atlanta, GA",GA,13,Georgia,34,948,-8.0,0.0,0.0,-1.0,0900-0959,17.0,957.0,1029.0,9.0,1051,1038.0,-13.0,0.0,0.0,-1.0,1000-1059,0.0,,0.0,63.0,58.0,32.0,1.0,152.0,1,,,0.0,,0.0,,,,0,,,,,,,,,,,,,,,,,,,,,,,,,,,,,,,,,,,,,,,,,,,,,N,0.0,0.0,9.0,10.0,3.0,3.0,39.0,43.0,9,10,3.0,3.0,39.0,43.0,8,8,2,2.0,0.0,N309PQ,N309PQ-DL-2,39.0,51.0,4.0,43.0,55.0,36.0,3.0,0.0,40,44,1.0,8.2
N309US,704.0,2019,2,5,2,4,2019-05-02,DL,DL,19790,DL,2032,,,,,DL,19790,DL,2032,13487,1348702,31650,MSP,"Minneapolis, MN",MN,27,Minnesota,63,12478,1247805,31703,JFK,"New York, NY",NY,36,New York,22,708,-4.0,0.0,0.0,-1.0,0700-0759,9.0,713.0,1023.0,7.0,1100,1030.0,-30.0,0.0,0.0,-2.0,1100-1159,0.0,,0.0,172.0,146.0,130.0,1.0,1029.0,5,,,0.0,,0.0,,,,0,,,,,,,,,,,,,,,,,,,,,,,,,,,,,,,,,,,,,,,,,,,,,N,4.0,0.0,7.0,10.0,0.0,2.0,32.0,42.0,7,11,1.0,0.0,33.0,44.0,8,8,0,0.0,0.0,N309US,N309US-DL-0,33.0,44.0,10.0,43.0,54.0,,,0.0,35,47,4.0,36.5
N310DE,556.0,2019,2,5,2,4,2019-05-02,DL,DL,19790,DL,1157,,,,,DL,19790,DL,1157,15624,1562404,31504,VPS,"Valparaiso, FL",FL,12,Florida,33,10397,1039707,30397,ATL,"Atlanta, GA",GA,13,Georgia,34,600,-4.0,0.0,0.0,-1.0,0600-0659,17.0,613.0,753.0,6.0,810,759.0,-11.0,0.0,0.0,-1.0,0800-0859,0.0,,0.0,70.0,63.0,40.0,1.0,250.0,2,,,0.0,,0.0,,,,0,,,,,,,,,,,,,,,,,,,,,,,,,,,,,,,,,,,,,,,,,,,,,N,4.0,0.0,5.0,7.0,4.0,4.0,28.0,32.0,6,8,0.0,1.0,28.0,33.0,5,5,0,1.0,1.0,N310DE,N310DE-DL-0,28.0,40.0,4.0,32.0,44.0,,,0.0,28,32,0.0,0.0
N310DE,906.0,2019,2,5,2,4,2019-05-02,DL,DL,19790,DL,2120,,,,,DL,19790,DL,2120,10397,1039707,30397,ATL,"Atlanta, GA",GA,13,Georgia,34,13232,1323202,30977,MDW,"Chicago, IL",IL,17,Illinois,41,908,-2.0,0.0,0.0,-1.0,0900-0959,18.0,924.0,950.0,5.0,1001,955.0,-6.0,0.0,0.0,-1.0,1000-1059,0.0,,0.0,113.0,109.0,86.0,1.0,591.0,3,,,0.0,,0.0,,,,0,,,,,,,,,,,,,,,,,,,,,,,,,,,,,,,,,,,,,,,,,,,,,N,0.0,4.0,9.0,9.0,0.0,4.0,36.0,44.0,9,10,1.0,0.0,37.0,44.0,9,9,1,1.0,0.0,N310DE,N310DE-DL-1,37.0,48.0,8.0,45.0,56.0,32.0,4.0,0.0,37,45,0.0,0.0
N310DN,658.0,2019,2,5,2,4,2019-05-02,DL,DL,19790,DL,864,,,,,DL,19790,DL,864,13204,1320402,31454,MCO,"Orlando, FL",FL,12,Florida,33,14869,1486903,34614,SLC,"Salt Lake City, UT",UT,49,Utah,87,700,-2.0,0.0,0.0,-1.0,0700-0759,16.0,714.0,930.0,4.0,950,934.0,-16.0,0.0,0.0,-2.0,0900-0959,0.0,,0.0,290.0,276.0,256.0,1.0,1931.0,8,,,0.0,,0.0,,,,0,,,,,,,,,,,,,,,,,,,,,,,,,,,,,,,,,,,,,,,,,,,,,N,0.0,8.0,6.0,9.0,4.0,2.0,28.0,46.0,7,9,0.0,3.0,28.0,47.0,8,8,0,0.0,0.0,N310DN,N310DN-DL-0,28.0,40.0,18.0,46.0,58.0,,,0.0,28,46,0.0,0.0
N310FR,451.0,2019,2,5,2,4,2019-05-02,F9,F9,20436,F9,570,,,,,F9,20436,F9,570,14869,1486903,34614,SLC,"Salt Lake City, UT",UT,49,Utah,87,11292,1129202,30325,DEN,"Denver, CO",CO,8,Colorado,82,500,-9.0,0.0,0.0,-1.0,0001-0559,11.0,502.0,554.0,7.0,636,601.0,-35.0,0.0,0.0,-2.0,0600-0659,0.0,,0.0,96.0,70.0,52.0,1.0,391.0,2,,,0.0,,0.0,,,,0,,,,,,,,,,,,,,,,,,,,,,,,,,,,,,,,,,,,,,,,,,,,,N,8.0,8.0,4.0,6.0,3.0,0.0,27.0,32.0,5,6,0.0,2.0,28.0,34.0,3,3,0,1.0,1.0,N310FR,N310FR-F9-0,28.0,39.0,5.0,33.0,44.0,,,0.0,28,33,0.0,0.0
N310FR,726.0,2019,2,5,2,4,2019-05-02,F9,F9,20436,F9,454,,,,,F9,20436,F9,454,11292,1129202,30325,DEN,"Denver, CO",CO,8,Colorado,82,12264,1226402,30852,IAD,"Washington, DC",VA,51,Virginia,38,731,-5.0,0.0,0.0,-1.0,0700-0759,16.0,742.0,1224.0,8.0,1251,1232.0,-19.0,0.0,0.0,-2.0,1200-1259,0.0,,0.0,200.0,186.0,162.0,1.0,1452.0,6,,,0.0,,0.0,,,,0,,,,,,,,,,,,,,,,,,,,,,,,,,,,,,,,,,,,,,,,,,,,,N,8.0,0.0,7.0,12.0,2.0,2.0,38.0,50.0,7,12,2.0,3.0,38.0,51.0,2,2,1,1.0,0.0,N310FR,N310FR-F9-1,38.0,50.0,12.0,50.0,62.0,32.0,6.0,0.0,41,53,3.0,8.64
N310PQ,650.0,2019,2,5,2,4,2019-05-02,DL,DL_CODESHARE,19790,DL,5072,,,,,9E,20363,9E,5072,11042,1104205,30647,CLE,"Cleveland, OH",OH,39,Ohio,44,12953,1295304,31703,LGA,"New York, NY",NY,36,New York,22,700,-10.0,0.0,0.0,-1.0,0700-0759,21.0,711.0,823.0,11.0,842,834.0,-8.0,0.0,0.0,-1.0,0800-0859,0.0,,0.0,102.0,104.0,72.0,1.0,419.0,2,,,0.0,,0.0,,,,0,,,,,,,,,,,,,,,,,,,,,,,,,,,,,,,,,,,,,,,,,,,,,N,0.0,0.0,6.0,8.0,3.0,2.0,27.0,34.0,7,8,0.0,3.0,28.0,35.0,4,4,0,1.0,1.0,N310PQ,N310PQ-DL-0,28.0,39.0,7.0,35.0,46.0,,,0.0,28,35,0.0,0.0
N310PQ,905.0,2019,2,5,2,4,2019-05-02,DL,DL_CODESHARE,19790,DL,5097,,,,,9E,20363,9E,5097,12953,1295304,31703,LGA,"New York, NY",NY,36,New York,22,11057,1105703,31057,CLT,"Charlotte, NC",NC,37,North Carolina,36,910,-5.0,0.0,0.0,-1.0,0900-0959,34.0,939.0,1102.0,7.0,1125,1109.0,-16.0,0.0,0.0,-2.0,1100-1159,0.0,,0.0,135.0,124.0,83.0,1.0,544.0,3,,,0.0,,0.0,,,,0,,,,,,,,,,,,,,,,,,,,,,,,,,,,,,,,,,,,,,,,,,,,,N,0.0,0.0,9.0,11.0,0.0,1.0,36.0,45.0,9,11,1.0,2.0,37.0,46.0,1,1,1,1.0,0.0,N310PQ,N310PQ-DL-1,37.0,48.0,9.0,46.0,57.0,34.0,2.0,0.0,38,49,3.0,5.0
N311DN,605.0,2019,2,5,2,4,2019-05-02,DL,DL,19790,DL,1453,,,,,DL,19790,DL,1453,14107,1410702,30466,PHX,"Phoenix, AZ",AZ,4,Arizona,81,11433,1143302,31295,DTW,"Detroit, MI",MI,26,Michigan,43,605,0.0,0.0,0.0,0.0,0600-0659,16.0,621.0,1231.0,10.0,1254,1241.0,-13.0,0.0,0.0,-1.0,1200-1259,0.0,,0.0,229.0,216.0,190.0,1.0,1671.0,7,,,0.0,,0.0,,,,0,,,,,,,,,,,,,,,,,,,,,,,,,,,,,,,,,,,,,,,,,,,,,N,8.0,0.0,6.0,12.0,0.0,3.0,32.0,51.0,6,12,0.0,4.0,32.0,52.0,7,7,0,0.0,0.0,N311DN,N311DN-DL-0,32.0,44.0,19.0,51.0,63.0,,,0.0,32,51,0.0,0.0
N311FR,633.0,2019,2,5,2,4,2019-05-02,F9,F9,20436,F9,1807,,,,,F9,20436,F9,1807,10397,1039707,30397,ATL,"Atlanta, GA",GA,13,Georgia,34,14683,1468305,33214,SAT,"San Antonio, TX",TX,48,Texas,74,640,-7.0,0.0,0.0,-1.0,0600-0659,24.0,657.0,805.0,13.0,818,818.0,0.0,0.0,0.0,0.0,0800-0859,0.0,,0.0,158.0,165.0,128.0,1.0,874.0,4,,,0.0,,0.0,,,,0,,,,,,,,,,,,,,,,,,,,,,,,,,,,,,,,,,,,,,,,,,,,,N,0.0,4.0,6.0,8.0,2.0,1.0,26.0,37.0,6,8,3.0,1.0,27.0,37.0,5,5,0,0.0,0.0,N311FR,N311FR-F9-0,27.0,38.0,11.0,38.0,49.0,,,0.0,27,38,0.0,0.0
N312DN,730.0,2019,2,5,2,4,2019-05-02,DL,DL,19790,DL,2185,,,,,DL,19790,DL,2185,11697,1169706,32467,FLL,"Fort Lauderdale, FL",FL,12,Florida,33,12478,1247805,31703,JFK,"New York, NY",NY,36,New York,22,730,0.0,0.0,0.0,0.0,0700-0759,20.0,750.0,1012.0,9.0,1020,1021.0,1.0,1.0,0.0,0.0,1000-1059,0.0,,0.0,170.0,171.0,142.0,1.0,1069.0,5,,,0.0,,0.0,,,,0,,,,,,,,,,,,,,,,,,,,,,,,,,,,,,,,,,,,,,,,,,,,,N,0.0,0.0,7.0,10.0,2.0,1.0,30.0,41.0,7,10,2.0,1.0,30.0,41.0,1,1,0,0.0,0.0,N312DN,N312DN-DL-0,30.0,42.0,11.0,41.0,53.0,,,0.0,30,41,0.0,0.0
N312FR,139.0,2019,2,5,2,4,2019-05-02,F9,F9,20436,F9,772,,,,,F9,20436,F9,772,12889,1288903,32211,LAS,"Las Vegas, NV",NV,32,Nevada,85,11292,1129202,30325,DEN,"Denver, CO",CO,8,Colorado,82,139,0.0,0.0,0.0,0.0,0001-0559,34.0,213.0,428.0,14.0,440,442.0,2.0,2.0,0.0,0.0,0001-0559,0.0,,0.0,121.0,123.0,75.0,1.0,628.0,3,,,0.0,,0.0,,,,0,,,,,,,,,,,,,,,,,,,,,,,,,,,,,,,,,,,,,,,,,,,,,N,12.0,8.0,1.0,4.0,3.0,3.0,19.0,27.0,1,4,3.0,3.0,19.0,27.0,9,9,0,1.0,1.0,N312FR,N312FR-F9-0,19.0,31.0,8.0,27.0,39.0,,,0.0,19,27,0.0,0.0
N312FR,815.0,2019,2,5,2,4,2019-05-02,F9,F9,20436,F9,224,,,,,F9,20436,F9,224,11292,1129202,30325,DEN,"Denver, CO",CO,8,Colorado,82,11697,1169706,32467,FLL,"Fort Lauderdale, FL",FL,12,Florida,33,710,65.0,65.0,1.0,4.0,0700-0759,13.0,828.0,1430.0,9.0,1304,1439.0,95.0,95.0,1.0,6.0,1300-1359,0.0,,0.0,234.0,264.0,242.0,1.0,1703.0,7,65.0,0.0,30.0,0.0,0.0,,,,0,,,,,,,,,,,,,,,,,,,,,,,,,,,,,,,,,,,,,,,,,,,,,N,8.0,0.0,8.0,14.0,1.0,3.0,41.0,59.0,7,13,1.0,0.0,37.0,52.0,5,5,1,1.0,0.0,N312FR,N312FR-F9-1,39.0,53.0,18.0,57.0,71.0,27.0,14.0,2.0,39,57,0.0,0.0
N312US,621.0,2019,2,5,2,4,2019-05-02,DL,DL,19790,DL,2065,,,,,DL,19790,DL,2065,10620,1062003,30620,BIL,"Billings, MT",MT,30,Montana,84,13487,1348702,31650,MSP,"Minneapolis, MN",MN,27,Minnesota,63,626,-5.0,0.0,0.0,-1.0,0600-0659,10.0,631.0,910.0,8.0,925,918.0,-7.0,0.0,0.0,-1.0,0900-0959,0.0,,0.0,119.0,117.0,99.0,1.0,748.0,3,,,0.0,,0.0,,,,0,,,,,,,,,,,,,,,,,,,,,,,,,,,,,,,,,,,,,,,,,,,,,N,8.0,4.0,6.0,9.0,1.0,1.0,33.0,41.0,6,9,2.0,2.0,34.0,42.0,4,4,0,0.0,0.0,N312US,N312US-DL-0,34.0,45.0,8.0,42.0,53.0,,,0.0,34,42,0.0,0.0
N313DN,558.0,2019,2,5,2,4,2019-05-02,DL,DL,19790,DL,2276,,,,,DL,19790,DL,2276,13204,1320402,31454,MCO,"Orlando, FL",FL,12,Florida,33,12953,1295304,31703,LGA,"New York, NY",NY,36,New York,22,600,-2.0,0.0,0.0,-1.0,0600-0659,12.0,610.0,819.0,10.0,835,829.0,-6.0,0.0,0.0,-1.0,0800-0859,0.0,,0.0,155.0,151.0,129.0,1.0,950.0,4,,,0.0,,0.0,,,,0,,,,,,,,,,,,,,,,,,,,,,,,,,,,,,,,,,,,,,,,,,,,,N,0.0,0.0,5.0,8.0,4.0,2.0,24.0,34.0,6,8,0.0,2.0,24.0,34.0,1,1,0,1.0,1.0,N313DN,N313DN-DL-0,24.0,36.0,10.0,34.0,46.0,,,0.0,25,35,1.0,1.3
N313DN,939.0,2019,2,5,2,4,2019-05-02,DL,DL,19790,DL,925,,,,,DL,19790,DL,925,12953,1295304,31703,LGA,"New York, NY",NY,36,New York,22,13204,1320402,31454,MCO,"Orlando, FL",FL,12,Florida,33,940,-1.0,0.0,0.0,-1.0,0900-0959,32.0,1011.0,1222.0,6.0,1247,1228.0,-19.0,0.0,0.0,-2.0,1200-1259,0.0,,0.0,187.0,169.0,131.0,1.0,950.0,4,,,0.0,,0.0,,,,0,,,,,,,,,,,,,,,,,,,,,,,,,,,,,,,,,,,,,,,,,,,,,N,0.0,0.0,9.0,12.0,3.0,2.0,39.0,50.0,9,12,3.0,3.0,39.0,51.0,5,5,1,1.0,0.0,N313DN,N313DN-DL-1,39.0,51.0,11.0,50.0,62.0,34.0,5.0,0.0,43,54,4.0,23.74
N313FR,536.0,2019,2,5,2,4,2019-05-02,F9,F9,20436,F9,110,,,,,F9,20436,F9,110,11292,1129202,30325,DEN,"Denver, CO",CO,8,Colorado,82,10529,1052906,30529,BDL,"Hartford, CT",CT,9,Connecticut,11,530,6.0,6.0,0.0,0.0,0001-0559,13.0,549.0,1054.0,9.0,1118,1103.0,-15.0,0.0,0.0,-1.0,1100-1159,0.0,,0.0,228.0,207.0,185.0,1.0,1671.0,7,,,0.0,,0.0,,,,0,,,,,,,,,,,,,,,,,,,,,,,,,,,,,,,,,,,,,,,,,,,,,N,8.0,0.0,5.0,11.0,2.0,0.0,30.0,44.0,5,11,2.0,1.0,30.0,45.0,5,5,0,0.0,0.0,N313FR,N313FR-F9-0,30.0,42.0,14.0,44.0,56.0,,,0.0,30,44,0.0,0.0
N313PQ,651.0,2019,2,5,2,4,2019-05-02,DL,DL_CODESHARE,19790,DL,5287,,,,,9E,20363,9E,5287,15412,1541205,35412,TYS,"Knoxville, TN",TN,47,Tennessee,54,10397,1039707,30397,ATL,"Atlanta, GA",GA,13,Georgia,34,701,-10.0,0.0,0.0,-1.0,0700-0759,26.0,717.0,751.0,6.0,804,757.0,-7.0,0.0,0.0,-1.0,0800-0859,0.0,,0.0,63.0,66.0,34.0,1.0,152.0,1,,,0.0,,0.0,,,,0,,,,,,,,,,,,,,,,,,,,,,,,,,,,,,,,,,,,,,,,,,,,,N,0.0,0.0,6.0,7.0,3.0,4.0,27.0,32.0,7,8,0.0,0.0,28.0,32.0,4,4,0,1.0,1.0,N313PQ,N313PQ-DL-0,28.0,39.0,5.0,33.0,44.0,,,0.0,28,33,0.0,0.0
N313PQ,846.0,2019,2,5,2,4,2019-05-02,DL,DL_CODESHARE,19790,DL,5059,,,,,9E,20363,9E,5059,10397,1039707,30397,ATL,"Atlanta, GA",GA,13,Georgia,34,11823,1182304,31823,FWA,"Fort Wayne, IN",IN,18,Indiana,42,850,-4.0,0.0,0.0,-1.0,0800-0859,18.0,904.0,1016.0,3.0,1032,1019.0,-13.0,0.0,0.0,-1.0,1000-1059,0.0,,0.0,102.0,93.0,72.0,1.0,508.0,3,,,0.0,,0.0,,,,0,,,,,,,,,,,,,,,,,,,,,,,,,,,,,,,,,,,,,,,,,,,,,N,0.0,0.0,8.0,10.0,3.0,1.0,35.0,41.0,8,10,3.0,2.0,35.0,42.0,2,2,1,1.0,0.0,N313PQ,N313PQ-DL-1,35.0,47.0,6.0,41.0,53.0,32.0,3.0,0.0,36,42,1.0,2.3
N314DN,609.0,2019,2,5,2,4,2019-05-02,DL,DL,19790,DL,1807,,,,,DL,19790,DL,1807,10849,1084905,30849,BZN,"Bozeman, MT",MT,30,Montana,84,14869,1486903,34614,SLC,"Salt Lake City, UT",UT,49,Utah,87,615,-6.0,0.0,0.0,-1.0,0600-0659,18.0,627.0,718.0,7.0,728,725.0,-3.0,0.0,0.0,-1.0,0700-0759,0.0,,0.0,73.0,76.0,51.0,1.0,347.0,2,,,0.0,,0.0,,,,0,,,,,,,,,,,,,,,,,,,,,,,,,,,,,,,,,,,,,,,,,,,,,N,8.0,8.0,6.0,7.0,1.0,2.0,33.0,38.0,6,7,1.0,2.0,33.0,38.0,7,7,0,0.0,0.0,N314DN,N314DN-DL-0,33.0,45.0,5.0,38.0,50.0,,,0.0,33,38,0.0,0.0
N314NB,856.0,2019,2,5,2,4,2019-05-02,DL,DL,19790,DL,804,,,,,DL,19790,DL,804,12953,1295304,31703,LGA,"New York, NY",NY,36,New York,22,12266,1226603,31453,IAH,"Houston, TX",TX,48,Texas,74,900,-4.0,0.0,0.0,-1.0,0900-0959,14.0,910.0,1219.0,13.0,1204,1232.0,28.0,28.0,1.0,1.0,1200-1259,0.0,,0.0,244.0,276.0,249.0,1.0,1416.0,6,0.0,0.0,28.0,0.0,0.0,,,,0,,,,,,,,,,,,,,,,,,,,,,,,,,,,,,,,,,,,,,,,,,,,,N,0.0,4.0,8.0,12.0,4.0,2.0,36.0,54.0,9,12,0.0,0.0,36.0,52.0,6,6,0,0.0,0.0,N314NB,N314NB-DL-0,36.0,48.0,18.0,54.0,66.0,,,2.0,36,54,0.0,0.0
N315AS,531.0,2019,2,5,2,4,2019-05-02,AS,AS,19930,AS,636,,,,,AS,19930,AS,636,14747,1474703,30559,SEA,"Seattle, WA",WA,53,Washington,93,14107,1410702,30466,PHX,"Phoenix, AZ",AZ,4,Arizona,81,530,1.0,1.0,0.0,0.0,0001-0559,14.0,545.0,800.0,5.0,835,805.0,-30.0,0.0,0.0,-2.0,0800-0859,0.0,,0.0,185.0,154.0,135.0,1.0,1107.0,5,,,0.0,,0.0,,,,0,,,,,,,,,,,,,,,,,,,,,,,,,,,,,,,,,,,,,,,,,,,,,N,12.0,8.0,5.0,8.0,2.0,0.0,34.0,40.0,5,8,2.0,2.0,34.0,42.0,5,5,0,0.0,0.0,N315AS,N315AS-AS-0,34.0,46.0,6.0,40.0,52.0,,,0.0,34,41,1.0,5.28
N315DN,516.0,2019,2,5,2,4,2019-05-02,DL,DL,19790,DL,1991,,,,,DL,19790,DL,1991,13487,1348702,31650,MSP,"Minneapolis, MN",MN,27,Minnesota,63,10397,1039707,30397,ATL,"Atlanta, GA",GA,13,Georgia,34,520,-4.0,0.0,0.0,-1.0,0001-0559,11.0,527.0,827.0,9.0,848,836.0,-12.0,0.0,0.0,-1.0,0800-0859,0.0,,0.0,148.0,140.0,120.0,1.0,907.0,4,,,0.0,,0.0,,,,0,,,,,,,,,,,,,,,,,,,,,,,,,,,,,,,,,,,,,,,,,,,,,N,4.0,0.0,5.0,8.0,1.0,2.0,25.0,34.0,5,8,1.0,3.0,25.0,35.0,6,6,0,1.0,1.0,N315DN,N315DN-DL-0,25.0,37.0,9.0,34.0,46.0,,,0.0,25,34,0.0,0.0
N315DN,943.0,2019,2,5,2,4,2019-05-02,DL,DL,19790,DL,2602,,,,,DL,19790,DL,2602,10397,1039707,30397,ATL,"Atlanta, GA",GA,13,Georgia,34,11278,1127805,30852,DCA,"Washington, DC",VA,51,Virginia,38,946,-3.0,0.0,0.0,-1.0,0900-0959,11.0,954.0,1124.0,4.0,1132,1128.0,-4.0,0.0,0.0,-1.0,1100-1159,0.0,,0.0,106.0,105.0,90.0,1.0,547.0,3,,,0.0,,0.0,,,,0,,,,,,,,,,,,,,,,,,,,,,,,,,,,,,,,,,,,,,,,,,,,,N,0.0,0.0,9.0,11.0,3.0,2.0,39.0,46.0,9,11,3.0,2.0,39.0,46.0,8,8,1,1.0,0.0,N315DN,N315DN-DL-1,39.0,51.0,7.0,46.0,58.0,34.0,5.0,0.0,43,50,4.0,35.64
N315NB,820.0,2019,2,5,2,4,2019-05-02,DL,DL,19790,DL,2888,,,,,DL,19790,DL,2888,10423,1042302,30423,AUS,"Austin, TX",TX,48,Texas,74,14869,1486903,34614,SLC,"Salt Lake City, UT",UT,49,Utah,87,820,0.0,0.0,0.0,0.0,0800-0859,17.0,837.0,1010.0,6.0,1014,1016.0,2.0,2.0,0.0,0.0,1000-1059,0.0,,0.0,174.0,176.0,153.0,1.0,1086.0,5,,,0.0,,0.0,,,,0,,,,,,,,,,,,,,,,,,,,,,,,,,,,,,,,,,,,,,,,,,,,,N,4.0,8.0,8.0,10.0,1.0,1.0,37.0,49.0,8,10,1.0,1.0,37.0,49.0,6,6,0,0.0,0.0,N315NB,N315NB-DL-0,37.0,49.0,12.0,49.0,61.0,,,0.0,37,49,0.0,0.0
N315PE,655.0,2019,2,5,2,4,2019-05-02,AA,AA,19805,AA,2445,,,,,AA,19805,AA,2445,13303,1330303,32467,MIA,"Miami, FL",FL,12,Florida,33,11292,1129202,30325,DEN,"Denver, CO",CO,8,Colorado,82,700,-5.0,0.0,0.0,-1.0,0700-0759,20.0,715.0,913.0,9.0,932,922.0,-10.0,0.0,0.0,-1.0,0900-0959,0.0,,0.0,272.0,267.0,238.0,1.0,1709.0,7,,,0.0,,0.0,,,,0,,,,,,,,,,,,,,,,,,,,,,,,,,,,,,,,,,,,,,,,,,,,,N,0.0,8.0,6.0,9.0,4.0,1.0,28.0,45.0,7,9,0.0,2.0,28.0,46.0,9,9,0,0.0,0.0,N315PE,N315PE-AA-0,28.0,40.0,17.0,45.0,57.0,,,0.0,28,45,0.0,0.0
N315PQ,823.0,2019,2,5,2,4,2019-05-02,DL,DL_CODESHARE,19790,DL,5530,,,,,9E,20363,9E,5530,13487,1348702,31650,MSP,"Minneapolis, MN",MN,27,Minnesota,63,11193,1119302,33105,CVG,"Cincinnati, OH",KY,21,Kentucky,52,828,-5.0,0.0,0.0,-1.0,0800-0859,9.0,832.0,1053.0,5.0,1123,1058.0,-25.0,0.0,0.0,-2.0,1100-1159,0.0,,0.0,115.0,95.0,81.0,1.0,596.0,3,,,0.0,,0.0,,,,0,,,,,,,,,,,,,,,,,,,,,,,,,,,,,,,,,,,,,,,,,,,,,N,4.0,0.0,8.0,10.0,2.0,4.0,38.0,44.0,8,11,2.0,2.0,38.0,46.0,8,8,0,0.0,0.0,N315PQ,N315PQ-DL-0,38.0,50.0,6.0,44.0,56.0,,,0.0,38,44,0.0,0.0
N316DN,600.0,2019,2,5,2,4,2019-05-02,DL,DL,19790,DL,774,,,,,DL,19790,DL,774,14683,1468305,33214,SAT,"San Antonio, TX",TX,48,Texas,74,10397,1039707,30397,ATL,"Atlanta, GA",GA,13,Georgia,34,600,0.0,0.0,0.0,0.0,0600-0659,11.0,611.0,903.0,12.0,919,915.0,-4.0,0.0,0.0,-1.0,0900-0959,0.0,,0.0,139.0,135.0,112.0,1.0,874.0,4,,,0.0,,0.0,,,,0,,,,,,,,,,,,,,,,,,,,,,,,,,,,,,,,,,,,,,,,,,,,,N,4.0,0.0,6.0,9.0,0.0,1.0,28.0,37.0,6,9,0.0,1.0,28.0,37.0,4,4,0,0.0,0.0,N316DN,N316DN-DL-0,28.0,40.0,9.0,37.0,49.0,,,0.0,28,37,0.0,0.0
N316FR,612.0,2019,2,5,2,4,2019-05-02,F9,F9,20436,F9,562,,,,,F9,20436,F9,562,11292,1129202,30325,DEN,"Denver, CO",CO,8,Colorado,82,14492,1449202,34492,RDU,"Raleigh/Durham, NC",NC,37,North Carolina,36,600,12.0,12.0,0.0,0.0,0600-0659,18.0,630.0,1130.0,9.0,1121,1139.0,18.0,18.0,1.0,1.0,1100-1159,0.0,,0.0,201.0,207.0,180.0,1.0,1436.0,6,12.0,0.0,6.0,0.0,0.0,,,,0,,,,,,,,,,,,,,,,,,,,,,,,,,,,,,,,,,,,,,,,,,,,,N,8.0,0.0,6.0,11.0,1.0,3.0,33.0,47.0,6,11,0.0,1.0,32.0,45.0,8,8,0,0.0,0.0,N316FR,N316FR-F9-0,33.0,45.0,14.0,47.0,59.0,,,0.0,33,47,0.0,0.0
N316JB,550.0,2019,2,5,2,4,2019-05-02,B6,B6,20409,B6,144,,,,,B6,20409,B6,144,10994,1099402,30994,CHS,"Charleston, SC",SC,45,South Carolina,37,11278,1127805,30852,DCA,"Washington, DC",VA,51,Virginia,38,600,-10.0,0.0,0.0,-1.0,0600-0659,8.0,558.0,657.0,9.0,724,706.0,-18.0,0.0,0.0,-2.0,0700-0759,0.0,,0.0,84.0,76.0,59.0,1.0,444.0,2,,,0.0,,0.0,,,,0,,,,,,,,,,,,,,,,,,,,,,,,,,,,,,,,,,,,,,,,,,,,,N,0.0,0.0,5.0,7.0,3.0,0.0,23.0,28.0,6,7,0.0,2.0,24.0,30.0,4,4,0,1.0,1.0,N316JB,N316JB-B6-0,24.0,35.0,5.0,29.0,40.0,,,0.0,24,29,0.0,0.0
N316JB,832.0,2019,2,5,2,4,2019-05-02,B6,B6,20409,B6,1223,,,,,B6,20409,B6,1223,11278,1127805,30852,DCA,"Washington, DC",VA,51,Virginia,38,13204,1320402,31454,MCO,"Orlando, FL",FL,12,Florida,33,842,-10.0,0.0,0.0,-1.0,0800-0859,27.0,859.0,1052.0,4.0,1103,1056.0,-7.0,0.0,0.0,-1.0,1100-1159,0.0,,0.0,141.0,144.0,113.0,1.0,759.0,4,,,0.0,,0.0,,,,0,,,,,,,,,,,,,,,,,,,,,,,,,,,,,,,,,,,,,,,,,,,,,N,0.0,0.0,8.0,10.0,2.0,4.0,34.0,44.0,8,11,3.0,0.0,35.0,44.0,7,7,1,1.0,0.0,N316JB,N316JB-B6-1,35.0,46.0,10.0,45.0,56.0,28.0,6.0,0.0,35,45,0.0,0.0
N316PF,648.0,2019,2,5,2,4,2019-05-02,AA,AA,19805,AA,1033,,,,,AA,19805,AA,1033,13930,1393007,30977,ORD,"Chicago, IL",IL,17,Illinois,41,11278,1127805,30852,DCA,"Washington, DC",VA,51,Virginia,38,657,-9.0,0.0,0.0,-1.0,0600-0659,12.0,700.0,924.0,6.0,946,930.0,-16.0,0.0,0.0,-2.0,0900-0959,0.0,,0.0,109.0,102.0,84.0,1.0,612.0,3,,,0.0,,0.0,,,,0,,,,,,,,,,,,,,,,,,,,,,,,,,,,,,,,,,,,,,,,,,,,,N,4.0,0.0,6.0,9.0,3.0,2.0,31.0,38.0,6,9,4.0,3.0,32.0,39.0,2,2,0,0.0,0.0,N316PF,N316PF-AA-0,32.0,43.0,7.0,39.0,50.0,,,0.0,32,40,1.0,2.34
N317AS,539.0,2019,2,5,2,4,2019-05-02,AS,AS,19930,AS,966,,,,,AS,19930,AS,966,14747,1474703,30559,SEA,"Seattle, WA",WA,53,Washington,93,14869,1486903,34614,SLC,"Salt Lake City, UT",UT,49,Utah,87,545,-6.0,0.0,0.0,-1.0,0001-0559,15.0,554.0,821.0,4.0,845,825.0,-20.0,0.0,0.0,-2.0,0800-0859,0.0,,0.0,120.0,106.0,87.0,1.0,689.0,3,,,0.0,,0.0,,,,0,,,,,,,,,,,,,,,,,,,,,,,,,,,,,,,,,,,,,,,,,,,,,N,12.0,8.0,5.0,8.0,3.0,2.0,35.0,42.0,5,8,3.0,3.0,35.0,43.0,5,5,0,0.0,0.0,N317AS,N317AS-AS-0,35.0,47.0,7.0,42.0,54.0,,,0.0,36,43,1.0,5.24
N317CA,511.0,2019,2,5,2,4,2019-05-02,DL,DL_CODESHARE,19790,DL,6248,,,,,G7,20500,G7,6248,10469,1046902,30469,AZO,"Kalamazoo, MI",MI,26,Michigan,43,11433,1143302,31295,DTW,"Detroit, MI",MI,26,Michigan,43,520,-9.0,0.0,0.0,-1.0,0001-0559,16.0,527.0,552.0,14.0,611,606.0,-5.0,0.0,0.0,-1.0,0600-0659,0.0,,0.0,51.0,55.0,25.0,1.0,113.0,1,,,0.0,,0.0,,,,0,,,,,,,,,,,,,,,,,,,,,,,,,,,,,,,,,,,,,,,,,,,,,N,0.0,0.0,5.0,6.0,1.0,0.0,21.0,24.0,5,6,1.0,1.0,21.0,25.0,1,1,0,2.0,2.0,N317CA,N317CA-DL-0,21.0,33.0,3.0,24.0,36.0,,,0.0,21,24,0.0,0.0
N317CA,702.0,2019,2,5,2,4,2019-05-02,DL,DL_CODESHARE,19790,DL,6297,,,,,G7,20500,G7,6297,11433,1143302,31295,DTW,"Detroit, MI",MI,26,Michigan,43,14122,1412202,30198,PIT,"Pittsburgh, PA",PA,42,Pennsylvania,23,705,-3.0,0.0,0.0,-1.0,0700-0759,18.0,720.0,800.0,8.0,811,808.0,-3.0,0.0,0.0,-1.0,0800-0859,0.0,,0.0,66.0,66.0,40.0,1.0,201.0,1,,,0.0,,0.0,,,,0,,,,,,,,,,,,,,,,,,,,,,,,,,,,,,,,,,,,,,,,,,,,,N,0.0,0.0,7.0,8.0,0.0,1.0,28.0,33.0,7,8,0.0,1.0,28.0,33.0,5,5,1,2.0,1.0,N317CA,N317CA-DL-1,28.0,40.0,5.0,33.0,45.0,24.0,4.0,0.0,28,33,0.0,0.0
N317CA,839.0,2019,2,5,2,4,2019-05-02,DL,DL_CODESHARE,19790,DL,6297,,,,,G7,20500,G7,6297,14122,1412202,30198,PIT,"Pittsburgh, PA",PA,42,Pennsylvania,23,11433,1143302,31295,DTW,"Detroit, MI",MI,26,Michigan,43,846,-7.0,0.0,0.0,-1.0,0800-0859,14.0,853.0,933.0,8.0,956,941.0,-15.0,0.0,0.0,-1.0,0900-0959,0.0,,0.0,70.0,62.0,40.0,1.0,201.0,1,,,0.0,,0.0,,,,0,,,,,,,,,,,,,,,,,,,,,,,,,,,,,,,,,,,,,,,,,,,,,N,0.0,0.0,8.0,9.0,3.0,3.0,35.0,39.0,8,9,3.0,4.0,35.0,40.0,4,4,2,2.0,0.0,N317CA,N317CA-DL-2,35.0,47.0,4.0,39.0,51.0,33.0,2.0,0.0,35,39,0.0,0.0
N317DN,656.0,2019,2,5,2,4,2019-05-02,DL,DL,19790,DL,1903,,,,,DL,19790,DL,1903,12953,1295304,31703,LGA,"New York, NY",NY,36,New York,22,10397,1039707,30397,ATL,"Atlanta, GA",GA,13,Georgia,34,700,-4.0,0.0,0.0,-1.0,0700-0759,16.0,712.0,907.0,11.0,929,918.0,-11.0,0.0,0.0,-1.0,0900-0959,0.0,,0.0,149.0,142.0,115.0,1.0,762.0,4,,,0.0,,0.0,,,,0,,,,,,,,,,,,,,,,,,,,,,,,,,,,,,,,,,,,,,,,,,,,,N,0.0,0.0,6.0,9.0,4.0,1.0,28.0,37.0,7,9,0.0,2.0,28.0,38.0,1,1,0,0.0,0.0,N317DN,N317DN-DL-0,28.0,40.0,9.0,37.0,49.0,,,0.0,28,37,0.0,0.0
N317FR,619.0,2019,2,5,2,4,2019-05-02,F9,F9,20436,F9,2034,,,,,F9,20436,F9,2034,12889,1288903,32211,LAS,"Las Vegas, NV",NV,32,Nevada,85,12264,1226402,30852,IAD,"Washington, DC",VA,51,Virginia,38,627,-8.0,0.0,0.0,-1.0,0600-0659,11.0,630.0,1328.0,19.0,1356,1347.0,-9.0,0.0,0.0,-1.0,1300-1359,0.0,,0.0,269.0,268.0,238.0,1.0,2065.0,9,,,0.0,,0.0,,,,0,,,,,,,,,,,,,,,,,,,,,,,,,,,,,,,,,,,,,,,,,,,,,N,12.0,0.0,6.0,13.0,1.0,3.0,37.0,55.0,6,13,2.0,4.0,38.0,56.0,1,1,0,0.0,0.0,N317FR,N317FR-F9-0,38.0,49.0,18.0,56.0,67.0,,,0.0,38,56,0.0,0.0
N317JB,638.0,2019,2,5,2,4,2019-05-02,B6,B6,20409,B6,159,,,,,B6,20409,B6,159,10721,1072102,30721,BOS,"Boston, MA",MA,25,Massachusetts,13,14100,1410005,34100,PHL,"Philadelphia, PA",PA,42,Pennsylvania,23,645,-7.0,0.0,0.0,-1.0,0600-0659,47.0,725.0,831.0,8.0,820,839.0,19.0,19.0,1.0,1.0,0800-0859,0.0,,0.0,95.0,121.0,66.0,1.0,280.0,2,0.0,0.0,19.0,0.0,0.0,,,,0,,,,,,,,,,,,,,,,,,,,,,,,,,,,,,,,,,,,,,,,,,,,,N,0.0,0.0,6.0,8.0,3.0,3.0,27.0,35.0,6,8,3.0,1.0,27.0,33.0,3,3,0,1.0,1.0,N317JB,N317JB-B6-0,27.0,39.0,8.0,35.0,47.0,,,1.0,27,35,0.0,0.0
N317JB,909.0,2019,2,5,2,4,2019-05-02,B6,B6,20409,B6,1776,,,,,B6,20409,B6,1776,14100,1410005,34100,PHL,"Philadelphia, PA",PA,42,Pennsylvania,23,10721,1072102,30721,BOS,"Boston, MA",MA,25,Massachusetts,13,911,-2.0,0.0,0.0,-1.0,0900-0959,38.0,947.0,1041.0,6.0,1051,1047.0,-4.0,0.0,0.0,-1.0,1000-1059,0.0,,0.0,100.0,98.0,54.0,1.0,280.0,2,,,0.0,,0.0,,,,0,,,,,,,,,,,,,,,,,,,,,,,,,,,,,,,,,,,,,,,,,,,,,N,0.0,0.0,9.0,10.0,1.0,3.0,37.0,43.0,9,10,1.0,3.0,37.0,43.0,1,1,1,1.0,0.0,N317JB,N317JB-B6-1,37.0,49.0,6.0,43.0,55.0,35.0,2.0,0.0,37,46,3.0,5.0
N317NB,610.0,2019,2,5,2,4,2019-05-02,DL,DL,19790,DL,2968,,,,,DL,19790,DL,2968,10423,1042302,30423,AUS,"Austin, TX",TX,48,Texas,74,13487,1348702,31650,MSP,"Minneapolis, MN",MN,27,Minnesota,63,615,-5.0,0.0,0.0,-1.0,0600-0659,18.0,628.0,839.0,4.0,857,843.0,-14.0,0.0,0.0,-1.0,0800-0859,0.0,,0.0,162.0,153.0,131.0,1.0,1042.0,5,,,0.0,,0.0,,,,0,,,,,,,,,,,,,,,,,,,,,,,,,,,,,,,,,,,,,,,,,,,,,N,4.0,4.0,6.0,8.0,1.0,3.0,29.0,39.0,6,8,1.0,4.0,29.0,40.0,6,6,0,0.0,0.0,N317NB,N317NB-DL-0,29.0,41.0,10.0,39.0,51.0,,,0.0,29,39,0.0,0.0
N317PG,736.0,2019,2,5,2,4,2019-05-02,AA,AA,19805,AA,2491,,,,,AA,19805,AA,2491,11433,1143302,31295,DTW,"Detroit, MI",MI,26,Michigan,43,11298,1129806,30194,DFW,"Dallas/Fort Worth, TX",TX,48,Texas,74,740,-4.0,0.0,0.0,-1.0,0700-0759,15.0,751.0,936.0,17.0,945,953.0,8.0,8.0,0.0,0.0,0900-0959,0.0,,0.0,185.0,197.0,165.0,1.0,986.0,4,,,0.0,,0.0,,,,0,,,,,,,,,,,,,,,,,,,,,,,,,,,,,,,,,,,,,,,,,,,,,N,0.0,4.0,7.0,9.0,2.0,4.0,30.0,44.0,7,9,3.0,3.0,31.0,43.0,4,4,0,0.0,0.0,N317PG,N317PG-AA-0,31.0,42.0,14.0,45.0,56.0,,,0.0,31,45,0.0,0.0
N318DX,525.0,2019,2,5,2,4,2019-05-02,DL,DL,19790,DL,1718,,,,,DL,19790,DL,1718,13486,1348602,33486,MSO,"Missoula, MT",MT,30,Montana,84,13487,1348702,31650,MSP,"Minneapolis, MN",MN,27,Minnesota,63,525,0.0,0.0,0.0,0.0,0001-0559,15.0,540.0,845.0,5.0,859,850.0,-9.0,0.0,0.0,-1.0,0800-0859,0.0,,0.0,154.0,145.0,125.0,1.0,1013.0,5,,,0.0,,0.0,,,,0,,,,,,,,,,,,,,,,,,,,,,,,,,,,,,,,,,,,,,,,,,,,,N,8.0,4.0,5.0,8.0,2.0,3.0,30.0,39.0,5,8,2.0,4.0,30.0,40.0,9,9,0,0.0,0.0,N318DX,N318DX-DL-0,30.0,42.0,9.0,39.0,51.0,,,0.0,30,39,0.0,0.0
N318FR,106.0,2019,2,5,2,4,2019-05-02,F9,F9,20436,F9,662,,,,,F9,20436,F9,662,14771,1477104,32457,SFO,"San Francisco, CA",CA,6,California,91,11292,1129202,30325,DEN,"Denver, CO",CO,8,Colorado,82,50,16.0,16.0,1.0,1.0,0001-0559,15.0,121.0,415.0,8.0,428,423.0,-5.0,0.0,0.0,-1.0,0001-0559,0.0,,0.0,158.0,137.0,114.0,1.0,967.0,4,,,0.0,,0.0,,,,0,,,,,,,,,,,,,,,,,,,,,,,,,,,,,,,,,,,,,,,,,,,,,N,12.0,8.0,1.0,4.0,0.0,2.0,16.0,26.0,0,4,3.0,2.0,15.0,26.0,8,8,0,0.0,0.0,N318FR,N318FR-F9-0,16.0,28.0,10.0,26.0,38.0,,,0.0,16,26,0.0,0.0
N318JB,616.0,2019,2,5,2,4,2019-05-02,B6,B6,20409,B6,1279,,,,,B6,20409,B6,1279,11278,1127805,30852,DCA,"Washington, DC",VA,51,Virginia,38,11697,1169706,32467,FLL,"Fort Lauderdale, FL",FL,12,Florida,33,617,-1.0,0.0,0.0,-1.0,0600-0659,25.0,641.0,847.0,6.0,854,853.0,-1.0,0.0,0.0,-1.0,0800-0859,0.0,,0.0,157.0,157.0,126.0,1.0,899.0,4,,,0.0,,0.0,,,,0,,,,,,,,,,,,,,,,,,,,,,,,,,,,,,,,,,,,,,,,,,,,,N,0.0,0.0,6.0,8.0,1.0,4.0,25.0,36.0,6,8,1.0,4.0,25.0,36.0,9,9,0,0.0,0.0,N318JB,N318JB-B6-0,25.0,37.0,11.0,36.0,48.0,,,0.0,25,36,0.0,0.0
N318NB,613.0,2019,2,5,2,4,2019-05-02,DL,DL,19790,DL,1639,,,,,DL,19790,DL,1639,14683,1468305,33214,SAT,"San Antonio, TX",TX,48,Texas,74,13487,1348702,31650,MSP,"Minneapolis, MN",MN,27,Minnesota,63,615,-2.0,0.0,0.0,-1.0,0600-0659,9.0,622.0,831.0,19.0,906,850.0,-16.0,0.0,0.0,-2.0,0900-0959,0.0,,0.0,171.0,157.0,129.0,1.0,1097.0,5,,,0.0,,0.0,,,,0,,,,,,,,,,,,,,,,,,,,,,,,,,,,,,,,,,,,,,,,,,,,,N,4.0,4.0,6.0,8.0,1.0,3.0,29.0,39.0,6,9,1.0,0.0,29.0,40.0,3,3,0,0.0,0.0,N318NB,N318NB-DL-0,29.0,41.0,10.0,39.0,51.0,,,0.0,29,39,0.0,0.0
N319DN,800.0,2019,2,5,2,4,2019-05-02,DL,DL,19790,DL,559,,,,,DL,19790,DL,559,11433,1143302,31295,DTW,"Detroit, MI",MI,26,Michigan,43,11697,1169706,32467,FLL,"Fort Lauderdale, FL",FL,12,Florida,33,800,0.0,0.0,0.0,0.0,0800-0859,11.0,811.0,1046.0,3.0,1058,1049.0,-9.0,0.0,0.0,-1.0,1000-1059,0.0,,0.0,178.0,169.0,155.0,1.0,1127.0,5,,,0.0,,0.0,,,,0,,,,,,,,,,,,,,,,,,,,,,,,,,,,,,,,,,,,,,,,,,,,,N,0.0,0.0,8.0,10.0,0.0,3.0,32.0,43.0,8,10,0.0,4.0,32.0,44.0,3,3,0,0.0,0.0,N319DN,N319DN-DL-0,32.0,44.0,11.0,43.0,55.0,,,0.0,32,43,0.0,0.0
N319NB,731.0,2019,2,5,2,4,2019-05-02,DL,DL,19790,DL,1722,,,,,DL,19790,DL,1722,13198,1319801,33198,MCI,"Kansas City, MO",MO,29,Missouri,64,12892,1289208,32575,LAX,"Los Angeles, CA",CA,6,California,91,705,26.0,26.0,1.0,1.0,0700-0759,10.0,741.0,850.0,13.0,834,903.0,29.0,29.0,1.0,1.0,0800-0859,0.0,,0.0,209.0,212.0,189.0,1.0,1363.0,6,0.0,0.0,29.0,0.0,0.0,,,,0,,,,,,,,,,,,,,,,,,,,,,,,,,,,,,,,,,,,,,,,,,,,,N,4.0,12.0,7.0,9.0,2.0,0.0,34.0,48.0,7,8,0.0,2.0,32.0,46.0,4,4,0,0.0,0.0,N319NB,N319NB-DL-0,32.0,46.0,14.0,46.0,60.0,,,2.0,32,46,0.0,0.0
N319PQ,559.0,2019,2,5,2,4,2019-05-02,DL,DL_CODESHARE,19790,DL,5208,,,,,9E,20363,9E,5208,12451,1245102,31136,JAX,"Jacksonville, FL",FL,12,Florida,33,12478,1247805,31703,JFK,"New York, NY",NY,36,New York,22,605,-6.0,0.0,0.0,-1.0,0600-0659,12.0,611.0,803.0,9.0,825,812.0,-13.0,0.0,0.0,-1.0,0800-0859,0.0,,0.0,140.0,133.0,112.0,1.0,828.0,4,,,0.0,,0.0,,,,0,,,,,,,,,,,,,,,,,,,,,,,,,,,,,,,,,,,,,,,,,,,,,N,0.0,0.0,5.0,8.0,4.0,1.0,24.0,33.0,6,8,0.0,2.0,24.0,34.0,3,3,0,0.0,0.0,N319PQ,N319PQ-DL-0,24.0,36.0,9.0,33.0,45.0,,,0.0,24,33,0.0,0.0
N319US,700.0,2019,2,5,2,4,2019-05-02,DL,DL,19790,DL,2410,,,,,DL,19790,DL,2410,11259,1125904,30194,DAL,"Dallas, TX",TX,48,Texas,74,10397,1039707,30397,ATL,"Atlanta, GA",GA,13,Georgia,34,700,0.0,0.0,0.0,0.0,0700-0759,10.0,710.0,947.0,10.0,1004,957.0,-7.0,0.0,0.0,-1.0,1000-1059,0.0,,0.0,124.0,117.0,97.0,1.0,721.0,3,,,0.0,,0.0,,,,0,,,,,,,,,,,,,,,,,,,,,,,,,,,,,,,,,,,,,,,,,,,,,N,4.0,0.0,7.0,9.0,0.0,4.0,32.0,40.0,7,10,0.0,0.0,32.0,40.0,2,2,0,0.0,0.0,N319US,N319US-DL-0,32.0,44.0,8.0,40.0,52.0,,,0.0,32,40,0.0,0.0
N320AS,706.0,2019,2,5,2,4,2019-05-02,AS,AS,19930,AS,201,,,,,AS,19930,AS,201,13930,1393007,30977,ORD,"Chicago, IL",IL,17,Illinois,41,14771,1477104,32457,SFO,"San Francisco, CA",CA,6,California,91,715,-9.0,0.0,0.0,-1.0,0700-0759,19.0,725.0,959.0,6.0,1005,1005.0,0.0,0.0,0.0,0.0,1000-1059,0.0,,0.0,290.0,299.0,274.0,1.0,1846.0,8,,,0.0,,0.0,,,,0,,,,,,,,,,,,,,,,,,,,,,,,,,,,,,,,,,,,,,,,,,,,,N,4.0,12.0,7.0,10.0,0.0,0.0,32.0,52.0,7,10,1.0,0.0,33.0,52.0,7,7,0,0.0,0.0,N320AS,N320AS-AS-0,33.0,44.0,20.0,53.0,64.0,,,0.0,33,53,0.0,0.0
N320DN,648.0,2019,2,5,2,4,2019-05-02,DL,DL,19790,DL,1537,,,,,DL,19790,DL,1537,14107,1410702,30466,PHX,"Phoenix, AZ",AZ,4,Arizona,81,13487,1348702,31650,MSP,"Minneapolis, MN",MN,27,Minnesota,63,650,-2.0,0.0,0.0,-1.0,0600-0659,9.0,657.0,1125.0,8.0,1152,1133.0,-19.0,0.0,0.0,-2.0,1100-1159,0.0,,0.0,182.0,165.0,148.0,1.0,1276.0,6,,,0.0,,0.0,,,,0,,,,,,,,,,,,,,,,,,,,,,,,,,,,,,,,,,,,,,,,,,,,,N,8.0,4.0,6.0,11.0,3.0,2.0,35.0,50.0,6,11,3.0,3.0,35.0,51.0,4,4,0,0.0,0.0,N320DN,N320DN-DL-0,35.0,47.0,15.0,50.0,62.0,,,0.0,35,50,0.0,0.0
N320NB,708.0,2019,2,5,2,4,2019-05-02,DL,DL,19790,DL,1088,,,,,DL,19790,DL,1088,11433,1143302,31295,DTW,"Detroit, MI",MI,26,Michigan,43,14492,1449202,34492,RDU,"Raleigh/Durham, NC",NC,37,North Carolina,36,715,-7.0,0.0,0.0,-1.0,0700-0759,16.0,724.0,837.0,7.0,855,844.0,-11.0,0.0,0.0,-1.0,0800-0859,0.0,,0.0,100.0,96.0,73.0,1.0,501.0,3,,,0.0,,0.0,,,,0,,,,,,,,,,,,,,,,,,,,,,,,,,,,,,,,,,,,,,,,,,,,,N,0.0,0.0,7.0,8.0,1.0,3.0,29.0,35.0,7,8,1.0,4.0,29.0,36.0,3,3,0,1.0,1.0,N320NB,N320NB-DL-0,29.0,41.0,6.0,35.0,47.0,,,0.0,29,35,0.0,0.0
N320NB,936.0,2019,2,5,2,4,2019-05-02,DL,DL,19790,DL,1088,,,,,DL,19790,DL,1088,14492,1449202,34492,RDU,"Raleigh/Durham, NC",NC,37,North Carolina,36,11433,1143302,31295,DTW,"Detroit, MI",MI,26,Michigan,43,940,-4.0,0.0,0.0,-1.0,0900-0959,28.0,1004.0,1125.0,5.0,1123,1130.0,7.0,7.0,0.0,0.0,1100-1159,0.0,,0.0,103.0,114.0,81.0,1.0,501.0,3,,,0.0,,0.0,,,,0,,,,,,,,,,,,,,,,,,,,,,,,,,,,,,,,,,,,,,,,,,,,,N,0.0,0.0,9.0,11.0,2.0,2.0,38.0,46.0,9,11,3.0,2.0,39.0,46.0,8,8,1,1.0,0.0,N320NB,N320NB-DL-1,39.0,50.0,8.0,47.0,58.0,35.0,3.0,0.0,39,47,0.0,0.0
N320PQ,549.0,2019,2,5,2,4,2019-05-02,DL,DL_CODESHARE,19790,DL,5345,,,,,9E,20363,9E,5345,11042,1104205,30647,CLE,"Cleveland, OH",OH,39,Ohio,44,10721,1072102,30721,BOS,"Boston, MA",MA,25,Massachusetts,13,600,-11.0,0.0,0.0,-1.0,0600-0659,20.0,609.0,726.0,16.0,754,742.0,-12.0,0.0,0.0,-1.0,0700-0759,0.0,,0.0,114.0,113.0,77.0,1.0,563.0,3,,,0.0,,0.0,,,,0,,,,,,,,,,,,,,,,,,,,,,,,,,,,,,,,,,,,,,,,,,,,,N,0.0,0.0,5.0,7.0,3.0,3.0,23.0,31.0,6,7,0.0,4.0,24.0,32.0,9,9,0,1.0,1.0,N320PQ,N320PQ-DL-0,24.0,35.0,8.0,32.0,43.0,,,0.0,24,32,0.0,0.0
N320PQ,836.0,2019,2,5,2,4,2019-05-02,DL,DL_CODESHARE,19790,DL,5014,,,,,9E,20363,9E,5014,10721,1072102,30721,BOS,"Boston, MA",MA,25,Massachusetts,13,11042,1104205,30647,CLE,"Cleveland, OH",OH,39,Ohio,44,845,-9.0,0.0,0.0,-1.0,0800-0859,31.0,907.0,1042.0,4.0,1056,1046.0,-10.0,0.0,0.0,-1.0,1000-1059,0.0,,0.0,131.0,130.0,95.0,1.0,563.0,3,,,0.0,,0.0,,,,0,,,,,,,,,,,,,,,,,,,,,,,,,,,,,,,,,,,,,,,,,,,,,N,0.0,0.0,8.0,10.0,2.0,3.0,34.0,43.0,8,10,3.0,4.0,35.0,44.0,4,4,1,1.0,0.0,N320PQ,N320PQ-DL-1,35.0,46.0,9.0,44.0,55.0,31.0,3.0,0.0,35,44,0.0,0.0
N320US,922.0,2019,2,5,2,4,2019-05-02,DL,DL,19790,DL,2355,,,,,DL,19790,DL,2355,12478,1247805,31703,JFK,"New York, NY",NY,36,New York,22,10423,1042302,30423,AUS,"Austin, TX",TX,48,Texas,74,915,7.0,7.0,0.0,0.0,0900-0959,12.0,934.0,1149.0,16.0,1225,1205.0,-20.0,0.0,0.0,-2.0,1200-1259,0.0,,0.0,250.0,223.0,195.0,1.0,1521.0,7,,,0.0,,0.0,,,,0,,,,,,,,,,,,,,,,,,,,,,,,,,,,,,,,,,,,,,,,,,,,,N,0.0,4.0,9.0,12.0,1.0,0.0,37.0,52.0,9,12,1.0,2.0,37.0,54.0,2,2,0,0.0,0.0,N320US,N320US-DL-0,37.0,49.0,15.0,52.0,64.0,,,0.0,38,53,1.0,2.1
N321DH,900.0,2019,2,5,2,4,2019-05-02,DL,DL,19790,DL,2921,,,,,DL,19790,DL,2921,12953,1295304,31703,LGA,"New York, NY",NY,36,New York,22,10397,1039707,30397,ATL,"Atlanta, GA",GA,13,Georgia,34,859,1.0,1.0,0.0,0.0,0800-0859,22.0,922.0,1110.0,8.0,1130,1118.0,-12.0,0.0,0.0,-1.0,1100-1159,0.0,,0.0,151.0,138.0,108.0,1.0,762.0,4,,,0.0,,0.0,,,,0,,,,,,,,,,,,,,,,,,,,,,,,,,,,,,,,,,,,,,,,,,,,,N,0.0,0.0,9.0,11.0,0.0,1.0,36.0,45.0,8,11,4.0,2.0,36.0,46.0,5,5,0,0.0,0.0,N321DH,N321DH-DL-0,36.0,48.0,9.0,45.0,57.0,,,0.0,36,45,0.0,0.0
N321US,558.0,2019,2,5,2,4,2019-05-02,DL,DL,19790,DL,839,,,,,DL,19790,DL,839,11278,1127805,30852,DCA,"Washington, DC",VA,51,Virginia,38,10397,1039707,30397,ATL,"Atlanta, GA",GA,13,Georgia,34,600,-2.0,0.0,0.0,-1.0,0600-0659,16.0,614.0,739.0,8.0,753,747.0,-6.0,0.0,0.0,-1.0,0700-0759,0.0,,0.0,113.0,109.0,85.0,1.0,547.0,3,,,0.0,,0.0,,,,0,,,,,,,,,,,,,,,,,,,,,,,,,,,,,,,,,,,,,,,,,,,,,N,0.0,0.0,5.0,7.0,4.0,3.0,24.0,31.0,6,7,0.0,4.0,24.0,32.0,8,8,0,1.0,1.0,N321US,N321US-DL-0,24.0,36.0,7.0,31.0,43.0,,,0.0,24,31,0.0,0.0
N321US,832.0,2019,2,5,2,4,2019-05-02,DL,DL,19790,DL,2441,,,,,DL,19790,DL,2441,10397,1039707,30397,ATL,"Atlanta, GA",GA,13,Georgia,34,13244,1324402,33244,MEM,"Memphis, TN",TN,47,Tennessee,54,811,21.0,21.0,1.0,1.0,0800-0859,35.0,907.0,910.0,5.0,831,915.0,44.0,44.0,1.0,2.0,0800-0859,0.0,,0.0,80.0,103.0,63.0,1.0,332.0,2,0.0,21.0,23.0,0.0,0.0,,,,0,,,,,,,,,,,,,,,,,,,,,,,,,,,,,,,,,,,,,,,,,,,,,N,0.0,4.0,8.0,9.0,2.0,1.0,34.0,41.0,8,8,1.0,2.0,33.0,38.0,6,6,1,1.0,0.0,N321US,N321US-DL-1,33.0,46.0,7.0,40.0,53.0,31.0,3.0,2.0,33,40,0.0,0.0
N322US,812.0,2019,2,5,2,4,2019-05-02,DL,DL,19790,DL,2913,,,,,DL,19790,DL,2913,10721,1072102,30721,BOS,"Boston, MA",MA,25,Massachusetts,13,15304,1530402,33195,TPA,"Tampa, FL",FL,12,Florida,33,810,2.0,2.0,0.0,0.0,0800-0859,23.0,835.0,1123.0,2.0,1136,1125.0,-11.0,0.0,0.0,-1.0,1100-1159,0.0,,0.0,206.0,193.0,168.0,1.0,1185.0,5,,,0.0,,0.0,,,,0,,,,,,,,,,,,,,,,,,,,,,,,,,,,,,,,,,,,,,,,,,,,,N,0.0,0.0,8.0,11.0,1.0,2.0,33.0,46.0,8,11,1.0,2.0,33.0,46.0,6,6,0,0.0,0.0,N322US,N322US-DL-0,33.0,45.0,13.0,46.0,58.0,,,0.0,33,46,0.0,0.0
N323AS,11.0,2019,2,5,2,4,2019-05-02,AS,AS,19930,AS,108,,,,,AS,19930,AS,108,10299,1029906,30299,ANC,"Anchorage, AK",AK,2,Alaska,1,14747,1474703,30559,SEA,"Seattle, WA",WA,53,Washington,93,10,1.0,1.0,0.0,0.0,0001-0559,9.0,20.0,407.0,4.0,440,411.0,-29.0,0.0,0.0,-2.0,0001-0559,0.0,,0.0,210.0,180.0,167.0,1.0,1448.0,6,,,0.0,,0.0,,,,0,,,,,,,,,,,,,,,,,,,,,,,,,,,,,,,,,,,,,,,,,,,,,N,16.0,12.0,0.0,4.0,1.0,1.0,17.0,29.0,0,4,1.0,3.0,17.0,31.0,4,4,0,1.0,1.0,N323AS,N323AS-AS-0,17.0,29.0,12.0,29.0,41.0,,,0.0,17,29,0.0,0.0
N323AS,501.0,2019,2,5,2,4,2019-05-02,AS,AS,19930,AS,286,,,,,AS,19930,AS,286,14747,1474703,30559,SEA,"Seattle, WA",WA,53,Washington,93,12892,1289208,32575,LAX,"Los Angeles, CA",CA,6,California,91,500,1.0,1.0,0.0,0.0,0001-0559,13.0,514.0,723.0,9.0,750,732.0,-18.0,0.0,0.0,-2.0,0700-0759,0.0,,0.0,170.0,151.0,129.0,1.0,954.0,4,,,0.0,,0.0,,,,0,,,,,,,,,,,,,,,,,,,,,,,,,,,,,,,,,,,,,,,,,,,,,N,12.0,12.0,5.0,7.0,0.0,2.0,32.0,42.0,5,7,0.0,3.0,32.0,43.0,4,4,1,1.0,0.0,N323AS,N323AS-AS-1,32.0,44.0,10.0,42.0,54.0,29.0,3.0,0.0,32,42,0.0,0.0
N323DN,829.0,2019,2,5,2,4,2019-05-02,DL,DL,19790,DL,833,,,,,DL,19790,DL,833,11433,1143302,31295,DTW,"Detroit, MI",MI,26,Michigan,43,14679,1467903,33570,SAN,"San Diego, CA",CA,6,California,91,830,-1.0,0.0,0.0,-1.0,0800-0859,17.0,846.0,1022.0,7.0,1017,1029.0,12.0,12.0,0.0,0.0,1000-1059,0.0,,0.0,287.0,300.0,276.0,1.0,1956.0,8,,,0.0,,0.0,,,,0,,,,,,,,,,,,,,,,,,,,,,,,,,,,,,,,,,,,,,,,,,,,,N,0.0,12.0,8.0,10.0,2.0,2.0,34.0,54.0,8,10,2.0,1.0,34.0,53.0,2,2,0,0.0,0.0,N323DN,N323DN-DL-0,34.0,46.0,20.0,54.0,66.0,,,0.0,34,54,0.0,0.0
N323FR,609.0,2019,2,5,2,4,2019-05-02,F9,F9,20436,F9,231,,,,,F9,20436,F9,231,10721,1072102,30721,BOS,"Boston, MA",MA,25,Massachusetts,13,11292,1129202,30325,DEN,"Denver, CO",CO,8,Colorado,82,600,9.0,9.0,0.0,0.0,0600-0659,23.0,632.0,855.0,9.0,846,904.0,18.0,18.0,1.0,1.0,0800-0859,0.0,,0.0,286.0,295.0,263.0,1.0,1754.0,8,9.0,0.0,9.0,0.0,0.0,,,,0,,,,,,,,,,,,,,,,,,,,,,,,,,,,,,,,,,,,,,,,,,,,,N,0.0,8.0,6.0,9.0,1.0,0.0,25.0,44.0,6,8,0.0,3.0,24.0,43.0,9,9,0,0.0,0.0,N323FR,N323FR-F9-0,24.0,37.0,19.0,43.0,56.0,,,1.0,24,43,0.0,0.0
N323NB,554.0,2019,2,5,2,4,2019-05-02,DL,DL,19790,DL,1698,,,,,DL,19790,DL,1698,10620,1062003,30620,BIL,"Billings, MT",MT,30,Montana,84,14869,1486903,34614,SLC,"Salt Lake City, UT",UT,49,Utah,87,600,-6.0,0.0,0.0,-1.0,0600-0659,12.0,606.0,702.0,6.0,720,708.0,-12.0,0.0,0.0,-1.0,0700-0759,0.0,,0.0,80.0,74.0,56.0,1.0,387.0,2,,,0.0,,0.0,,,,0,,,,,,,,,,,,,,,,,,,,,,,,,,,,,,,,,,,,,,,,,,,,,N,8.0,8.0,5.0,7.0,4.0,1.0,32.0,37.0,6,7,0.0,1.0,32.0,37.0,2,2,0,0.0,0.0,N323NB,N323NB-DL-0,32.0,44.0,5.0,37.0,49.0,,,0.0,32,37,0.0,0.0
N32404,626.0,2019,2,5,2,4,2019-05-02,UA,UA,19977,UA,2030,,,,,UA,19977,UA,2030,13891,1389101,32575,ONT,"Ontario, CA",CA,6,California,91,11292,1129202,30325,DEN,"Denver, CO",CO,8,Colorado,82,635,-9.0,0.0,0.0,-1.0,0600-0659,12.0,638.0,922.0,8.0,947,930.0,-17.0,0.0,0.0,-2.0,0900-0959,0.0,,0.0,132.0,124.0,104.0,1.0,819.0,4,,,0.0,,0.0,,,,0,,,,,,,,,,,,,,,,,,,,,,,,,,,,,,,,,,,,,,,,,,,,,N,12.0,8.0,6.0,9.0,2.0,2.0,38.0,46.0,6,9,2.0,3.0,38.0,47.0,1,1,0,0.0,0.0,N32404,N32404-UA-0,38.0,50.0,8.0,46.0,58.0,,,0.0,38,47,1.0,1.24
N324DX,801.0,2019,2,5,2,4,2019-05-02,DL,DL,19790,DL,2774,,,,,DL,19790,DL,2774,10423,1042302,30423,AUS,"Austin, TX",TX,48,Texas,74,10397,1039707,30397,ATL,"Atlanta, GA",GA,13,Georgia,34,810,-9.0,0.0,0.0,-1.0,0800-0859,16.0,817.0,1118.0,11.0,1116,1129.0,13.0,13.0,0.0,0.0,1100-1159,0.0,,0.0,126.0,148.0,121.0,1.0,813.0,4,,,0.0,,0.0,,,,0,,,,,,,,,,,,,,,,,,,,,,,,,,,,,,,,,,,,,,,,,,,,,N,4.0,0.0,8.0,11.0,0.0,2.0,36.0,46.0,8,11,1.0,1.0,37.0,45.0,2,2,0,0.0,0.0,N324DX,N324DX-DL-0,37.0,48.0,10.0,47.0,58.0,,,0.0,37,47,0.0,0.0
N324JB,521.0,2019,2,5,2,4,2019-05-02,B6,B6,20409,B6,2001,,,,,B6,20409,B6,2001,10792,1079206,30792,BUF,"Buffalo, NY",NY,36,New York,22,12478,1247805,31703,JFK,"New York, NY",NY,36,New York,22,530,-9.0,0.0,0.0,-1.0,0001-0559,9.0,530.0,636.0,5.0,654,641.0,-13.0,0.0,0.0,-1.0,0600-0659,0.0,,0.0,84.0,80.0,66.0,1.0,301.0,2,,,0.0,,0.0,,,,0,,,,,,,,,,,,,,,,,,,,,,,,,,,,,,,,,,,,,,,,,,,,,N,0.0,0.0,5.0,6.0,1.0,3.0,21.0,27.0,5,6,2.0,4.0,22.0,28.0,4,4,0,2.0,2.0,N324JB,N324JB-B6-0,22.0,33.0,6.0,28.0,39.0,,,0.0,22,28,0.0,0.0
N324JB,727.0,2019,2,5,2,4,2019-05-02,B6,B6,20409,B6,1634,,,,,B6,20409,B6,1634,12478,1247805,31703,JFK,"New York, NY",NY,36,New York,22,10785,1078502,30785,BTV,"Burlington, VT",VT,50,Vermont,16,729,-2.0,0.0,0.0,-1.0,0700-0759,22.0,749.0,835.0,4.0,848,839.0,-9.0,0.0,0.0,-1.0,0800-0859,0.0,,0.0,79.0,72.0,46.0,1.0,266.0,2,,,0.0,,0.0,,,,0,,,,,,,,,,,,,,,,,,,,,,,,,,,,,,,,,,,,,,,,,,,,,N,0.0,0.0,7.0,8.0,2.0,3.0,30.0,35.0,7,8,2.0,3.0,30.0,35.0,8,8,1,2.0,1.0,N324JB,N324JB-B6-1,30.0,42.0,5.0,35.0,47.0,27.0,3.0,0.0,31,36,1.0,8.36
N324JB,923.0,2019,2,5,2,4,2019-05-02,B6,B6,20409,B6,1633,,,,,B6,20409,B6,1633,10785,1078502,30785,BTV,"Burlington, VT",VT,50,Vermont,16,12478,1247805,31703,JFK,"New York, NY",NY,36,New York,22,924,-1.0,0.0,0.0,-1.0,0900-0959,15.0,938.0,1035.0,7.0,1047,1042.0,-5.0,0.0,0.0,-1.0,1000-1059,0.0,,0.0,83.0,79.0,57.0,1.0,266.0,2,,,0.0,,0.0,,,,0,,,,,,,,,,,,,,,,,,,,,,,,,,,,,,,,,,,,,,,,,,,,,N,0.0,0.0,9.0,10.0,2.0,3.0,38.0,43.0,9,10,2.0,3.0,38.0,43.0,1,1,2,2.0,0.0,N324JB,N324JB-B6-2,38.0,50.0,5.0,43.0,55.0,35.0,3.0,0.0,39,44,1.0,1.24
N324NB,600.0,2019,2,5,2,4,2019-05-02,DL,DL,19790,DL,541,,,,,DL,19790,DL,541,12953,1295304,31703,LGA,"New York, NY",NY,36,New York,22,10721,1072102,30721,BOS,"Boston, MA",MA,25,Massachusetts,13,600,0.0,0.0,0.0,0.0,0600-0659,14.0,614.0,646.0,10.0,715,656.0,-19.0,0.0,0.0,-2.0,0700-0759,0.0,,0.0,75.0,56.0,32.0,1.0,184.0,1,,,0.0,,0.0,,,,0,,,,,,,,,,,,,,,,,,,,,,,,,,,,,,,,,,,,,,,,,,,,,N,0.0,0.0,6.0,6.0,0.0,4.0,24.0,28.0,6,7,0.0,1.0,24.0,29.0,4,4,0,1.0,1.0,N324NB,N324NB-DL-0,24.0,36.0,4.0,28.0,40.0,,,0.0,24,28,0.0,0.0
N324NB,759.0,2019,2,5,2,4,2019-05-02,DL,DL,19790,DL,2770,,,,,DL,19790,DL,2770,10721,1072102,30721,BOS,"Boston, MA",MA,25,Massachusetts,13,12953,1295304,31703,LGA,"New York, NY",NY,36,New York,22,800,-1.0,0.0,0.0,-1.0,0800-0859,25.0,824.0,908.0,9.0,922,917.0,-5.0,0.0,0.0,-1.0,0900-0959,0.0,,0.0,82.0,78.0,44.0,1.0,184.0,1,,,0.0,,0.0,,,,0,,,,,,,,,,,,,,,,,,,,,,,,,,,,,,,,,,,,,,,,,,,,,N,0.0,0.0,7.0,9.0,4.0,1.0,32.0,37.0,8,9,0.0,1.0,32.0,37.0,5,5,1,1.0,0.0,N324NB,N324NB-DL-1,32.0,44.0,5.0,37.0,49.0,28.0,4.0,0.0,32,37,0.0,0.0
N324PQ,705.0,2019,2,5,2,4,2019-05-02,DL,DL_CODESHARE,19790,DL,5058,,,,,9E,20363,9E,5058,12953,1295304,31703,LGA,"New York, NY",NY,36,New York,22,10792,1079206,30792,BUF,"Buffalo, NY",NY,36,New York,22,710,-5.0,0.0,0.0,-1.0,0700-0759,24.0,729.0,832.0,5.0,840,837.0,-3.0,0.0,0.0,-1.0,0800-0859,0.0,,0.0,90.0,92.0,63.0,1.0,292.0,2,,,0.0,,0.0,,,,0,,,,,,,,,,,,,,,,,,,,,,,,,,,,,,,,,,,,,,,,,,,,,N,0.0,0.0,7.0,8.0,0.0,2.0,28.0,34.0,7,8,1.0,3.0,29.0,35.0,4,4,0,1.0,1.0,N324PQ,N324PQ-DL-0,29.0,40.0,6.0,35.0,46.0,,,0.0,29,35,0.0,0.0
N324PQ,912.0,2019,2,5,2,4,2019-05-02,DL,DL_CODESHARE,19790,DL,5083,,,,,9E,20363,9E,5083,10792,1079206,30792,BUF,"Buffalo, NY",NY,36,New York,22,12478,1247805,31703,JFK,"New York, NY",NY,36,New York,22,915,-3.0,0.0,0.0,-1.0,0900-0959,15.0,927.0,1025.0,5.0,1044,1030.0,-14.0,0.0,0.0,-1.0,1000-1059,0.0,,0.0,89.0,78.0,58.0,1.0,301.0,2,,,0.0,,0.0,,,,0,,,,,,,,,,,,,,,,,,,,,,,,,,,,,,,,,,,,,,,,,,,,,N,0.0,0.0,9.0,10.0,1.0,2.0,37.0,42.0,9,10,1.0,3.0,37.0,43.0,4,4,1,1.0,0.0,N324PQ,N324PQ-DL-1,37.0,49.0,5.0,42.0,54.0,34.0,3.0,0.0,38,44,2.0,8.96
N324US,810.0,2019,2,5,2,4,2019-05-02,DL,DL,19790,DL,595,,,,,DL,19790,DL,595,14492,1449202,34492,RDU,"Raleigh/Durham, NC",NC,37,North Carolina,36,13487,1348702,31650,MSP,"Minneapolis, MN",MN,27,Minnesota,63,815,-5.0,0.0,0.0,-1.0,0800-0859,15.0,825.0,949.0,2.0,1006,951.0,-15.0,0.0,0.0,-1.0,1000-1059,0.0,,0.0,171.0,161.0,144.0,1.0,980.0,4,,,0.0,,0.0,,,,0,,,,,,,,,,,,,,,,,,,,,,,,,,,,,,,,,,,,,,,,,,,,,N,0.0,4.0,8.0,9.0,1.0,3.0,33.0,43.0,8,10,1.0,0.0,33.0,44.0,4,4,0,0.0,0.0,N324US,N324US-DL-0,33.0,45.0,10.0,43.0,55.0,,,0.0,33,43,0.0,0.0
N325DN,748.0,2019,2,5,2,4,2019-05-02,DL,DL,19790,DL,2305,,,,,DL,19790,DL,2305,14683,1468305,33214,SAT,"San Antonio, TX",TX,48,Texas,74,10397,1039707,30397,ATL,"Atlanta, GA",GA,13,Georgia,34,755,-7.0,0.0,0.0,-1.0,0700-0759,28.0,816.0,1122.0,14.0,1114,1136.0,22.0,22.0,1.0,1.0,1100-1159,0.0,,0.0,139.0,168.0,126.0,1.0,874.0,4,0.0,0.0,22.0,0.0,0.0,,,,0,,,,,,,,,,,,,,,,,,,,,,,,,,,,,,,,,,,,,,,,,,,,,N,4.0,0.0,7.0,11.0,3.0,2.0,35.0,46.0,7,11,4.0,1.0,36.0,45.0,1,1,0,0.0,0.0,N325DN,N325DN-DL-0,36.0,47.0,11.0,47.0,58.0,,,1.0,36,47,0.0,0.0
N325NB,704.0,2019,2,5,2,4,2019-05-02,DL,DL,19790,DL,742,,,,,DL,19790,DL,742,10693,1069302,30693,BNA,"Nashville, TN",TN,47,Tennessee,54,12892,1289208,32575,LAX,"Los Angeles, CA",CA,6,California,91,708,-4.0,0.0,0.0,-1.0,0700-0759,9.0,713.0,912.0,9.0,935,921.0,-14.0,0.0,0.0,-1.0,0900-0959,0.0,,0.0,267.0,257.0,239.0,1.0,1797.0,8,,,0.0,,0.0,,,,0,,,,,,,,,,,,,,,,,,,,,,,,,,,,,,,,,,,,,,,,,,,,,N,4.0,12.0,7.0,9.0,0.0,1.0,32.0,49.0,7,9,1.0,2.0,33.0,50.0,9,9,0,0.0,0.0,N325NB,N325NB-DL-0,33.0,44.0,17.0,50.0,61.0,,,0.0,33,50,0.0,0.0
N325PQ,614.0,2019,2,5,2,4,2019-05-02,DL,DL_CODESHARE,19790,DL,3418,,,,,9E,20363,9E,3418,14321,1432105,34321,PWM,"Portland, ME",ME,23,Maine,12,12478,1247805,31703,JFK,"New York, NY",NY,36,New York,22,600,14.0,14.0,0.0,0.0,0600-0659,28.0,642.0,732.0,4.0,723,736.0,13.0,13.0,0.0,0.0,0700-0759,0.0,,0.0,83.0,82.0,50.0,1.0,273.0,2,,,0.0,,0.0,,,,0,,,,,,,,,,,,,,,,,,,,,,,,,,,,,,,,,,,,,,,,,,,,,N,0.0,0.0,6.0,7.0,1.0,2.0,25.0,30.0,6,7,0.0,2.0,24.0,30.0,2,2,0,1.0,1.0,N325PQ,N325PQ-DL-0,25.0,37.0,5.0,30.0,42.0,,,0.0,25,30,0.0,0.0
N325PQ,834.0,2019,2,5,2,4,2019-05-02,DL,DL_CODESHARE,19790,DL,5266,,,,,9E,20363,9E,5266,12478,1247805,31703,JFK,"New York, NY",NY,36,New York,22,14492,1449202,34492,RDU,"Raleigh/Durham, NC",NC,37,North Carolina,36,834,0.0,0.0,0.0,0.0,0800-0859,22.0,856.0,1004.0,6.0,1033,1010.0,-23.0,0.0,0.0,-2.0,1000-1059,0.0,,0.0,119.0,96.0,68.0,1.0,427.0,2,,,0.0,,0.0,,,,0,,,,,,,,,,,,,,,,,,,,,,,,,,,,,,,,,,,,,,,,,,,,,N,0.0,0.0,8.0,10.0,2.0,1.0,34.0,41.0,8,10,2.0,2.0,34.0,42.0,6,6,1,1.0,0.0,N325PQ,N325PQ-DL-1,34.0,46.0,7.0,41.0,53.0,30.0,4.0,0.0,34,41,0.0,0.0
N325US,649.0,2019,2,5,2,4,2019-05-02,DL,DL,19790,DL,2360,,,,,DL,19790,DL,2360,12451,1245102,31136,JAX,"Jacksonville, FL",FL,12,Florida,33,11433,1143302,31295,DTW,"Detroit, MI",MI,26,Michigan,43,655,-6.0,0.0,0.0,-1.0,0600-0659,11.0,700.0,857.0,6.0,910,903.0,-7.0,0.0,0.0,-1.0,0900-0959,0.0,,0.0,135.0,134.0,117.0,1.0,813.0,4,,,0.0,,0.0,,,,0,,,,,,,,,,,,,,,,,,,,,,,,,,,,,,,,,,,,,,,,,,,,,N,0.0,0.0,6.0,9.0,3.0,0.0,27.0,36.0,6,9,4.0,1.0,28.0,37.0,8,8,0,0.0,0.0,N325US,N325US-DL-0,28.0,39.0,9.0,37.0,48.0,,,0.0,28,37,0.0,0.0
N326DN,724.0,2019,2,5,2,4,2019-05-02,DL,DL,19790,DL,1866,,,,,DL,19790,DL,1866,10397,1039707,30397,ATL,"Atlanta, GA",GA,13,Georgia,34,13487,1348702,31650,MSP,"Minneapolis, MN",MN,27,Minnesota,63,725,-1.0,0.0,0.0,-1.0,0700-0759,11.0,735.0,841.0,5.0,859,846.0,-13.0,0.0,0.0,-1.0,0800-0859,0.0,,0.0,154.0,142.0,126.0,1.0,907.0,4,,,0.0,,0.0,,,,0,,,,,,,,,,,,,,,,,,,,,,,,,,,,,,,,,,,,,,,,,,,,,N,0.0,4.0,7.0,8.0,2.0,3.0,30.0,39.0,7,8,2.0,4.0,30.0,40.0,9,9,0,0.0,0.0,N326DN,N326DN-DL-0,30.0,42.0,9.0,39.0,51.0,,,0.0,30,39,0.0,0.0
N326MS,500.0,2019,2,5,2,4,2019-05-02,AA,AA_CODESHARE,19805,AA,5911,,,,,YV,20378,YV,5911,10140,1014005,30140,ABQ,"Albuquerque, NM",NM,35,New Mexico,86,11298,1129806,30194,DFW,"Dallas/Fort Worth, TX",TX,48,Texas,74,508,-8.0,0.0,0.0,-1.0,0001-0559,10.0,510.0,732.0,10.0,754,742.0,-12.0,0.0,0.0,-1.0,0700-0759,0.0,,0.0,106.0,102.0,82.0,1.0,569.0,3,,,0.0,,0.0,,,,0,,,,,,,,,,,,,,,,,,,,,,,,,,,,,,,,,,,,,,,,,,,,,N,8.0,4.0,5.0,7.0,0.0,3.0,28.0,35.0,5,7,1.0,4.0,29.0,36.0,6,6,0,0.0,0.0,N326MS,N326MS-AA-0,29.0,40.0,7.0,36.0,47.0,,,0.0,29,36,0.0,0.0
N326NB,708.0,2019,2,5,2,4,2019-05-02,DL,DL,19790,DL,2395,,,,,DL,19790,DL,2395,14027,1402702,34027,PBI,"West Palm Beach/Palm Beach, FL",FL,12,Florida,33,12953,1295304,31703,LGA,"New York, NY",NY,36,New York,22,710,-2.0,0.0,0.0,-1.0,0700-0759,9.0,717.0,932.0,7.0,1002,939.0,-23.0,0.0,0.0,-2.0,1000-1059,0.0,,0.0,172.0,151.0,135.0,1.0,1035.0,5,,,0.0,,0.0,,,,0,,,,,,,,,,,,,,,,,,,,,,,,,,,,,,,,,,,,,,,,,,,,,N,0.0,0.0,7.0,9.0,1.0,3.0,29.0,39.0,7,10,1.0,0.0,29.0,40.0,8,8,0,0.0,0.0,N326NB,N326NB-DL-0,29.0,41.0,10.0,39.0,51.0,,,0.0,29,39,0.0,0.0
N326PQ,700.0,2019,2,5,2,4,2019-05-02,DL,DL_CODESHARE,19790,DL,3367,,,,,9E,20363,9E,3367,13931,1393102,33667,ORF,"Norfolk, VA",VA,51,Virginia,38,11433,1143302,31295,DTW,"Detroit, MI",MI,26,Michigan,43,705,-5.0,0.0,0.0,-1.0,0700-0759,12.0,712.0,839.0,7.0,904,846.0,-18.0,0.0,0.0,-2.0,0900-0959,0.0,,0.0,119.0,106.0,87.0,1.0,529.0,3,,,0.0,,0.0,,,,0,,,,,,,,,,,,,,,,,,,,,,,,,,,,,,,,,,,,,,,,,,,,,N,0.0,0.0,7.0,8.0,0.0,3.0,28.0,35.0,7,9,0.0,0.0,28.0,36.0,7,7,0,0.0,0.0,N326PQ,N326PQ-DL-0,28.0,40.0,7.0,35.0,47.0,,,0.0,28,35,0.0,0.0
N326US,615.0,2019,2,5,2,4,2019-05-02,DL,DL,19790,DL,1530,,,,,DL,19790,DL,1530,13495,1349505,33495,MSY,"New Orleans, LA",LA,22,Louisiana,72,12953,1295304,31703,LGA,"New York, NY",NY,36,New York,22,620,-5.0,0.0,0.0,-1.0,0600-0659,13.0,628.0,955.0,8.0,1030,1003.0,-27.0,0.0,0.0,-2.0,1000-1059,0.0,,0.0,190.0,168.0,147.0,1.0,1183.0,5,,,0.0,,0.0,,,,0,,,,,,,,,,,,,,,,,,,,,,,,,,,,,,,,,,,,,,,,,,,,,N,4.0,0.0,6.0,10.0,1.0,0.0,29.0,40.0,6,10,1.0,2.0,29.0,42.0,8,8,0,0.0,0.0,N326US,N326US-DL-0,29.0,41.0,11.0,40.0,52.0,,,0.0,29,40,0.0,0.0
N327DN,656.0,2019,2,5,2,4,2019-05-02,DL,DL,19790,DL,1501,,,,,DL,19790,DL,1501,10721,1072102,30721,BOS,"Boston, MA",MA,25,Massachusetts,13,10397,1039707,30397,ATL,"Atlanta, GA",GA,13,Georgia,34,700,-4.0,0.0,0.0,-1.0,0700-0759,15.0,711.0,928.0,9.0,952,937.0,-15.0,0.0,0.0,-1.0,0900-0959,0.0,,0.0,172.0,161.0,137.0,1.0,946.0,4,,,0.0,,0.0,,,,0,,,,,,,,,,,,,,,,,,,,,,,,,,,,,,,,,,,,,,,,,,,,,N,0.0,0.0,6.0,9.0,4.0,2.0,28.0,38.0,7,9,0.0,3.0,28.0,39.0,4,4,0,0.0,0.0,N327DN,N327DN-DL-0,28.0,40.0,10.0,38.0,50.0,,,0.0,28,38,0.0,0.0
N327NB,555.0,2019,2,5,2,4,2019-05-02,DL,DL,19790,DL,2544,,,,,DL,19790,DL,2544,11648,1164802,31648,FCA,"Kalispell, MT",MT,30,Montana,84,14869,1486903,34614,SLC,"Salt Lake City, UT",UT,49,Utah,87,600,-5.0,0.0,0.0,-1.0,0600-0659,12.0,607.0,717.0,4.0,738,721.0,-17.0,0.0,0.0,-2.0,0700-0759,0.0,,0.0,98.0,86.0,70.0,1.0,531.0,3,,,0.0,,0.0,,,,0,,,,,,,,,,,,,,,,,,,,,,,,,,,,,,,,,,,,,,,,,,,,,N,8.0,8.0,5.0,7.0,4.0,1.0,32.0,37.0,6,7,0.0,3.0,32.0,39.0,9,9,0,0.0,0.0,N327NB,N327NB-DL-0,32.0,44.0,5.0,37.0,49.0,,,0.0,32,37,0.0,0.0
N327NW,604.0,2019,2,5,2,4,2019-05-02,DL,DL,19790,DL,331,,,,,DL,19790,DL,331,14100,1410005,34100,PHL,"Philadelphia, PA",PA,42,Pennsylvania,23,13487,1348702,31650,MSP,"Minneapolis, MN",MN,27,Minnesota,63,610,-6.0,0.0,0.0,-1.0,0600-0659,10.0,614.0,738.0,6.0,800,744.0,-16.0,0.0,0.0,-2.0,0800-0859,0.0,,0.0,170.0,160.0,144.0,1.0,980.0,4,,,0.0,,0.0,,,,0,,,,,,,,,,,,,,,,,,,,,,,,,,,,,,,,,,,,,,,,,,,,,N,0.0,4.0,6.0,7.0,0.0,3.0,24.0,35.0,6,8,1.0,0.0,25.0,36.0,3,3,0,0.0,0.0,N327NW,N327NW-DL-0,25.0,36.0,11.0,36.0,47.0,,,0.0,25,36,0.0,0.0
N328DN,647.0,2019,2,5,2,4,2019-05-02,DL,DL,19790,DL,2605,,,,,DL,19790,DL,2605,13487,1348702,31650,MSP,"Minneapolis, MN",MN,27,Minnesota,63,12889,1288903,32211,LAS,"Las Vegas, NV",NV,32,Nevada,85,659,-12.0,0.0,0.0,-1.0,0600-0659,17.0,704.0,814.0,6.0,821,820.0,-1.0,0.0,0.0,-1.0,0800-0859,0.0,,0.0,202.0,213.0,190.0,1.0,1299.0,6,,,0.0,,0.0,,,,0,,,,,,,,,,,,,,,,,,,,,,,,,,,,,,,,,,,,,,,,,,,,,N,4.0,12.0,6.0,8.0,3.0,1.0,31.0,45.0,6,8,4.0,1.0,32.0,45.0,2,2,0,0.0,0.0,N328DN,N328DN-DL-0,32.0,43.0,14.0,46.0,57.0,,,0.0,32,46,0.0,0.0
N328FR,733.0,2019,2,5,2,4,2019-05-02,F9,F9,20436,F9,458,,,,,F9,20436,F9,458,11292,1129202,30325,DEN,"Denver, CO",CO,8,Colorado,82,13487,1348702,31650,MSP,"Minneapolis, MN",MN,27,Minnesota,63,600,93.0,93.0,1.0,6.0,0600-0659,14.0,747.0,1013.0,6.0,903,1019.0,76.0,76.0,1.0,5.0,0900-0959,0.0,,0.0,123.0,106.0,86.0,1.0,680.0,3,76.0,0.0,0.0,0.0,0.0,,,,0,,,,,,,,,,,,,,,,,,,,,,,,,,,,,,,,,,,,,,,,,,,,,N,8.0,4.0,7.0,10.0,2.0,1.0,38.0,45.0,6,9,0.0,0.0,32.0,40.0,6,6,0,0.0,0.0,N328FR,N328FR-F9-0,38.0,50.0,7.0,45.0,57.0,,,0.0,38,45,0.0,0.0
N328JB,540.0,2019,2,5,2,4,2019-05-02,B6,B6,20409,B6,1836,,,,,B6,20409,B6,1836,11433,1143302,31295,DTW,"Detroit, MI",MI,26,Michigan,43,10721,1072102,30721,BOS,"Boston, MA",MA,25,Massachusetts,13,545,-5.0,0.0,0.0,-1.0,0001-0559,9.0,549.0,723.0,4.0,731,727.0,-4.0,0.0,0.0,-1.0,0700-0759,0.0,,0.0,106.0,107.0,94.0,1.0,632.0,3,,,0.0,,0.0,,,,0,,,,,,,,,,,,,,,,,,,,,,,,,,,,,,,,,,,,,,,,,,,,,N,0.0,0.0,5.0,7.0,3.0,2.0,23.0,30.0,5,7,3.0,2.0,23.0,30.0,5,5,0,1.0,1.0,N328JB,N328JB-B6-0,23.0,35.0,7.0,30.0,42.0,,,0.0,23,30,0.0,0.0
N328JB,827.0,2019,2,5,2,4,2019-05-02,B6,B6,20409,B6,311,,,,,B6,20409,B6,311,10721,1072102,30721,BOS,"Boston, MA",MA,25,Massachusetts,13,13930,1393007,30977,ORD,"Chicago, IL",IL,17,Illinois,41,827,0.0,0.0,0.0,0.0,0800-0859,22.0,849.0,1007.0,34.0,1031,1041.0,10.0,10.0,0.0,0.0,1000-1059,0.0,,0.0,184.0,194.0,138.0,1.0,867.0,4,,,0.0,,0.0,,,,0,,,,,,,,,,,,,,,,,,,,,,,,,,,,,,,,,,,,,,,,,,,,,N,0.0,4.0,8.0,10.0,2.0,3.0,34.0,47.0,8,10,2.0,2.0,34.0,46.0,7,7,1,1.0,0.0,N328JB,N328JB-B6-1,34.0,46.0,13.0,47.0,59.0,30.0,4.0,0.0,34,47,0.0,0.0
N328NB,806.0,2019,2,5,2,4,2019-05-02,DL,DL,19790,DL,773,,,,,DL,19790,DL,773,15304,1530402,33195,TPA,"Tampa, FL",FL,12,Florida,33,12953,1295304,31703,LGA,"New York, NY",NY,36,New York,22,815,-9.0,0.0,0.0,-1.0,0800-0859,9.0,815.0,1029.0,11.0,1103,1040.0,-23.0,0.0,0.0,-2.0,1100-1159,0.0,,0.0,168.0,154.0,134.0,1.0,1010.0,5,,,0.0,,0.0,,,,0,,,,,,,,,,,,,,,,,,,,,,,,,,,,,,,,,,,,,,,,,,,,,N,0.0,0.0,8.0,10.0,0.0,3.0,32.0,43.0,8,11,1.0,0.0,33.0,44.0,2,2,0,0.0,0.0,N328NB,N328NB-DL-0,33.0,44.0,11.0,44.0,55.0,,,0.0,33,47,3.0,8.04
N328NW,617.0,2019,2,5,2,4,2019-05-02,DL,DL,19790,DL,2973,,,,,DL,19790,DL,2973,10693,1069302,30693,BNA,"Nashville, TN",TN,47,Tennessee,54,11433,1143302,31295,DTW,"Detroit, MI",MI,26,Michigan,43,625,-8.0,0.0,0.0,-1.0,0600-0659,13.0,630.0,836.0,7.0,903,843.0,-20.0,0.0,0.0,-2.0,0900-0959,0.0,,0.0,98.0,86.0,66.0,1.0,456.0,2,,,0.0,,0.0,,,,0,,,,,,,,,,,,,,,,,,,,,,,,,,,,,,,,,,,,,,,,,,,,,N,4.0,0.0,6.0,8.0,1.0,3.0,29.0,35.0,6,9,2.0,0.0,30.0,36.0,6,6,0,0.0,0.0,N328NW,N328NW-DL-0,30.0,41.0,6.0,36.0,47.0,,,0.0,30,36,0.0,0.0
N329FR,910.0,2019,2,5,2,4,2019-05-02,F9,F9,20436,F9,1706,,,,,F9,20436,F9,1706,11193,1119302,33105,CVG,"Cincinnati, OH",KY,21,Kentucky,52,14100,1410005,34100,PHL,"Philadelphia, PA",PA,42,Pennsylvania,23,730,100.0,100.0,1.0,6.0,0700-0759,13.0,923.0,1041.0,10.0,916,1051.0,95.0,95.0,1.0,6.0,0900-0959,0.0,,0.0,106.0,101.0,78.0,1.0,507.0,3,0.0,0.0,0.0,0.0,95.0,,,,0,,,,,,,,,,,,,,,,,,,,,,,,,,,,,,,,,,,,,,,,,,,,,N,0.0,0.0,9.0,10.0,1.0,3.0,37.0,43.0,7,9,2.0,1.0,30.0,37.0,3,3,0,0.0,0.0,N329FR,N329FR-F9-0,31.0,49.0,6.0,37.0,55.0,,,6.0,31,37,0.0,0.0
N329NB,659.0,2019,2,5,2,4,2019-05-02,DL,DL,19790,DL,1765,,,,,DL,19790,DL,1765,11298,1129806,30194,DFW,"Dallas/Fort Worth, TX",TX,48,Texas,74,12892,1289208,32575,LAX,"Los Angeles, CA",CA,6,California,91,700,-1.0,0.0,0.0,-1.0,0700-0759,27.0,726.0,826.0,10.0,825,836.0,11.0,11.0,0.0,0.0,0800-0859,0.0,,0.0,205.0,217.0,180.0,1.0,1235.0,5,,,0.0,,0.0,,,,0,,,,,,,,,,,,,,,,,,,,,,,,,,,,,,,,,,,,,,,,,,,,,N,4.0,12.0,6.0,8.0,4.0,2.0,32.0,46.0,7,8,0.0,2.0,32.0,46.0,1,1,0,0.0,0.0,N329NB,N329NB-DL-0,32.0,44.0,14.0,46.0,58.0,,,0.0,32,46,0.0,0.0
N329NW,756.0,2019,2,5,2,4,2019-05-02,DL,DL,19790,DL,2598,,,,,DL,19790,DL,2598,12478,1247805,31703,JFK,"New York, NY",NY,36,New York,22,15304,1530402,33195,TPA,"Tampa, FL",FL,12,Florida,33,805,-9.0,0.0,0.0,-1.0,0800-0859,11.0,807.0,1032.0,3.0,1100,1035.0,-25.0,0.0,0.0,-2.0,1100-1159,0.0,,0.0,175.0,159.0,145.0,1.0,1005.0,5,,,0.0,,0.0,,,,0,,,,,,,,,,,,,,,,,,,,,,,,,,,,,,,,,,,,,,,,,,,,,N,0.0,0.0,7.0,10.0,4.0,2.0,32.0,42.0,8,11,0.0,0.0,32.0,44.0,7,7,0,0.0,0.0,N329NW,N329NW-DL-0,32.0,44.0,10.0,42.0,54.0,,,0.0,32,42,0.0,0.0
N329PQ,635.0,2019,2,5,2,4,2019-05-02,DL,DL_CODESHARE,19790,DL,5231,,,,,9E,20363,9E,5231,15412,1541205,35412,TYS,"Knoxville, TN",TN,47,Tennessee,54,13487,1348702,31650,MSP,"Minneapolis, MN",MN,27,Minnesota,63,640,-5.0,0.0,0.0,-1.0,0600-0659,9.0,644.0,740.0,5.0,811,745.0,-26.0,0.0,0.0,-2.0,0800-0859,0.0,,0.0,151.0,130.0,116.0,1.0,792.0,4,,,0.0,,0.0,,,,0,,,,,,,,,,,,,,,,,,,,,,,,,,,,,,,,,,,,,,,,,,,,,N,0.0,4.0,6.0,7.0,2.0,3.0,26.0,35.0,6,8,3.0,1.0,27.0,37.0,8,8,0,0.0,0.0,N329PQ,N329PQ-DL-0,27.0,38.0,9.0,36.0,47.0,,,0.0,27,36,0.0,0.0
N330DX,600.0,2019,2,5,2,4,2019-05-02,DL,DL,19790,DL,940,,,,,DL,19790,DL,940,13303,1330303,32467,MIA,"Miami, FL",FL,12,Florida,33,10397,1039707,30397,ATL,"Atlanta, GA",GA,13,Georgia,34,600,0.0,0.0,0.0,0.0,0600-0659,17.0,617.0,741.0,9.0,752,750.0,-2.0,0.0,0.0,-1.0,0700-0759,0.0,,0.0,112.0,110.0,84.0,1.0,594.0,3,,,0.0,,0.0,,,,0,,,,,,,,,,,,,,,,,,,,,,,,,,,,,,,,,,,,,,,,,,,,,N,0.0,0.0,6.0,7.0,0.0,3.0,24.0,31.0,6,7,0.0,3.0,24.0,31.0,6,6,0,1.0,1.0,N330DX,N330DX-DL-0,24.0,36.0,7.0,31.0,43.0,,,0.0,24,31,0.0,0.0
N330DX,849.0,2019,2,5,2,4,2019-05-02,DL,DL,19790,DL,2796,,,,,DL,19790,DL,2796,10397,1039707,30397,ATL,"Atlanta, GA",GA,13,Georgia,34,10721,1072102,30721,BOS,"Boston, MA",MA,25,Massachusetts,13,850,-1.0,0.0,0.0,-1.0,0800-0859,15.0,904.0,1105.0,9.0,1124,1114.0,-10.0,0.0,0.0,-1.0,1100-1159,0.0,,0.0,154.0,145.0,121.0,1.0,946.0,4,,,0.0,,0.0,,,,0,,,,,,,,,,,,,,,,,,,,,,,,,,,,,,,,,,,,,,,,,,,,,N,0.0,0.0,8.0,11.0,3.0,1.0,35.0,45.0,8,11,3.0,2.0,35.0,46.0,5,5,1,1.0,0.0,N330DX,N330DX-DL-1,35.0,47.0,10.0,45.0,57.0,31.0,4.0,0.0,36,46,1.0,5.28
N330FR,4.0,2019,2,5,2,4,2019-05-02,F9,F9,20436,F9,2000,,,,,F9,20436,F9,2000,12889,1288903,32211,LAS,"Las Vegas, NV",NV,32,Nevada,85,10397,1039707,30397,ATL,"Atlanta, GA",GA,13,Georgia,34,13,-9.0,0.0,0.0,-1.0,0001-0559,16.0,20.0,638.0,12.0,715,650.0,-25.0,0.0,0.0,-2.0,0700-0759,0.0,,0.0,242.0,226.0,198.0,1.0,1747.0,7,,,0.0,,0.0,,,,0,,,,,,,,,,,,,,,,,,,,,,,,,,,,,,,,,,,,,,,,,,,,,N,12.0,0.0,0.0,6.0,0.0,3.0,12.0,27.0,0,7,1.0,1.0,13.0,29.0,7,7,0,2.0,2.0,N330FR,N330FR-F9-0,13.0,24.0,15.0,28.0,39.0,,,0.0,13,28,0.0,0.0
N330FR,801.0,2019,2,5,2,4,2019-05-02,F9,F9,20436,F9,1700,,,,,F9,20436,F9,1700,10397,1039707,30397,ATL,"Atlanta, GA",GA,13,Georgia,34,11193,1119302,33105,CVG,"Cincinnati, OH",KY,21,Kentucky,52,805,-4.0,0.0,0.0,-1.0,0800-0859,10.0,811.0,913.0,10.0,939,923.0,-16.0,0.0,0.0,-2.0,0900-0959,0.0,,0.0,94.0,82.0,62.0,1.0,373.0,2,,,0.0,,0.0,,,,0,,,,,,,,,,,,,,,,,,,,,,,,,,,,,,,,,,,,,,,,,,,,,N,0.0,0.0,8.0,9.0,0.0,2.0,32.0,38.0,8,9,0.0,3.0,32.0,39.0,6,6,1,2.0,1.0,N330FR,N330FR-F9-1,32.0,44.0,6.0,38.0,50.0,27.0,5.0,0.0,33,39,1.0,6.28
N330FR,1011.0,2019,2,5,2,4,2019-05-02,F9,F9,20436,F9,1739,,,,,F9,20436,F9,1739,11193,1119302,33105,CVG,"Cincinnati, OH",KY,21,Kentucky,52,13487,1348702,31650,MSP,"Minneapolis, MN",MN,27,Minnesota,63,911,60.0,60.0,1.0,4.0,0900-0959,11.0,1022.0,1053.0,15.0,1015,1108.0,53.0,53.0,1.0,3.0,1000-1059,0.0,,0.0,124.0,117.0,91.0,1.0,596.0,3,0.0,0.0,0.0,0.0,53.0,,,,0,,,,,,,,,,,,,,,,,,,,,,,,,,,,,,,,,,,,,,,,,,,,,N,0.0,4.0,10.0,11.0,1.0,1.0,41.0,49.0,9,10,1.0,1.0,37.0,45.0,7,7,2,2.0,0.0,N330FR,N330FR-F9-2,37.0,53.0,8.0,45.0,61.0,38.0,3.0,4.0,38,46,1.0,7.22
N330NW,610.0,2019,2,5,2,4,2019-05-02,DL,DL,19790,DL,2872,,,,,DL,19790,DL,2872,14679,1467903,33570,SAN,"San Diego, CA",CA,6,California,91,14869,1486903,34614,SLC,"Salt Lake City, UT",UT,49,Utah,87,615,-5.0,0.0,0.0,-1.0,0600-0659,22.0,632.0,858.0,8.0,917,906.0,-11.0,0.0,0.0,-1.0,0900-0959,0.0,,0.0,122.0,116.0,86.0,1.0,626.0,3,,,0.0,,0.0,,,,0,,,,,,,,,,,,,,,,,,,,,,,,,,,,,,,,,,,,,,,,,,,,,N,12.0,8.0,6.0,9.0,1.0,0.0,37.0,44.0,6,9,1.0,1.0,37.0,45.0,3,3,0,0.0,0.0,N330NW,N330NW-DL-0,37.0,49.0,7.0,44.0,56.0,,,0.0,37,44,0.0,0.0
N330PQ,600.0,2019,2,5,2,4,2019-05-02,DL,DL_CODESHARE,19790,DL,5328,,,,,9E,20363,9E,5328,12953,1295304,31703,LGA,"New York, NY",NY,36,New York,22,11193,1119302,33105,CVG,"Cincinnati, OH",KY,21,Kentucky,52,610,-10.0,0.0,0.0,-1.0,0600-0659,25.0,625.0,813.0,5.0,819,818.0,-1.0,0.0,0.0,-1.0,0800-0859,0.0,,0.0,129.0,138.0,108.0,1.0,585.0,3,,,0.0,,0.0,,,,0,,,,,,,,,,,,,,,,,,,,,,,,,,,,,,,,,,,,,,,,,,,,,N,0.0,0.0,6.0,8.0,0.0,1.0,24.0,33.0,6,8,1.0,1.0,25.0,33.0,9,9,0,1.0,1.0,N330PQ,N330PQ-DL-0,25.0,36.0,9.0,34.0,45.0,,,0.0,25,34,0.0,0.0
N330PQ,852.0,2019,2,5,2,4,2019-05-02,DL,DL_CODESHARE,19790,DL,5082,,,,,9E,20363,9E,5082,11193,1119302,33105,CVG,"Cincinnati, OH",KY,21,Kentucky,52,12953,1295304,31703,LGA,"New York, NY",NY,36,New York,22,857,-5.0,0.0,0.0,-1.0,0800-0859,11.0,903.0,1045.0,7.0,1100,1052.0,-8.0,0.0,0.0,-1.0,1100-1159,0.0,,0.0,123.0,120.0,102.0,1.0,585.0,3,,,0.0,,0.0,,,,0,,,,,,,,,,,,,,,,,,,,,,,,,,,,,,,,,,,,,,,,,,,,,N,0.0,0.0,8.0,10.0,3.0,3.0,35.0,43.0,8,11,4.0,0.0,36.0,44.0,7,7,1,1.0,0.0,N330PQ,N330PQ-DL-1,36.0,47.0,8.0,44.0,55.0,33.0,2.0,0.0,36,44,0.0,0.0
N33182,839.0,2019,2,5,2,4,2019-05-02,UA,UA_CODESHARE,19977,UA,4934,,,,,C5,20445,C5,4934,10792,1079206,30792,BUF,"Buffalo, NY",NY,36,New York,22,11618,1161802,31703,EWR,"Newark, NJ",NJ,34,New Jersey,21,845,-6.0,0.0,0.0,-1.0,0800-0859,19.0,858.0,948.0,9.0,1018,957.0,-21.0,0.0,0.0,-2.0,1000-1059,0.0,,0.0,93.0,78.0,50.0,1.0,282.0,2,,,0.0,,0.0,,,,0,,,,,,,,,,,,,,,,,,,,,,,,,,,,,,,,,,,,,,,,,,,,,N,0.0,0.0,8.0,9.0,3.0,4.0,35.0,40.0,8,10,3.0,1.0,35.0,41.0,7,7,0,0.0,0.0,N33182,N33182-UA-0,35.0,47.0,5.0,40.0,52.0,,,0.0,35,40,0.0,0.0
N331CA,909.0,2019,2,5,2,4,2019-05-02,DL,DL_CODESHARE,19790,DL,6202,,,,,G7,20500,G7,6202,11537,1153705,31537,ELM,"Elmira/Corning, NY",NY,36,New York,22,11433,1143302,31295,DTW,"Detroit, MI",MI,26,Michigan,43,915,-6.0,0.0,0.0,-1.0,0900-0959,8.0,917.0,1011.0,12.0,1037,1023.0,-14.0,0.0,0.0,-1.0,1000-1059,0.0,,0.0,82.0,74.0,54.0,1.0,332.0,2,,,0.0,,0.0,,,,0,,,,,,,,,,,,,,,,,,,,,,,,,,,,,,,,,,,,,,,,,,,,,N,0.0,0.0,9.0,10.0,1.0,2.0,37.0,42.0,9,10,1.0,2.0,37.0,42.0,9,9,0,0.0,0.0,N331CA,N331CA-DL-0,37.0,49.0,5.0,42.0,54.0,,,0.0,37,42,0.0,0.0
N331DN,550.0,2019,2,5,2,4,2019-05-02,DL,DL,19790,DL,809,,,,,DL,19790,DL,809,10721,1072102,30721,BOS,"Boston, MA",MA,25,Massachusetts,13,13487,1348702,31650,MSP,"Minneapolis, MN",MN,27,Minnesota,63,558,-8.0,0.0,0.0,-1.0,0001-0559,14.0,604.0,759.0,5.0,815,804.0,-11.0,0.0,0.0,-1.0,0800-0859,0.0,,0.0,197.0,194.0,175.0,1.0,1124.0,5,,,0.0,,0.0,,,,0,,,,,,,,,,,,,,,,,,,,,,,,,,,,,,,,,,,,,,,,,,,,,N,0.0,4.0,5.0,8.0,3.0,0.0,23.0,36.0,5,8,4.0,1.0,24.0,37.0,3,3,0,0.0,0.0,N331DN,N331DN-DL-0,24.0,35.0,13.0,37.0,48.0,,,0.0,24,37,0.0,0.0
N331FR,526.0,2019,2,5,2,4,2019-05-02,F9,F9,20436,F9,461,,,,,F9,20436,F9,461,13487,1348702,31650,MSP,"Minneapolis, MN",MN,27,Minnesota,63,11292,1129202,30325,DEN,"Denver, CO",CO,8,Colorado,82,535,-9.0,0.0,0.0,-1.0,0001-0559,18.0,544.0,635.0,6.0,648,641.0,-7.0,0.0,0.0,-1.0,0600-0659,0.0,,0.0,133.0,135.0,111.0,1.0,680.0,3,,,0.0,,0.0,,,,0,,,,,,,,,,,,,,,,,,,,,,,,,,,,,,,,,,,,,,,,,,,,,N,4.0,8.0,5.0,6.0,2.0,3.0,26.0,35.0,5,6,2.0,3.0,26.0,35.0,6,6,0,1.0,1.0,N331FR,N331FR-F9-0,26.0,38.0,9.0,35.0,47.0,,,0.0,26,35,0.0,0.0
N331FR,743.0,2019,2,5,2,4,2019-05-02,F9,F9,20436,F9,124,,,,,F9,20436,F9,124,11292,1129202,30325,DEN,"Denver, CO",CO,8,Colorado,82,11298,1129806,30194,DFW,"Dallas/Fort Worth, TX",TX,48,Texas,74,741,2.0,2.0,0.0,0.0,0700-0759,25.0,808.0,1043.0,8.0,1049,1051.0,2.0,2.0,0.0,0.0,1000-1059,0.0,,0.0,128.0,128.0,95.0,1.0,641.0,3,,,0.0,,0.0,,,,0,,,,,,,,,,,,,,,,,,,,,,,,,,,,,,,,,,,,,,,,,,,,,N,8.0,4.0,7.0,10.0,3.0,3.0,39.0,47.0,7,10,3.0,3.0,39.0,47.0,4,4,1,1.0,0.0,N331FR,N331FR-F9-1,39.0,51.0,8.0,47.0,59.0,35.0,4.0,0.0,39,47,0.0,0.0
N331NB,808.0,2019,2,5,2,4,2019-05-02,DL,DL,19790,DL,2944,,,,,DL,19790,DL,2944,11298,1129806,30194,DFW,"Dallas/Fort Worth, TX",TX,48,Texas,74,13487,1348702,31650,MSP,"Minneapolis, MN",MN,27,Minnesota,63,805,3.0,3.0,0.0,0.0,0800-0859,15.0,823.0,1005.0,3.0,1025,1008.0,-17.0,0.0,0.0,-2.0,1000-1059,0.0,,0.0,140.0,120.0,102.0,1.0,852.0,4,,,0.0,,0.0,,,,0,,,,,,,,,,,,,,,,,,,,,,,,,,,,,,,,,,,,,,,,,,,,,N,4.0,4.0,8.0,10.0,1.0,1.0,37.0,45.0,8,10,0.0,2.0,36.0,46.0,7,7,0,0.0,0.0,N331NB,N331NB-DL-0,37.0,49.0,8.0,45.0,57.0,,,0.0,37,45,0.0,0.0
N331NW,904.0,2019,2,5,2,4,2019-05-02,DL,DL,19790,DL,2748,,,,,DL,19790,DL,2748,11697,1169706,32467,FLL,"Fort Lauderdale, FL",FL,12,Florida,33,12953,1295304,31703,LGA,"New York, NY",NY,36,New York,22,906,-2.0,0.0,0.0,-1.0,0900-0959,12.0,916.0,1132.0,6.0,1200,1138.0,-22.0,0.0,0.0,-2.0,1200-1259,0.0,,0.0,174.0,154.0,136.0,1.0,1076.0,5,,,0.0,,0.0,,,,0,,,,,,,,,,,,,,,,,,,,,,,,,,,,,,,,,,,,,,,,,,,,,N,0.0,0.0,9.0,11.0,0.0,3.0,36.0,47.0,9,12,0.0,0.0,36.0,48.0,8,8,0,0.0,0.0,N331NW,N331NW-DL-0,36.0,48.0,11.0,47.0,59.0,,,0.0,37,48,1.0,8.26
N331PQ,554.0,2019,2,5,2,4,2019-05-02,DL,DL_CODESHARE,19790,DL,3317,,,,,9E,20363,9E,3317,14576,1457606,34576,ROC,"Rochester, NY",NY,36,New York,22,12478,1247805,31703,JFK,"New York, NY",NY,36,New York,22,555,-1.0,0.0,0.0,-1.0,0001-0559,20.0,614.0,712.0,5.0,720,717.0,-3.0,0.0,0.0,-1.0,0700-0759,0.0,,0.0,85.0,83.0,58.0,1.0,264.0,2,,,0.0,,0.0,,,,0,,,,,,,,,,,,,,,,,,,,,,,,,,,,,,,,,,,,,,,,,,,,,N,0.0,0.0,5.0,7.0,4.0,1.0,24.0,29.0,5,7,4.0,1.0,24.0,29.0,2,2,0,0.0,0.0,N331PQ,N331PQ-DL-0,24.0,36.0,5.0,29.0,41.0,,,0.0,24,29,0.0,0.0
N33209,714.0,2019,2,5,2,4,2019-05-02,UA,UA,19977,UA,1072,,,,,UA,19977,UA,1072,14771,1477104,32457,SFO,"San Francisco, CA",CA,6,California,91,14679,1467903,33570,SAN,"San Diego, CA",CA,6,California,91,610,64.0,64.0,1.0,4.0,0600-0659,15.0,729.0,837.0,3.0,749,840.0,51.0,51.0,1.0,3.0,0700-0759,0.0,,0.0,99.0,86.0,68.0,1.0,447.0,2,51.0,0.0,0.0,0.0,0.0,,,,0,,,,,,,,,,,,,,,,,,,,,,,,,,,,,,,,,,,,,,,,,,,,,N,12.0,12.0,7.0,8.0,1.0,3.0,41.0,47.0,6,7,1.0,3.0,37.0,43.0,4,4,0,0.0,0.0,N33209,N33209-UA-0,41.0,53.0,6.0,47.0,59.0,,,0.0,41,47,0.0,0.0
N33262,744.0,2019,2,5,2,4,2019-05-02,UA,UA,19977,UA,1188,,,,,UA,19977,UA,1188,13495,1349505,33495,MSY,"New Orleans, LA",LA,22,Louisiana,72,13930,1393007,30977,ORD,"Chicago, IL",IL,17,Illinois,41,750,-6.0,0.0,0.0,-1.0,0700-0759,15.0,759.0,1007.0,12.0,1019,1019.0,0.0,0.0,0.0,0.0,1000-1059,0.0,,0.0,149.0,155.0,128.0,1.0,836.0,4,,,0.0,,0.0,,,,0,,,,,,,,,,,,,,,,,,,,,,,,,,,,,,,,,,,,,,,,,,,,,N,4.0,4.0,7.0,10.0,3.0,1.0,35.0,45.0,7,10,3.0,1.0,35.0,45.0,2,2,0,0.0,0.0,N33262,N33262-UA-0,35.0,47.0,10.0,45.0,57.0,,,0.0,35,45,0.0,0.0
N33264,748.0,2019,2,5,2,4,2019-05-02,UA,UA,19977,UA,1592,,,,,UA,19977,UA,1592,11292,1129202,30325,DEN,"Denver, CO",CO,8,Colorado,82,12266,1226603,31453,IAH,"Houston, TX",TX,48,Texas,74,750,-2.0,0.0,0.0,-1.0,0700-0759,13.0,801.0,1105.0,7.0,1109,1112.0,3.0,3.0,0.0,0.0,1100-1159,0.0,,0.0,139.0,144.0,124.0,1.0,862.0,4,,,0.0,,0.0,,,,0,,,,,,,,,,,,,,,,,,,,,,,,,,,,,,,,,,,,,,,,,,,,,N,8.0,4.0,7.0,11.0,3.0,1.0,39.0,49.0,7,11,3.0,1.0,39.0,49.0,8,8,0,0.0,0.0,N33264,N33264-UA-0,39.0,51.0,10.0,49.0,61.0,,,0.0,39,49,0.0,0.0
N33289,859.0,2019,2,5,2,4,2019-05-02,UA,UA,19977,UA,519,,,,,UA,19977,UA,519,12953,1295304,31703,LGA,"New York, NY",NY,36,New York,22,13930,1393007,30977,ORD,"Chicago, IL",IL,17,Illinois,41,900,-1.0,0.0,0.0,-1.0,0900-0959,28.0,927.0,1027.0,14.0,1037,1041.0,4.0,4.0,0.0,0.0,1000-1059,0.0,,0.0,157.0,162.0,120.0,1.0,733.0,3,,,0.0,,0.0,,,,0,,,,,,,,,,,,,,,,,,,,,,,,,,,,,,,,,,,,,,,,,,,,,N,0.0,4.0,8.0,10.0,4.0,3.0,36.0,47.0,9,10,0.0,2.0,36.0,46.0,7,7,0,0.0,0.0,N33289,N33289-UA-0,36.0,48.0,11.0,47.0,59.0,,,0.0,36,47,0.0,0.0
N33292,536.0,2019,2,5,2,4,2019-05-02,UA,UA,19977,UA,389,,,,,UA,19977,UA,389,10721,1072102,30721,BOS,"Boston, MA",MA,25,Massachusetts,13,12264,1226402,30852,IAD,"Washington, DC",VA,51,Virginia,38,545,-9.0,0.0,0.0,-1.0,0001-0559,11.0,547.0,653.0,6.0,718,659.0,-19.0,0.0,0.0,-2.0,0700-0759,0.0,,0.0,93.0,83.0,66.0,1.0,413.0,2,,,0.0,,0.0,,,,0,,,,,,,,,,,,,,,,,,,,,,,,,,,,,,,,,,,,,,,,,,,,,N,0.0,0.0,5.0,6.0,2.0,4.0,22.0,28.0,5,7,3.0,1.0,23.0,29.0,9,9,0,1.0,1.0,N33292,N33292-UA-0,23.0,34.0,6.0,29.0,40.0,,,0.0,23,29,0.0,0.0
N33292,812.0,2019,2,5,2,4,2019-05-02,UA,UA,19977,UA,379,,,,,UA,19977,UA,379,12264,1226402,30852,IAD,"Washington, DC",VA,51,Virginia,38,13204,1320402,31454,MCO,"Orlando, FL",FL,12,Florida,33,815,-3.0,0.0,0.0,-1.0,0800-0859,20.0,832.0,1019.0,11.0,1033,1030.0,-3.0,0.0,0.0,-1.0,1000-1059,0.0,,0.0,138.0,138.0,107.0,1.0,758.0,4,,,0.0,,0.0,,,,0,,,,,,,,,,,,,,,,,,,,,,,,,,,,,,,,,,,,,,,,,,,,,N,0.0,0.0,8.0,10.0,1.0,2.0,33.0,42.0,8,10,1.0,2.0,33.0,42.0,9,9,1,1.0,0.0,N33292,N33292-UA-1,33.0,45.0,9.0,42.0,54.0,28.0,5.0,0.0,34,43,1.0,9.26
N332DN,615.0,2019,2,5,2,4,2019-05-02,DL,DL,19790,DL,1984,,,,,DL,19790,DL,1984,10423,1042302,30423,AUS,"Austin, TX",TX,48,Texas,74,10397,1039707,30397,ATL,"Atlanta, GA",GA,13,Georgia,34,600,15.0,15.0,1.0,1.0,0600-0659,19.0,634.0,935.0,7.0,906,942.0,36.0,36.0,1.0,2.0,0900-0959,0.0,,0.0,126.0,147.0,121.0,1.0,813.0,4,15.0,0.0,21.0,0.0,0.0,,,,0,,,,,,,,,,,,,,,,,,,,,,,,,,,,,,,,,,,,,,,,,,,,,N,4.0,0.0,6.0,9.0,1.0,3.0,29.0,39.0,6,9,0.0,0.0,28.0,36.0,2,2,0,0.0,0.0,N332DN,N332DN-DL-0,28.0,41.0,10.0,38.0,51.0,,,1.0,28,38,0.0,0.0
N332FR,833.0,2019,2,5,2,4,2019-05-02,F9,F9,20436,F9,1238,,,,,F9,20436,F9,1238,13204,1320402,31454,MCO,"Orlando, FL",FL,12,Florida,33,10721,1072102,30721,BOS,"Boston, MA",MA,25,Massachusetts,13,820,13.0,13.0,0.0,0.0,0800-0859,14.0,847.0,1110.0,9.0,1120,1119.0,-1.0,0.0,0.0,-1.0,1100-1159,0.0,,0.0,180.0,166.0,143.0,1.0,1121.0,5,,,0.0,,0.0,,,,0,,,,,,,,,,,,,,,,,,,,,,,,,,,,,,,,,,,,,,,,,,,,,N,0.0,0.0,8.0,11.0,2.0,1.0,34.0,45.0,8,11,1.0,1.0,33.0,45.0,4,4,0,0.0,0.0,N332FR,N332FR-F9-0,34.0,46.0,11.0,45.0,57.0,,,0.0,34,45,0.0,0.0
N332NB,800.0,2019,2,5,2,4,2019-05-02,DL,DL,19790,DL,923,,,,,DL,19790,DL,923,11042,1104205,30647,CLE,"Cleveland, OH",OH,39,Ohio,44,14869,1486903,34614,SLC,"Salt Lake City, UT",UT,49,Utah,87,800,0.0,0.0,0.0,0.0,0800-0859,15.0,815.0,1005.0,8.0,1008,1013.0,5.0,5.0,0.0,0.0,1000-1059,0.0,,0.0,248.0,253.0,230.0,1.0,1565.0,7,,,0.0,,0.0,,,,0,,,,,,,,,,,,,,,,,,,,,,,,,,,,,,,,,,,,,,,,,,,,,N,0.0,8.0,8.0,10.0,0.0,1.0,32.0,49.0,8,10,0.0,1.0,32.0,49.0,4,4,0,0.0,0.0,N332NB,N332NB-DL-0,32.0,44.0,17.0,49.0,61.0,,,0.0,32,49,0.0,0.0
N332NW,803.0,2019,2,5,2,4,2019-05-02,DL,DL,19790,DL,440,,,,,DL,19790,DL,440,12478,1247805,31703,JFK,"New York, NY",NY,36,New York,22,13495,1349505,33495,MSY,"New Orleans, LA",LA,22,Louisiana,72,805,-2.0,0.0,0.0,-1.0,0800-0859,11.0,814.0,952.0,5.0,1029,957.0,-32.0,0.0,0.0,-2.0,1000-1059,0.0,,0.0,204.0,174.0,158.0,1.0,1182.0,5,,,0.0,,0.0,,,,0,,,,,,,,,,,,,,,,,,,,,,,,,,,,,,,,,,,,,,,,,,,,,N,0.0,4.0,8.0,9.0,0.0,4.0,32.0,44.0,8,10,0.0,2.0,32.0,46.0,2,2,0,0.0,0.0,N332NW,N332NW-DL-0,32.0,44.0,12.0,44.0,56.0,,,0.0,32,44,0.0,0.0
N333DX,542.0,2019,2,5,2,4,2019-05-02,DL,DL,19790,DL,2079,,,,,DL,19790,DL,2079,10721,1072102,30721,BOS,"Boston, MA",MA,25,Massachusetts,13,11433,1143302,31295,DTW,"Detroit, MI",MI,26,Michigan,43,545,-3.0,0.0,0.0,-1.0,0001-0559,10.0,552.0,736.0,5.0,750,741.0,-9.0,0.0,0.0,-1.0,0700-0759,0.0,,0.0,125.0,119.0,104.0,1.0,632.0,3,,,0.0,,0.0,,,,0,,,,,,,,,,,,,,,,,,,,,,,,,,,,,,,,,,,,,,,,,,,,,N,0.0,0.0,5.0,7.0,3.0,3.0,23.0,31.0,5,7,3.0,3.0,23.0,31.0,8,8,0,1.0,1.0,N333DX,N333DX-DL-0,23.0,35.0,8.0,31.0,43.0,,,0.0,23,31,0.0,0.0
N333DX,849.0,2019,2,5,2,4,2019-05-02,DL,DL,19790,DL,1262,,,,,DL,19790,DL,1262,11433,1143302,31295,DTW,"Detroit, MI",MI,26,Michigan,43,14107,1410702,30466,PHX,"Phoenix, AZ",AZ,4,Arizona,81,849,0.0,0.0,0.0,0.0,0800-0859,20.0,909.0,1005.0,5.0,1002,1010.0,8.0,8.0,0.0,0.0,1000-1059,0.0,,0.0,253.0,261.0,236.0,1.0,1671.0,7,,,0.0,,0.0,,,,0,,,,,,,,,,,,,,,,,,,,,,,,,,,,,,,,,,,,,,,,,,,,,N,0.0,8.0,8.0,10.0,3.0,1.0,35.0,49.0,8,10,3.0,0.0,35.0,48.0,9,9,1,1.0,0.0,N333DX,N333DX-DL-1,35.0,47.0,14.0,49.0,61.0,31.0,4.0,0.0,35,49,0.0,0.0
N333NB,559.0,2019,2,5,2,4,2019-05-02,DL,DL,19790,DL,1919,,,,,DL,19790,DL,1919,12953,1295304,31703,LGA,"New York, NY",NY,36,New York,22,13487,1348702,31650,MSP,"Minneapolis, MN",MN,27,Minnesota,63,605,-6.0,0.0,0.0,-1.0,0600-0659,16.0,615.0,747.0,3.0,759,750.0,-9.0,0.0,0.0,-1.0,0700-0759,0.0,,0.0,174.0,171.0,152.0,1.0,1020.0,5,,,0.0,,0.0,,,,0,,,,,,,,,,,,,,,,,,,,,,,,,,,,,,,,,,,,,,,,,,,,,N,0.0,4.0,5.0,7.0,4.0,3.0,24.0,35.0,6,7,0.0,4.0,24.0,36.0,3,3,0,0.0,0.0,N333NB,N333NB-DL-0,24.0,36.0,11.0,35.0,47.0,,,0.0,24,35,0.0,0.0
N333NW,554.0,2019,2,5,2,4,2019-05-02,DL,DL,19790,DL,1890,,,,,DL,19790,DL,1890,11298,1129806,30194,DFW,"Dallas/Fort Worth, TX",TX,48,Texas,74,10397,1039707,30397,ATL,"Atlanta, GA",GA,13,Georgia,34,600,-6.0,0.0,0.0,-1.0,0600-0659,19.0,613.0,901.0,15.0,905,916.0,11.0,11.0,0.0,0.0,0900-0959,0.0,,0.0,125.0,142.0,108.0,1.0,731.0,3,,,0.0,,0.0,,,,0,,,,,,,,,,,,,,,,,,,,,,,,,,,,,,,,,,,,,,,,,,,,,N,4.0,0.0,5.0,9.0,4.0,1.0,28.0,37.0,6,9,0.0,0.0,28.0,36.0,7,7,0,0.0,0.0,N333NW,N333NW-DL-0,28.0,40.0,9.0,37.0,49.0,,,0.0,28,37,0.0,0.0
N334DN,600.0,2019,2,5,2,4,2019-05-02,DL,DL,19790,DL,293,,,,,DL,19790,DL,293,14107,1410702,30466,PHX,"Phoenix, AZ",AZ,4,Arizona,81,10397,1039707,30397,ATL,"Atlanta, GA",GA,13,Georgia,34,600,0.0,0.0,0.0,0.0,0600-0659,14.0,614.0,1232.0,16.0,1233,1248.0,15.0,15.0,1.0,1.0,1200-1259,0.0,,0.0,213.0,228.0,198.0,1.0,1587.0,7,0.0,0.0,15.0,0.0,0.0,,,,0,,,,,,,,,,,,,,,,,,,,,,,,,,,,,,,,,,,,,,,,,,,,,N,8.0,0.0,6.0,12.0,0.0,3.0,32.0,51.0,6,12,0.0,2.0,32.0,50.0,7,7,0,0.0,0.0,N334DN,N334DN-DL-0,32.0,44.0,19.0,51.0,63.0,,,1.0,32,51,0.0,0.0
N334FR,554.0,2019,2,5,2,4,2019-05-02,F9,F9,20436,F9,2434,,,,,F9,20436,F9,2434,15304,1530402,33195,TPA,"Tampa, FL",FL,12,Florida,33,11042,1104205,30647,CLE,"Cleveland, OH",OH,39,Ohio,44,600,-6.0,0.0,0.0,-1.0,0600-0659,14.0,608.0,808.0,7.0,835,815.0,-20.0,0.0,0.0,-2.0,0800-0859,0.0,,0.0,155.0,141.0,120.0,1.0,927.0,4,,,0.0,,0.0,,,,0,,,,,,,,,,,,,,,,,,,,,,,,,,,,,,,,,,,,,,,,,,,,,N,0.0,0.0,5.0,8.0,4.0,1.0,24.0,33.0,6,8,0.0,2.0,24.0,34.0,1,1,0,1.0,1.0,N334FR,N334FR-F9-0,24.0,36.0,9.0,33.0,45.0,,,0.0,24,33,0.0,0.0
N334FR,914.0,2019,2,5,2,4,2019-05-02,F9,F9,20436,F9,2435,,,,,F9,20436,F9,2435,11042,1104205,30647,CLE,"Cleveland, OH",OH,39,Ohio,44,15304,1530402,33195,TPA,"Tampa, FL",FL,12,Florida,33,925,-11.0,0.0,0.0,-1.0,0900-0959,15.0,929.0,1139.0,5.0,1156,1144.0,-12.0,0.0,0.0,-1.0,1100-1159,0.0,,0.0,151.0,150.0,130.0,1.0,927.0,4,,,0.0,,0.0,,,,0,,,,,,,,,,,,,,,,,,,,,,,,,,,,,,,,,,,,,,,,,,,,,N,0.0,0.0,9.0,11.0,1.0,3.0,37.0,47.0,9,11,2.0,4.0,38.0,48.0,4,4,1,1.0,0.0,N334FR,N334FR-F9-1,38.0,49.0,10.0,48.0,59.0,33.0,4.0,0.0,38,48,0.0,0.0
N334NB,742.0,2019,2,5,2,4,2019-05-02,DL,DL,19790,DL,2267,,,,,DL,19790,DL,2267,11278,1127805,30852,DCA,"Washington, DC",VA,51,Virginia,38,11433,1143302,31295,DTW,"Detroit, MI",MI,26,Michigan,43,745,-3.0,0.0,0.0,-1.0,0700-0759,11.0,753.0,904.0,6.0,918,910.0,-8.0,0.0,0.0,-1.0,0900-0959,0.0,,0.0,93.0,88.0,71.0,1.0,405.0,2,,,0.0,,0.0,,,,0,,,,,,,,,,,,,,,,,,,,,,,,,,,,,,,,,,,,,,,,,,,,,N,0.0,0.0,7.0,9.0,3.0,1.0,31.0,37.0,7,9,3.0,1.0,31.0,37.0,8,8,0,0.0,0.0,N334NB,N334NB-DL-0,31.0,43.0,6.0,37.0,49.0,,,0.0,31,37,0.0,0.0
N334NW,709.0,2019,2,5,2,4,2019-05-02,DL,DL,19790,DL,1415,,,,,DL,19790,DL,1415,12953,1295304,31703,LGA,"New York, NY",NY,36,New York,22,13303,1330303,32467,MIA,"Miami, FL",FL,12,Florida,33,710,-1.0,0.0,0.0,-1.0,0700-0759,18.0,727.0,950.0,4.0,1018,954.0,-24.0,0.0,0.0,-2.0,1000-1059,0.0,,0.0,188.0,165.0,143.0,1.0,1096.0,5,,,0.0,,0.0,,,,0,,,,,,,,,,,,,,,,,,,,,,,,,,,,,,,,,,,,,,,,,,,,,N,0.0,0.0,7.0,9.0,1.0,4.0,29.0,40.0,7,10,1.0,1.0,29.0,41.0,2,2,0,0.0,0.0,N334NW,N334NW-DL-0,29.0,41.0,11.0,40.0,52.0,,,0.0,31,42,2.0,5.32
N335DN,830.0,2019,2,5,2,4,2019-05-02,DL,DL,19790,DL,2594,,,,,DL,19790,DL,2594,10397,1039707,30397,ATL,"Atlanta, GA",GA,13,Georgia,34,11278,1127805,30852,DCA,"Washington, DC",VA,51,Virginia,38,830,0.0,0.0,0.0,0.0,0800-0859,20.0,850.0,1001.0,4.0,1012,1005.0,-7.0,0.0,0.0,-1.0,1000-1059,0.0,,0.0,102.0,95.0,71.0,1.0,547.0,3,,,0.0,,0.0,,,,0,,,,,,,,,,,,,,,,,,,,,,,,,,,,,,,,,,,,,,,,,,,,,N,0.0,0.0,8.0,10.0,2.0,0.0,34.0,40.0,8,10,2.0,1.0,34.0,41.0,1,1,0,0.0,0.0,N335DN,N335DN-DL-0,34.0,46.0,6.0,40.0,52.0,,,0.0,34,42,2.0,2.74
N335FR,657.0,2019,2,5,2,4,2019-05-02,F9,F9,20436,F9,807,,,,,F9,20436,F9,807,15356,1535602,35356,TTN,"Trenton, NJ",NJ,34,New Jersey,21,10397,1039707,30397,ATL,"Atlanta, GA",GA,13,Georgia,34,710,-13.0,0.0,0.0,-1.0,0700-0759,11.0,708.0,857.0,13.0,922,910.0,-12.0,0.0,0.0,-1.0,0900-0959,0.0,,0.0,132.0,133.0,109.0,1.0,701.0,3,,,0.0,,0.0,,,,0,,,,,,,,,,,,,,,,,,,,,,,,,,,,,,,,,,,,,,,,,,,,,N,0.0,0.0,6.0,9.0,4.0,1.0,28.0,37.0,7,9,1.0,1.0,29.0,37.0,5,5,0,0.0,0.0,N335FR,N335FR-F9-0,29.0,40.0,9.0,38.0,49.0,,,0.0,29,38,0.0,0.0
N335PQ,710.0,2019,2,5,2,4,2019-05-02,DL,DL_CODESHARE,19790,DL,5236,,,,,9E,20363,9E,5236,12339,1233904,32337,IND,"Indianapolis, IN",IN,18,Indiana,42,13487,1348702,31650,MSP,"Minneapolis, MN",MN,27,Minnesota,63,720,-10.0,0.0,0.0,-1.0,0700-0759,38.0,748.0,816.0,5.0,809,821.0,12.0,12.0,0.0,0.0,0800-0859,0.0,,0.0,109.0,131.0,88.0,1.0,503.0,3,,,0.0,,0.0,,,,0,,,,,,,,,,,,,,,,,,,,,,,,,,,,,,,,,,,,,,,,,,,,,N,0.0,4.0,7.0,8.0,1.0,1.0,29.0,37.0,7,8,1.0,1.0,29.0,37.0,6,6,0,0.0,0.0,N335PQ,N335PQ-DL-0,29.0,41.0,8.0,37.0,49.0,,,0.0,29,37,0.0,0.0
N336DX,701.0,2019,2,5,2,4,2019-05-02,DL,DL,19790,DL,2285,,,,,DL,19790,DL,2285,12953,1295304,31703,LGA,"New York, NY",NY,36,New York,22,13204,1320402,31454,MCO,"Orlando, FL",FL,12,Florida,33,705,-4.0,0.0,0.0,-1.0,0700-0759,22.0,723.0,933.0,9.0,953,942.0,-11.0,0.0,0.0,-1.0,0900-0959,0.0,,0.0,168.0,161.0,130.0,1.0,950.0,4,,,0.0,,0.0,,,,0,,,,,,,,,,,,,,,,,,,,,,,,,,,,,,,,,,,,,,,,,,,,,N,0.0,0.0,7.0,9.0,0.0,3.0,28.0,39.0,7,9,0.0,4.0,28.0,40.0,6,6,0,0.0,0.0,N336DX,N336DX-DL-0,28.0,40.0,11.0,39.0,51.0,,,0.0,28,39,0.0,0.0
N336FR,550.0,2019,2,5,2,4,2019-05-02,F9,F9,20436,F9,64,,,,,F9,20436,F9,64,11292,1129202,30325,DEN,"Denver, CO",CO,8,Colorado,82,11042,1104205,30647,CLE,"Cleveland, OH",OH,39,Ohio,44,550,0.0,0.0,0.0,0.0,0001-0559,15.0,605.0,1029.0,6.0,1053,1035.0,-18.0,0.0,0.0,-2.0,1000-1059,0.0,,0.0,183.0,165.0,144.0,1.0,1201.0,5,,,0.0,,0.0,,,,0,,,,,,,,,,,,,,,,,,,,,,,,,,,,,,,,,,,,,,,,,,,,,N,8.0,0.0,5.0,10.0,3.0,2.0,31.0,42.0,5,10,3.0,4.0,31.0,44.0,2,2,0,0.0,0.0,N336FR,N336FR-F9-0,31.0,43.0,11.0,42.0,54.0,,,0.0,31,42,0.0,0.0
N336NB,557.0,2019,2,5,2,4,2019-05-02,DL,DL,19790,DL,1374,,,,,DL,19790,DL,1374,13796,1379608,32457,OAK,"Oakland, CA",CA,6,California,91,14869,1486903,34614,SLC,"Salt Lake City, UT",UT,49,Utah,87,600,-3.0,0.0,0.0,-1.0,0600-0659,10.0,607.0,824.0,7.0,850,831.0,-19.0,0.0,0.0,-2.0,0800-0859,0.0,,0.0,110.0,94.0,77.0,1.0,588.0,3,,,0.0,,0.0,,,,0,,,,,,,,,,,,,,,,,,,,,,,,,,,,,,,,,,,,,,,,,,,,,N,12.0,8.0,5.0,8.0,4.0,2.0,36.0,42.0,6,8,0.0,3.0,36.0,43.0,6,6,0,0.0,0.0,N336NB,N336NB-DL-0,36.0,48.0,6.0,42.0,54.0,,,0.0,36,42,0.0,0.0
N336NW,733.0,2019,2,5,2,4,2019-05-02,DL,DL,19790,DL,1180,,,,,DL,19790,DL,1180,14574,1457405,34574,ROA,"Roanoke, VA",VA,51,Virginia,38,10397,1039707,30397,ATL,"Atlanta, GA",GA,13,Georgia,34,735,-2.0,0.0,0.0,-1.0,0700-0759,12.0,745.0,850.0,10.0,901,900.0,-1.0,0.0,0.0,-1.0,0900-0959,0.0,,0.0,86.0,87.0,65.0,1.0,357.0,2,,,0.0,,0.0,,,,0,,,,,,,,,,,,,,,,,,,,,,,,,,,,,,,,,,,,,,,,,,,,,N,0.0,0.0,7.0,9.0,2.0,0.0,30.0,36.0,7,9,2.0,0.0,30.0,36.0,1,1,0,0.0,0.0,N336NW,N336NW-DL-0,30.0,42.0,6.0,36.0,48.0,,,0.0,30,36,0.0,0.0
N336PQ,707.0,2019,2,5,2,4,2019-05-02,DL,DL_CODESHARE,19790,DL,3471,,,,,9E,20363,9E,3471,13487,1348702,31650,MSP,"Minneapolis, MN",MN,27,Minnesota,63,12266,1226603,31453,IAH,"Houston, TX",TX,48,Texas,74,709,-2.0,0.0,0.0,-1.0,0700-0759,26.0,733.0,1051.0,6.0,1022,1057.0,35.0,35.0,1.0,2.0,1000-1059,0.0,,0.0,193.0,230.0,198.0,1.0,1034.0,5,0.0,0.0,35.0,0.0,0.0,,,,0,,,,,,,,,,,,,,,,,,,,,,,,,,,,,,,,,,,,,,,,,,,,,N,4.0,4.0,7.0,10.0,0.0,4.0,32.0,48.0,7,10,1.0,1.0,33.0,45.0,1,1,0,0.0,0.0,N336PQ,N336PQ-DL-0,33.0,44.0,16.0,49.0,60.0,,,2.0,33,49,0.0,0.0
N33714,843.0,2019,2,5,2,4,2019-05-02,UA,UA,19977,UA,2344,,,,,UA,19977,UA,2344,13303,1330303,32467,MIA,"Miami, FL",FL,12,Florida,33,12266,1226603,31453,IAH,"Houston, TX",TX,48,Texas,74,845,-2.0,0.0,0.0,-1.0,0800-0859,87.0,1010.0,1138.0,11.0,1038,1149.0,71.0,71.0,1.0,4.0,1000-1059,0.0,,0.0,173.0,246.0,148.0,1.0,964.0,4,0.0,0.0,71.0,0.0,0.0,,,,0,,,,,,,,,,,,,,,,,,,,,,,,,,,,,,,,,,,,,,,,,,,,,N,0.0,4.0,8.0,11.0,3.0,3.0,35.0,51.0,8,10,3.0,3.0,35.0,47.0,3,3,0,0.0,0.0,N33714,N33714-UA-0,35.0,47.0,16.0,51.0,63.0,,,5.0,35,51,0.0,0.0
N337DN,554.0,2019,2,5,2,4,2019-05-02,DL,DL,19790,DL,1602,,,,,DL,19790,DL,1602,12889,1288903,32211,LAS,"Las Vegas, NV",NV,32,Nevada,85,10397,1039707,30397,ATL,"Atlanta, GA",GA,13,Georgia,34,600,-6.0,0.0,0.0,-1.0,0600-0659,11.0,605.0,1244.0,12.0,1250,1256.0,6.0,6.0,0.0,0.0,1200-1259,0.0,,0.0,230.0,242.0,219.0,1.0,1747.0,7,,,0.0,,0.0,,,,0,,,,,,,,,,,,,,,,,,,,,,,,,,,,,,,,,,,,,,,,,,,,,N,12.0,0.0,5.0,12.0,4.0,4.0,36.0,52.0,6,12,0.0,3.0,36.0,51.0,5,5,0,0.0,0.0,N337DN,N337DN-DL-0,36.0,48.0,16.0,52.0,64.0,,,0.0,36,52,0.0,0.0
N337FR,101.0,2019,2,5,2,4,2019-05-02,F9,F9,20436,F9,790,,,,,F9,20436,F9,790,14057,1405702,34057,PDX,"Portland, OR",OR,41,Oregon,92,11292,1129202,30325,DEN,"Denver, CO",CO,8,Colorado,82,55,6.0,6.0,0.0,0.0,0001-0559,14.0,115.0,413.0,16.0,431,429.0,-2.0,0.0,0.0,-1.0,0001-0559,0.0,,0.0,156.0,148.0,118.0,1.0,991.0,4,,,0.0,,0.0,,,,0,,,,,,,,,,,,,,,,,,,,,,,,,,,,,,,,,,,,,,,,,,,,,N,12.0,8.0,1.0,4.0,0.0,2.0,16.0,26.0,0,4,4.0,2.0,16.0,26.0,1,1,0,1.0,1.0,N337FR,N337FR-F9-0,16.0,28.0,10.0,26.0,38.0,,,0.0,16,26,0.0,0.0
N337FR,640.0,2019,2,5,2,4,2019-05-02,F9,F9,20436,F9,450,,,,,F9,20436,F9,450,11292,1129202,30325,DEN,"Denver, CO",CO,8,Colorado,82,10792,1079206,30792,BUF,"Buffalo, NY",NY,36,New York,22,645,-5.0,0.0,0.0,-1.0,0600-0659,17.0,657.0,1125.0,5.0,1156,1130.0,-26.0,0.0,0.0,-2.0,1100-1159,0.0,,0.0,191.0,170.0,148.0,1.0,1359.0,6,,,0.0,,0.0,,,,0,,,,,,,,,,,,,,,,,,,,,,,,,,,,,,,,,,,,,,,,,,,,,N,8.0,0.0,6.0,11.0,3.0,2.0,35.0,46.0,6,11,3.0,4.0,35.0,48.0,4,4,1,1.0,0.0,N337FR,N337FR-F9-1,35.0,47.0,11.0,46.0,58.0,26.0,9.0,0.0,35,46,0.0,0.0
N337JB,709.0,2019,2,5,2,4,2019-05-02,B6,B6,20409,B6,515,,,,,B6,20409,B6,515,10721,1072102,30721,BOS,"Boston, MA",MA,25,Massachusetts,13,10792,1079206,30792,BUF,"Buffalo, NY",NY,36,New York,22,706,3.0,3.0,0.0,0.0,0700-0759,15.0,724.0,830.0,4.0,838,834.0,-4.0,0.0,0.0,-1.0,0800-0859,0.0,,0.0,92.0,85.0,66.0,1.0,395.0,2,,,0.0,,0.0,,,,0,,,,,,,,,,,,,,,,,,,,,,,,,,,,,,,,,,,,,,,,,,,,,N,0.0,0.0,7.0,8.0,1.0,2.0,29.0,34.0,7,8,0.0,3.0,28.0,35.0,3,3,0,1.0,1.0,N337JB,N337JB-B6-0,29.0,41.0,5.0,34.0,46.0,,,0.0,29,34,0.0,0.0
N337JB,907.0,2019,2,5,2,4,2019-05-02,B6,B6,20409,B6,816,,,,,B6,20409,B6,816,10792,1079206,30792,BUF,"Buffalo, NY",NY,36,New York,22,10721,1072102,30721,BOS,"Boston, MA",MA,25,Massachusetts,13,914,-7.0,0.0,0.0,-1.0,0900-0959,11.0,918.0,1018.0,8.0,1036,1026.0,-10.0,0.0,0.0,-1.0,1000-1059,0.0,,0.0,82.0,79.0,60.0,1.0,395.0,2,,,0.0,,0.0,,,,0,,,,,,,,,,,,,,,,,,,,,,,,,,,,,,,,,,,,,,,,,,,,,N,0.0,0.0,9.0,10.0,0.0,2.0,36.0,42.0,9,10,1.0,2.0,37.0,42.0,3,3,1,1.0,0.0,N337JB,N337JB-B6-1,37.0,48.0,6.0,43.0,54.0,34.0,2.0,0.0,37,43,0.0,0.0
N337NB,617.0,2019,2,5,2,4,2019-05-02,DL,DL,19790,DL,886,,,,,DL,19790,DL,886,10397,1039707,30397,ATL,"Atlanta, GA",GA,13,Georgia,34,12953,1295304,31703,LGA,"New York, NY",NY,36,New York,22,600,17.0,17.0,1.0,1.0,0600-0659,12.0,629.0,813.0,9.0,825,822.0,-3.0,0.0,0.0,-1.0,0800-0859,0.0,,0.0,145.0,125.0,104.0,1.0,762.0,4,,,0.0,,0.0,,,,0,,,,,,,,,,,,,,,,,,,,,,,,,,,,,,,,,,,,,,,,,,,,,N,0.0,0.0,6.0,8.0,1.0,1.0,25.0,33.0,6,8,0.0,2.0,24.0,34.0,7,7,0,1.0,1.0,N337NB,N337NB-DL-0,25.0,37.0,8.0,33.0,45.0,,,0.0,25,33,0.0,0.0
N337NB,916.0,2019,2,5,2,4,2019-05-02,DL,DL,19790,DL,955,,,,,DL,19790,DL,955,12953,1295304,31703,LGA,"New York, NY",NY,36,New York,22,11433,1143302,31295,DTW,"Detroit, MI",MI,26,Michigan,43,915,1.0,1.0,0.0,0.0,0900-0959,26.0,942.0,1105.0,7.0,1117,1112.0,-5.0,0.0,0.0,-1.0,1100-1159,0.0,,0.0,122.0,116.0,83.0,1.0,502.0,3,,,0.0,,0.0,,,,0,,,,,,,,,,,,,,,,,,,,,,,,,,,,,,,,,,,,,,,,,,,,,N,0.0,0.0,9.0,11.0,1.0,1.0,37.0,45.0,9,11,1.0,1.0,37.0,45.0,9,9,1,1.0,0.0,N337NB,N337NB-DL-1,37.0,49.0,8.0,45.0,57.0,33.0,4.0,0.0,37,45,0.0,0.0
N337NW,741.0,2019,2,5,2,4,2019-05-02,DL,DL,19790,DL,2119,,,,,DL,19790,DL,2119,12953,1295304,31703,LGA,"New York, NY",NY,36,New York,22,13487,1348702,31650,MSP,"Minneapolis, MN",MN,27,Minnesota,63,745,-4.0,0.0,0.0,-1.0,0700-0759,14.0,755.0,921.0,6.0,946,927.0,-19.0,0.0,0.0,-2.0,0900-0959,0.0,,0.0,181.0,166.0,146.0,1.0,1020.0,5,,,0.0,,0.0,,,,0,,,,,,,,,,,,,,,,,,,,,,,,,,,,,,,,,,,,,,,,,,,,,N,0.0,4.0,7.0,9.0,3.0,2.0,31.0,42.0,7,9,3.0,3.0,31.0,43.0,7,7,0,0.0,0.0,N337NW,N337NW-DL-0,31.0,43.0,11.0,42.0,54.0,,,0.0,31,42,0.0,0.0
N337PJ,746.0,2019,2,5,2,4,2019-05-02,AA,AA,19805,AA,2600,,,,,AA,19805,AA,2600,10721,1072102,30721,BOS,"Boston, MA",MA,25,Massachusetts,13,11298,1129806,30194,DFW,"Dallas/Fort Worth, TX",TX,48,Texas,74,747,-1.0,0.0,0.0,-1.0,0700-0759,28.0,814.0,1119.0,15.0,1119,1134.0,15.0,15.0,1.0,1.0,1100-1159,0.0,,0.0,272.0,288.0,245.0,1.0,1562.0,7,0.0,0.0,15.0,0.0,0.0,,,,0,,,,,,,,,,,,,,,,,,,,,,,,,,,,,,,,,,,,,,,,,,,,,N,0.0,4.0,7.0,11.0,3.0,2.0,31.0,50.0,7,11,3.0,1.0,31.0,49.0,7,7,0,0.0,0.0,N337PJ,N337PJ-AA-0,31.0,43.0,19.0,50.0,62.0,,,1.0,31,50,0.0,0.0
N337PQ,700.0,2019,2,5,2,4,2019-05-02,DL,DL_CODESHARE,19790,DL,5403,,,,,9E,20363,9E,5403,10868,1086803,30868,CAE,"Columbia, SC",SC,45,South Carolina,37,10397,1039707,30397,ATL,"Atlanta, GA",GA,13,Georgia,34,700,0.0,0.0,0.0,0.0,0700-0759,25.0,725.0,806.0,11.0,810,817.0,7.0,7.0,0.0,0.0,0800-0859,0.0,,0.0,70.0,77.0,41.0,1.0,192.0,1,,,0.0,,0.0,,,,0,,,,,,,,,,,,,,,,,,,,,,,,,,,,,,,,,,,,,,,,,,,,,N,0.0,0.0,7.0,8.0,0.0,1.0,28.0,33.0,7,8,0.0,1.0,28.0,33.0,7,7,0,1.0,1.0,N337PQ,N337PQ-DL-0,28.0,40.0,5.0,33.0,45.0,,,0.0,28,33,0.0,0.0
N337PQ,935.0,2019,2,5,2,4,2019-05-02,DL,DL_CODESHARE,19790,DL,5321,,,,,9E,20363,9E,5321,10397,1039707,30397,ATL,"Atlanta, GA",GA,13,Georgia,34,12197,1219702,31703,HPN,"White Plains, NY",NY,36,New York,22,939,-4.0,0.0,0.0,-1.0,0900-0959,18.0,953.0,1140.0,6.0,1200,1146.0,-14.0,0.0,0.0,-1.0,1200-1259,0.0,,0.0,141.0,131.0,107.0,1.0,780.0,4,,,0.0,,0.0,,,,0,,,,,,,,,,,,,,,,,,,,,,,,,,,,,,,,,,,,,,,,,,,,,N,0.0,0.0,9.0,11.0,2.0,3.0,38.0,47.0,9,12,3.0,0.0,39.0,48.0,1,1,1,1.0,0.0,N337PQ,N337PQ-DL-1,39.0,50.0,9.0,48.0,59.0,33.0,5.0,0.0,42,51,3.0,4.58
N338FR,611.0,2019,2,5,2,4,2019-05-02,F9,F9,20436,F9,2051,,,,,F9,20436,F9,2051,14100,1410005,34100,PHL,"Philadelphia, PA",PA,42,Pennsylvania,23,13342,1334207,33342,MKE,"Milwaukee, WI",WI,55,Wisconsin,45,615,-4.0,0.0,0.0,-1.0,0600-0659,15.0,626.0,720.0,6.0,730,726.0,-4.0,0.0,0.0,-1.0,0700-0759,0.0,,0.0,135.0,135.0,114.0,1.0,690.0,3,,,0.0,,0.0,,,,0,,,,,,,,,,,,,,,,,,,,,,,,,,,,,,,,,,,,,,,,,,,,,N,0.0,4.0,6.0,7.0,1.0,2.0,25.0,34.0,6,7,1.0,2.0,25.0,34.0,4,4,0,1.0,1.0,N338FR,N338FR-F9-0,25.0,37.0,9.0,34.0,46.0,,,0.0,25,34,0.0,0.0
N338FR,806.0,2019,2,5,2,4,2019-05-02,F9,F9,20436,F9,2051,,,,,F9,20436,F9,2051,13342,1334207,33342,MKE,"Milwaukee, WI",WI,55,Wisconsin,45,12889,1288903,32211,LAS,"Las Vegas, NV",NV,32,Nevada,85,815,-9.0,0.0,0.0,-1.0,0800-0859,19.0,825.0,1006.0,8.0,1007,1014.0,7.0,7.0,0.0,0.0,1000-1059,0.0,,0.0,232.0,248.0,221.0,1.0,1524.0,7,,,0.0,,0.0,,,,0,,,,,,,,,,,,,,,,,,,,,,,,,,,,,,,,,,,,,,,,,,,,,N,4.0,12.0,8.0,10.0,0.0,1.0,36.0,53.0,8,10,1.0,0.0,37.0,52.0,5,5,1,1.0,0.0,N338FR,N338FR-F9-1,37.0,48.0,17.0,54.0,65.0,34.0,2.0,0.0,37,54,0.0,0.0
N338NB,644.0,2019,2,5,2,4,2019-05-02,DL,DL,19790,DL,860,,,,,DL,19790,DL,860,14908,1490803,32575,SNA,"Santa Ana, CA",CA,6,California,91,13487,1348702,31650,MSP,"Minneapolis, MN",MN,27,Minnesota,63,645,-1.0,0.0,0.0,-1.0,0600-0659,25.0,709.0,1205.0,4.0,1231,1209.0,-22.0,0.0,0.0,-2.0,1200-1259,0.0,,0.0,226.0,205.0,176.0,1.0,1522.0,7,,,0.0,,0.0,,,,0,,,,,,,,,,,,,,,,,,,,,,,,,,,,,,,,,,,,,,,,,,,,,N,12.0,4.0,6.0,12.0,3.0,1.0,39.0,53.0,6,12,3.0,2.0,39.0,54.0,9,9,0,0.0,0.0,N338NB,N338NB-DL-0,39.0,51.0,14.0,53.0,65.0,,,0.0,39,53,0.0,0.0
N338NW,557.0,2019,2,5,2,4,2019-05-02,DL,DL,19790,DL,565,,,,,DL,19790,DL,565,14100,1410005,34100,PHL,"Philadelphia, PA",PA,42,Pennsylvania,23,11433,1143302,31295,DTW,"Detroit, MI",MI,26,Michigan,43,600,-3.0,0.0,0.0,-1.0,0600-0659,19.0,616.0,734.0,4.0,739,738.0,-1.0,0.0,0.0,-1.0,0700-0759,0.0,,0.0,99.0,101.0,78.0,1.0,453.0,2,,,0.0,,0.0,,,,0,,,,,,,,,,,,,,,,,,,,,,,,,,,,,,,,,,,,,,,,,,,,,N,0.0,0.0,5.0,7.0,4.0,3.0,24.0,31.0,6,7,0.0,3.0,24.0,31.0,9,9,0,1.0,1.0,N338NW,N338NW-DL-0,24.0,36.0,7.0,31.0,43.0,,,0.0,24,31,0.0,0.0
N338NW,828.0,2019,2,5,2,4,2019-05-02,DL,DL,19790,DL,1401,,,,,DL,19790,DL,1401,11433,1143302,31295,DTW,"Detroit, MI",MI,26,Michigan,43,12953,1295304,31703,LGA,"New York, NY",NY,36,New York,22,831,-3.0,0.0,0.0,-1.0,0800-0859,20.0,848.0,1006.0,10.0,1030,1016.0,-14.0,0.0,0.0,-1.0,1000-1059,0.0,,0.0,119.0,108.0,78.0,1.0,502.0,3,,,0.0,,0.0,,,,0,,,,,,,,,,,,,,,,,,,,,,,,,,,,,,,,,,,,,,,,,,,,,N,0.0,0.0,8.0,10.0,2.0,1.0,34.0,41.0,8,10,2.0,2.0,34.0,42.0,5,5,1,1.0,0.0,N338NW,N338NW-DL-1,34.0,46.0,7.0,41.0,53.0,31.0,3.0,0.0,34,41,0.0,0.0
N339DN,704.0,2019,2,5,2,4,2019-05-02,DL,DL,19790,DL,1867,,,,,DL,19790,DL,1867,12953,1295304,31703,LGA,"New York, NY",NY,36,New York,22,11433,1143302,31295,DTW,"Detroit, MI",MI,26,Michigan,43,710,-6.0,0.0,0.0,-1.0,0700-0759,14.0,718.0,841.0,6.0,909,847.0,-22.0,0.0,0.0,-2.0,0900-0959,0.0,,0.0,119.0,103.0,83.0,1.0,502.0,3,,,0.0,,0.0,,,,0,,,,,,,,,,,,,,,,,,,,,,,,,,,,,,,,,,,,,,,,,,,,,N,0.0,0.0,7.0,8.0,0.0,3.0,28.0,35.0,7,9,1.0,1.0,29.0,37.0,7,7,0,0.0,0.0,N339DN,N339DN-DL-0,29.0,40.0,7.0,36.0,47.0,,,0.0,29,36,0.0,0.0
N339FR,555.0,2019,2,5,2,4,2019-05-02,F9,F9,20436,F9,410,,,,,F9,20436,F9,410,11292,1129202,30325,DEN,"Denver, CO",CO,8,Colorado,82,13930,1393007,30977,ORD,"Chicago, IL",IL,17,Illinois,41,600,-5.0,0.0,0.0,-1.0,0600-0659,17.0,612.0,903.0,17.0,933,920.0,-13.0,0.0,0.0,-1.0,0900-0959,0.0,,0.0,153.0,145.0,111.0,1.0,888.0,4,,,0.0,,0.0,,,,0,,,,,,,,,,,,,,,,,,,,,,,,,,,,,,,,,,,,,,,,,,,,,N,8.0,4.0,5.0,9.0,4.0,1.0,32.0,41.0,6,9,0.0,2.0,32.0,42.0,7,7,0,0.0,0.0,N339FR,N339FR-F9-0,32.0,44.0,9.0,41.0,53.0,,,0.0,32,41,0.0,0.0
N339JB,528.0,2019,2,5,2,4,2019-05-02,B6,B6,20409,B6,1986,,,,,B6,20409,B6,1986,14122,1412202,30198,PIT,"Pittsburgh, PA",PA,42,Pennsylvania,23,10721,1072102,30721,BOS,"Boston, MA",MA,25,Massachusetts,13,541,-13.0,0.0,0.0,-1.0,0001-0559,10.0,538.0,650.0,8.0,713,658.0,-15.0,0.0,0.0,-1.0,0700-0759,0.0,,0.0,92.0,90.0,72.0,1.0,496.0,2,,,0.0,,0.0,,,,0,,,,,,,,,,,,,,,,,,,,,,,,,,,,,,,,,,,,,,,,,,,,,N,0.0,0.0,5.0,6.0,2.0,4.0,22.0,28.0,5,7,3.0,1.0,23.0,29.0,6,6,0,1.0,1.0,N339JB,N339JB-B6-0,23.0,34.0,6.0,29.0,40.0,,,0.0,23,29,0.0,0.0
N339JB,837.0,2019,2,5,2,4,2019-05-02,B6,B6,20409,B6,427,,,,,B6,20409,B6,427,10721,1072102,30721,BOS,"Boston, MA",MA,25,Massachusetts,13,10821,1082106,30852,BWI,"Baltimore, MD",MD,24,Maryland,35,845,-8.0,0.0,0.0,-1.0,0800-0859,22.0,859.0,1010.0,4.0,1015,1014.0,-1.0,0.0,0.0,-1.0,1000-1059,0.0,,0.0,90.0,97.0,71.0,1.0,369.0,2,,,0.0,,0.0,,,,0,,,,,,,,,,,,,,,,,,,,,,,,,,,,,,,,,,,,,,,,,,,,,N,0.0,0.0,8.0,10.0,2.0,1.0,34.0,41.0,8,10,3.0,1.0,35.0,41.0,1,1,1,1.0,0.0,N339JB,N339JB-B6-1,35.0,46.0,7.0,42.0,53.0,28.0,6.0,0.0,35,42,0.0,0.0
N339NW,612.0,2019,2,5,2,4,2019-05-02,DL,DL,19790,DL,1368,,,,,DL,19790,DL,1368,11278,1127805,30852,DCA,"Washington, DC",VA,51,Virginia,38,13487,1348702,31650,MSP,"Minneapolis, MN",MN,27,Minnesota,63,615,-3.0,0.0,0.0,-1.0,0600-0659,13.0,625.0,735.0,4.0,754,739.0,-15.0,0.0,0.0,-1.0,0700-0759,0.0,,0.0,159.0,147.0,130.0,1.0,931.0,4,,,0.0,,0.0,,,,0,,,,,,,,,,,,,,,,,,,,,,,,,,,,,,,,,,,,,,,,,,,,,N,0.0,4.0,6.0,7.0,1.0,3.0,25.0,35.0,6,7,1.0,4.0,25.0,36.0,3,3,0,0.0,0.0,N339NW,N339NW-DL-0,25.0,37.0,10.0,35.0,47.0,,,0.0,25,35,0.0,0.0
N339PL,556.0,2019,2,5,2,4,2019-05-02,AA,AA,19805,AA,1196,,,,,AA,19805,AA,1196,11618,1161802,31703,EWR,"Newark, NJ",NJ,34,New Jersey,21,13303,1330303,32467,MIA,"Miami, FL",FL,12,Florida,33,605,-9.0,0.0,0.0,-1.0,0600-0659,20.0,616.0,849.0,11.0,916,900.0,-16.0,0.0,0.0,-2.0,0900-0959,0.0,,0.0,191.0,184.0,153.0,1.0,1085.0,5,,,0.0,,0.0,,,,0,,,,,,,,,,,,,,,,,,,,,,,,,,,,,,,,,,,,,,,,,,,,,N,0.0,0.0,5.0,9.0,4.0,0.0,24.0,36.0,6,9,0.0,1.0,24.0,37.0,9,9,0,0.0,0.0,N339PL,N339PL-AA-0,24.0,36.0,12.0,36.0,48.0,,,0.0,24,36,0.0,0.0
N340CA,829.0,2019,2,5,2,4,2019-05-02,DL,DL_CODESHARE,19790,DL,6241,,,,,G7,20500,G7,6241,15016,1501606,31123,STL,"St. Louis, MO",MO,29,Missouri,64,11433,1143302,31295,DTW,"Detroit, MI",MI,26,Michigan,43,830,-1.0,0.0,0.0,-1.0,0800-0859,16.0,845.0,1052.0,8.0,1108,1100.0,-8.0,0.0,0.0,-1.0,1100-1159,0.0,,0.0,98.0,91.0,67.0,1.0,440.0,2,,,0.0,,0.0,,,,0,,,,,,,,,,,,,,,,,,,,,,,,,,,,,,,,,,,,,,,,,,,,,N,4.0,0.0,8.0,11.0,2.0,0.0,38.0,44.0,8,11,2.0,1.0,38.0,45.0,9,9,0,0.0,0.0,N340CA,N340CA-DL-0,38.0,50.0,6.0,44.0,56.0,,,0.0,38,44,0.0,0.0
N340DN,820.0,2019,2,5,2,4,2019-05-02,DL,DL,19790,DL,2648,,,,,DL,19790,DL,2648,10721,1072102,30721,BOS,"Boston, MA",MA,25,Massachusetts,13,10397,1039707,30397,ATL,"Atlanta, GA",GA,13,Georgia,34,800,20.0,20.0,1.0,1.0,0800-0859,16.0,836.0,1049.0,8.0,1047,1057.0,10.0,10.0,0.0,0.0,1000-1059,0.0,,0.0,167.0,157.0,133.0,1.0,946.0,4,,,0.0,,0.0,,,,0,,,,,,,,,,,,,,,,,,,,,,,,,,,,,,,,,,,,,,,,,,,,,N,0.0,0.0,8.0,10.0,1.0,4.0,33.0,44.0,8,10,0.0,3.0,32.0,43.0,1,1,0,0.0,0.0,N340DN,N340DN-DL-0,33.0,45.0,11.0,44.0,56.0,,,0.0,33,45,1.0,1.3
N340NB,658.0,2019,2,5,2,4,2019-05-02,DL,DL,19790,DL,1488,,,,,DL,19790,DL,1488,12478,1247805,31703,JFK,"New York, NY",NY,36,New York,22,13487,1348702,31650,MSP,"Minneapolis, MN",MN,27,Minnesota,63,705,-7.0,0.0,0.0,-1.0,0700-0759,29.0,727.0,900.0,11.0,909,911.0,2.0,2.0,0.0,0.0,0900-0959,0.0,,0.0,184.0,193.0,153.0,1.0,1029.0,5,,,0.0,,0.0,,,,0,,,,,,,,,,,,,,,,,,,,,,,,,,,,,,,,,,,,,,,,,,,,,N,0.0,4.0,6.0,9.0,4.0,1.0,28.0,41.0,7,9,0.0,1.0,28.0,41.0,6,6,0,0.0,0.0,N340NB,N340NB-DL-0,28.0,40.0,13.0,41.0,53.0,,,0.0,28,41,0.0,0.0
N34111,801.0,2019,2,5,2,4,2019-05-02,UA,UA_CODESHARE,19977,UA,4647,,,,,AX,20237,AX,4647,10279,1027903,30279,AMA,"Amarillo, TX",TX,48,Texas,74,11292,1129202,30325,DEN,"Denver, CO",CO,8,Colorado,82,810,-9.0,0.0,0.0,-1.0,0800-0859,12.0,813.0,809.0,8.0,832,817.0,-15.0,0.0,0.0,-1.0,0800-0859,0.0,,0.0,82.0,76.0,56.0,1.0,359.0,2,,,0.0,,0.0,,,,0,,,,,,,,,,,,,,,,,,,,,,,,,,,,,,,,,,,,,,,,,,,,,N,4.0,8.0,8.0,8.0,0.0,1.0,36.0,41.0,8,8,1.0,2.0,37.0,42.0,3,3,0,0.0,0.0,N34111,N34111-UA-0,37.0,48.0,5.0,42.0,53.0,,,0.0,37,42,0.0,0.0
N341DN,819.0,2019,2,5,2,4,2019-05-02,DL,DL,19790,DL,1115,,,,,DL,19790,DL,1115,11433,1143302,31295,DTW,"Detroit, MI",MI,26,Michigan,43,10397,1039707,30397,ATL,"Atlanta, GA",GA,13,Georgia,34,820,-1.0,0.0,0.0,-1.0,0800-0859,13.0,832.0,1007.0,9.0,1020,1016.0,-4.0,0.0,0.0,-1.0,1000-1059,0.0,,0.0,120.0,117.0,95.0,1.0,594.0,3,,,0.0,,0.0,,,,0,,,,,,,,,,,,,,,,,,,,,,,,,,,,,,,,,,,,,,,,,,,,,N,0.0,0.0,8.0,10.0,1.0,1.0,33.0,41.0,8,10,1.0,1.0,33.0,41.0,9,9,0,0.0,0.0,N341DN,N341DN-DL-0,33.0,45.0,8.0,41.0,53.0,,,0.0,33,41,0.0,0.0
N341NB,558.0,2019,2,5,2,4,2019-05-02,DL,DL,19790,DL,1351,,,,,DL,19790,DL,1351,11775,1177502,31775,FSD,"Sioux Falls, SD",SD,46,South Dakota,67,10397,1039707,30397,ATL,"Atlanta, GA",GA,13,Georgia,34,600,-2.0,0.0,0.0,-1.0,0600-0659,11.0,609.0,924.0,16.0,924,940.0,16.0,16.0,1.0,1.0,0900-0959,0.0,,0.0,144.0,162.0,135.0,1.0,954.0,4,0.0,0.0,16.0,0.0,0.0,,,,0,,,,,,,,,,,,,,,,,,,,,,,,,,,,,,,,,,,,,,,,,,,,,N,4.0,0.0,5.0,9.0,4.0,3.0,28.0,39.0,6,9,0.0,2.0,28.0,38.0,6,6,0,0.0,0.0,N341NB,N341NB-DL-0,28.0,40.0,11.0,39.0,51.0,,,1.0,28,39,0.0,0.0
N341NW,557.0,2019,2,5,2,4,2019-05-02,DL,DL,19790,DL,888,,,,,DL,19790,DL,888,11973,1197302,31973,GPT,"Gulfport/Biloxi, MS",MS,28,Mississippi,53,10397,1039707,30397,ATL,"Atlanta, GA",GA,13,Georgia,34,600,-3.0,0.0,0.0,-1.0,0600-0659,15.0,612.0,803.0,9.0,816,812.0,-4.0,0.0,0.0,-1.0,0800-0859,0.0,,0.0,76.0,75.0,51.0,1.0,352.0,2,,,0.0,,0.0,,,,0,,,,,,,,,,,,,,,,,,,,,,,,,,,,,,,,,,,,,,,,,,,,,N,4.0,0.0,5.0,8.0,4.0,1.0,28.0,33.0,6,8,0.0,1.0,28.0,33.0,6,6,0,0.0,0.0,N341NW,N341NW-DL-0,28.0,40.0,5.0,33.0,45.0,,,0.0,28,33,0.0,0.0
N341PQ,634.0,2019,2,5,2,4,2019-05-02,DL,DL_CODESHARE,19790,DL,5098,,,,,9E,20363,9E,5098,12478,1247805,31703,JFK,"New York, NY",NY,36,New York,22,13930,1393007,30977,ORD,"Chicago, IL",IL,17,Illinois,41,639,-5.0,0.0,0.0,-1.0,0600-0659,24.0,658.0,805.0,15.0,825,820.0,-5.0,0.0,0.0,-1.0,0800-0859,0.0,,0.0,166.0,166.0,127.0,1.0,740.0,3,,,0.0,,0.0,,,,0,,,,,,,,,,,,,,,,,,,,,,,,,,,,,,,,,,,,,,,,,,,,,N,0.0,4.0,6.0,8.0,2.0,1.0,26.0,37.0,6,8,3.0,2.0,27.0,38.0,1,1,0,0.0,0.0,N341PQ,N341PQ-DL-0,27.0,38.0,11.0,38.0,49.0,,,0.0,27,39,1.0,1.34
N342AN,645.0,2019,2,5,2,4,2019-05-02,AA,AA,19805,AA,2835,,,,,AA,19805,AA,2835,14100,1410005,34100,PHL,"Philadelphia, PA",PA,42,Pennsylvania,23,14771,1477104,32457,SFO,"San Francisco, CA",CA,6,California,91,655,-10.0,0.0,0.0,-1.0,0600-0659,17.0,702.0,1003.0,5.0,1004,1008.0,4.0,4.0,0.0,0.0,1000-1059,0.0,,0.0,369.0,383.0,361.0,1.0,2521.0,11,,,0.0,,0.0,,,,0,,,,,,,,,,,,,,,,,,,,,,,,,,,,,,,,,,,,,,,,,,,,,N,0.0,12.0,6.0,10.0,3.0,1.0,27.0,53.0,6,10,4.0,0.0,28.0,52.0,9,9,0,0.0,0.0,N342AN,N342AN-AA-0,28.0,39.0,26.0,54.0,65.0,,,0.0,31,57,3.0,29.64
N342NB,759.0,2019,2,5,2,4,2019-05-02,DL,DL,19790,DL,1222,,,,,DL,19790,DL,1222,11278,1127805,30852,DCA,"Washington, DC",VA,51,Virginia,38,13487,1348702,31650,MSP,"Minneapolis, MN",MN,27,Minnesota,63,800,-1.0,0.0,0.0,-1.0,0800-0859,16.0,815.0,923.0,5.0,939,928.0,-11.0,0.0,0.0,-1.0,0900-0959,0.0,,0.0,159.0,149.0,128.0,1.0,931.0,4,,,0.0,,0.0,,,,0,,,,,,,,,,,,,,,,,,,,,,,,,,,,,,,,,,,,,,,,,,,,,N,0.0,4.0,7.0,9.0,4.0,2.0,32.0,42.0,8,9,0.0,3.0,32.0,43.0,1,1,0,0.0,0.0,N342NB,N342NB-DL-0,32.0,44.0,10.0,42.0,54.0,,,0.0,34,44,2.0,2.94
N342NW,800.0,2019,2,5,2,4,2019-05-02,DL,DL,19790,DL,2370,,,,,DL,19790,DL,2370,14635,1463502,31714,RSW,"Fort Myers, FL",FL,12,Florida,33,12953,1295304,31703,LGA,"New York, NY",NY,36,New York,22,800,0.0,0.0,0.0,0.0,0800-0859,11.0,811.0,1034.0,7.0,1053,1041.0,-12.0,0.0,0.0,-1.0,1000-1059,0.0,,0.0,173.0,161.0,143.0,1.0,1080.0,5,,,0.0,,0.0,,,,0,,,,,,,,,,,,,,,,,,,,,,,,,,,,,,,,,,,,,,,,,,,,,N,0.0,0.0,8.0,10.0,0.0,3.0,32.0,43.0,8,10,0.0,4.0,32.0,44.0,9,9,0,0.0,0.0,N342NW,N342NW-DL-0,32.0,44.0,11.0,43.0,55.0,,,0.0,32,43,0.0,0.0
N343DN,635.0,2019,2,5,2,4,2019-05-02,DL,DL,19790,DL,1528,,,,,DL,19790,DL,1528,12889,1288903,32211,LAS,"Las Vegas, NV",NV,32,Nevada,85,13487,1348702,31650,MSP,"Minneapolis, MN",MN,27,Minnesota,63,640,-5.0,0.0,0.0,-1.0,0600-0659,14.0,649.0,1117.0,5.0,1143,1122.0,-21.0,0.0,0.0,-2.0,1100-1159,0.0,,0.0,183.0,167.0,148.0,1.0,1299.0,6,,,0.0,,0.0,,,,0,,,,,,,,,,,,,,,,,,,,,,,,,,,,,,,,,,,,,,,,,,,,,N,12.0,4.0,6.0,11.0,2.0,1.0,38.0,49.0,6,11,3.0,3.0,39.0,51.0,6,6,0,0.0,0.0,N343DN,N343DN-DL-0,39.0,50.0,11.0,50.0,61.0,,,0.0,39,50,0.0,0.0
N343FR,653.0,2019,2,5,2,4,2019-05-02,F9,F9,20436,F9,1406,,,,,F9,20436,F9,1406,10423,1042302,30423,AUS,"Austin, TX",TX,48,Texas,74,13930,1393007,30977,ORD,"Chicago, IL",IL,17,Illinois,41,700,-7.0,0.0,0.0,-1.0,0700-0759,15.0,708.0,938.0,23.0,946,1001.0,15.0,15.0,1.0,1.0,0900-0959,0.0,,0.0,166.0,188.0,150.0,1.0,977.0,4,0.0,0.0,15.0,0.0,0.0,,,,0,,,,,,,,,,,,,,,,,,,,,,,,,,,,,,,,,,,,,,,,,,,,,N,4.0,4.0,6.0,10.0,4.0,0.0,32.0,44.0,7,9,0.0,3.0,32.0,43.0,6,6,0,0.0,0.0,N343FR,N343FR-F9-0,32.0,44.0,12.0,44.0,56.0,,,1.0,32,44,0.0,0.0
N343NB,747.0,2019,2,5,2,4,2019-05-02,DL,DL,19790,DL,1256,,,,,DL,19790,DL,1256,11973,1197302,31973,GPT,"Gulfport/Biloxi, MS",MS,28,Mississippi,53,10397,1039707,30397,ATL,"Atlanta, GA",GA,13,Georgia,34,750,-3.0,0.0,0.0,-1.0,0700-0759,33.0,820.0,1012.0,15.0,1011,1027.0,16.0,16.0,1.0,1.0,1000-1059,0.0,,0.0,81.0,100.0,52.0,1.0,352.0,2,0.0,0.0,16.0,0.0,0.0,,,,0,,,,,,,,,,,,,,,,,,,,,,,,,,,,,,,,,,,,,,,,,,,,,N,4.0,0.0,7.0,10.0,3.0,2.0,35.0,42.0,7,10,3.0,1.0,35.0,41.0,8,8,0,0.0,0.0,N343NB,N343NB-DL-0,35.0,47.0,7.0,42.0,54.0,,,1.0,35,42,0.0,0.0
N343NW,829.0,2019,2,5,2,4,2019-05-02,DL,DL,19790,DL,2929,,,,,DL,19790,DL,2929,10423,1042302,30423,AUS,"Austin, TX",TX,48,Texas,74,12892,1289208,32575,LAX,"Los Angeles, CA",CA,6,California,91,710,79.0,79.0,1.0,5.0,0700-0759,17.0,846.0,959.0,9.0,825,1008.0,103.0,103.0,1.0,6.0,0800-0859,0.0,,0.0,195.0,219.0,193.0,1.0,1242.0,5,79.0,0.0,24.0,0.0,0.0,,,,0,,,,,,,,,,,,,,,,,,,,,,,,,,,,,,,,,,,,,,,,,,,,,N,4.0,12.0,8.0,10.0,2.0,1.0,38.0,53.0,7,8,1.0,2.0,33.0,46.0,9,9,0,0.0,0.0,N343NW,N343NW-DL-0,36.0,50.0,15.0,51.0,65.0,,,2.0,36,51,0.0,0.0
N343PN,637.0,2019,2,5,2,4,2019-05-02,AA,AA,19805,AA,1330,,,,,AA,19805,AA,1330,11298,1129806,30194,DFW,"Dallas/Fort Worth, TX",TX,48,Texas,74,12953,1295304,31703,LGA,"New York, NY",NY,36,New York,22,639,-2.0,0.0,0.0,-1.0,0600-0659,13.0,650.0,1047.0,5.0,1103,1052.0,-11.0,0.0,0.0,-1.0,1100-1159,0.0,,0.0,204.0,195.0,177.0,1.0,1389.0,6,,,0.0,,0.0,,,,0,,,,,,,,,,,,,,,,,,,,,,,,,,,,,,,,,,,,,,,,,,,,,N,4.0,0.0,6.0,10.0,2.0,3.0,30.0,43.0,6,11,3.0,0.0,31.0,44.0,3,3,0,0.0,0.0,N343PN,N343PN-AA-0,31.0,42.0,13.0,44.0,55.0,,,0.0,31,46,2.0,6.86
N34460,813.0,2019,2,5,2,4,2019-05-02,UA,UA,19977,UA,374,,,,,UA,19977,UA,374,12264,1226402,30852,IAD,"Washington, DC",VA,51,Virginia,38,13930,1393007,30977,ORD,"Chicago, IL",IL,17,Illinois,41,815,-2.0,0.0,0.0,-1.0,0800-0859,17.0,830.0,909.0,12.0,916,921.0,5.0,5.0,0.0,0.0,0900-0959,0.0,,0.0,121.0,128.0,99.0,1.0,588.0,3,,,0.0,,0.0,,,,0,,,,,,,,,,,,,,,,,,,,,,,,,,,,,,,,,,,,,,,,,,,,,N,0.0,4.0,8.0,9.0,1.0,1.0,33.0,41.0,8,9,1.0,1.0,33.0,41.0,8,8,0,0.0,0.0,N34460,N34460-UA-0,33.0,45.0,8.0,41.0,53.0,,,0.0,33,41,0.0,0.0
N344NB,459.0,2019,2,5,2,4,2019-05-02,DL,DL,19790,DL,1785,,,,,DL,19790,DL,1785,11775,1177502,31775,FSD,"Sioux Falls, SD",SD,46,South Dakota,67,13487,1348702,31650,MSP,"Minneapolis, MN",MN,27,Minnesota,63,500,-1.0,0.0,0.0,-1.0,0001-0559,12.0,511.0,547.0,5.0,552,552.0,0.0,0.0,0.0,0.0,0001-0559,0.0,,0.0,52.0,53.0,36.0,1.0,196.0,1,,,0.0,,0.0,,,,0,,,,,,,,,,,,,,,,,,,,,,,,,,,,,,,,,,,,,,,,,,,,,N,4.0,4.0,4.0,5.0,4.0,3.0,24.0,27.0,5,5,0.0,3.0,24.0,27.0,5,5,0,1.0,1.0,N344NB,N344NB-DL-0,24.0,36.0,3.0,27.0,39.0,,,0.0,24,27,0.0,0.0
N344NB,645.0,2019,2,5,2,4,2019-05-02,DL,DL,19790,DL,1464,,,,,DL,19790,DL,1464,13487,1348702,31650,MSP,"Minneapolis, MN",MN,27,Minnesota,63,11278,1127805,30852,DCA,"Washington, DC",VA,51,Virginia,38,650,-5.0,0.0,0.0,-1.0,0600-0659,9.0,654.0,952.0,6.0,1016,958.0,-18.0,0.0,0.0,-2.0,1000-1059,0.0,,0.0,146.0,133.0,118.0,1.0,931.0,4,,,0.0,,0.0,,,,0,,,,,,,,,,,,,,,,,,,,,,,,,,,,,,,,,,,,,,,,,,,,,N,4.0,0.0,6.0,9.0,3.0,4.0,31.0,40.0,6,10,3.0,1.0,31.0,41.0,4,4,1,1.0,0.0,N344NB,N344NB-DL-1,31.0,43.0,9.0,40.0,52.0,27.0,4.0,0.0,31,40,0.0,0.0
N344PP,714.0,2019,2,5,2,4,2019-05-02,AA,AA,19805,AA,2837,,,,,AA,19805,AA,2837,13930,1393007,30977,ORD,"Chicago, IL",IL,17,Illinois,41,12889,1288903,32211,LAS,"Las Vegas, NV",NV,32,Nevada,85,715,-1.0,0.0,0.0,-1.0,0700-0759,23.0,737.0,923.0,8.0,914,931.0,17.0,17.0,1.0,1.0,0900-0959,0.0,,0.0,239.0,257.0,226.0,1.0,1514.0,7,0.0,0.0,17.0,0.0,0.0,,,,0,,,,,,,,,,,,,,,,,,,,,,,,,,,,,,,,,,,,,,,,,,,,,N,4.0,12.0,7.0,9.0,1.0,2.0,33.0,50.0,7,9,1.0,1.0,33.0,49.0,5,5,0,0.0,0.0,N344PP,N344PP-AA-0,33.0,45.0,17.0,50.0,62.0,,,1.0,33,50,0.0,0.0
N345DN,725.0,2019,2,5,2,4,2019-05-02,DL,DL,19790,DL,2619,,,,,DL,19790,DL,2619,10397,1039707,30397,ATL,"Atlanta, GA",GA,13,Georgia,34,10721,1072102,30721,BOS,"Boston, MA",MA,25,Massachusetts,13,725,0.0,0.0,0.0,0.0,0700-0759,14.0,739.0,933.0,15.0,959,948.0,-11.0,0.0,0.0,-1.0,0900-0959,0.0,,0.0,154.0,143.0,114.0,1.0,946.0,4,,,0.0,,0.0,,,,0,,,,,,,,,,,,,,,,,,,,,,,,,,,,,,,,,,,,,,,,,,,,,N,0.0,0.0,7.0,9.0,2.0,3.0,30.0,39.0,7,9,2.0,4.0,30.0,40.0,4,4,0,0.0,0.0,N345DN,N345DN-DL-0,30.0,42.0,9.0,39.0,51.0,,,0.0,32,41,2.0,8.92
N345NB,559.0,2019,2,5,2,4,2019-05-02,DL,DL,19790,DL,578,,,,,DL,19790,DL,578,14492,1449202,34492,RDU,"Raleigh/Durham, NC",NC,37,North Carolina,36,11433,1143302,31295,DTW,"Detroit, MI",MI,26,Michigan,43,600,-1.0,0.0,0.0,-1.0,0600-0659,17.0,616.0,738.0,6.0,747,744.0,-3.0,0.0,0.0,-1.0,0700-0759,0.0,,0.0,107.0,105.0,82.0,1.0,501.0,3,,,0.0,,0.0,,,,0,,,,,,,,,,,,,,,,,,,,,,,,,,,,,,,,,,,,,,,,,,,,,N,0.0,0.0,5.0,7.0,4.0,3.0,24.0,31.0,6,7,0.0,3.0,24.0,31.0,9,9,0,0.0,0.0,N345NB,N345NB-DL-0,24.0,36.0,7.0,31.0,43.0,,,0.0,24,31,0.0,0.0
N346DN,658.0,2019,2,5,2,4,2019-05-02,DL,DL,19790,DL,1122,,,,,DL,19790,DL,1122,13487,1348702,31650,MSP,"Minneapolis, MN",MN,27,Minnesota,63,10397,1039707,30397,ATL,"Atlanta, GA",GA,13,Georgia,34,620,38.0,38.0,1.0,2.0,0600-0659,13.0,711.0,1058.0,14.0,947,1112.0,85.0,85.0,1.0,5.0,0900-0959,0.0,,0.0,147.0,194.0,167.0,1.0,907.0,4,38.0,0.0,47.0,0.0,0.0,,,,0,,,,,,,,,,,,,,,,,,,,,,,,,,,,,,,,,,,,,,,,,,,,,N,4.0,0.0,6.0,11.0,4.0,1.0,32.0,45.0,6,9,1.0,3.0,29.0,39.0,9,9,0,0.0,0.0,N346DN,N346DN-DL-0,29.0,44.0,13.0,42.0,57.0,,,3.0,29,42,0.0,0.0
N346FR,808.0,2019,2,5,2,4,2019-05-02,F9,F9,20436,F9,1186,,,,,F9,20436,F9,1186,13204,1320402,31454,MCO,"Orlando, FL",FL,12,Florida,33,14321,1432105,34321,PWM,"Portland, ME",ME,23,Maine,12,639,89.0,89.0,1.0,5.0,0600-0659,17.0,825.0,1053.0,5.0,934,1058.0,84.0,84.0,1.0,5.0,0900-0959,0.0,,0.0,175.0,170.0,148.0,1.0,1214.0,5,84.0,0.0,0.0,0.0,0.0,,,,0,,,,,,,,,,,,,,,,,,,,,,,,,,,,,,,,,,,,,,,,,,,,,N,0.0,0.0,8.0,10.0,1.0,4.0,33.0,44.0,6,9,3.0,2.0,27.0,38.0,8,8,0,0.0,0.0,N346FR,N346FR-F9-0,33.0,45.0,11.0,44.0,56.0,,,0.0,33,44,0.0,0.0
N346JB,759.0,2019,2,5,2,4,2019-05-02,B6,B6,20409,B6,433,,,,,B6,20409,B6,433,11278,1127805,30852,DCA,"Washington, DC",VA,51,Virginia,38,14027,1402702,34027,PBI,"West Palm Beach/Palm Beach, FL",FL,12,Florida,33,800,-1.0,0.0,0.0,-1.0,0800-0859,27.0,826.0,1024.0,3.0,1032,1027.0,-5.0,0.0,0.0,-1.0,1000-1059,0.0,,0.0,152.0,148.0,118.0,1.0,857.0,4,,,0.0,,0.0,,,,0,,,,,,,,,,,,,,,,,,,,,,,,,,,,,,,,,,,,,,,,,,,,,N,0.0,0.0,7.0,10.0,4.0,2.0,32.0,42.0,8,10,0.0,2.0,32.0,42.0,8,8,0,0.0,0.0,N346JB,N346JB-B6-0,32.0,44.0,10.0,42.0,54.0,,,0.0,32,42,0.0,0.0
N346PR,557.0,2019,2,5,2,4,2019-05-02,AA,AA,19805,AA,25,,,,,AA,19805,AA,25,13930,1393007,30977,ORD,"Chicago, IL",IL,17,Illinois,41,12953,1295304,31703,LGA,"New York, NY",NY,36,New York,22,600,-3.0,0.0,0.0,-1.0,0600-0659,26.0,623.0,909.0,18.0,910,927.0,17.0,17.0,1.0,1.0,0900-0959,0.0,,0.0,130.0,150.0,106.0,1.0,733.0,3,0.0,0.0,17.0,0.0,0.0,,,,0,,,,,,,,,,,,,,,,,,,,,,,,,,,,,,,,,,,,,,,,,,,,,N,4.0,0.0,5.0,9.0,4.0,2.0,28.0,38.0,6,9,0.0,1.0,28.0,37.0,9,9,0,0.0,0.0,N346PR,N346PR-AA-0,28.0,40.0,10.0,38.0,50.0,,,1.0,28,38,0.0,0.0
N347DN,641.0,2019,2,5,2,4,2019-05-02,DL,DL,19790,DL,2565,,,,,DL,19790,DL,2565,10397,1039707,30397,ATL,"Atlanta, GA",GA,13,Georgia,34,12953,1295304,31703,LGA,"New York, NY",NY,36,New York,22,645,-4.0,0.0,0.0,-1.0,0600-0659,13.0,654.0,849.0,5.0,903,854.0,-9.0,0.0,0.0,-1.0,0900-0959,0.0,,0.0,138.0,133.0,115.0,1.0,762.0,4,,,0.0,,0.0,,,,0,,,,,,,,,,,,,,,,,,,,,,,,,,,,,,,,,,,,,,,,,,,,,N,0.0,0.0,6.0,8.0,3.0,4.0,27.0,36.0,6,9,3.0,0.0,27.0,36.0,6,6,0,0.0,0.0,N347DN,N347DN-DL-0,27.0,39.0,9.0,36.0,48.0,,,0.0,27,36,0.0,0.0
N347FR,507.0,2019,2,5,2,4,2019-05-02,F9,F9,20436,F9,123,,,,,F9,20436,F9,123,11298,1129806,30194,DFW,"Dallas/Fort Worth, TX",TX,48,Texas,74,11292,1129202,30325,DEN,"Denver, CO",CO,8,Colorado,82,515,-8.0,0.0,0.0,-1.0,0001-0559,16.0,523.0,557.0,44.0,629,641.0,12.0,12.0,0.0,0.0,0600-0659,0.0,,0.0,134.0,154.0,94.0,1.0,641.0,3,,,0.0,,0.0,,,,0,,,,,,,,,,,,,,,,,,,,,,,,,,,,,,,,,,,,,,,,,,,,,N,4.0,8.0,5.0,6.0,0.0,3.0,24.0,35.0,5,6,1.0,2.0,25.0,34.0,2,2,0,1.0,1.0,N347FR,N347FR-F9-0,25.0,36.0,11.0,36.0,47.0,,,0.0,25,36,0.0,0.0
N347FR,743.0,2019,2,5,2,4,2019-05-02,F9,F9,20436,F9,551,,,,,F9,20436,F9,551,11292,1129202,30325,DEN,"Denver, CO",CO,8,Colorado,82,14679,1467903,33570,SAN,"San Diego, CA",CA,6,California,91,739,4.0,4.0,0.0,0.0,0700-0759,13.0,756.0,857.0,4.0,901,901.0,0.0,0.0,0.0,0.0,0900-0959,0.0,,0.0,142.0,138.0,121.0,1.0,853.0,4,,,0.0,,0.0,,,,0,,,,,,,,,,,,,,,,,,,,,,,,,,,,,,,,,,,,,,,,,,,,,N,8.0,12.0,7.0,9.0,3.0,0.0,39.0,48.0,7,9,3.0,0.0,39.0,48.0,6,6,1,1.0,0.0,N347FR,N347FR-F9-1,39.0,51.0,9.0,48.0,60.0,35.0,4.0,0.0,40,49,1.0,6.48
N347NB,700.0,2019,2,5,2,4,2019-05-02,DL,DL,19790,DL,2170,,,,,DL,19790,DL,2170,13930,1393007,30977,ORD,"Chicago, IL",IL,17,Illinois,41,14747,1474703,30559,SEA,"Seattle, WA",WA,53,Washington,93,705,-5.0,0.0,0.0,-1.0,0700-0759,17.0,717.0,920.0,5.0,927,925.0,-2.0,0.0,0.0,-1.0,0900-0959,0.0,,0.0,262.0,265.0,243.0,1.0,1721.0,7,,,0.0,,0.0,,,,0,,,,,,,,,,,,,,,,,,,,,,,,,,,,,,,,,,,,,,,,,,,,,N,4.0,12.0,7.0,9.0,0.0,2.0,32.0,50.0,7,9,0.0,2.0,32.0,50.0,1,1,0,0.0,0.0,N347NB,N347NB-DL-0,32.0,44.0,18.0,50.0,62.0,,,0.0,35,56,6.0,15.52
N347NW,829.0,2019,2,5,2,4,2019-05-02,DL,DL,19790,DL,2362,,,,,DL,19790,DL,2362,10397,1039707,30397,ATL,"Atlanta, GA",GA,13,Georgia,34,12953,1295304,31703,LGA,"New York, NY",NY,36,New York,22,830,-1.0,0.0,0.0,-1.0,0800-0859,17.0,846.0,1030.0,8.0,1048,1038.0,-10.0,0.0,0.0,-1.0,1000-1059,0.0,,0.0,138.0,129.0,104.0,1.0,762.0,4,,,0.0,,0.0,,,,0,,,,,,,,,,,,,,,,,,,,,,,,,,,,,,,,,,,,,,,,,,,,,N,0.0,0.0,8.0,10.0,2.0,3.0,34.0,43.0,8,10,2.0,3.0,34.0,43.0,3,3,0,0.0,0.0,N347NW,N347NW-DL-0,34.0,46.0,9.0,43.0,55.0,,,0.0,34,43,0.0,0.0
N348DN,616.0,2019,2,5,2,4,2019-05-02,DL,DL,19790,DL,1864,,,,,DL,19790,DL,1864,14679,1467903,33570,SAN,"San Diego, CA",CA,6,California,91,13487,1348702,31650,MSP,"Minneapolis, MN",MN,27,Minnesota,63,620,-4.0,0.0,0.0,-1.0,0600-0659,33.0,649.0,1148.0,4.0,1158,1152.0,-6.0,0.0,0.0,-1.0,1100-1159,0.0,,0.0,218.0,216.0,179.0,1.0,1532.0,7,,,0.0,,0.0,,,,0,,,,,,,,,,,,,,,,,,,,,,,,,,,,,,,,,,,,,,,,,,,,,N,12.0,4.0,6.0,11.0,1.0,3.0,37.0,51.0,6,11,1.0,4.0,37.0,52.0,4,4,0,0.0,0.0,N348DN,N348DN-DL-0,37.0,49.0,14.0,51.0,63.0,,,0.0,37,51,0.0,0.0
N348JB,558.0,2019,2,5,2,4,2019-05-02,B6,B6,20409,B6,254,,,,,B6,20409,B6,254,11278,1127805,30852,DCA,"Washington, DC",VA,51,Virginia,38,10721,1072102,30721,BOS,"Boston, MA",MA,25,Massachusetts,13,603,-5.0,0.0,0.0,-1.0,0600-0659,15.0,613.0,710.0,7.0,727,717.0,-10.0,0.0,0.0,-1.0,0700-0759,0.0,,0.0,84.0,79.0,57.0,1.0,399.0,2,,,0.0,,0.0,,,,0,,,,,,,,,,,,,,,,,,,,,,,,,,,,,,,,,,,,,,,,,,,,,N,0.0,0.0,5.0,7.0,4.0,1.0,24.0,29.0,6,7,0.0,2.0,24.0,30.0,6,6,0,1.0,1.0,N348JB,N348JB-B6-0,24.0,36.0,5.0,29.0,41.0,,,0.0,24,30,1.0,6.32
N348JB,814.0,2019,2,5,2,4,2019-05-02,B6,B6,20409,B6,255,,,,,B6,20409,B6,255,10721,1072102,30721,BOS,"Boston, MA",MA,25,Massachusetts,13,11278,1127805,30852,DCA,"Washington, DC",VA,51,Virginia,38,829,-15.0,0.0,0.0,-1.0,0800-0859,23.0,837.0,949.0,8.0,1005,957.0,-8.0,0.0,0.0,-1.0,1000-1059,0.0,,0.0,96.0,103.0,72.0,1.0,399.0,2,,,0.0,,0.0,,,,0,,,,,,,,,,,,,,,,,,,,,,,,,,,,,,,,,,,,,,,,,,,,,N,0.0,0.0,8.0,9.0,1.0,4.0,33.0,40.0,8,10,2.0,0.0,34.0,40.0,9,9,1,1.0,0.0,N348JB,N348JB-B6-1,34.0,45.0,7.0,41.0,52.0,29.0,4.0,0.0,34,41,0.0,0.0
N348NB,644.0,2019,2,5,2,4,2019-05-02,DL,DL,19790,DL,1594,,,,,DL,19790,DL,1594,15096,1509602,35096,SYR,"Syracuse, NY",NY,36,New York,22,13487,1348702,31650,MSP,"Minneapolis, MN",MN,27,Minnesota,63,646,-2.0,0.0,0.0,-1.0,0600-0659,11.0,655.0,805.0,5.0,815,810.0,-5.0,0.0,0.0,-1.0,0800-0859,0.0,,0.0,149.0,146.0,130.0,1.0,860.0,4,,,0.0,,0.0,,,,0,,,,,,,,,,,,,,,,,,,,,,,,,,,,,,,,,,,,,,,,,,,,,N,0.0,4.0,6.0,8.0,3.0,1.0,27.0,37.0,6,8,3.0,1.0,27.0,37.0,5,5,0,0.0,0.0,N348NB,N348NB-DL-0,27.0,39.0,10.0,37.0,49.0,,,0.0,27,37,0.0,0.0
N348NW,811.0,2019,2,5,2,4,2019-05-02,DL,DL,19790,DL,2780,,,,,DL,19790,DL,2780,11298,1129806,30194,DFW,"Dallas/Fort Worth, TX",TX,48,Texas,74,10397,1039707,30397,ATL,"Atlanta, GA",GA,13,Georgia,34,815,-4.0,0.0,0.0,-1.0,0800-0859,9.0,820.0,1106.0,10.0,1121,1116.0,-5.0,0.0,0.0,-1.0,1100-1159,0.0,,0.0,126.0,125.0,106.0,1.0,731.0,3,,,0.0,,0.0,,,,0,,,,,,,,,,,,,,,,,,,,,,,,,,,,,,,,,,,,,,,,,,,,,N,4.0,0.0,8.0,11.0,1.0,1.0,37.0,45.0,8,11,1.0,1.0,37.0,45.0,5,5,0,0.0,0.0,N348NW,N348NW-DL-0,37.0,49.0,8.0,45.0,57.0,,,0.0,38,46,1.0,5.2
N348PQ,552.0,2019,2,5,2,4,2019-05-02,DL,DL_CODESHARE,19790,DL,3339,,,,,9E,20363,9E,3339,14783,1478302,34783,SGF,"Springfield, MO",MO,29,Missouri,64,10397,1039707,30397,ATL,"Atlanta, GA",GA,13,Georgia,34,600,-8.0,0.0,0.0,-1.0,0600-0659,35.0,627.0,854.0,7.0,852,901.0,9.0,9.0,0.0,0.0,0800-0859,0.0,,0.0,112.0,129.0,87.0,1.0,563.0,3,,,0.0,,0.0,,,,0,,,,,,,,,,,,,,,,,,,,,,,,,,,,,,,,,,,,,,,,,,,,,N,4.0,0.0,5.0,9.0,3.0,0.0,27.0,36.0,6,8,0.0,3.0,28.0,35.0,3,3,0,0.0,0.0,N348PQ,N348PQ-DL-0,28.0,39.0,9.0,37.0,48.0,,,0.0,28,37,0.0,0.0
N349DX,40.0,2019,2,5,2,4,2019-05-02,DL,DL,19790,DL,2195,,,,,DL,19790,DL,2195,12892,1289208,32575,LAX,"Los Angeles, CA",CA,6,California,91,10397,1039707,30397,ATL,"Atlanta, GA",GA,13,Georgia,34,45,-5.0,0.0,0.0,-1.0,0001-0559,20.0,100.0,759.0,11.0,801,810.0,9.0,9.0,0.0,0.0,0800-0859,0.0,,0.0,256.0,270.0,239.0,1.0,1947.0,8,,,0.0,,0.0,,,,0,,,,,,,,,,,,,,,,,,,,,,,,,,,,,,,,,,,,,,,,,,,,,N,12.0,0.0,0.0,8.0,3.0,1.0,15.0,33.0,0,8,3.0,0.0,15.0,32.0,3,3,0,1.0,1.0,N349DX,N349DX-DL-0,15.0,27.0,18.0,33.0,45.0,,,0.0,15,33,0.0,0.0
N349DX,934.0,2019,2,5,2,4,2019-05-02,DL,DL,19790,DL,425,,,,,DL,19790,DL,425,10397,1039707,30397,ATL,"Atlanta, GA",GA,13,Georgia,34,13487,1348702,31650,MSP,"Minneapolis, MN",MN,27,Minnesota,63,908,26.0,26.0,1.0,1.0,0900-0959,11.0,945.0,1056.0,5.0,1044,1101.0,17.0,17.0,1.0,1.0,1000-1059,0.0,,0.0,156.0,147.0,131.0,1.0,907.0,4,17.0,0.0,0.0,0.0,0.0,,,,0,,,,,,,,,,,,,,,,,,,,,,,,,,,,,,,,,,,,,,,,,,,,,N,0.0,4.0,9.0,11.0,2.0,0.0,38.0,48.0,9,10,1.0,3.0,37.0,47.0,4,4,1,1.0,0.0,N349DX,N349DX-DL-1,38.0,50.0,10.0,48.0,60.0,33.0,5.0,0.0,38,48,0.0,0.0
N349FR,729.0,2019,2,5,2,4,2019-05-02,F9,F9,20436,F9,2522,,,,,F9,20436,F9,2522,15304,1530402,33195,TPA,"Tampa, FL",FL,12,Florida,33,13342,1334207,33342,MKE,"Milwaukee, WI",WI,55,Wisconsin,45,735,-6.0,0.0,0.0,-1.0,0700-0759,16.0,745.0,904.0,5.0,932,909.0,-23.0,0.0,0.0,-2.0,0900-0959,0.0,,0.0,177.0,160.0,139.0,1.0,1075.0,5,,,0.0,,0.0,,,,0,,,,,,,,,,,,,,,,,,,,,,,,,,,,,,,,,,,,,,,,,,,,,N,0.0,4.0,7.0,9.0,2.0,1.0,30.0,41.0,7,9,2.0,2.0,30.0,42.0,8,8,0,0.0,0.0,N349FR,N349FR-F9-0,30.0,42.0,11.0,41.0,53.0,,,0.0,30,41,0.0,0.0
N349NB,557.0,2019,2,5,2,4,2019-05-02,DL,DL,19790,DL,2917,,,,,DL,19790,DL,2917,13930,1393007,30977,ORD,"Chicago, IL",IL,17,Illinois,41,14869,1486903,34614,SLC,"Salt Lake City, UT",UT,49,Utah,87,600,-3.0,0.0,0.0,-1.0,0600-0659,16.0,613.0,820.0,3.0,813,823.0,10.0,10.0,0.0,0.0,0800-0859,0.0,,0.0,193.0,206.0,187.0,1.0,1250.0,6,,,0.0,,0.0,,,,0,,,,,,,,,,,,,,,,,,,,,,,,,,,,,,,,,,,,,,,,,,,,,N,4.0,8.0,5.0,8.0,4.0,2.0,28.0,42.0,6,8,0.0,1.0,28.0,41.0,8,8,0,0.0,0.0,N349NB,N349NB-DL-0,28.0,40.0,14.0,42.0,54.0,,,0.0,28,42,0.0,0.0
N349NW,600.0,2019,2,5,2,4,2019-05-02,DL,DL,19790,DL,1665,,,,,DL,19790,DL,1665,11641,1164102,31641,FAY,"Fayetteville, NC",NC,37,North Carolina,36,10397,1039707,30397,ATL,"Atlanta, GA",GA,13,Georgia,34,600,0.0,0.0,0.0,0.0,0600-0659,37.0,637.0,733.0,9.0,717,742.0,25.0,25.0,1.0,1.0,0700-0759,0.0,,0.0,77.0,102.0,56.0,1.0,331.0,2,0.0,0.0,25.0,0.0,0.0,,,,0,,,,,,,,,,,,,,,,,,,,,,,,,,,,,,,,,,,,,,,,,,,,,N,0.0,0.0,6.0,7.0,0.0,3.0,24.0,31.0,6,7,0.0,1.0,24.0,29.0,7,7,0,1.0,1.0,N349NW,N349NW-DL-0,24.0,36.0,7.0,31.0,43.0,,,2.0,24,31,0.0,0.0
N349NW,1015.0,2019,2,5,2,4,2019-05-02,DL,DL,19790,DL,2791,,,,,DL,19790,DL,2791,10397,1039707,30397,ATL,"Atlanta, GA",GA,13,Georgia,34,11298,1129806,30194,DFW,"Dallas/Fort Worth, TX",TX,48,Texas,74,950,25.0,25.0,1.0,1.0,0900-0959,12.0,1027.0,1137.0,15.0,1111,1152.0,41.0,41.0,1.0,2.0,1100-1159,0.0,,0.0,141.0,157.0,130.0,1.0,731.0,3,0.0,0.0,41.0,0.0,0.0,,,,0,,,,,,,,,,,,,,,,,,,,,,,,,,,,,,,,,,,,,,,,,,,,,N,0.0,4.0,10.0,11.0,1.0,3.0,41.0,51.0,9,11,3.0,1.0,39.0,49.0,7,7,1,1.0,0.0,N349NW,N349NW-DL-1,39.0,53.0,10.0,49.0,63.0,31.0,10.0,3.0,39,49,0.0,0.0
N349PQ,606.0,2019,2,5,2,4,2019-05-02,DL,DL_CODESHARE,19790,DL,3291,,,,,9E,20363,9E,3291,10721,1072102,30721,BOS,"Boston, MA",MA,25,Massachusetts,13,13931,1393102,33667,ORF,"Norfolk, VA",VA,51,Virginia,38,610,-4.0,0.0,0.0,-1.0,0600-0659,28.0,634.0,749.0,3.0,800,752.0,-8.0,0.0,0.0,-1.0,0800-0859,0.0,,0.0,110.0,106.0,75.0,1.0,468.0,2,,,0.0,,0.0,,,,0,,,,,,,,,,,,,,,,,,,,,,,,,,,,,,,,,,,,,,,,,,,,,N,0.0,0.0,6.0,7.0,0.0,3.0,24.0,31.0,6,8,1.0,0.0,25.0,32.0,8,8,0,1.0,1.0,N349PQ,N349PQ-DL-0,25.0,36.0,7.0,32.0,43.0,,,0.0,25,32,0.0,0.0
N349PQ,830.0,2019,2,5,2,4,2019-05-02,DL,DL_CODESHARE,19790,DL,5401,,,,,9E,20363,9E,5401,13931,1393102,33667,ORF,"Norfolk, VA",VA,51,Virginia,38,13487,1348702,31650,MSP,"Minneapolis, MN",MN,27,Minnesota,63,835,-5.0,0.0,0.0,-1.0,0800-0859,12.0,842.0,1014.0,4.0,1044,1018.0,-26.0,0.0,0.0,-2.0,1000-1059,0.0,,0.0,189.0,168.0,152.0,1.0,1045.0,5,,,0.0,,0.0,,,,0,,,,,,,,,,,,,,,,,,,,,,,,,,,,,,,,,,,,,,,,,,,,,N,0.0,4.0,8.0,10.0,2.0,1.0,34.0,45.0,8,10,2.0,3.0,34.0,47.0,8,8,1,1.0,0.0,N349PQ,N349PQ-DL-1,34.0,46.0,11.0,45.0,57.0,31.0,3.0,0.0,35,46,1.0,8.22
N350DN,723.0,2019,2,5,2,4,2019-05-02,DL,DL,19790,DL,2638,,,,,DL,19790,DL,2638,10397,1039707,30397,ATL,"Atlanta, GA",GA,13,Georgia,34,11278,1127805,30852,DCA,"Washington, DC",VA,51,Virginia,38,725,-2.0,0.0,0.0,-1.0,0700-0759,10.0,733.0,847.0,3.0,912,850.0,-22.0,0.0,0.0,-2.0,0900-0959,0.0,,0.0,107.0,87.0,74.0,1.0,547.0,3,,,0.0,,0.0,,,,0,,,,,,,,,,,,,,,,,,,,,,,,,,,,,,,,,,,,,,,,,,,,,N,0.0,0.0,7.0,8.0,2.0,3.0,30.0,35.0,7,9,2.0,1.0,30.0,37.0,9,9,0,0.0,0.0,N350DN,N350DN-DL-0,30.0,42.0,5.0,35.0,47.0,,,0.0,30,35,0.0,0.0
N350FR,36.0,2019,2,5,2,4,2019-05-02,F9,F9,20436,F9,170,,,,,F9,20436,F9,170,11292,1129202,30325,DEN,"Denver, CO",CO,8,Colorado,82,14100,1410005,34100,PHL,"Philadelphia, PA",PA,42,Pennsylvania,23,40,-4.0,0.0,0.0,-1.0,0001-0559,21.0,57.0,549.0,18.0,618,607.0,-11.0,0.0,0.0,-1.0,0600-0659,0.0,,0.0,218.0,211.0,172.0,1.0,1558.0,7,,,0.0,,0.0,,,,0,,,,,,,,,,,,,,,,,,,,,,,,,,,,,,,,,,,,,,,,,,,,,N,8.0,0.0,0.0,6.0,2.0,0.0,10.0,24.0,0,6,3.0,1.0,11.0,25.0,7,7,0,1.0,1.0,N350FR,N350FR-F9-0,11.0,22.0,14.0,25.0,36.0,,,0.0,11,25,0.0,0.0
N350FR,707.0,2019,2,5,2,4,2019-05-02,F9,F9,20436,F9,2375,,,,,F9,20436,F9,2375,14100,1410005,34100,PHL,"Philadelphia, PA",PA,42,Pennsylvania,23,15304,1530402,33195,TPA,"Tampa, FL",FL,12,Florida,33,714,-7.0,0.0,0.0,-1.0,0700-0759,15.0,722.0,941.0,7.0,954,948.0,-6.0,0.0,0.0,-1.0,0900-0959,0.0,,0.0,160.0,161.0,139.0,1.0,920.0,4,,,0.0,,0.0,,,,0,,,,,,,,,,,,,,,,,,,,,,,,,,,,,,,,,,,,,,,,,,,,,N,0.0,0.0,7.0,9.0,0.0,3.0,28.0,39.0,7,9,1.0,4.0,29.0,40.0,7,7,1,1.0,0.0,N350FR,N350FR-F9-1,29.0,40.0,11.0,40.0,51.0,24.0,4.0,0.0,29,40,0.0,0.0
N350NA,709.0,2019,2,5,2,4,2019-05-02,DL,DL,19790,DL,781,,,,,DL,19790,DL,781,11433,1143302,31295,DTW,"Detroit, MI",MI,26,Michigan,43,14100,1410005,34100,PHL,"Philadelphia, PA",PA,42,Pennsylvania,23,715,-6.0,0.0,0.0,-1.0,0700-0759,16.0,725.0,835.0,5.0,858,840.0,-18.0,0.0,0.0,-2.0,0800-0859,0.0,,0.0,103.0,91.0,70.0,1.0,453.0,2,,,0.0,,0.0,,,,0,,,,,,,,,,,,,,,,,,,,,,,,,,,,,,,,,,,,,,,,,,,,,N,0.0,0.0,7.0,8.0,1.0,3.0,29.0,35.0,7,8,1.0,4.0,29.0,36.0,9,9,0,1.0,1.0,N350NA,N350NA-DL-0,29.0,41.0,6.0,35.0,47.0,,,0.0,29,35,0.0,0.0
N350NA,939.0,2019,2,5,2,4,2019-05-02,DL,DL,19790,DL,781,,,,,DL,19790,DL,781,14100,1410005,34100,PHL,"Philadelphia, PA",PA,42,Pennsylvania,23,11433,1143302,31295,DTW,"Detroit, MI",MI,26,Michigan,43,943,-4.0,0.0,0.0,-1.0,0900-0959,12.0,951.0,1112.0,10.0,1132,1122.0,-10.0,0.0,0.0,-1.0,1100-1159,0.0,,0.0,109.0,103.0,81.0,1.0,453.0,2,,,0.0,,0.0,,,,0,,,,,,,,,,,,,,,,,,,,,,,,,,,,,,,,,,,,,,,,,,,,,N,0.0,0.0,9.0,11.0,3.0,1.0,39.0,45.0,9,11,3.0,2.0,39.0,46.0,8,8,1,1.0,0.0,N350NA,N350NA-DL-1,39.0,51.0,6.0,45.0,57.0,35.0,4.0,0.0,39,45,0.0,0.0
N351JB,637.0,2019,2,5,2,4,2019-05-02,B6,B6,20409,B6,631,,,,,B6,20409,B6,631,10721,1072102,30721,BOS,"Boston, MA",MA,25,Massachusetts,13,12953,1295304,31703,LGA,"New York, NY",NY,36,New York,22,645,-8.0,0.0,0.0,-1.0,0600-0659,26.0,703.0,748.0,4.0,804,752.0,-12.0,0.0,0.0,-1.0,0800-0859,0.0,,0.0,79.0,75.0,45.0,1.0,184.0,1,,,0.0,,0.0,,,,0,,,,,,,,,,,,,,,,,,,,,,,,,,,,,,,,,,,,,,,,,,,,,N,0.0,0.0,6.0,7.0,2.0,3.0,26.0,31.0,6,8,3.0,0.0,27.0,32.0,3,3,0,1.0,1.0,N351JB,N351JB-B6-0,27.0,38.0,5.0,32.0,43.0,,,0.0,27,32,0.0,0.0
N351JB,919.0,2019,2,5,2,4,2019-05-02,B6,B6,20409,B6,632,,,,,B6,20409,B6,632,12953,1295304,31703,LGA,"New York, NY",NY,36,New York,22,10721,1072102,30721,BOS,"Boston, MA",MA,25,Massachusetts,13,930,-11.0,0.0,0.0,-1.0,0900-0959,26.0,945.0,1023.0,7.0,1055,1030.0,-25.0,0.0,0.0,-2.0,1000-1059,0.0,,0.0,85.0,71.0,38.0,1.0,184.0,1,,,0.0,,0.0,,,,0,,,,,,,,,,,,,,,,,,,,,,,,,,,,,,,,,,,,,,,,,,,,,N,0.0,0.0,9.0,10.0,1.0,2.0,37.0,42.0,9,10,2.0,4.0,38.0,44.0,3,3,1,1.0,0.0,N351JB,N351JB-B6-1,38.0,49.0,5.0,43.0,54.0,31.0,6.0,0.0,38,43,0.0,0.0
N351NW,557.0,2019,2,5,2,4,2019-05-02,DL,DL,19790,DL,1960,,,,,DL,19790,DL,1960,11278,1127805,30852,DCA,"Washington, DC",VA,51,Virginia,38,11433,1143302,31295,DTW,"Detroit, MI",MI,26,Michigan,43,600,-3.0,0.0,0.0,-1.0,0600-0659,8.0,605.0,715.0,8.0,735,723.0,-12.0,0.0,0.0,-1.0,0700-0759,0.0,,0.0,95.0,86.0,70.0,1.0,405.0,2,,,0.0,,0.0,,,,0,,,,,,,,,,,,,,,,,,,,,,,,,,,,,,,,,,,,,,,,,,,,,N,0.0,0.0,5.0,7.0,4.0,2.0,24.0,30.0,6,7,0.0,2.0,24.0,30.0,6,6,0,1.0,1.0,N351NW,N351NW-DL-0,24.0,36.0,6.0,30.0,42.0,,,0.0,24,30,0.0,0.0
N351NW,826.0,2019,2,5,2,4,2019-05-02,DL,DL,19790,DL,691,,,,,DL,19790,DL,691,11433,1143302,31295,DTW,"Detroit, MI",MI,26,Michigan,43,13303,1330303,32467,MIA,"Miami, FL",FL,12,Florida,33,825,1.0,1.0,0.0,0.0,0800-0859,19.0,845.0,1110.0,4.0,1128,1114.0,-14.0,0.0,0.0,-1.0,1100-1159,0.0,,0.0,183.0,168.0,145.0,1.0,1145.0,5,,,0.0,,0.0,,,,0,,,,,,,,,,,,,,,,,,,,,,,,,,,,,,,,,,,,,,,,,,,,,N,0.0,0.0,8.0,11.0,2.0,1.0,34.0,45.0,8,11,2.0,2.0,34.0,46.0,9,9,1,1.0,0.0,N351NW,N351NW-DL-1,34.0,46.0,11.0,45.0,57.0,30.0,4.0,0.0,34,45,0.0,0.0
N35204,817.0,2019,2,5,2,4,2019-05-02,UA,UA,19977,UA,699,,,,,UA,19977,UA,699,11618,1161802,31703,EWR,"Newark, NJ",NJ,34,New Jersey,21,11697,1169706,32467,FLL,"Fort Lauderdale, FL",FL,12,Florida,33,829,-12.0,0.0,0.0,-1.0,0800-0859,13.0,830.0,1053.0,4.0,1138,1057.0,-41.0,0.0,0.0,-2.0,1100-1159,0.0,,0.0,189.0,160.0,143.0,1.0,1065.0,5,,,0.0,,0.0,,,,0,,,,,,,,,,,,,,,,,,,,,,,,,,,,,,,,,,,,,,,,,,,,,N,0.0,0.0,8.0,10.0,1.0,4.0,33.0,44.0,8,11,2.0,3.0,34.0,47.0,3,3,0,0.0,0.0,N35204,N35204-UA-0,34.0,45.0,11.0,45.0,56.0,,,0.0,36,47,2.0,7.1
N35236,924.0,2019,2,5,2,4,2019-05-02,UA,UA,19977,UA,1891,,,,,UA,19977,UA,1891,11433,1143302,31295,DTW,"Detroit, MI",MI,26,Michigan,43,13930,1393007,30977,ORD,"Chicago, IL",IL,17,Illinois,41,840,44.0,44.0,1.0,2.0,0800-0859,12.0,936.0,924.0,14.0,912,938.0,26.0,26.0,1.0,1.0,0900-0959,0.0,,0.0,92.0,74.0,48.0,1.0,235.0,1,0.0,0.0,26.0,0.0,0.0,,,,0,,,,,,,,,,,,,,,,,,,,,,,,,,,,,,,,,,,,,,,,,,,,,N,0.0,4.0,9.0,9.0,2.0,3.0,38.0,43.0,8,9,3.0,1.0,35.0,41.0,6,6,0,0.0,0.0,N35236,N35236-UA-0,36.0,50.0,5.0,41.0,55.0,,,2.0,40,45,4.0,27.52
N35260,748.0,2019,2,5,2,4,2019-05-02,UA,UA,19977,UA,667,,,,,UA,19977,UA,667,13930,1393007,30977,ORD,"Chicago, IL",IL,17,Illinois,41,14107,1410702,30466,PHX,"Phoenix, AZ",AZ,4,Arizona,81,752,-4.0,0.0,0.0,-1.0,0700-0759,25.0,813.0,938.0,6.0,943,944.0,1.0,1.0,0.0,0.0,0900-0959,0.0,,0.0,231.0,236.0,205.0,1.0,1440.0,6,,,0.0,,0.0,,,,0,,,,,,,,,,,,,,,,,,,,,,,,,,,,,,,,,,,,,,,,,,,,,N,4.0,8.0,7.0,9.0,3.0,3.0,35.0,47.0,7,9,3.0,3.0,35.0,47.0,7,7,0,0.0,0.0,N35260,N35260-UA-0,35.0,47.0,12.0,47.0,59.0,,,0.0,35,47,0.0,0.0
N35271,539.0,2019,2,5,2,4,2019-05-02,UA,UA,19977,UA,1690,,,,,UA,19977,UA,1690,10423,1042302,30423,AUS,"Austin, TX",TX,48,Texas,74,11292,1129202,30325,DEN,"Denver, CO",CO,8,Colorado,82,545,-6.0,0.0,0.0,-1.0,0001-0559,16.0,555.0,635.0,5.0,700,640.0,-20.0,0.0,0.0,-2.0,0700-0759,0.0,,0.0,135.0,121.0,100.0,1.0,775.0,4,,,0.0,,0.0,,,,0,,,,,,,,,,,,,,,,,,,,,,,,,,,,,,,,,,,,,,,,,,,,,N,4.0,8.0,5.0,6.0,3.0,3.0,27.0,35.0,5,7,3.0,0.0,27.0,36.0,4,4,0,0.0,0.0,N35271,N35271-UA-0,27.0,39.0,8.0,35.0,47.0,,,0.0,27,35,0.0,0.0
N352NB,735.0,2019,2,5,2,4,2019-05-02,DL,DL,19790,DL,502,,,,,DL,19790,DL,502,13930,1393007,30977,ORD,"Chicago, IL",IL,17,Illinois,41,14869,1486903,34614,SLC,"Salt Lake City, UT",UT,49,Utah,87,745,-10.0,0.0,0.0,-1.0,0700-0759,24.0,759.0,1008.0,10.0,1015,1018.0,3.0,3.0,0.0,0.0,1000-1059,0.0,,0.0,210.0,223.0,189.0,1.0,1250.0,6,,,0.0,,0.0,,,,0,,,,,,,,,,,,,,,,,,,,,,,,,,,,,,,,,,,,,,,,,,,,,N,4.0,8.0,7.0,10.0,2.0,1.0,34.0,49.0,7,10,3.0,1.0,35.0,49.0,5,5,0,0.0,0.0,N352NB,N352NB-DL-0,35.0,46.0,15.0,50.0,61.0,,,0.0,35,53,3.0,17.1
N352NW,658.0,2019,2,5,2,4,2019-05-02,DL,DL,19790,DL,2595,,,,,DL,19790,DL,2595,11278,1127805,30852,DCA,"Washington, DC",VA,51,Virginia,38,10397,1039707,30397,ATL,"Atlanta, GA",GA,13,Georgia,34,700,-2.0,0.0,0.0,-1.0,0700-0759,19.0,717.0,846.0,12.0,853,858.0,5.0,5.0,0.0,0.0,0800-0859,0.0,,0.0,113.0,120.0,89.0,1.0,547.0,3,,,0.0,,0.0,,,,0,,,,,,,,,,,,,,,,,,,,,,,,,,,,,,,,,,,,,,,,,,,,,N,0.0,0.0,6.0,8.0,4.0,4.0,28.0,36.0,7,8,0.0,4.0,28.0,36.0,7,7,0,0.0,0.0,N352NW,N352NW-DL-0,28.0,40.0,8.0,36.0,48.0,,,0.0,28,36,0.0,0.0
N352PS,721.0,2019,2,5,2,4,2019-05-02,AA,AA,19805,AA,2737,,,,,AA,19805,AA,2737,11298,1129806,30194,DFW,"Dallas/Fort Worth, TX",TX,48,Texas,74,10397,1039707,30397,ATL,"Atlanta, GA",GA,13,Georgia,34,710,11.0,11.0,0.0,0.0,0700-0759,26.0,747.0,1032.0,8.0,1017,1040.0,23.0,23.0,1.0,1.0,1000-1059,0.0,,0.0,127.0,139.0,105.0,1.0,731.0,3,11.0,0.0,12.0,0.0,0.0,,,,0,,,,,,,,,,,,,,,,,,,,,,,,,,,,,,,,,,,,,,,,,,,,,N,4.0,0.0,7.0,10.0,1.0,3.0,33.0,43.0,7,10,1.0,1.0,33.0,41.0,2,2,0,0.0,0.0,N352PS,N352PS-AA-0,33.0,45.0,10.0,43.0,55.0,,,1.0,33,43,0.0,0.0
N353DN,614.0,2019,2,5,2,4,2019-05-02,DL,DL,19790,DL,1592,,,,,DL,19790,DL,1592,14679,1467903,33570,SAN,"San Diego, CA",CA,6,California,91,10397,1039707,30397,ATL,"Atlanta, GA",GA,13,Georgia,34,615,-1.0,0.0,0.0,-1.0,0600-0659,22.0,636.0,1325.0,5.0,1336,1330.0,-6.0,0.0,0.0,-1.0,1300-1359,0.0,,0.0,261.0,256.0,229.0,1.0,1892.0,8,,,0.0,,0.0,,,,0,,,,,,,,,,,,,,,,,,,,,,,,,,,,,,,,,,,,,,,,,,,,,N,12.0,0.0,6.0,13.0,1.0,2.0,37.0,54.0,6,13,1.0,2.0,37.0,54.0,2,2,0,0.0,0.0,N353DN,N353DN-DL-0,37.0,49.0,17.0,54.0,66.0,,,0.0,37,54,0.0,0.0
N353JB,533.0,2019,2,5,2,4,2019-05-02,B6,B6,20409,B6,318,,,,,B6,20409,B6,318,12478,1247805,31703,JFK,"New York, NY",NY,36,New York,22,10721,1072102,30721,BOS,"Boston, MA",MA,25,Massachusetts,13,543,-10.0,0.0,0.0,-1.0,0001-0559,12.0,545.0,619.0,16.0,650,635.0,-15.0,0.0,0.0,-1.0,0600-0659,0.0,,0.0,67.0,62.0,34.0,1.0,187.0,1,,,0.0,,0.0,,,,0,,,,,,,,,,,,,,,,,,,,,,,,,,,,,,,,,,,,,,,,,,,,,N,0.0,0.0,5.0,6.0,2.0,2.0,22.0,26.0,5,6,3.0,3.0,23.0,27.0,8,8,0,1.0,1.0,N353JB,N353JB-B6-0,23.0,34.0,4.0,27.0,38.0,,,0.0,23,27,0.0,0.0
N353JB,821.0,2019,2,5,2,4,2019-05-02,B6,B6,20409,B6,459,,,,,B6,20409,B6,459,10721,1072102,30721,BOS,"Boston, MA",MA,25,Massachusetts,13,14100,1410005,34100,PHL,"Philadelphia, PA",PA,42,Pennsylvania,23,826,-5.0,0.0,0.0,-1.0,0800-0859,70.0,931.0,1033.0,4.0,1002,1037.0,35.0,35.0,1.0,2.0,1000-1059,0.0,,0.0,96.0,136.0,62.0,1.0,280.0,2,0.0,0.0,35.0,0.0,0.0,,,,0,,,,,,,,,,,,,,,,,,,,,,,,,,,,,,,,,,,,,,,,,,,,,N,0.0,0.0,8.0,10.0,1.0,2.0,33.0,42.0,8,10,2.0,0.0,34.0,40.0,7,7,1,1.0,0.0,N353JB,N353JB-B6-1,34.0,45.0,9.0,43.0,54.0,26.0,7.0,2.0,34,43,0.0,0.0
N353NB,555.0,2019,2,5,2,4,2019-05-02,DL,DL,19790,DL,2537,,,,,DL,19790,DL,2537,10257,1025702,30257,ALB,"Albany, NY",NY,36,New York,22,11433,1143302,31295,DTW,"Detroit, MI",MI,26,Michigan,43,600,-5.0,0.0,0.0,-1.0,0600-0659,10.0,605.0,723.0,7.0,750,730.0,-20.0,0.0,0.0,-2.0,0700-0759,0.0,,0.0,110.0,95.0,78.0,1.0,489.0,2,,,0.0,,0.0,,,,0,,,,,,,,,,,,,,,,,,,,,,,,,,,,,,,,,,,,,,,,,,,,,N,0.0,0.0,5.0,7.0,4.0,2.0,24.0,30.0,6,7,0.0,3.0,24.0,31.0,5,5,0,1.0,1.0,N353NB,N353NB-DL-0,24.0,36.0,6.0,30.0,42.0,,,0.0,24,30,0.0,0.0
N353NB,823.0,2019,2,5,2,4,2019-05-02,DL,DL,19790,DL,1427,,,,,DL,19790,DL,1427,11433,1143302,31295,DTW,"Detroit, MI",MI,26,Michigan,43,10423,1042302,30423,AUS,"Austin, TX",TX,48,Texas,74,823,0.0,0.0,0.0,0.0,0800-0859,16.0,839.0,1028.0,7.0,1031,1035.0,4.0,4.0,0.0,0.0,1000-1059,0.0,,0.0,188.0,192.0,169.0,1.0,1149.0,5,,,0.0,,0.0,,,,0,,,,,,,,,,,,,,,,,,,,,,,,,,,,,,,,,,,,,,,,,,,,,N,0.0,4.0,8.0,10.0,2.0,2.0,34.0,46.0,8,10,2.0,2.0,34.0,46.0,3,3,1,1.0,0.0,N353NB,N353NB-DL-1,34.0,46.0,12.0,46.0,58.0,30.0,4.0,0.0,34,46,0.0,0.0
N353NW,524.0,2019,2,5,2,4,2019-05-02,DL,DL,19790,DL,1655,,,,,DL,19790,DL,1655,14492,1449202,34492,RDU,"Raleigh/Durham, NC",NC,37,North Carolina,36,10397,1039707,30397,ATL,"Atlanta, GA",GA,13,Georgia,34,530,-6.0,0.0,0.0,-1.0,0001-0559,28.0,552.0,647.0,6.0,650,653.0,3.0,3.0,0.0,0.0,0600-0659,0.0,,0.0,80.0,89.0,55.0,1.0,356.0,2,,,0.0,,0.0,,,,0,,,,,,,,,,,,,,,,,,,,,,,,,,,,,,,,,,,,,,,,,,,,,N,0.0,0.0,5.0,6.0,2.0,4.0,22.0,28.0,5,6,2.0,3.0,22.0,27.0,3,3,0,0.0,0.0,N353NW,N353NW-DL-0,22.0,34.0,6.0,28.0,40.0,,,0.0,22,29,1.0,3.22
N354CA,554.0,2019,2,5,2,4,2019-05-02,DL,DL_CODESHARE,19790,DL,6289,,,,,G7,20500,G7,6289,13230,1323002,32070,MDT,"Harrisburg, PA",PA,42,Pennsylvania,23,11433,1143302,31295,DTW,"Detroit, MI",MI,26,Michigan,43,600,-6.0,0.0,0.0,-1.0,0600-0659,12.0,606.0,708.0,8.0,731,716.0,-15.0,0.0,0.0,-1.0,0700-0759,0.0,,0.0,91.0,82.0,62.0,1.0,371.0,2,,,0.0,,0.0,,,,0,,,,,,,,,,,,,,,,,,,,,,,,,,,,,,,,,,,,,,,,,,,,,N,0.0,0.0,5.0,7.0,4.0,1.0,24.0,29.0,6,7,0.0,2.0,24.0,30.0,6,6,0,1.0,1.0,N354CA,N354CA-DL-0,24.0,36.0,5.0,29.0,41.0,,,0.0,24,29,0.0,0.0
N354CA,817.0,2019,2,5,2,4,2019-05-02,DL,DL_CODESHARE,19790,DL,6294,,,,,G7,20500,G7,6294,11433,1143302,31295,DTW,"Detroit, MI",MI,26,Michigan,43,10792,1079206,30792,BUF,"Buffalo, NY",NY,36,New York,22,823,-6.0,0.0,0.0,-1.0,0800-0859,20.0,837.0,919.0,4.0,935,923.0,-12.0,0.0,0.0,-1.0,0900-0959,0.0,,0.0,72.0,66.0,42.0,1.0,241.0,1,,,0.0,,0.0,,,,0,,,,,,,,,,,,,,,,,,,,,,,,,,,,,,,,,,,,,,,,,,,,,N,0.0,0.0,8.0,9.0,1.0,2.0,33.0,38.0,8,9,2.0,2.0,34.0,38.0,2,2,1,1.0,0.0,N354CA,N354CA-DL-1,34.0,45.0,5.0,39.0,50.0,29.0,4.0,0.0,34,39,0.0,0.0
N354DN,654.0,2019,2,5,2,4,2019-05-02,DL,DL,19790,DL,1421,,,,,DL,19790,DL,1421,11433,1143302,31295,DTW,"Detroit, MI",MI,26,Michigan,43,11278,1127805,30852,DCA,"Washington, DC",VA,51,Virginia,38,700,-6.0,0.0,0.0,-1.0,0700-0759,13.0,707.0,807.0,4.0,830,811.0,-19.0,0.0,0.0,-2.0,0800-0859,0.0,,0.0,90.0,77.0,60.0,1.0,405.0,2,,,0.0,,0.0,,,,0,,,,,,,,,,,,,,,,,,,,,,,,,,,,,,,,,,,,,,,,,,,,,N,0.0,0.0,6.0,8.0,4.0,1.0,28.0,33.0,7,8,0.0,2.0,28.0,34.0,9,9,0,1.0,1.0,N354DN,N354DN-DL-0,28.0,40.0,5.0,33.0,45.0,,,0.0,28,33,0.0,0.0
N354DN,938.0,2019,2,5,2,4,2019-05-02,DL,DL,19790,DL,2523,,,,,DL,19790,DL,2523,11278,1127805,30852,DCA,"Washington, DC",VA,51,Virginia,38,11433,1143302,31295,DTW,"Detroit, MI",MI,26,Michigan,43,940,-2.0,0.0,0.0,-1.0,0900-0959,13.0,951.0,1104.0,6.0,1109,1110.0,1.0,1.0,0.0,0.0,1100-1159,0.0,,0.0,89.0,92.0,73.0,1.0,405.0,2,,,0.0,,0.0,,,,0,,,,,,,,,,,,,,,,,,,,,,,,,,,,,,,,,,,,,,,,,,,,,N,0.0,0.0,9.0,11.0,3.0,1.0,39.0,45.0,9,11,3.0,1.0,39.0,45.0,6,6,1,1.0,0.0,N354DN,N354DN-DL-1,39.0,51.0,6.0,45.0,57.0,33.0,6.0,0.0,39,45,0.0,0.0
N354JB,711.0,2019,2,5,2,4,2019-05-02,B6,B6,20409,B6,1125,,,,,B6,20409,B6,1125,14492,1449202,34492,RDU,"Raleigh/Durham, NC",NC,37,North Carolina,36,11697,1169706,32467,FLL,"Fort Lauderdale, FL",FL,12,Florida,33,700,11.0,11.0,0.0,0.0,0700-0759,17.0,728.0,908.0,6.0,907,914.0,7.0,7.0,0.0,0.0,0900-0959,0.0,,0.0,127.0,123.0,100.0,1.0,680.0,3,,,0.0,,0.0,,,,0,,,,,,,,,,,,,,,,,,,,,,,,,,,,,,,,,,,,,,,,,,,,,N,0.0,0.0,7.0,9.0,1.0,1.0,29.0,37.0,7,9,0.0,0.0,28.0,36.0,5,5,0,0.0,0.0,N354JB,N354JB-B6-0,29.0,41.0,8.0,37.0,49.0,,,0.0,29,37,0.0,0.0
N354NB,653.0,2019,2,5,2,4,2019-05-02,DL,DL,19790,DL,449,,,,,DL,19790,DL,449,12441,1244102,32441,JAC,"Jackson, WY",WY,56,Wyoming,88,14869,1486903,34614,SLC,"Salt Lake City, UT",UT,49,Utah,87,700,-7.0,0.0,0.0,-1.0,0700-0759,19.0,712.0,745.0,5.0,806,750.0,-16.0,0.0,0.0,-2.0,0800-0859,0.0,,0.0,66.0,57.0,33.0,1.0,205.0,1,,,0.0,,0.0,,,,0,,,,,,,,,,,,,,,,,,,,,,,,,,,,,,,,,,,,,,,,,,,,,N,8.0,8.0,6.0,7.0,4.0,3.0,36.0,39.0,7,8,0.0,0.0,36.0,40.0,4,4,0,0.0,0.0,N354NB,N354NB-DL-0,36.0,48.0,3.0,39.0,51.0,,,0.0,36,39,0.0,0.0
N354NW,808.0,2019,2,5,2,4,2019-05-02,DL,DL,19790,DL,1465,,,,,DL,19790,DL,1465,10529,1052906,30529,BDL,"Hartford, CT",CT,9,Connecticut,11,13487,1348702,31650,MSP,"Minneapolis, MN",MN,27,Minnesota,63,815,-7.0,0.0,0.0,-1.0,0800-0859,10.0,818.0,950.0,3.0,1005,953.0,-12.0,0.0,0.0,-1.0,1000-1059,0.0,,0.0,170.0,165.0,152.0,1.0,1050.0,5,,,0.0,,0.0,,,,0,,,,,,,,,,,,,,,,,,,,,,,,,,,,,,,,,,,,,,,,,,,,,N,0.0,4.0,8.0,9.0,1.0,4.0,33.0,44.0,8,10,1.0,0.0,33.0,44.0,3,3,0,0.0,0.0,N354NW,N354NW-DL-0,33.0,45.0,11.0,44.0,56.0,,,0.0,33,44,0.0,0.0
N355DN,555.0,2019,2,5,2,4,2019-05-02,DL,DL,19790,DL,1203,,,,,DL,19790,DL,1203,10849,1084905,30849,BZN,"Bozeman, MT",MT,30,Montana,84,13487,1348702,31650,MSP,"Minneapolis, MN",MN,27,Minnesota,63,600,-5.0,0.0,0.0,-1.0,0600-0659,22.0,617.0,908.0,13.0,919,921.0,2.0,2.0,0.0,0.0,0900-0959,0.0,,0.0,139.0,146.0,111.0,1.0,874.0,4,,,0.0,,0.0,,,,0,,,,,,,,,,,,,,,,,,,,,,,,,,,,,,,,,,,,,,,,,,,,,N,8.0,4.0,5.0,9.0,4.0,1.0,32.0,41.0,6,9,0.0,1.0,32.0,41.0,9,9,0,0.0,0.0,N355DN,N355DN-DL-0,32.0,44.0,9.0,41.0,53.0,,,0.0,32,41,0.0,0.0
N355NB,659.0,2019,2,5,2,4,2019-05-02,DL,DL,19790,DL,2750,,,,,DL,19790,DL,2750,13495,1349505,33495,MSY,"New Orleans, LA",LA,22,Louisiana,72,12478,1247805,31703,JFK,"New York, NY",NY,36,New York,22,700,-1.0,0.0,0.0,-1.0,0700-0759,14.0,713.0,1047.0,6.0,1103,1053.0,-10.0,0.0,0.0,-1.0,1100-1159,0.0,,0.0,183.0,174.0,154.0,1.0,1182.0,5,,,0.0,,0.0,,,,0,,,,,,,,,,,,,,,,,,,,,,,,,,,,,,,,,,,,,,,,,,,,,N,4.0,0.0,6.0,10.0,4.0,4.0,32.0,44.0,7,11,0.0,0.0,32.0,44.0,7,7,0,0.0,0.0,N355NB,N355NB-DL-0,32.0,44.0,12.0,44.0,56.0,,,0.0,32,44,0.0,0.0
N355NW,803.0,2019,2,5,2,4,2019-05-02,DL,DL,19790,DL,1667,,,,,DL,19790,DL,1667,13303,1330303,32467,MIA,"Miami, FL",FL,12,Florida,33,10397,1039707,30397,ATL,"Atlanta, GA",GA,13,Georgia,34,806,-3.0,0.0,0.0,-1.0,0800-0859,13.0,816.0,939.0,6.0,1000,945.0,-15.0,0.0,0.0,-1.0,1000-1059,0.0,,0.0,114.0,102.0,83.0,1.0,594.0,3,,,0.0,,0.0,,,,0,,,,,,,,,,,,,,,,,,,,,,,,,,,,,,,,,,,,,,,,,,,,,N,0.0,0.0,8.0,9.0,0.0,3.0,32.0,39.0,8,10,0.0,0.0,32.0,40.0,8,8,0,0.0,0.0,N355NW,N355NW-DL-0,32.0,44.0,7.0,39.0,51.0,,,0.0,32,39,0.0,0.0
N356DN,805.0,2019,2,5,2,4,2019-05-02,DL,DL,19790,DL,2324,,,,,DL,19790,DL,2324,12478,1247805,31703,JFK,"New York, NY",NY,36,New York,22,11697,1169706,32467,FLL,"Fort Lauderdale, FL",FL,12,Florida,33,805,0.0,0.0,0.0,0.0,0800-0859,26.0,831.0,1100.0,4.0,1112,1104.0,-8.0,0.0,0.0,-1.0,1100-1159,0.0,,0.0,187.0,179.0,149.0,1.0,1069.0,5,,,0.0,,0.0,,,,0,,,,,,,,,,,,,,,,,,,,,,,,,,,,,,,,,,,,,,,,,,,,,N,0.0,0.0,8.0,11.0,0.0,0.0,32.0,44.0,8,11,0.0,1.0,32.0,45.0,9,9,0,0.0,0.0,N356DN,N356DN-DL-0,32.0,44.0,12.0,44.0,56.0,,,0.0,32,44,0.0,0.0
N356NW,659.0,2019,2,5,2,4,2019-05-02,DL,DL,19790,DL,1966,,,,,DL,19790,DL,1966,11298,1129806,30194,DFW,"Dallas/Fort Worth, TX",TX,48,Texas,74,10397,1039707,30397,ATL,"Atlanta, GA",GA,13,Georgia,34,700,-1.0,0.0,0.0,-1.0,0700-0759,11.0,710.0,950.0,10.0,1011,1000.0,-11.0,0.0,0.0,-1.0,1000-1059,0.0,,0.0,131.0,121.0,100.0,1.0,731.0,3,,,0.0,,0.0,,,,0,,,,,,,,,,,,,,,,,,,,,,,,,,,,,,,,,,,,,,,,,,,,,N,4.0,0.0,6.0,10.0,4.0,0.0,32.0,40.0,7,10,0.0,1.0,32.0,41.0,6,6,0,0.0,0.0,N356NW,N356NW-DL-0,32.0,44.0,8.0,40.0,52.0,,,0.0,32,40,0.0,0.0
N357DN,802.0,2019,2,5,2,4,2019-05-02,DL,DL,19790,DL,2822,,,,,DL,19790,DL,2822,12478,1247805,31703,JFK,"New York, NY",NY,36,New York,22,13204,1320402,31454,MCO,"Orlando, FL",FL,12,Florida,33,805,-3.0,0.0,0.0,-1.0,0800-0859,18.0,820.0,1037.0,8.0,1055,1045.0,-10.0,0.0,0.0,-1.0,1000-1059,0.0,,0.0,170.0,163.0,137.0,1.0,944.0,4,,,0.0,,0.0,,,,0,,,,,,,,,,,,,,,,,,,,,,,,,,,,,,,,,,,,,,,,,,,,,N,0.0,0.0,8.0,10.0,0.0,3.0,32.0,43.0,8,10,0.0,4.0,32.0,44.0,8,8,0,0.0,0.0,N357DN,N357DN-DL-0,32.0,44.0,11.0,43.0,55.0,,,0.0,32,43,0.0,0.0
N357FC,556.0,2019,2,5,2,4,2019-05-02,DL,DL_CODESHARE,19790,DL,5909,,,,,YX,20452,YX,5909,13485,1348502,33485,MSN,"Madison, WI",WI,55,Wisconsin,45,12953,1295304,31703,LGA,"New York, NY",NY,36,New York,22,600,-4.0,0.0,0.0,-1.0,0600-0659,13.0,609.0,902.0,9.0,919,911.0,-8.0,0.0,0.0,-1.0,0900-0959,0.0,,0.0,139.0,135.0,113.0,1.0,812.0,4,,,0.0,,0.0,,,,0,,,,,,,,,,,,,,,,,,,,,,,,,,,,,,,,,,,,,,,,,,,,,N,4.0,0.0,5.0,9.0,4.0,1.0,28.0,37.0,6,9,0.0,1.0,28.0,37.0,1,1,0,0.0,0.0,N357FC,N357FC-DL-0,28.0,40.0,9.0,37.0,49.0,,,0.0,28,38,1.0,1.26
N357NB,745.0,2019,2,5,2,4,2019-05-02,DL,DL,19790,DL,1303,,,,,DL,19790,DL,1303,12264,1226402,30852,IAD,"Washington, DC",VA,51,Virginia,38,14747,1474703,30559,SEA,"Seattle, WA",WA,53,Washington,93,750,-5.0,0.0,0.0,-1.0,0700-0759,10.0,755.0,1002.0,11.0,1032,1013.0,-19.0,0.0,0.0,-2.0,1000-1059,0.0,,0.0,342.0,328.0,307.0,1.0,2306.0,10,,,0.0,,0.0,,,,0,,,,,,,,,,,,,,,,,,,,,,,,,,,,,,,,,,,,,,,,,,,,,N,0.0,12.0,7.0,10.0,3.0,1.0,31.0,53.0,7,10,3.0,2.0,31.0,54.0,5,5,0,0.0,0.0,N357NB,N357NB-DL-0,31.0,43.0,22.0,53.0,65.0,,,0.0,31,53,0.0,0.0
N357NW,658.0,2019,2,5,2,4,2019-05-02,DL,DL,19790,DL,2171,,,,,DL,19790,DL,2171,14730,1473003,33044,SDF,"Louisville, KY",KY,21,Kentucky,52,10397,1039707,30397,ATL,"Atlanta, GA",GA,13,Georgia,34,700,-2.0,0.0,0.0,-1.0,0700-0759,11.0,709.0,802.0,5.0,820,807.0,-13.0,0.0,0.0,-1.0,0800-0859,0.0,,0.0,80.0,69.0,53.0,1.0,321.0,2,,,0.0,,0.0,,,,0,,,,,,,,,,,,,,,,,,,,,,,,,,,,,,,,,,,,,,,,,,,,,N,0.0,0.0,6.0,8.0,4.0,0.0,28.0,32.0,7,8,0.0,1.0,28.0,33.0,9,9,0,0.0,0.0,N357NW,N357NW-DL-0,28.0,40.0,4.0,32.0,44.0,,,0.0,28,32,0.0,0.0
N357PV,654.0,2019,2,5,2,4,2019-05-02,AA,AA,19805,AA,2255,,,,,AA,19805,AA,2255,11298,1129806,30194,DFW,"Dallas/Fort Worth, TX",TX,48,Texas,74,14908,1490803,32575,SNA,"Santa Ana, CA",CA,6,California,91,655,-1.0,0.0,0.0,-1.0,0600-0659,23.0,717.0,811.0,12.0,812,823.0,11.0,11.0,0.0,0.0,0800-0859,0.0,,0.0,197.0,209.0,174.0,1.0,1205.0,5,,,0.0,,0.0,,,,0,,,,,,,,,,,,,,,,,,,,,,,,,,,,,,,,,,,,,,,,,,,,,N,4.0,12.0,6.0,8.0,4.0,2.0,32.0,46.0,6,8,4.0,1.0,32.0,45.0,5,5,0,0.0,0.0,N357PV,N357PV-AA-0,32.0,44.0,14.0,46.0,58.0,,,0.0,32,46,0.0,0.0
N358DN,35.0,2019,2,5,2,4,2019-05-02,DL,DL,19790,DL,1578,,,,,DL,19790,DL,1578,14107,1410702,30466,PHX,"Phoenix, AZ",AZ,4,Arizona,81,10397,1039707,30397,ATL,"Atlanta, GA",GA,13,Georgia,34,22,13.0,13.0,0.0,0.0,0001-0559,10.0,45.0,706.0,11.0,650,717.0,27.0,27.0,1.0,1.0,0600-0659,0.0,,0.0,208.0,222.0,201.0,1.0,1587.0,7,2.0,0.0,14.0,0.0,11.0,,,,0,,,,,,,,,,,,,,,,,,,,,,,,,,,,,,,,,,,,,,,,,,,,,N,8.0,0.0,0.0,7.0,2.0,1.0,10.0,29.0,0,6,1.0,3.0,9.0,27.0,9,9,0,0.0,0.0,N358DN,N358DN-DL-0,9.0,22.0,19.0,28.0,41.0,,,2.0,9,28,0.0,0.0
N358JB,556.0,2019,2,5,2,4,2019-05-02,B6,B6,20409,B6,2784,,,,,B6,20409,B6,2784,14492,1449202,34492,RDU,"Raleigh/Durham, NC",NC,37,North Carolina,36,10721,1072102,30721,BOS,"Boston, MA",MA,25,Massachusetts,13,600,-4.0,0.0,0.0,-1.0,0600-0659,17.0,613.0,740.0,6.0,752,746.0,-6.0,0.0,0.0,-1.0,0700-0759,0.0,,0.0,112.0,110.0,87.0,1.0,612.0,3,,,0.0,,0.0,,,,0,,,,,,,,,,,,,,,,,,,,,,,,,,,,,,,,,,,,,,,,,,,,,N,0.0,0.0,5.0,7.0,4.0,3.0,24.0,31.0,6,7,0.0,3.0,24.0,31.0,3,3,0,1.0,1.0,N358JB,N358JB-B6-0,24.0,36.0,7.0,31.0,43.0,,,0.0,24,31,0.0,0.0
N358JB,914.0,2019,2,5,2,4,2019-05-02,B6,B6,20409,B6,121,,,,,B6,20409,B6,121,10721,1072102,30721,BOS,"Boston, MA",MA,25,Massachusetts,13,14027,1402702,34027,PBI,"West Palm Beach/Palm Beach, FL",FL,12,Florida,33,923,-9.0,0.0,0.0,-1.0,0900-0959,27.0,941.0,1226.0,4.0,1239,1230.0,-9.0,0.0,0.0,-1.0,1200-1259,0.0,,0.0,196.0,196.0,165.0,1.0,1197.0,5,,,0.0,,0.0,,,,0,,,,,,,,,,,,,,,,,,,,,,,,,,,,,,,,,,,,,,,,,,,,,N,0.0,0.0,9.0,12.0,1.0,2.0,37.0,50.0,9,12,2.0,3.0,38.0,51.0,5,5,1,1.0,0.0,N358JB,N358JB-B6-1,38.0,49.0,13.0,51.0,62.0,31.0,6.0,0.0,38,51,0.0,0.0
N358NB,817.0,2019,2,5,2,4,2019-05-02,DL,DL,19790,DL,1092,,,,,DL,19790,DL,1092,11193,1119302,33105,CVG,"Cincinnati, OH",KY,21,Kentucky,52,14869,1486903,34614,SLC,"Salt Lake City, UT",UT,49,Utah,87,820,-3.0,0.0,0.0,-1.0,0800-0859,8.0,825.0,1002.0,7.0,1005,1009.0,4.0,4.0,0.0,0.0,1000-1059,0.0,,0.0,225.0,232.0,217.0,1.0,1450.0,6,,,0.0,,0.0,,,,0,,,,,,,,,,,,,,,,,,,,,,,,,,,,,,,,,,,,,,,,,,,,,N,0.0,8.0,8.0,10.0,1.0,1.0,33.0,49.0,8,10,1.0,0.0,33.0,48.0,4,4,0,0.0,0.0,N358NB,N358NB-DL-0,33.0,45.0,16.0,49.0,61.0,,,0.0,33,49,0.0,0.0
N358PW,516.0,2019,2,5,2,4,2019-05-02,AA,AA,19805,AA,328,,,,,AA,19805,AA,328,13930,1393007,30977,ORD,"Chicago, IL",IL,17,Illinois,41,11298,1129806,30194,DFW,"Dallas/Fort Worth, TX",TX,48,Texas,74,512,4.0,4.0,0.0,0.0,0001-0559,43.0,559.0,804.0,6.0,745,810.0,25.0,25.0,1.0,1.0,0700-0759,0.0,,0.0,153.0,174.0,125.0,1.0,801.0,4,4.0,0.0,21.0,0.0,0.0,,,,0,,,,,,,,,,,,,,,,,,,,,,,,,,,,,,,,,,,,,,,,,,,,,N,4.0,4.0,5.0,8.0,1.0,1.0,25.0,37.0,5,7,1.0,3.0,25.0,35.0,6,6,0,0.0,0.0,N358PW,N358PW-AA-0,25.0,37.0,12.0,37.0,49.0,,,1.0,25,37,0.0,0.0
N359DN,835.0,2019,2,5,2,4,2019-05-02,DL,DL,19790,DL,1904,,,,,DL,19790,DL,1904,11697,1169706,32467,FLL,"Fort Lauderdale, FL",FL,12,Florida,33,11433,1143302,31295,DTW,"Detroit, MI",MI,26,Michigan,43,810,25.0,25.0,1.0,1.0,0800-0859,11.0,846.0,1119.0,9.0,1106,1128.0,22.0,22.0,1.0,1.0,1100-1159,0.0,,0.0,176.0,173.0,153.0,1.0,1127.0,5,22.0,0.0,0.0,0.0,0.0,,,,0,,,,,,,,,,,,,,,,,,,,,,,,,,,,,,,,,,,,,,,,,,,,,N,0.0,0.0,8.0,11.0,2.0,2.0,34.0,46.0,8,11,1.0,0.0,33.0,44.0,3,3,0,0.0,0.0,N359DN,N359DN-DL-0,34.0,46.0,12.0,46.0,58.0,,,0.0,35,48,2.0,7.1
N359NB,809.0,2019,2,5,2,4,2019-05-02,DL,DL,19790,DL,439,,,,,DL,19790,DL,439,12478,1247805,31703,JFK,"New York, NY",NY,36,New York,22,14027,1402702,34027,PBI,"West Palm Beach/Palm Beach, FL",FL,12,Florida,33,805,4.0,4.0,0.0,0.0,0800-0859,39.0,848.0,1110.0,5.0,1113,1115.0,2.0,2.0,0.0,0.0,1100-1159,0.0,,0.0,188.0,186.0,142.0,1.0,1028.0,5,,,0.0,,0.0,,,,0,,,,,,,,,,,,,,,,,,,,,,,,,,,,,,,,,,,,,,,,,,,,,N,0.0,0.0,8.0,11.0,1.0,1.0,33.0,45.0,8,11,0.0,1.0,32.0,45.0,4,4,0,0.0,0.0,N359NB,N359NB-DL-0,33.0,45.0,12.0,45.0,57.0,,,0.0,33,45,0.0,0.0
N359PX,727.0,2019,2,5,2,4,2019-05-02,AA,AA,19805,AA,337,,,,,AA,19805,AA,337,13930,1393007,30977,ORD,"Chicago, IL",IL,17,Illinois,41,12953,1295304,31703,LGA,"New York, NY",NY,36,New York,22,730,-3.0,0.0,0.0,-1.0,0700-0759,24.0,751.0,1033.0,5.0,1040,1038.0,-2.0,0.0,0.0,-1.0,1000-1059,0.0,,0.0,130.0,131.0,102.0,1.0,733.0,3,,,0.0,,0.0,,,,0,,,,,,,,,,,,,,,,,,,,,,,,,,,,,,,,,,,,,,,,,,,,,N,4.0,0.0,7.0,10.0,2.0,3.0,34.0,43.0,7,10,2.0,3.0,34.0,43.0,5,5,0,0.0,0.0,N359PX,N359PX-AA-0,34.0,46.0,9.0,43.0,55.0,,,0.0,34,43,0.0,0.0
N360DN,628.0,2019,2,5,2,4,2019-05-02,DL,DL,19790,DL,1386,,,,,DL,19790,DL,1386,13485,1348502,33485,MSN,"Madison, WI",WI,55,Wisconsin,45,13487,1348702,31650,MSP,"Minneapolis, MN",MN,27,Minnesota,63,635,-7.0,0.0,0.0,-1.0,0600-0659,14.0,642.0,725.0,5.0,741,730.0,-11.0,0.0,0.0,-1.0,0700-0759,0.0,,0.0,66.0,62.0,43.0,1.0,228.0,1,,,0.0,,0.0,,,,0,,,,,,,,,,,,,,,,,,,,,,,,,,,,,,,,,,,,,,,,,,,,,N,4.0,4.0,6.0,7.0,2.0,2.0,30.0,34.0,6,7,2.0,3.0,30.0,35.0,2,2,0,0.0,0.0,N360DN,N360DN-DL-0,30.0,42.0,4.0,34.0,46.0,,,0.0,30,34,0.0,0.0
N360NW,605.0,2019,2,5,2,4,2019-05-02,DL,DL,19790,DL,2060,,,,,DL,19790,DL,2060,13486,1348602,33486,MSO,"Missoula, MT",MT,30,Montana,84,14869,1486903,34614,SLC,"Salt Lake City, UT",UT,49,Utah,87,605,0.0,0.0,0.0,0.0,0600-0659,15.0,620.0,720.0,12.0,728,732.0,4.0,4.0,0.0,0.0,0700-0759,0.0,,0.0,83.0,87.0,60.0,1.0,436.0,2,,,0.0,,0.0,,,,0,,,,,,,,,,,,,,,,,,,,,,,,,,,,,,,,,,,,,,,,,,,,,N,8.0,8.0,6.0,7.0,0.0,2.0,32.0,38.0,6,7,0.0,2.0,32.0,38.0,9,9,0,0.0,0.0,N360NW,N360NW-DL-0,32.0,44.0,6.0,38.0,50.0,,,0.0,32,38,0.0,0.0
N361DN,709.0,2019,2,5,2,4,2019-05-02,DL,DL,19790,DL,924,,,,,DL,19790,DL,924,10423,1042302,30423,AUS,"Austin, TX",TX,48,Texas,74,10397,1039707,30397,ATL,"Atlanta, GA",GA,13,Georgia,34,700,9.0,9.0,0.0,0.0,0700-0759,17.0,726.0,1027.0,11.0,1009,1038.0,29.0,29.0,1.0,1.0,1000-1059,0.0,,0.0,129.0,149.0,121.0,1.0,813.0,4,0.0,0.0,29.0,0.0,0.0,,,,0,,,,,,,,,,,,,,,,,,,,,,,,,,,,,,,,,,,,,,,,,,,,,N,4.0,0.0,7.0,10.0,1.0,3.0,33.0,43.0,7,10,0.0,1.0,32.0,41.0,7,7,0,0.0,0.0,N361DN,N361DN-DL-0,32.0,45.0,10.0,42.0,55.0,,,2.0,32,42,0.0,0.0
N361NB,745.0,2019,2,5,2,4,2019-05-02,DL,DL,19790,DL,2761,,,,,DL,19790,DL,2761,14122,1412202,30198,PIT,"Pittsburgh, PA",PA,42,Pennsylvania,23,14869,1486903,34614,SLC,"Salt Lake City, UT",UT,49,Utah,87,750,-5.0,0.0,0.0,-1.0,0700-0759,17.0,802.0,956.0,9.0,1010,1005.0,-5.0,0.0,0.0,-1.0,1000-1059,0.0,,0.0,260.0,260.0,234.0,1.0,1660.0,7,,,0.0,,0.0,,,,0,,,,,,,,,,,,,,,,,,,,,,,,,,,,,,,,,,,,,,,,,,,,,N,0.0,8.0,7.0,10.0,3.0,0.0,31.0,48.0,7,10,3.0,1.0,31.0,49.0,1,1,0,0.0,0.0,N361NB,N361NB-DL-0,31.0,43.0,17.0,48.0,60.0,,,0.0,31,48,0.0,0.0
N361NW,707.0,2019,2,5,2,4,2019-05-02,DL,DL,19790,DL,1848,,,,,DL,19790,DL,1848,11433,1143302,31295,DTW,"Detroit, MI",MI,26,Michigan,43,12953,1295304,31703,LGA,"New York, NY",NY,36,New York,22,715,-8.0,0.0,0.0,-1.0,0700-0759,20.0,727.0,847.0,7.0,904,854.0,-10.0,0.0,0.0,-1.0,0900-0959,0.0,,0.0,109.0,107.0,80.0,1.0,502.0,3,,,0.0,,0.0,,,,0,,,,,,,,,,,,,,,,,,,,,,,,,,,,,,,,,,,,,,,,,,,,,N,0.0,0.0,7.0,8.0,0.0,4.0,28.0,36.0,7,9,1.0,0.0,29.0,36.0,5,5,0,0.0,0.0,N361NW,N361NW-DL-0,29.0,40.0,8.0,37.0,48.0,,,0.0,29,37,0.0,0.0
N361VA,626.0,2019,2,5,2,4,2019-05-02,AS,AS,19930,AS,1129,,,,,AS,19930,AS,1129,14100,1410005,34100,PHL,"Philadelphia, PA",PA,42,Pennsylvania,23,12892,1289208,32575,LAX,"Los Angeles, CA",CA,6,California,91,615,11.0,11.0,0.0,0.0,0600-0659,23.0,649.0,941.0,5.0,920,946.0,26.0,26.0,1.0,1.0,0900-0959,0.0,,0.0,365.0,380.0,352.0,1.0,2402.0,10,0.0,0.0,15.0,0.0,11.0,,,,0,,,,,,,,,,,,,,,,,,,,,,,,,,,,,,,,,,,,,,,,,,,,,N,0.0,12.0,6.0,9.0,2.0,3.0,26.0,51.0,6,9,1.0,1.0,25.0,49.0,8,8,0,0.0,0.0,N361VA,N361VA-AS-0,25.0,38.0,25.0,50.0,63.0,,,2.0,25,50,0.0,0.0
N36207,544.0,2019,2,5,2,4,2019-05-02,UA,UA,19977,UA,2314,,,,,UA,19977,UA,2314,11042,1104205,30647,CLE,"Cleveland, OH",OH,39,Ohio,44,12264,1226402,30852,IAD,"Washington, DC",VA,51,Virginia,38,555,-11.0,0.0,0.0,-1.0,0001-0559,15.0,559.0,647.0,6.0,721,653.0,-28.0,0.0,0.0,-2.0,0700-0759,0.0,,0.0,86.0,69.0,48.0,1.0,288.0,2,,,0.0,,0.0,,,,0,,,,,,,,,,,,,,,,,,,,,,,,,,,,,,,,,,,,,,,,,,,,,N,0.0,0.0,5.0,6.0,3.0,4.0,23.0,28.0,5,7,4.0,1.0,24.0,29.0,3,3,0,1.0,1.0,N36207,N36207-UA-0,24.0,35.0,5.0,29.0,40.0,,,0.0,24,30,1.0,3.16
N36207,823.0,2019,2,5,2,4,2019-05-02,UA,UA,19977,UA,793,,,,,UA,19977,UA,793,12264,1226402,30852,IAD,"Washington, DC",VA,51,Virginia,38,10693,1069302,30693,BNA,"Nashville, TN",TN,47,Tennessee,54,830,-7.0,0.0,0.0,-1.0,0800-0859,22.0,845.0,902.0,6.0,924,908.0,-16.0,0.0,0.0,-2.0,0900-0959,0.0,,0.0,114.0,105.0,77.0,1.0,542.0,3,,,0.0,,0.0,,,,0,,,,,,,,,,,,,,,,,,,,,,,,,,,,,,,,,,,,,,,,,,,,,N,0.0,4.0,8.0,9.0,2.0,1.0,34.0,41.0,8,9,2.0,2.0,34.0,42.0,6,6,1,1.0,0.0,N36207,N36207-UA-1,34.0,46.0,7.0,41.0,53.0,28.0,6.0,0.0,36,43,2.0,13.32
N362DN,729.0,2019,2,5,2,4,2019-05-02,DL,DL,19790,DL,2732,,,,,DL,19790,DL,2732,13303,1330303,32467,MIA,"Miami, FL",FL,12,Florida,33,12478,1247805,31703,JFK,"New York, NY",NY,36,New York,22,730,-1.0,0.0,0.0,-1.0,0700-0759,17.0,746.0,1006.0,9.0,1029,1015.0,-14.0,0.0,0.0,-1.0,1000-1059,0.0,,0.0,179.0,166.0,140.0,1.0,1089.0,5,,,0.0,,0.0,,,,0,,,,,,,,,,,,,,,,,,,,,,,,,,,,,,,,,,,,,,,,,,,,,N,0.0,0.0,7.0,10.0,2.0,1.0,30.0,41.0,7,10,2.0,2.0,30.0,42.0,1,1,0,0.0,0.0,N362DN,N362DN-DL-0,30.0,42.0,11.0,41.0,53.0,,,0.0,31,42,1.0,1.26
N362NB,720.0,2019,2,5,2,4,2019-05-02,DL,DL,19790,DL,2437,,,,,DL,19790,DL,2437,11433,1143302,31295,DTW,"Detroit, MI",MI,26,Michigan,43,10721,1072102,30721,BOS,"Boston, MA",MA,25,Massachusetts,13,725,-5.0,0.0,0.0,-1.0,0700-0759,15.0,735.0,903.0,18.0,922,921.0,-1.0,0.0,0.0,-1.0,0900-0959,0.0,,0.0,117.0,121.0,88.0,1.0,632.0,3,,,0.0,,0.0,,,,0,,,,,,,,,,,,,,,,,,,,,,,,,,,,,,,,,,,,,,,,,,,,,N,0.0,0.0,7.0,9.0,1.0,1.0,29.0,37.0,7,9,2.0,1.0,30.0,37.0,6,6,0,0.0,0.0,N362NB,N362NB-DL-0,30.0,41.0,8.0,38.0,49.0,,,0.0,30,38,0.0,0.0
N362NW,604.0,2019,2,5,2,4,2019-05-02,DL,DL,19790,DL,942,,,,,DL,19790,DL,942,12945,1294503,32945,LEX,"Lexington, KY",KY,21,Kentucky,52,10397,1039707,30397,ATL,"Atlanta, GA",GA,13,Georgia,34,608,-4.0,0.0,0.0,-1.0,0600-0659,11.0,615.0,714.0,8.0,729,722.0,-7.0,0.0,0.0,-1.0,0700-0759,0.0,,0.0,81.0,78.0,59.0,1.0,304.0,2,,,0.0,,0.0,,,,0,,,,,,,,,,,,,,,,,,,,,,,,,,,,,,,,,,,,,,,,,,,,,N,0.0,0.0,6.0,7.0,0.0,1.0,24.0,29.0,6,7,1.0,2.0,25.0,30.0,2,2,0,1.0,1.0,N362NW,N362NW-DL-0,25.0,36.0,5.0,30.0,41.0,,,0.0,25,31,1.0,2.2
N362NW,832.0,2019,2,5,2,4,2019-05-02,DL,DL,19790,DL,459,,,,,DL,19790,DL,459,10397,1039707,30397,ATL,"Atlanta, GA",GA,13,Georgia,34,13303,1330303,32467,MIA,"Miami, FL",FL,12,Florida,33,832,0.0,0.0,0.0,0.0,0800-0859,15.0,847.0,1010.0,3.0,1024,1013.0,-11.0,0.0,0.0,-1.0,1000-1059,0.0,,0.0,112.0,101.0,83.0,1.0,594.0,3,,,0.0,,0.0,,,,0,,,,,,,,,,,,,,,,,,,,,,,,,,,,,,,,,,,,,,,,,,,,,N,0.0,0.0,8.0,10.0,2.0,1.0,34.0,41.0,8,10,2.0,2.0,34.0,42.0,5,5,1,1.0,0.0,N362NW,N362NW-DL-1,34.0,46.0,7.0,41.0,53.0,29.0,5.0,0.0,36,43,2.0,10.9
N363DN,734.0,2019,2,5,2,4,2019-05-02,DL,DL,19790,DL,2058,,,,,DL,19790,DL,2058,13204,1320402,31454,MCO,"Orlando, FL",FL,12,Florida,33,12478,1247805,31703,JFK,"New York, NY",NY,36,New York,22,735,-1.0,0.0,0.0,-1.0,0700-0759,18.0,752.0,959.0,8.0,1010,1007.0,-3.0,0.0,0.0,-1.0,1000-1059,0.0,,0.0,155.0,153.0,127.0,1.0,944.0,4,,,0.0,,0.0,,,,0,,,,,,,,,,,,,,,,,,,,,,,,,,,,,,,,,,,,,,,,,,,,,N,0.0,0.0,7.0,10.0,2.0,0.0,30.0,40.0,7,10,2.0,1.0,30.0,41.0,6,6,0,0.0,0.0,N363DN,N363DN-DL-0,30.0,42.0,10.0,40.0,52.0,,,0.0,30,40,0.0,0.0
N363NB,756.0,2019,2,5,2,4,2019-05-02,DL,DL,19790,DL,2688,,,,,DL,19790,DL,2688,12953,1295304,31703,LGA,"New York, NY",NY,36,New York,22,13495,1349505,33495,MSY,"New Orleans, LA",LA,22,Louisiana,72,800,-4.0,0.0,0.0,-1.0,0800-0859,20.0,816.0,957.0,4.0,1032,1001.0,-31.0,0.0,0.0,-2.0,1000-1059,0.0,,0.0,212.0,185.0,161.0,1.0,1183.0,5,,,0.0,,0.0,,,,0,,,,,,,,,,,,,,,,,,,,,,,,,,,,,,,,,,,,,,,,,,,,,N,0.0,4.0,7.0,10.0,4.0,0.0,32.0,44.0,8,10,0.0,2.0,32.0,46.0,8,8,0,0.0,0.0,N363NB,N363NB-DL-0,32.0,44.0,12.0,44.0,56.0,,,0.0,32,44,0.0,0.0
N363NW,800.0,2019,2,5,2,4,2019-05-02,DL,DL,19790,DL,1315,,,,,DL,19790,DL,1315,10721,1072102,30721,BOS,"Boston, MA",MA,25,Massachusetts,13,13204,1320402,31454,MCO,"Orlando, FL",FL,12,Florida,33,800,0.0,0.0,0.0,0.0,0800-0859,28.0,828.0,1100.0,8.0,1113,1108.0,-5.0,0.0,0.0,-1.0,1100-1159,0.0,,0.0,193.0,188.0,152.0,1.0,1121.0,5,,,0.0,,0.0,,,,0,,,,,,,,,,,,,,,,,,,,,,,,,,,,,,,,,,,,,,,,,,,,,N,0.0,0.0,8.0,11.0,0.0,1.0,32.0,45.0,8,11,0.0,1.0,32.0,45.0,5,5,0,0.0,0.0,N363NW,N363NW-DL-0,32.0,44.0,13.0,45.0,57.0,,,0.0,32,45,0.0,0.0
N36444,627.0,2019,2,5,2,4,2019-05-02,UA,UA,19977,UA,1861,,,,,UA,19977,UA,1861,12892,1289208,32575,LAX,"Los Angeles, CA",CA,6,California,91,12889,1288903,32211,LAS,"Las Vegas, NV",NV,32,Nevada,85,635,-8.0,0.0,0.0,-1.0,0600-0659,13.0,640.0,720.0,9.0,758,729.0,-29.0,0.0,0.0,-2.0,0700-0759,0.0,,0.0,83.0,62.0,40.0,1.0,236.0,1,,,0.0,,0.0,,,,0,,,,,,,,,,,,,,,,,,,,,,,,,,,,,,,,,,,,,,,,,,,,,N,12.0,12.0,6.0,7.0,2.0,2.0,38.0,42.0,6,7,2.0,4.0,38.0,44.0,1,1,0,0.0,0.0,N36444,N36444-UA-0,38.0,50.0,4.0,42.0,54.0,,,0.0,38,42,0.0,0.0
N36469,811.0,2019,2,5,2,4,2019-05-02,UA,UA,19977,UA,2279,,,,,UA,19977,UA,2279,12264,1226402,30852,IAD,"Washington, DC",VA,51,Virginia,38,14492,1449202,34492,RDU,"Raleigh/Durham, NC",NC,37,North Carolina,36,815,-4.0,0.0,0.0,-1.0,0800-0859,17.0,828.0,907.0,5.0,920,912.0,-8.0,0.0,0.0,-1.0,0900-0959,0.0,,0.0,65.0,61.0,39.0,1.0,224.0,1,,,0.0,,0.0,,,,0,,,,,,,,,,,,,,,,,,,,,,,,,,,,,,,,,,,,,,,,,,,,,N,0.0,0.0,8.0,9.0,1.0,1.0,33.0,37.0,8,9,1.0,1.0,33.0,37.0,8,8,0,0.0,0.0,N36469,N36469-UA-0,33.0,45.0,4.0,37.0,49.0,,,0.0,33,37,0.0,0.0
N36472,28.0,2019,2,5,2,4,2019-05-02,UA,UA,19977,UA,377,,,,,UA,19977,UA,377,14057,1405702,34057,PDX,"Portland, OR",OR,41,Oregon,92,12266,1226603,31453,IAH,"Houston, TX",TX,48,Texas,74,18,10.0,10.0,0.0,0.0,0001-0559,12.0,40.0,622.0,3.0,622,625.0,3.0,3.0,0.0,0.0,0600-0659,0.0,,0.0,244.0,237.0,222.0,1.0,1825.0,8,,,0.0,,0.0,,,,0,,,,,,,,,,,,,,,,,,,,,,,,,,,,,,,,,,,,,,,,,,,,,N,12.0,4.0,0.0,6.0,2.0,2.0,14.0,30.0,0,6,1.0,1.0,13.0,29.0,4,4,0,1.0,1.0,N36472,N36472-UA-0,14.0,26.0,16.0,30.0,42.0,,,0.0,14,31,1.0,4.36
N36472,848.0,2019,2,5,2,4,2019-05-02,UA,UA,19977,UA,2118,,,,,UA,19977,UA,2118,12266,1226603,31453,IAH,"Houston, TX",TX,48,Texas,74,11292,1129202,30325,DEN,"Denver, CO",CO,8,Colorado,82,810,38.0,38.0,1.0,2.0,0800-0859,20.0,908.0,1010.0,7.0,940,1017.0,37.0,37.0,1.0,2.0,0900-0959,0.0,,0.0,150.0,149.0,122.0,1.0,862.0,4,0.0,37.0,0.0,0.0,0.0,800.0,10.0,10.0,0,,,,,,,,,,,,,,,,,,,,,,,,,,,,,,,,,,,,,,,,,,,,,N,4.0,8.0,8.0,10.0,3.0,1.0,39.0,49.0,8,9,1.0,3.0,37.0,47.0,5,5,1,1.0,0.0,N36472,N36472-UA-1,39.0,51.0,10.0,49.0,61.0,30.0,9.0,0.0,40,50,1.0,5.14
N36476,711.0,2019,2,5,2,4,2019-05-02,UA,UA,19977,UA,1829,,,,,UA,19977,UA,1829,10423,1042302,30423,AUS,"Austin, TX",TX,48,Texas,74,11292,1129202,30325,DEN,"Denver, CO",CO,8,Colorado,82,715,-4.0,0.0,0.0,-1.0,0700-0759,12.0,723.0,806.0,8.0,832,814.0,-18.0,0.0,0.0,-2.0,0800-0859,0.0,,0.0,137.0,123.0,103.0,1.0,775.0,4,,,0.0,,0.0,,,,0,,,,,,,,,,,,,,,,,,,,,,,,,,,,,,,,,,,,,,,,,,,,,N,4.0,8.0,7.0,8.0,1.0,1.0,33.0,41.0,7,8,1.0,2.0,33.0,42.0,9,9,0,0.0,0.0,N36476,N36476-UA-0,33.0,45.0,8.0,41.0,53.0,,,0.0,33,41,0.0,0.0
N364DX,658.0,2019,2,5,2,4,2019-05-02,DL,DL,19790,DL,891,,,,,DL,19790,DL,891,13303,1330303,32467,MIA,"Miami, FL",FL,12,Florida,33,10397,1039707,30397,ATL,"Atlanta, GA",GA,13,Georgia,34,700,-2.0,0.0,0.0,-1.0,0700-0759,26.0,724.0,849.0,12.0,856,901.0,5.0,5.0,0.0,0.0,0800-0859,0.0,,0.0,116.0,123.0,85.0,1.0,594.0,3,,,0.0,,0.0,,,,0,,,,,,,,,,,,,,,,,,,,,,,,,,,,,,,,,,,,,,,,,,,,,N,0.0,0.0,6.0,9.0,4.0,0.0,28.0,36.0,7,8,0.0,4.0,28.0,36.0,4,4,0,0.0,0.0,N364DX,N364DX-DL-0,28.0,40.0,8.0,36.0,48.0,,,0.0,28,36,0.0,0.0
N364NW,615.0,2019,2,5,2,4,2019-05-02,DL,DL,19790,DL,2114,,,,,DL,19790,DL,2114,11109,1110902,30189,COS,"Colorado Springs, CO",CO,8,Colorado,82,10397,1039707,30397,ATL,"Atlanta, GA",GA,13,Georgia,34,615,0.0,0.0,0.0,0.0,0600-0659,23.0,638.0,1100.0,8.0,1105,1108.0,3.0,3.0,0.0,0.0,1100-1159,0.0,,0.0,170.0,173.0,142.0,1.0,1184.0,5,,,0.0,,0.0,,,,0,,,,,,,,,,,,,,,,,,,,,,,,,,,,,,,,,,,,,,,,,,,,,N,8.0,0.0,6.0,11.0,1.0,1.0,33.0,45.0,6,11,1.0,0.0,33.0,44.0,3,3,0,0.0,0.0,N364NW,N364NW-DL-0,33.0,45.0,12.0,45.0,57.0,,,0.0,33,45,0.0,0.0
N365DN,804.0,2019,2,5,2,4,2019-05-02,DL,DL,19790,DL,1868,,,,,DL,19790,DL,1868,10397,1039707,30397,ATL,"Atlanta, GA",GA,13,Georgia,34,10423,1042302,30423,AUS,"Austin, TX",TX,48,Texas,74,810,-6.0,0.0,0.0,-1.0,0800-0859,17.0,821.0,919.0,8.0,925,927.0,2.0,2.0,0.0,0.0,0900-0959,0.0,,0.0,135.0,143.0,118.0,1.0,813.0,4,,,0.0,,0.0,,,,0,,,,,,,,,,,,,,,,,,,,,,,,,,,,,,,,,,,,,,,,,,,,,N,0.0,4.0,8.0,9.0,0.0,2.0,32.0,42.0,8,9,1.0,2.0,33.0,42.0,7,7,0,0.0,0.0,N365DN,N365DN-DL-0,33.0,44.0,10.0,43.0,54.0,,,0.0,33,43,0.0,0.0
N365NW,811.0,2019,2,5,2,4,2019-05-02,DL,DL,19790,DL,1972,,,,,DL,19790,DL,1972,10423,1042302,30423,AUS,"Austin, TX",TX,48,Texas,74,12478,1247805,31703,JFK,"New York, NY",NY,36,New York,22,800,11.0,11.0,0.0,0.0,0800-0859,17.0,828.0,1250.0,5.0,1244,1255.0,11.0,11.0,0.0,0.0,1200-1259,0.0,,0.0,224.0,224.0,202.0,1.0,1521.0,7,,,0.0,,0.0,,,,0,,,,,,,,,,,,,,,,,,,,,,,,,,,,,,,,,,,,,,,,,,,,,N,4.0,0.0,8.0,12.0,1.0,4.0,37.0,52.0,8,12,0.0,3.0,36.0,51.0,8,8,0,0.0,0.0,N365NW,N365NW-DL-0,37.0,49.0,15.0,52.0,64.0,,,0.0,37,52,0.0,0.0
N366DX,758.0,2019,2,5,2,4,2019-05-02,DL,DL,19790,DL,1139,,,,,DL,19790,DL,1139,11278,1127805,30852,DCA,"Washington, DC",VA,51,Virginia,38,10397,1039707,30397,ATL,"Atlanta, GA",GA,13,Georgia,34,800,-2.0,0.0,0.0,-1.0,0800-0859,14.0,812.0,932.0,11.0,954,943.0,-11.0,0.0,0.0,-1.0,0900-0959,0.0,,0.0,114.0,105.0,80.0,1.0,547.0,3,,,0.0,,0.0,,,,0,,,,,,,,,,,,,,,,,,,,,,,,,,,,,,,,,,,,,,,,,,,,,N,0.0,0.0,7.0,9.0,4.0,3.0,32.0,39.0,8,9,0.0,4.0,32.0,40.0,3,3,0,0.0,0.0,N366DX,N366DX-DL-0,32.0,44.0,7.0,39.0,51.0,,,0.0,34,41,2.0,7.42
N366NB,606.0,2019,2,5,2,4,2019-05-02,DL,DL,19790,DL,2741,,,,,DL,19790,DL,2741,14576,1457606,34576,ROC,"Rochester, NY",NY,36,New York,22,11433,1143302,31295,DTW,"Detroit, MI",MI,26,Michigan,43,610,-4.0,0.0,0.0,-1.0,0600-0659,13.0,619.0,712.0,6.0,738,718.0,-20.0,0.0,0.0,-2.0,0700-0759,0.0,,0.0,88.0,72.0,53.0,1.0,296.0,2,,,0.0,,0.0,,,,0,,,,,,,,,,,,,,,,,,,,,,,,,,,,,,,,,,,,,,,,,,,,,N,0.0,0.0,6.0,7.0,0.0,1.0,24.0,29.0,6,7,1.0,3.0,25.0,31.0,3,3,0,0.0,0.0,N366NB,N366NB-DL-0,25.0,36.0,5.0,30.0,41.0,,,0.0,25,30,0.0,0.0
N366NW,806.0,2019,2,5,2,4,2019-05-02,DL,DL,19790,DL,2068,,,,,DL,19790,DL,2068,14683,1468305,33214,SAT,"San Antonio, TX",TX,48,Texas,74,12478,1247805,31703,JFK,"New York, NY",NY,36,New York,22,800,6.0,6.0,0.0,0.0,0800-0859,27.0,833.0,1308.0,6.0,1255,1314.0,19.0,19.0,1.0,1.0,1200-1259,0.0,,0.0,235.0,248.0,215.0,1.0,1587.0,7,6.0,0.0,13.0,0.0,0.0,,,,0,,,,,,,,,,,,,,,,,,,,,,,,,,,,,,,,,,,,,,,,,,,,,N,4.0,0.0,8.0,13.0,0.0,1.0,36.0,53.0,8,12,0.0,4.0,36.0,52.0,8,8,0,0.0,0.0,N366NW,N366NW-DL-0,36.0,48.0,17.0,53.0,65.0,,,1.0,36,53,0.0,0.0
N367CA,823.0,2019,2,5,2,4,2019-05-02,DL,DL_CODESHARE,19790,DL,6292,,,,,G7,20500,G7,6292,13184,1318403,33184,MBS,"Saginaw/Bay City/Midland, MI",MI,26,Michigan,43,11433,1143302,31295,DTW,"Detroit, MI",MI,26,Michigan,43,830,-7.0,0.0,0.0,-1.0,0800-0859,30.0,853.0,918.0,7.0,925,925.0,0.0,0.0,0.0,0.0,0900-0959,0.0,,0.0,55.0,62.0,25.0,1.0,98.0,1,,,0.0,,0.0,,,,0,,,,,,,,,,,,,,,,,,,,,,,,,,,,,,,,,,,,,,,,,,,,,N,0.0,0.0,8.0,9.0,2.0,2.0,34.0,38.0,8,9,2.0,2.0,34.0,38.0,2,2,0,0.0,0.0,N367CA,N367CA-DL-0,34.0,46.0,4.0,38.0,50.0,,,0.0,34,39,1.0,2.16
N367DN,751.0,2019,2,5,2,4,2019-05-02,DL,DL,19790,DL,1842,,,,,DL,19790,DL,1842,12953,1295304,31703,LGA,"New York, NY",NY,36,New York,22,10397,1039707,30397,ATL,"Atlanta, GA",GA,13,Georgia,34,759,-8.0,0.0,0.0,-1.0,0700-0759,15.0,806.0,956.0,8.0,1030,1004.0,-26.0,0.0,0.0,-2.0,1000-1059,0.0,,0.0,151.0,133.0,110.0,1.0,762.0,4,,,0.0,,0.0,,,,0,,,,,,,,,,,,,,,,,,,,,,,,,,,,,,,,,,,,,,,,,,,,,N,0.0,0.0,7.0,10.0,3.0,0.0,31.0,40.0,7,10,4.0,2.0,32.0,42.0,6,6,0,0.0,0.0,N367DN,N367DN-DL-0,32.0,43.0,9.0,41.0,52.0,,,0.0,32,41,0.0,0.0
N367NW,700.0,2019,2,5,2,4,2019-05-02,DL,DL,19790,DL,1428,,,,,DL,19790,DL,1428,11697,1169706,32467,FLL,"Fort Lauderdale, FL",FL,12,Florida,33,12953,1295304,31703,LGA,"New York, NY",NY,36,New York,22,705,-5.0,0.0,0.0,-1.0,0700-0759,16.0,716.0,941.0,7.0,1002,948.0,-14.0,0.0,0.0,-1.0,1000-1059,0.0,,0.0,177.0,168.0,145.0,1.0,1076.0,5,,,0.0,,0.0,,,,0,,,,,,,,,,,,,,,,,,,,,,,,,,,,,,,,,,,,,,,,,,,,,N,0.0,0.0,7.0,9.0,0.0,3.0,28.0,39.0,7,10,0.0,0.0,28.0,40.0,5,5,0,0.0,0.0,N367NW,N367NW-DL-0,28.0,40.0,11.0,39.0,51.0,,,0.0,28,39,0.0,0.0
N368CA,554.0,2019,2,5,2,4,2019-05-02,DL,DL_CODESHARE,19790,DL,6213,,,,,G7,20500,G7,6213,11537,1153705,31537,ELM,"Elmira/Corning, NY",NY,36,New York,22,11433,1143302,31295,DTW,"Detroit, MI",MI,26,Michigan,43,600,-6.0,0.0,0.0,-1.0,0600-0659,11.0,605.0,659.0,6.0,724,705.0,-19.0,0.0,0.0,-2.0,0700-0759,0.0,,0.0,84.0,71.0,54.0,1.0,332.0,2,,,0.0,,0.0,,,,0,,,,,,,,,,,,,,,,,,,,,,,,,,,,,,,,,,,,,,,,,,,,,N,0.0,0.0,5.0,7.0,4.0,0.0,24.0,28.0,6,7,0.0,2.0,24.0,30.0,3,3,0,0.0,0.0,N368CA,N368CA-DL-0,24.0,36.0,4.0,28.0,40.0,,,0.0,24,28,0.0,0.0
N368DN,724.0,2019,2,5,2,4,2019-05-02,DL,DL,19790,DL,1070,,,,,DL,19790,DL,1070,10397,1039707,30397,ATL,"Atlanta, GA",GA,13,Georgia,34,11433,1143302,31295,DTW,"Detroit, MI",MI,26,Michigan,43,725,-1.0,0.0,0.0,-1.0,0700-0759,13.0,737.0,913.0,10.0,912,923.0,11.0,11.0,0.0,0.0,0900-0959,0.0,,0.0,107.0,119.0,96.0,1.0,594.0,3,,,0.0,,0.0,,,,0,,,,,,,,,,,,,,,,,,,,,,,,,,,,,,,,,,,,,,,,,,,,,N,0.0,0.0,7.0,9.0,2.0,2.0,30.0,38.0,7,9,2.0,1.0,30.0,37.0,6,6,0,0.0,0.0,N368DN,N368DN-DL-0,30.0,42.0,8.0,38.0,50.0,,,0.0,30,38,0.0,0.0
N368NB,623.0,2019,2,5,2,4,2019-05-02,DL,DL,19790,DL,2234,,,,,DL,19790,DL,2234,14122,1412202,30198,PIT,"Pittsburgh, PA",PA,42,Pennsylvania,23,13487,1348702,31650,MSP,"Minneapolis, MN",MN,27,Minnesota,63,615,8.0,8.0,0.0,0.0,0600-0659,9.0,632.0,716.0,15.0,729,731.0,2.0,2.0,0.0,0.0,0700-0759,0.0,,0.0,134.0,128.0,104.0,1.0,726.0,3,,,0.0,,0.0,,,,0,,,,,,,,,,,,,,,,,,,,,,,,,,,,,,,,,,,,,,,,,,,,,N,0.0,4.0,6.0,7.0,2.0,2.0,26.0,34.0,6,7,1.0,2.0,25.0,34.0,5,5,0,0.0,0.0,N368NB,N368NB-DL-0,26.0,38.0,8.0,34.0,46.0,,,0.0,26,34,0.0,0.0
N368NW,759.0,2019,2,5,2,4,2019-05-02,DL,DL,19790,DL,2190,,,,,DL,19790,DL,2190,12478,1247805,31703,JFK,"New York, NY",NY,36,New York,22,13303,1330303,32467,MIA,"Miami, FL",FL,12,Florida,33,805,-6.0,0.0,0.0,-1.0,0800-0859,30.0,829.0,1054.0,13.0,1120,1107.0,-13.0,0.0,0.0,-1.0,1100-1159,0.0,,0.0,195.0,188.0,145.0,1.0,1089.0,5,,,0.0,,0.0,,,,0,,,,,,,,,,,,,,,,,,,,,,,,,,,,,,,,,,,,,,,,,,,,,N,0.0,0.0,7.0,11.0,4.0,0.0,32.0,44.0,8,11,0.0,1.0,32.0,45.0,3,3,0,0.0,0.0,N368NW,N368NW-DL-0,32.0,44.0,12.0,44.0,56.0,,,0.0,32,44,0.0,0.0
N369CA,713.0,2019,2,5,2,4,2019-05-02,DL,DL_CODESHARE,19790,DL,6280,,,,,G7,20500,G7,6280,11995,1199502,31995,GSO,"Greensboro/High Point, NC",NC,37,North Carolina,36,11433,1143302,31295,DTW,"Detroit, MI",MI,26,Michigan,43,720,-7.0,0.0,0.0,-1.0,0700-0759,14.0,727.0,847.0,12.0,859,859.0,0.0,0.0,0.0,0.0,0800-0859,0.0,,0.0,99.0,106.0,80.0,1.0,460.0,2,,,0.0,,0.0,,,,0,,,,,,,,,,,,,,,,,,,,,,,,,,,,,,,,,,,,,,,,,,,,,N,0.0,0.0,7.0,8.0,1.0,4.0,29.0,36.0,7,8,1.0,4.0,29.0,36.0,4,4,0,0.0,0.0,N369CA,N369CA-DL-0,29.0,41.0,7.0,36.0,48.0,,,0.0,29,36,0.0,0.0
N369DN,622.0,2019,2,5,2,4,2019-05-02,DL,DL,19790,DL,1681,,,,,DL,19790,DL,1681,10397,1039707,30397,ATL,"Atlanta, GA",GA,13,Georgia,34,10721,1072102,30721,BOS,"Boston, MA",MA,25,Massachusetts,13,625,-3.0,0.0,0.0,-1.0,0600-0659,12.0,634.0,827.0,12.0,900,839.0,-21.0,0.0,0.0,-2.0,0900-0959,0.0,,0.0,155.0,137.0,113.0,1.0,946.0,4,,,0.0,,0.0,,,,0,,,,,,,,,,,,,,,,,,,,,,,,,,,,,,,,,,,,,,,,,,,,,N,0.0,0.0,6.0,8.0,1.0,3.0,25.0,35.0,6,9,2.0,0.0,26.0,36.0,6,6,0,0.0,0.0,N369DN,N369DN-DL-0,26.0,37.0,10.0,36.0,47.0,,,0.0,26,36,0.0,0.0
N369NB,828.0,2019,2,5,2,4,2019-05-02,DL,DL,19790,DL,2358,,,,,DL,19790,DL,2358,12953,1295304,31703,LGA,"New York, NY",NY,36,New York,22,14027,1402702,34027,PBI,"West Palm Beach/Palm Beach, FL",FL,12,Florida,33,830,-2.0,0.0,0.0,-1.0,0800-0859,20.0,848.0,1113.0,3.0,1138,1116.0,-22.0,0.0,0.0,-2.0,1100-1159,0.0,,0.0,188.0,168.0,145.0,1.0,1035.0,5,,,0.0,,0.0,,,,0,,,,,,,,,,,,,,,,,,,,,,,,,,,,,,,,,,,,,,,,,,,,,N,0.0,0.0,8.0,11.0,2.0,1.0,34.0,45.0,8,11,2.0,3.0,34.0,47.0,2,2,0,0.0,0.0,N369NB,N369NB-DL-0,34.0,46.0,11.0,45.0,57.0,,,0.0,34,45,0.0,0.0
N369NW,804.0,2019,2,5,2,4,2019-05-02,DL,DL,19790,DL,2280,,,,,DL,19790,DL,2280,12953,1295304,31703,LGA,"New York, NY",NY,36,New York,22,15304,1530402,33195,TPA,"Tampa, FL",FL,12,Florida,33,805,-1.0,0.0,0.0,-1.0,0800-0859,18.0,822.0,1046.0,4.0,1105,1050.0,-15.0,0.0,0.0,-1.0,1100-1159,0.0,,0.0,180.0,166.0,144.0,1.0,1010.0,5,,,0.0,,0.0,,,,0,,,,,,,,,,,,,,,,,,,,,,,,,,,,,,,,,,,,,,,,,,,,,N,0.0,0.0,8.0,10.0,0.0,3.0,32.0,43.0,8,11,0.0,0.0,32.0,44.0,8,8,0,0.0,0.0,N369NW,N369NW-DL-0,32.0,44.0,11.0,43.0,55.0,,,0.0,32,43,0.0,0.0
N370DN,721.0,2019,2,5,2,4,2019-05-02,DL,DL,19790,DL,1074,,,,,DL,19790,DL,1074,14107,1410702,30466,PHX,"Phoenix, AZ",AZ,4,Arizona,81,10397,1039707,30397,ATL,"Atlanta, GA",GA,13,Georgia,34,725,-4.0,0.0,0.0,-1.0,0700-0759,14.0,735.0,1352.0,11.0,1402,1403.0,1.0,1.0,0.0,0.0,1400-1459,0.0,,0.0,217.0,222.0,197.0,1.0,1587.0,7,,,0.0,,0.0,,,,0,,,,,,,,,,,,,,,,,,,,,,,,,,,,,,,,,,,,,,,,,,,,,N,8.0,0.0,7.0,14.0,1.0,0.0,37.0,56.0,7,14,2.0,0.0,38.0,56.0,4,4,0,0.0,0.0,N370DN,N370DN-DL-0,38.0,49.0,19.0,57.0,68.0,,,0.0,38,58,1.0,4.3
N370NB,623.0,2019,2,5,2,4,2019-05-02,DL,DL,19790,DL,1849,,,,,DL,19790,DL,1849,14831,1483106,32457,SJC,"San Jose, CA",CA,6,California,91,13487,1348702,31650,MSP,"Minneapolis, MN",MN,27,Minnesota,63,620,3.0,3.0,0.0,0.0,0600-0659,14.0,637.0,1138.0,3.0,1202,1141.0,-21.0,0.0,0.0,-2.0,1200-1259,0.0,,0.0,222.0,198.0,181.0,1.0,1575.0,7,,,0.0,,0.0,,,,0,,,,,,,,,,,,,,,,,,,,,,,,,,,,,,,,,,,,,,,,,,,,,N,12.0,4.0,6.0,11.0,2.0,3.0,38.0,51.0,6,12,1.0,0.0,37.0,52.0,1,1,0,0.0,0.0,N370NB,N370NB-DL-0,38.0,50.0,13.0,51.0,63.0,,,0.0,38,51,0.0,0.0
N370NW,806.0,2019,2,5,2,4,2019-05-02,DL,DL,19790,DL,2912,,,,,DL,19790,DL,2912,12953,1295304,31703,LGA,"New York, NY",NY,36,New York,22,11697,1169706,32467,FLL,"Fort Lauderdale, FL",FL,12,Florida,33,810,-4.0,0.0,0.0,-1.0,0800-0859,23.0,829.0,1058.0,4.0,1116,1102.0,-14.0,0.0,0.0,-1.0,1100-1159,0.0,,0.0,186.0,176.0,149.0,1.0,1076.0,5,,,0.0,,0.0,,,,0,,,,,,,,,,,,,,,,,,,,,,,,,,,,,,,,,,,,,,,,,,,,,N,0.0,0.0,8.0,11.0,0.0,0.0,32.0,44.0,8,11,1.0,1.0,33.0,45.0,9,9,0,0.0,0.0,N370NW,N370NW-DL-0,33.0,44.0,12.0,45.0,56.0,,,0.0,33,46,1.0,9.3
N371CA,817.0,2019,2,5,2,4,2019-05-02,DL,DL_CODESHARE,19790,DL,3467,,,,,9E,20363,9E,3467,10397,1039707,30397,ATL,"Atlanta, GA",GA,13,Georgia,34,15370,1537002,34653,TUL,"Tulsa, OK",OK,40,Oklahoma,73,825,-8.0,0.0,0.0,-1.0,0800-0859,21.0,838.0,914.0,5.0,932,919.0,-13.0,0.0,0.0,-1.0,0900-0959,0.0,,0.0,127.0,122.0,96.0,1.0,674.0,3,,,0.0,,0.0,,,,0,,,,,,,,,,,,,,,,,,,,,,,,,,,,,,,,,,,,,,,,,,,,,N,0.0,4.0,8.0,9.0,1.0,1.0,33.0,41.0,8,9,2.0,2.0,34.0,42.0,5,5,0,0.0,0.0,N371CA,N371CA-DL-0,34.0,45.0,8.0,42.0,53.0,,,0.0,34,42,0.0,0.0
N371DN,658.0,2019,2,5,2,4,2019-05-02,DL,DL,19790,DL,1089,,,,,DL,19790,DL,1089,11193,1119302,33105,CVG,"Cincinnati, OH",KY,21,Kentucky,52,12889,1288903,32211,LAS,"Las Vegas, NV",NV,32,Nevada,85,700,-2.0,0.0,0.0,-1.0,0700-0759,14.0,712.0,816.0,5.0,807,821.0,14.0,14.0,0.0,0.0,0800-0859,0.0,,0.0,247.0,263.0,244.0,1.0,1678.0,7,,,0.0,,0.0,,,,0,,,,,,,,,,,,,,,,,,,,,,,,,,,,,,,,,,,,,,,,,,,,,N,0.0,12.0,6.0,8.0,4.0,1.0,28.0,45.0,7,8,0.0,0.0,28.0,44.0,9,9,0,0.0,0.0,N371DN,N371DN-DL-0,28.0,40.0,17.0,45.0,57.0,,,0.0,28,45,0.0,0.0
N371NB,821.0,2019,2,5,2,4,2019-05-02,DL,DL,19790,DL,2698,,,,,DL,19790,DL,2698,12339,1233904,32337,IND,"Indianapolis, IN",IN,18,Indiana,42,14869,1486903,34614,SLC,"Salt Lake City, UT",UT,49,Utah,87,825,-4.0,0.0,0.0,-1.0,0800-0859,11.0,832.0,958.0,13.0,1002,1011.0,9.0,9.0,0.0,0.0,1000-1059,0.0,,0.0,217.0,230.0,206.0,1.0,1355.0,6,,,0.0,,0.0,,,,0,,,,,,,,,,,,,,,,,,,,,,,,,,,,,,,,,,,,,,,,,,,,,N,0.0,8.0,8.0,10.0,1.0,1.0,33.0,49.0,8,10,2.0,0.0,34.0,48.0,7,7,0,0.0,0.0,N371NB,N371NB-DL-0,34.0,45.0,16.0,50.0,61.0,,,0.0,34,51,1.0,7.24
N371NW,600.0,2019,2,5,2,4,2019-05-02,DL,DL,19790,DL,2997,,,,,DL,19790,DL,2997,10423,1042302,30423,AUS,"Austin, TX",TX,48,Texas,74,10721,1072102,30721,BOS,"Boston, MA",MA,25,Massachusetts,13,600,0.0,0.0,0.0,0.0,0600-0659,15.0,615.0,1048.0,17.0,1059,1105.0,6.0,6.0,0.0,0.0,1000-1059,0.0,,0.0,239.0,245.0,213.0,1.0,1698.0,7,,,0.0,,0.0,,,,0,,,,,,,,,,,,,,,,,,,,,,,,,,,,,,,,,,,,,,,,,,,,,N,4.0,0.0,6.0,11.0,0.0,0.0,28.0,44.0,6,10,0.0,4.0,28.0,44.0,9,9,0,0.0,0.0,N371NW,N371NW-DL-0,28.0,40.0,16.0,44.0,56.0,,,0.0,28,44,0.0,0.0
N37252,940.0,2019,2,5,2,4,2019-05-02,UA,UA,19977,UA,1719,,,,,UA,19977,UA,1719,11697,1169706,32467,FLL,"Fort Lauderdale, FL",FL,12,Florida,33,11292,1129202,30325,DEN,"Denver, CO",CO,8,Colorado,82,940,0.0,0.0,0.0,0.0,0900-0959,17.0,957.0,1139.0,6.0,1206,1145.0,-21.0,0.0,0.0,-2.0,1200-1259,0.0,,0.0,266.0,245.0,222.0,1.0,1703.0,7,,,0.0,,0.0,,,,0,,,,,,,,,,,,,,,,,,,,,,,,,,,,,,,,,,,,,,,,,,,,,N,0.0,8.0,9.0,11.0,3.0,3.0,39.0,55.0,9,12,3.0,0.0,39.0,56.0,7,7,0,0.0,0.0,N37252,N37252-UA-0,39.0,51.0,16.0,55.0,67.0,,,0.0,39,55,0.0,0.0
N37253,603.0,2019,2,5,2,4,2019-05-02,UA,UA,19977,UA,2292,,,,,UA,19977,UA,2292,12953,1295304,31703,LGA,"New York, NY",NY,36,New York,22,11292,1129202,30325,DEN,"Denver, CO",CO,8,Colorado,82,605,-2.0,0.0,0.0,-1.0,0600-0659,21.0,624.0,818.0,5.0,823,823.0,0.0,0.0,0.0,0.0,0800-0859,0.0,,0.0,258.0,260.0,234.0,1.0,1620.0,7,,,0.0,,0.0,,,,0,,,,,,,,,,,,,,,,,,,,,,,,,,,,,,,,,,,,,,,,,,,,,N,0.0,8.0,6.0,8.0,0.0,2.0,24.0,42.0,6,8,0.0,2.0,24.0,42.0,2,2,0,0.0,0.0,N37253,N37253-UA-0,24.0,36.0,18.0,42.0,54.0,,,0.0,24,42,0.0,0.0
N37263,741.0,2019,2,5,2,4,2019-05-02,UA,UA,19977,UA,1298,,,,,UA,19977,UA,1298,14027,1402702,34027,PBI,"West Palm Beach/Palm Beach, FL",FL,12,Florida,33,11618,1161802,31703,EWR,"Newark, NJ",NJ,34,New Jersey,21,745,-4.0,0.0,0.0,-1.0,0700-0759,10.0,751.0,1012.0,7.0,1029,1019.0,-10.0,0.0,0.0,-1.0,1000-1059,0.0,,0.0,164.0,158.0,141.0,1.0,1023.0,5,,,0.0,,0.0,,,,0,,,,,,,,,,,,,,,,,,,,,,,,,,,,,,,,,,,,,,,,,,,,,N,0.0,0.0,7.0,10.0,3.0,1.0,31.0,41.0,7,10,3.0,2.0,31.0,42.0,7,7,0,0.0,0.0,N37263,N37263-UA-0,31.0,43.0,10.0,41.0,53.0,,,0.0,31,41,0.0,0.0
N37273,633.0,2019,2,5,2,4,2019-05-02,UA,UA,19977,UA,1505,,,,,UA,19977,UA,1505,13198,1319801,33198,MCI,"Kansas City, MO",MO,29,Missouri,64,13930,1393007,30977,ORD,"Chicago, IL",IL,17,Illinois,41,637,-4.0,0.0,0.0,-1.0,0600-0659,23.0,656.0,800.0,18.0,804,818.0,14.0,14.0,0.0,0.0,0800-0859,0.0,,0.0,87.0,105.0,64.0,1.0,403.0,2,,,0.0,,0.0,,,,0,,,,,,,,,,,,,,,,,,,,,,,,,,,,,,,,,,,,,,,,,,,,,N,4.0,4.0,6.0,8.0,2.0,1.0,30.0,37.0,6,8,2.0,0.0,30.0,36.0,5,5,0,0.0,0.0,N37273,N37273-UA-0,30.0,42.0,7.0,37.0,49.0,,,0.0,30,37,0.0,0.0
N37274,641.0,2019,2,5,2,4,2019-05-02,UA,UA,19977,UA,2143,,,,,UA,19977,UA,2143,11042,1104205,30647,CLE,"Cleveland, OH",OH,39,Ohio,44,11618,1161802,31703,EWR,"Newark, NJ",NJ,34,New Jersey,21,645,-4.0,0.0,0.0,-1.0,0600-0659,16.0,657.0,800.0,8.0,820,808.0,-12.0,0.0,0.0,-1.0,0800-0859,0.0,,0.0,95.0,87.0,63.0,1.0,404.0,2,,,0.0,,0.0,,,,0,,,,,,,,,,,,,,,,,,,,,,,,,,,,,,,,,,,,,,,,,,,,,N,0.0,0.0,6.0,8.0,3.0,1.0,27.0,33.0,6,8,3.0,1.0,27.0,33.0,4,4,0,0.0,0.0,N37274,N37274-UA-0,27.0,39.0,6.0,33.0,45.0,,,0.0,27,33,0.0,0.0
N37277,554.0,2019,2,5,2,4,2019-05-02,UA,UA,19977,UA,2121,,,,,UA,19977,UA,2121,12266,1226603,31453,IAH,"Houston, TX",TX,48,Texas,74,11618,1161802,31703,EWR,"Newark, NJ",NJ,34,New Jersey,21,600,-6.0,0.0,0.0,-1.0,0600-0659,12.0,606.0,1002.0,7.0,1027,1009.0,-18.0,0.0,0.0,-2.0,1000-1059,0.0,,0.0,207.0,195.0,176.0,1.0,1400.0,6,,,0.0,,0.0,,,,0,,,,,,,,,,,,,,,,,,,,,,,,,,,,,,,,,,,,,,,,,,,,,N,4.0,0.0,5.0,10.0,4.0,1.0,28.0,41.0,6,10,0.0,2.0,28.0,42.0,4,4,0,0.0,0.0,N37277,N37277-UA-0,28.0,40.0,13.0,41.0,53.0,,,0.0,28,41,0.0,0.0
N37290,706.0,2019,2,5,2,4,2019-05-02,UA,UA,19977,UA,311,,,,,UA,19977,UA,311,11433,1143302,31295,DTW,"Detroit, MI",MI,26,Michigan,43,11292,1129202,30325,DEN,"Denver, CO",CO,8,Colorado,82,715,-9.0,0.0,0.0,-1.0,0700-0759,13.0,719.0,809.0,5.0,821,814.0,-7.0,0.0,0.0,-1.0,0800-0859,0.0,,0.0,186.0,188.0,170.0,1.0,1123.0,5,,,0.0,,0.0,,,,0,,,,,,,,,,,,,,,,,,,,,,,,,,,,,,,,,,,,,,,,,,,,,N,0.0,8.0,7.0,8.0,0.0,1.0,28.0,41.0,7,8,1.0,1.0,29.0,41.0,6,6,0,0.0,0.0,N37290,N37290-UA-0,29.0,40.0,13.0,42.0,53.0,,,0.0,29,42,0.0,0.0
N37298,608.0,2019,2,5,2,4,2019-05-02,UA,UA,19977,UA,2042,,,,,UA,19977,UA,2042,13871,1387102,33316,OMA,"Omaha, NE",NE,31,Nebraska,65,13930,1393007,30977,ORD,"Chicago, IL",IL,17,Illinois,41,615,-7.0,0.0,0.0,-1.0,0600-0659,13.0,621.0,723.0,14.0,754,737.0,-17.0,0.0,0.0,-2.0,0700-0759,0.0,,0.0,99.0,89.0,62.0,1.0,416.0,2,,,0.0,,0.0,,,,0,,,,,,,,,,,,,,,,,,,,,,,,,,,,,,,,,,,,,,,,,,,,,N,4.0,4.0,6.0,7.0,1.0,2.0,29.0,34.0,6,7,1.0,4.0,29.0,36.0,3,3,0,1.0,1.0,N37298,N37298-UA-0,29.0,41.0,5.0,34.0,46.0,,,0.0,29,34,0.0,0.0
N37298,816.0,2019,2,5,2,4,2019-05-02,UA,UA,19977,UA,992,,,,,UA,19977,UA,992,13930,1393007,30977,ORD,"Chicago, IL",IL,17,Illinois,41,10721,1072102,30721,BOS,"Boston, MA",MA,25,Massachusetts,13,745,31.0,31.0,1.0,2.0,0700-0759,20.0,836.0,1120.0,6.0,1101,1126.0,25.0,25.0,1.0,1.0,1100-1159,0.0,,0.0,136.0,130.0,104.0,1.0,867.0,4,0.0,0.0,0.0,0.0,25.0,,,,0,,,,,,,,,,,,,,,,,,,,,,,,,,,,,,,,,,,,,,,,,,,,,N,4.0,0.0,8.0,11.0,1.0,2.0,37.0,46.0,7,11,3.0,0.0,35.0,44.0,7,7,1,1.0,0.0,N37298,N37298-UA-1,35.0,49.0,9.0,44.0,58.0,34.0,3.0,2.0,35,44,0.0,0.0
N372DN,920.0,2019,2,5,2,4,2019-05-02,DL,DL,19790,DL,1337,,,,,DL,19790,DL,1337,10721,1072102,30721,BOS,"Boston, MA",MA,25,Massachusetts,13,11433,1143302,31295,DTW,"Detroit, MI",MI,26,Michigan,43,905,15.0,15.0,1.0,1.0,0900-0959,20.0,940.0,1120.0,7.0,1114,1127.0,13.0,13.0,0.0,0.0,1100-1159,0.0,,0.0,129.0,127.0,100.0,1.0,632.0,3,,,0.0,,0.0,,,,0,,,,,,,,,,,,,,,,,,,,,,,,,,,,,,,,,,,,,,,,,,,,,N,0.0,0.0,9.0,11.0,1.0,2.0,37.0,46.0,9,11,0.0,1.0,36.0,45.0,7,7,0,0.0,0.0,N372DN,N372DN-DL-0,37.0,49.0,9.0,46.0,58.0,,,0.0,37,46,0.0,0.0
N372NW,721.0,2019,2,5,2,4,2019-05-02,DL,DL,19790,DL,2151,,,,,DL,19790,DL,2151,13303,1330303,32467,MIA,"Miami, FL",FL,12,Florida,33,12953,1295304,31703,LGA,"New York, NY",NY,36,New York,22,723,-2.0,0.0,0.0,-1.0,0700-0759,22.0,743.0,1008.0,7.0,1030,1015.0,-15.0,0.0,0.0,-1.0,1000-1059,0.0,,0.0,187.0,174.0,145.0,1.0,1096.0,5,,,0.0,,0.0,,,,0,,,,,,,,,,,,,,,,,,,,,,,,,,,,,,,,,,,,,,,,,,,,,N,0.0,0.0,7.0,10.0,1.0,1.0,29.0,41.0,7,10,2.0,2.0,30.0,42.0,4,4,0,0.0,0.0,N372NW,N372NW-DL-0,30.0,41.0,12.0,42.0,53.0,,,0.0,31,43,1.0,4.22
N3731T,656.0,2019,2,5,2,4,2019-05-02,DL,DL,19790,DL,2315,,,,,DL,19790,DL,2315,11193,1119302,33105,CVG,"Cincinnati, OH",KY,21,Kentucky,52,10397,1039707,30397,ATL,"Atlanta, GA",GA,13,Georgia,34,700,-4.0,0.0,0.0,-1.0,0700-0759,10.0,706.0,810.0,8.0,834,818.0,-16.0,0.0,0.0,-2.0,0800-0859,0.0,,0.0,94.0,82.0,64.0,1.0,373.0,2,,,0.0,,0.0,,,,0,,,,,,,,,,,,,,,,,,,,,,,,,,,,,,,,,,,,,,,,,,,,,N,0.0,0.0,6.0,8.0,4.0,1.0,28.0,33.0,7,8,0.0,2.0,28.0,34.0,3,3,0,0.0,0.0,N3731T,N3731T-DL-0,28.0,40.0,5.0,33.0,45.0,,,0.0,28,35,2.0,7.36
N3732J,644.0,2019,2,5,2,4,2019-05-02,DL,DL,19790,DL,667,,,,,DL,19790,DL,667,13487,1348702,31650,MSP,"Minneapolis, MN",MN,27,Minnesota,63,13930,1393007,30977,ORD,"Chicago, IL",IL,17,Illinois,41,650,-6.0,0.0,0.0,-1.0,0600-0659,14.0,658.0,750.0,14.0,824,804.0,-20.0,0.0,0.0,-2.0,0800-0859,0.0,,0.0,94.0,80.0,52.0,1.0,334.0,2,,,0.0,,0.0,,,,0,,,,,,,,,,,,,,,,,,,,,,,,,,,,,,,,,,,,,,,,,,,,,N,4.0,4.0,6.0,8.0,3.0,0.0,31.0,36.0,6,8,3.0,2.0,31.0,38.0,3,3,0,0.0,0.0,N3732J,N3732J-DL-0,31.0,43.0,5.0,36.0,48.0,,,0.0,31,45,9.0,47.38
N3733Z,557.0,2019,2,5,2,4,2019-05-02,DL,DL,19790,DL,1185,,,,,DL,19790,DL,1185,11292,1129202,30325,DEN,"Denver, CO",CO,8,Colorado,82,14869,1486903,34614,SLC,"Salt Lake City, UT",UT,49,Utah,87,600,-3.0,0.0,0.0,-1.0,0600-0659,32.0,629.0,743.0,4.0,738,747.0,9.0,9.0,0.0,0.0,0700-0759,0.0,,0.0,98.0,110.0,74.0,1.0,391.0,2,,,0.0,,0.0,,,,0,,,,,,,,,,,,,,,,,,,,,,,,,,,,,,,,,,,,,,,,,,,,,N,8.0,8.0,5.0,7.0,4.0,3.0,32.0,39.0,6,7,0.0,3.0,32.0,39.0,7,7,0,0.0,0.0,N3733Z,N3733Z-DL-0,32.0,44.0,7.0,39.0,51.0,,,0.0,32,39,0.0,0.0
N3734B,557.0,2019,2,5,2,4,2019-05-02,DL,DL,19790,DL,2886,,,,,DL,19790,DL,2886,10693,1069302,30693,BNA,"Nashville, TN",TN,47,Tennessee,54,14747,1474703,30559,SEA,"Seattle, WA",WA,53,Washington,93,600,-3.0,0.0,0.0,-1.0,0600-0659,9.0,606.0,853.0,8.0,857,901.0,4.0,4.0,0.0,0.0,0800-0859,0.0,,0.0,297.0,304.0,287.0,1.0,1978.0,8,,,0.0,,0.0,,,,0,,,,,,,,,,,,,,,,,,,,,,,,,,,,,,,,,,,,,,,,,,,,,N,4.0,12.0,5.0,9.0,4.0,0.0,28.0,48.0,6,8,0.0,4.0,28.0,48.0,4,4,0,0.0,0.0,N3734B,N3734B-DL-0,28.0,40.0,20.0,48.0,60.0,,,0.0,28,48,0.0,0.0
N3735D,918.0,2019,2,5,2,4,2019-05-02,DL,DL,19790,DL,2564,,,,,DL,19790,DL,2564,11193,1119302,33105,CVG,"Cincinnati, OH",KY,21,Kentucky,52,10397,1039707,30397,ATL,"Atlanta, GA",GA,13,Georgia,34,924,-6.0,0.0,0.0,-1.0,0900-0959,12.0,930.0,1035.0,8.0,1052,1043.0,-9.0,0.0,0.0,-1.0,1000-1059,0.0,,0.0,88.0,85.0,65.0,1.0,373.0,2,,,0.0,,0.0,,,,0,,,,,,,,,,,,,,,,,,,,,,,,,,,,,,,,,,,,,,,,,,,,,N,0.0,0.0,9.0,10.0,1.0,3.0,37.0,43.0,9,10,2.0,3.0,38.0,43.0,8,8,0,0.0,0.0,N3735D,N3735D-DL-0,38.0,49.0,6.0,44.0,55.0,,,0.0,38,44,0.0,0.0
N3736C,658.0,2019,2,5,2,4,2019-05-02,DL,DL,19790,DL,607,,,,,DL,19790,DL,607,15304,1530402,33195,TPA,"Tampa, FL",FL,12,Florida,33,10721,1072102,30721,BOS,"Boston, MA",MA,25,Massachusetts,13,700,-2.0,0.0,0.0,-1.0,0700-0759,15.0,713.0,940.0,12.0,1007,952.0,-15.0,0.0,0.0,-1.0,1000-1059,0.0,,0.0,187.0,174.0,147.0,1.0,1185.0,5,,,0.0,,0.0,,,,0,,,,,,,,,,,,,,,,,,,,,,,,,,,,,,,,,,,,,,,,,,,,,N,0.0,0.0,6.0,9.0,4.0,3.0,28.0,39.0,7,10,0.0,0.0,28.0,40.0,3,3,0,0.0,0.0,N3736C,N3736C-DL-0,28.0,40.0,11.0,39.0,51.0,,,0.0,28,40,1.0,3.26
N3737C,644.0,2019,2,5,2,4,2019-05-02,DL,DL,19790,DL,2509,,,,,DL,19790,DL,2509,14869,1486903,34614,SLC,"Salt Lake City, UT",UT,49,Utah,87,12892,1289208,32575,LAX,"Los Angeles, CA",CA,6,California,91,649,-5.0,0.0,0.0,-1.0,0600-0659,20.0,704.0,736.0,10.0,746,746.0,0.0,0.0,0.0,0.0,0700-0759,0.0,,0.0,117.0,122.0,92.0,1.0,590.0,3,,,0.0,,0.0,,,,0,,,,,,,,,,,,,,,,,,,,,,,,,,,,,,,,,,,,,,,,,,,,,N,8.0,12.0,6.0,7.0,3.0,3.0,35.0,43.0,6,7,3.0,3.0,35.0,43.0,2,2,0,0.0,0.0,N3737C,N3737C-DL-0,35.0,47.0,8.0,43.0,55.0,,,0.0,35,43,0.0,0.0
N3739P,559.0,2019,2,5,2,4,2019-05-02,DL,DL,19790,DL,2020,,,,,DL,19790,DL,2020,13244,1324402,33244,MEM,"Memphis, TN",TN,47,Tennessee,54,12892,1289208,32575,LAX,"Los Angeles, CA",CA,6,California,91,602,-3.0,0.0,0.0,-1.0,0600-0659,9.0,608.0,745.0,8.0,800,753.0,-7.0,0.0,0.0,-1.0,0800-0859,0.0,,0.0,238.0,234.0,217.0,1.0,1619.0,7,,,0.0,,0.0,,,,0,,,,,,,,,,,,,,,,,,,,,,,,,,,,,,,,,,,,,,,,,,,,,N,4.0,12.0,5.0,7.0,4.0,4.0,28.0,44.0,6,8,0.0,0.0,28.0,44.0,4,4,0,0.0,0.0,N3739P,N3739P-DL-0,28.0,40.0,16.0,44.0,56.0,,,0.0,28,44,0.0,0.0
N373DA,557.0,2019,2,5,2,4,2019-05-02,DL,DL,19790,DL,2946,,,,,DL,19790,DL,2946,14057,1405702,34057,PDX,"Portland, OR",OR,41,Oregon,92,14747,1474703,30559,SEA,"Seattle, WA",WA,53,Washington,93,600,-3.0,0.0,0.0,-1.0,0600-0659,15.0,612.0,641.0,9.0,705,650.0,-15.0,0.0,0.0,-1.0,0700-0759,0.0,,0.0,65.0,53.0,29.0,1.0,129.0,1,,,0.0,,0.0,,,,0,,,,,,,,,,,,,,,,,,,,,,,,,,,,,,,,,,,,,,,,,,,,,N,12.0,12.0,5.0,6.0,4.0,3.0,36.0,39.0,6,7,0.0,0.0,36.0,40.0,7,7,0,0.0,0.0,N373DA,N373DA-DL-0,36.0,48.0,3.0,39.0,51.0,,,0.0,36,39,0.0,0.0
N373DX,643.0,2019,2,5,2,4,2019-05-02,DL,DL,19790,DL,2758,,,,,DL,19790,DL,2758,13342,1334207,33342,MKE,"Milwaukee, WI",WI,55,Wisconsin,45,11433,1143302,31295,DTW,"Detroit, MI",MI,26,Michigan,43,645,-2.0,0.0,0.0,-1.0,0600-0659,37.0,720.0,906.0,8.0,856,914.0,18.0,18.0,1.0,1.0,0800-0859,0.0,,0.0,71.0,91.0,46.0,1.0,237.0,1,0.0,0.0,18.0,0.0,0.0,,,,0,,,,,,,,,,,,,,,,,,,,,,,,,,,,,,,,,,,,,,,,,,,,,N,4.0,0.0,6.0,9.0,3.0,1.0,31.0,37.0,6,8,3.0,4.0,31.0,36.0,8,8,0,0.0,0.0,N373DX,N373DX-DL-0,31.0,43.0,6.0,37.0,49.0,,,1.0,31,37,0.0,0.0
N373NW,731.0,2019,2,5,2,4,2019-05-02,DL,DL,19790,DL,1566,,,,,DL,19790,DL,1566,12323,1232305,32323,ILM,"Wilmington, NC",NC,37,North Carolina,36,10397,1039707,30397,ATL,"Atlanta, GA",GA,13,Georgia,34,735,-4.0,0.0,0.0,-1.0,0700-0759,14.0,745.0,848.0,12.0,903,900.0,-3.0,0.0,0.0,-1.0,0900-0959,0.0,,0.0,88.0,89.0,63.0,1.0,377.0,2,,,0.0,,0.0,,,,0,,,,,,,,,,,,,,,,,,,,,,,,,,,,,,,,,,,,,,,,,,,,,N,0.0,0.0,7.0,9.0,2.0,0.0,30.0,36.0,7,9,2.0,0.0,30.0,36.0,5,5,0,0.0,0.0,N373NW,N373NW-DL-0,30.0,42.0,6.0,36.0,48.0,,,0.0,30,36,0.0,0.0
N37408,1018.0,2019,2,5,2,4,2019-05-02,UA,UA,19977,UA,1768,,,,,UA,19977,UA,1768,13204,1320402,31454,MCO,"Orlando, FL",FL,12,Florida,33,12266,1226603,31453,IAH,"Houston, TX",TX,48,Texas,74,722,176.0,176.0,1.0,11.0,0700-0759,13.0,1031.0,1140.0,36.0,855,1216.0,201.0,201.0,1.0,12.0,0800-0859,0.0,,0.0,153.0,178.0,129.0,1.0,854.0,4,0.0,0.0,201.0,0.0,0.0,727.0,42.0,42.0,0,,,,,,,,,,,,,,,,,,,,,,,,,,,,,,,,,,,,,,,,,,,,,N,0.0,4.0,10.0,12.0,1.0,1.0,41.0,53.0,7,8,1.0,4.0,29.0,40.0,1,1,0,0.0,0.0,N37408,N37408-UA-0,29.0,53.0,12.0,41.0,65.0,,,13.0,38,50,9.0,30.44
N3740C,555.0,2019,2,5,2,4,2019-05-02,DL,DL,19790,DL,2882,,,,,DL,19790,DL,2882,14570,1457002,34570,RNO,"Reno, NV",NV,32,Nevada,85,14869,1486903,34614,SLC,"Salt Lake City, UT",UT,49,Utah,87,600,-5.0,0.0,0.0,-1.0,0600-0659,11.0,606.0,803.0,5.0,825,808.0,-17.0,0.0,0.0,-2.0,0800-0859,0.0,,0.0,85.0,73.0,57.0,1.0,422.0,2,,,0.0,,0.0,,,,0,,,,,,,,,,,,,,,,,,,,,,,,,,,,,,,,,,,,,,,,,,,,,N,12.0,8.0,5.0,8.0,4.0,1.0,36.0,41.0,6,8,0.0,2.0,36.0,42.0,8,8,0,0.0,0.0,N3740C,N3740C-DL-0,36.0,48.0,5.0,41.0,53.0,,,0.0,36,41,0.0,0.0
N37413,657.0,2019,2,5,2,4,2019-05-02,UA,UA,19977,UA,2077,,,,,UA,19977,UA,2077,10721,1072102,30721,BOS,"Boston, MA",MA,25,Massachusetts,13,11618,1161802,31703,EWR,"Newark, NJ",NJ,34,New Jersey,21,700,-3.0,0.0,0.0,-1.0,0700-0759,22.0,719.0,810.0,4.0,826,814.0,-12.0,0.0,0.0,-1.0,0800-0859,0.0,,0.0,86.0,77.0,51.0,1.0,200.0,1,,,0.0,,0.0,,,,0,,,,,,,,,,,,,,,,,,,,,,,,,,,,,,,,,,,,,,,,,,,,,N,0.0,0.0,6.0,8.0,4.0,1.0,28.0,33.0,7,8,0.0,2.0,28.0,34.0,4,4,0,1.0,1.0,N37413,N37413-UA-0,28.0,40.0,5.0,33.0,45.0,,,0.0,28,33,0.0,0.0
N37413,926.0,2019,2,5,2,4,2019-05-02,UA,UA,19977,UA,2310,,,,,UA,19977,UA,2310,11618,1161802,31703,EWR,"Newark, NJ",NJ,34,New Jersey,21,10721,1072102,30721,BOS,"Boston, MA",MA,25,Massachusetts,13,930,-4.0,0.0,0.0,-1.0,0900-0959,38.0,1004.0,1051.0,7.0,1040,1058.0,18.0,18.0,1.0,1.0,1000-1059,0.0,,0.0,70.0,92.0,47.0,1.0,200.0,1,0.0,0.0,18.0,0.0,0.0,,,,0,,,,,,,,,,,,,,,,,,,,,,,,,,,,,,,,,,,,,,,,,,,,,N,0.0,0.0,9.0,10.0,2.0,4.0,38.0,44.0,9,10,2.0,3.0,38.0,43.0,2,2,1,1.0,0.0,N37413,N37413-UA-1,38.0,50.0,6.0,44.0,56.0,33.0,5.0,1.0,45,51,7.0,27.66
N37419,738.0,2019,2,5,2,4,2019-05-02,UA,UA,19977,UA,656,,,,,UA,19977,UA,656,14107,1410702,30466,PHX,"Phoenix, AZ",AZ,4,Arizona,81,13930,1393007,30977,ORD,"Chicago, IL",IL,17,Illinois,41,746,-8.0,0.0,0.0,-1.0,0700-0759,19.0,757.0,1257.0,17.0,1306,1314.0,8.0,8.0,0.0,0.0,1300-1359,0.0,,0.0,200.0,216.0,180.0,1.0,1440.0,6,,,0.0,,0.0,,,,0,,,,,,,,,,,,,,,,,,,,,,,,,,,,,,,,,,,,,,,,,,,,,N,8.0,4.0,7.0,13.0,3.0,1.0,39.0,57.0,7,13,3.0,0.0,39.0,56.0,8,8,0,0.0,0.0,N37419,N37419-UA-0,39.0,51.0,18.0,57.0,69.0,,,0.0,39,57,0.0,0.0
N3741S,626.0,2019,2,5,2,4,2019-05-02,DL,DL,19790,DL,2703,,,,,DL,19790,DL,2703,14771,1477104,32457,SFO,"San Francisco, CA",CA,6,California,91,14747,1474703,30559,SEA,"Seattle, WA",WA,53,Washington,93,624,2.0,2.0,0.0,0.0,0600-0659,21.0,647.0,836.0,9.0,850,845.0,-5.0,0.0,0.0,-1.0,0800-0859,0.0,,0.0,146.0,139.0,109.0,1.0,679.0,3,,,0.0,,0.0,,,,0,,,,,,,,,,,,,,,,,,,,,,,,,,,,,,,,,,,,,,,,,,,,,N,12.0,12.0,6.0,8.0,2.0,3.0,38.0,47.0,6,8,2.0,3.0,38.0,47.0,7,7,0,0.0,0.0,N3741S,N3741S-DL-0,38.0,50.0,9.0,47.0,59.0,,,0.0,38,47,0.0,0.0
N37420,626.0,2019,2,5,2,4,2019-05-02,UA,UA,19977,UA,319,,,,,UA,19977,UA,319,12264,1226402,30852,IAD,"Washington, DC",VA,51,Virginia,38,12892,1289208,32575,LAX,"Los Angeles, CA",CA,6,California,91,630,-4.0,0.0,0.0,-1.0,0600-0659,20.0,646.0,914.0,15.0,921,929.0,8.0,8.0,0.0,0.0,0900-0959,0.0,,0.0,351.0,363.0,328.0,1.0,2288.0,10,,,0.0,,0.0,,,,0,,,,,,,,,,,,,,,,,,,,,,,,,,,,,,,,,,,,,,,,,,,,,N,0.0,12.0,6.0,9.0,2.0,2.0,26.0,50.0,6,9,2.0,1.0,26.0,49.0,1,1,0,0.0,0.0,N37420,N37420-UA-0,26.0,38.0,24.0,50.0,62.0,,,0.0,26,56,6.0,17.06
N37422,529.0,2019,2,5,2,4,2019-05-02,UA,UA,19977,UA,2246,,,,,UA,19977,UA,2246,12266,1226603,31453,IAH,"Houston, TX",TX,48,Texas,74,13930,1393007,30977,ORD,"Chicago, IL",IL,17,Illinois,41,535,-6.0,0.0,0.0,-1.0,0001-0559,17.0,546.0,822.0,10.0,813,832.0,19.0,19.0,1.0,1.0,0800-0859,0.0,,0.0,158.0,183.0,156.0,1.0,925.0,4,0.0,0.0,19.0,0.0,0.0,,,,0,,,,,,,,,,,,,,,,,,,,,,,,,,,,,,,,,,,,,,,,,,,,,N,4.0,4.0,5.0,8.0,2.0,2.0,26.0,38.0,5,8,2.0,1.0,26.0,37.0,5,5,0,0.0,0.0,N37422,N37422-UA-0,26.0,38.0,12.0,38.0,50.0,,,1.0,26,38,0.0,0.0
N37427,608.0,2019,2,5,2,4,2019-05-02,UA,UA,19977,UA,1802,,,,,UA,19977,UA,1802,12892,1289208,32575,LAX,"Los Angeles, CA",CA,6,California,91,11292,1129202,30325,DEN,"Denver, CO",CO,8,Colorado,82,620,-12.0,0.0,0.0,-1.0,0600-0659,17.0,625.0,912.0,5.0,940,917.0,-23.0,0.0,0.0,-2.0,0900-0959,0.0,,0.0,140.0,129.0,107.0,1.0,862.0,4,,,0.0,,0.0,,,,0,,,,,,,,,,,,,,,,,,,,,,,,,,,,,,,,,,,,,,,,,,,,,N,12.0,8.0,6.0,9.0,1.0,1.0,37.0,45.0,6,9,1.0,3.0,37.0,47.0,1,1,0,0.0,0.0,N37427,N37427-UA-0,37.0,49.0,8.0,45.0,57.0,,,0.0,40,48,3.0,5.96
N37434,854.0,2019,2,5,2,4,2019-05-02,UA,UA,19977,UA,2390,,,,,UA,19977,UA,2390,13204,1320402,31454,MCO,"Orlando, FL",FL,12,Florida,33,12264,1226402,30852,IAD,"Washington, DC",VA,51,Virginia,38,900,-6.0,0.0,0.0,-1.0,0900-0959,9.0,903.0,1043.0,7.0,1106,1050.0,-16.0,0.0,0.0,-2.0,1100-1159,0.0,,0.0,126.0,116.0,100.0,1.0,758.0,4,,,0.0,,0.0,,,,0,,,,,,,,,,,,,,,,,,,,,,,,,,,,,,,,,,,,,,,,,,,,,N,0.0,0.0,8.0,10.0,4.0,3.0,36.0,43.0,9,11,0.0,0.0,36.0,44.0,9,9,0,0.0,0.0,N37434,N37434-UA-0,36.0,48.0,7.0,43.0,55.0,,,0.0,36,43,0.0,0.0
N3743H,602.0,2019,2,5,2,4,2019-05-02,DL,DL,19790,DL,1301,,,,,DL,19790,DL,1301,10821,1082106,30852,BWI,"Baltimore, MD",MD,24,Maryland,35,13487,1348702,31650,MSP,"Minneapolis, MN",MN,27,Minnesota,63,605,-3.0,0.0,0.0,-1.0,0600-0659,18.0,620.0,728.0,4.0,747,732.0,-15.0,0.0,0.0,-1.0,0700-0759,0.0,,0.0,162.0,150.0,128.0,1.0,936.0,4,,,0.0,,0.0,,,,0,,,,,,,,,,,,,,,,,,,,,,,,,,,,,,,,,,,,,,,,,,,,,N,0.0,4.0,6.0,7.0,0.0,2.0,24.0,34.0,6,7,0.0,3.0,24.0,35.0,7,7,0,1.0,1.0,N3743H,N3743H-DL-0,24.0,36.0,10.0,34.0,46.0,,,0.0,24,34,0.0,0.0
N3743H,941.0,2019,2,5,2,4,2019-05-02,DL,DL,19790,DL,1815,,,,,DL,19790,DL,1815,13487,1348702,31650,MSP,"Minneapolis, MN",MN,27,Minnesota,63,10397,1039707,30397,ATL,"Atlanta, GA",GA,13,Georgia,34,845,56.0,56.0,1.0,3.0,0800-0859,17.0,958.0,1316.0,9.0,1216,1325.0,69.0,69.0,1.0,4.0,1200-1259,0.0,,0.0,151.0,164.0,138.0,1.0,907.0,4,56.0,0.0,13.0,0.0,0.0,844.0,32.0,32.0,0,,,,,,,,,,,,,,,,,,,,,,,,,,,,,,,,,,,,,,,,,,,,,N,4.0,0.0,9.0,13.0,3.0,2.0,43.0,54.0,8,12,3.0,1.0,39.0,49.0,8,8,1,1.0,0.0,N3743H,N3743H-DL-1,42.0,55.0,11.0,53.0,66.0,34.0,9.0,1.0,42,53,0.0,0.0
N3744F,554.0,2019,2,5,2,4,2019-05-02,DL,DL,19790,DL,1204,,,,,DL,19790,DL,1204,10140,1014005,30140,ABQ,"Albuquerque, NM",NM,35,New Mexico,86,14869,1486903,34614,SLC,"Salt Lake City, UT",UT,49,Utah,87,600,-6.0,0.0,0.0,-1.0,0600-0659,10.0,604.0,722.0,5.0,733,727.0,-6.0,0.0,0.0,-1.0,0700-0759,0.0,,0.0,93.0,93.0,78.0,1.0,493.0,2,,,0.0,,0.0,,,,0,,,,,,,,,,,,,,,,,,,,,,,,,,,,,,,,,,,,,,,,,,,,,N,8.0,8.0,5.0,7.0,4.0,2.0,32.0,38.0,6,7,0.0,2.0,32.0,38.0,1,1,0,0.0,0.0,N3744F,N3744F-DL-0,32.0,44.0,6.0,38.0,50.0,,,0.0,32,38,0.0,0.0
N37456,526.0,2019,2,5,2,4,2019-05-02,UA,UA,19977,UA,731,,,,,UA,19977,UA,731,14100,1410005,34100,PHL,"Philadelphia, PA",PA,42,Pennsylvania,23,14771,1477104,32457,SFO,"San Francisco, CA",CA,6,California,91,530,-4.0,0.0,0.0,-1.0,0001-0559,10.0,536.0,824.0,20.0,829,844.0,15.0,15.0,1.0,1.0,0800-0859,0.0,,0.0,359.0,378.0,348.0,1.0,2521.0,11,0.0,0.0,15.0,0.0,0.0,,,,0,,,,,,,,,,,,,,,,,,,,,,,,,,,,,,,,,,,,,,,,,,,,,N,0.0,12.0,5.0,8.0,2.0,3.0,22.0,47.0,5,8,2.0,2.0,22.0,46.0,4,4,0,0.0,0.0,N37456,N37456-UA-0,22.0,34.0,25.0,47.0,59.0,,,1.0,22,49,2.0,9.02
N3745B,704.0,2019,2,5,2,4,2019-05-02,DL,DL,19790,DL,1945,,,,,DL,19790,DL,1945,14107,1410702,30466,PHX,"Phoenix, AZ",AZ,4,Arizona,81,14747,1474703,30559,SEA,"Seattle, WA",WA,53,Washington,93,710,-6.0,0.0,0.0,-1.0,0700-0759,12.0,716.0,1005.0,11.0,1019,1016.0,-3.0,0.0,0.0,-1.0,1000-1059,0.0,,0.0,189.0,192.0,169.0,1.0,1107.0,5,,,0.0,,0.0,,,,0,,,,,,,,,,,,,,,,,,,,,,,,,,,,,,,,,,,,,,,,,,,,,N,8.0,12.0,7.0,10.0,0.0,1.0,36.0,53.0,7,10,1.0,1.0,37.0,53.0,1,1,0,0.0,0.0,N3745B,N3745B-DL-0,37.0,48.0,17.0,54.0,65.0,,,0.0,37,55,1.0,1.38
N37462,739.0,2019,2,5,2,4,2019-05-02,UA,UA,19977,UA,742,,,,,UA,19977,UA,742,13930,1393007,30977,ORD,"Chicago, IL",IL,17,Illinois,41,14635,1463502,31714,RSW,"Fort Myers, FL",FL,12,Florida,33,745,-6.0,0.0,0.0,-1.0,0700-0759,21.0,800.0,1127.0,4.0,1135,1131.0,-4.0,0.0,0.0,-1.0,1100-1159,0.0,,0.0,170.0,172.0,147.0,1.0,1120.0,5,,,0.0,,0.0,,,,0,,,,,,,,,,,,,,,,,,,,,,,,,,,,,,,,,,,,,,,,,,,,,N,4.0,0.0,7.0,11.0,3.0,2.0,35.0,46.0,7,11,3.0,2.0,35.0,46.0,5,5,0,0.0,0.0,N37462,N37462-UA-0,35.0,47.0,11.0,46.0,58.0,,,0.0,35,46,0.0,0.0
N37465,624.0,2019,2,5,2,4,2019-05-02,UA,UA,19977,UA,1209,,,,,UA,19977,UA,1209,14679,1467903,33570,SAN,"San Diego, CA",CA,6,California,91,11292,1129202,30325,DEN,"Denver, CO",CO,8,Colorado,82,630,-6.0,0.0,0.0,-1.0,0600-0659,35.0,659.0,951.0,11.0,955,1002.0,7.0,7.0,0.0,0.0,0900-0959,0.0,,0.0,145.0,158.0,112.0,1.0,853.0,4,,,0.0,,0.0,,,,0,,,,,,,,,,,,,,,,,,,,,,,,,,,,,,,,,,,,,,,,,,,,,N,12.0,8.0,6.0,10.0,2.0,0.0,38.0,48.0,6,9,2.0,4.0,38.0,48.0,1,1,0,0.0,0.0,N37465,N37465-UA-0,38.0,50.0,10.0,48.0,60.0,,,0.0,40,51,3.0,5.12
N37466,556.0,2019,2,5,2,4,2019-05-02,UA,UA,19977,UA,2221,,,,,UA,19977,UA,2221,14683,1468305,33214,SAT,"San Antonio, TX",TX,48,Texas,74,11292,1129202,30325,DEN,"Denver, CO",CO,8,Colorado,82,600,-4.0,0.0,0.0,-1.0,0600-0659,12.0,608.0,652.0,8.0,715,700.0,-15.0,0.0,0.0,-1.0,0700-0759,0.0,,0.0,135.0,124.0,104.0,1.0,794.0,4,,,0.0,,0.0,,,,0,,,,,,,,,,,,,,,,,,,,,,,,,,,,,,,,,,,,,,,,,,,,,N,4.0,8.0,5.0,7.0,4.0,0.0,28.0,36.0,6,7,0.0,1.0,28.0,37.0,5,5,0,0.0,0.0,N37466,N37466-UA-0,28.0,40.0,8.0,36.0,48.0,,,0.0,28,36,0.0,0.0
N37470,944.0,2019,2,5,2,4,2019-05-02,UA,UA,19977,UA,416,,,,,UA,19977,UA,416,10721,1072102,30721,BOS,"Boston, MA",MA,25,Massachusetts,13,11292,1129202,30325,DEN,"Denver, CO",CO,8,Colorado,82,945,-1.0,0.0,0.0,-1.0,0900-0959,22.0,1006.0,1220.0,9.0,1220,1229.0,9.0,9.0,0.0,0.0,1200-1259,0.0,,0.0,275.0,285.0,254.0,1.0,1754.0,8,,,0.0,,0.0,,,,0,,,,,,,,,,,,,,,,,,,,,,,,,,,,,,,,,,,,,,,,,,,,,N,0.0,8.0,9.0,12.0,3.0,2.0,39.0,58.0,9,12,3.0,1.0,39.0,57.0,1,1,0,0.0,0.0,N37470,N37470-UA-0,39.0,51.0,19.0,58.0,70.0,,,0.0,40,59,1.0,1.32
N3748Y,553.0,2019,2,5,2,4,2019-05-02,DL,DL,19790,DL,1440,,,,,DL,19790,DL,1440,14869,1486903,34614,SLC,"Salt Lake City, UT",UT,49,Utah,87,13487,1348702,31650,MSP,"Minneapolis, MN",MN,27,Minnesota,63,551,2.0,2.0,0.0,0.0,0001-0559,12.0,605.0,906.0,5.0,925,911.0,-14.0,0.0,0.0,-1.0,0900-0959,0.0,,0.0,154.0,138.0,121.0,1.0,991.0,4,,,0.0,,0.0,,,,0,,,,,,,,,,,,,,,,,,,,,,,,,,,,,,,,,,,,,,,,,,,,,N,8.0,4.0,5.0,9.0,4.0,1.0,32.0,41.0,5,9,3.0,2.0,31.0,42.0,3,3,0,0.0,0.0,N3748Y,N3748Y-DL-0,32.0,44.0,9.0,41.0,53.0,,,0.0,32,41,0.0,0.0
N3749D,744.0,2019,2,5,2,4,2019-05-02,DL,DL,19790,DL,2991,,,,,DL,19790,DL,2991,10721,1072102,30721,BOS,"Boston, MA",MA,25,Massachusetts,13,14747,1474703,30559,SEA,"Seattle, WA",WA,53,Washington,93,700,44.0,44.0,1.0,2.0,0700-0759,23.0,807.0,1054.0,20.0,1024,1114.0,50.0,50.0,1.0,3.0,1000-1059,0.0,,0.0,384.0,390.0,347.0,1.0,2496.0,10,0.0,0.0,50.0,0.0,0.0,,,,0,,,,,,,,,,,,,,,,,,,,,,,,,,,,,,,,,,,,,,,,,,,,,N,0.0,12.0,7.0,11.0,3.0,1.0,31.0,57.0,7,10,0.0,2.0,28.0,54.0,6,6,0,0.0,0.0,N3749D,N3749D-DL-0,28.0,43.0,26.0,54.0,69.0,,,3.0,28,54,0.0,0.0
N374CA,744.0,2019,2,5,2,4,2019-05-02,DL,DL_CODESHARE,19790,DL,6187,,,,,G7,20500,G7,6187,14492,1449202,34492,RDU,"Raleigh/Durham, NC",NC,37,North Carolina,36,14100,1410005,34100,PHL,"Philadelphia, PA",PA,42,Pennsylvania,23,615,89.0,89.0,1.0,5.0,0600-0659,26.0,810.0,910.0,3.0,755,913.0,78.0,78.0,1.0,5.0,0700-0759,0.0,,0.0,100.0,89.0,60.0,1.0,337.0,2,0.0,0.0,78.0,0.0,0.0,606.0,21.0,21.0,0,,,,,,,,,,,,,,,,,,,,,,,,,,,,,,,,,,,,,,,,,,,,,N,0.0,0.0,7.0,9.0,3.0,1.0,31.0,37.0,6,7,1.0,4.0,25.0,32.0,5,5,0,1.0,1.0,N374CA,N374CA-DL-0,26.0,43.0,6.0,32.0,49.0,,,5.0,26,37,5.0,31.38
N374CA,946.0,2019,2,5,2,4,2019-05-02,DL,DL_CODESHARE,19790,DL,6236,,,,,G7,20500,G7,6236,14100,1410005,34100,PHL,"Philadelphia, PA",PA,42,Pennsylvania,23,14492,1449202,34492,RDU,"Raleigh/Durham, NC",NC,37,North Carolina,36,830,76.0,76.0,1.0,5.0,0800-0859,15.0,1001.0,1058.0,4.0,1008,1102.0,54.0,54.0,1.0,3.0,1000-1059,0.0,,0.0,98.0,76.0,57.0,1.0,337.0,2,0.0,0.0,0.0,0.0,54.0,,,,0,,,,,,,,,,,,,,,,,,,,,,,,,,,,,,,,,,,,,,,,,,,,,N,0.0,0.0,9.0,11.0,3.0,0.0,39.0,44.0,8,10,2.0,1.0,34.0,41.0,8,8,1,1.0,0.0,N374CA,N374CA-DL-1,35.0,51.0,5.0,40.0,56.0,37.0,2.0,4.0,35,40,0.0,0.0
N374DA,559.0,2019,2,5,2,4,2019-05-02,DL,DL,19790,DL,2153,,,,,DL,19790,DL,2153,13891,1389101,32575,ONT,"Ontario, CA",CA,6,California,91,14869,1486903,34614,SLC,"Salt Lake City, UT",UT,49,Utah,87,600,-1.0,0.0,0.0,-1.0,0600-0659,10.0,609.0,832.0,14.0,851,846.0,-5.0,0.0,0.0,-1.0,0800-0859,0.0,,0.0,111.0,107.0,83.0,1.0,558.0,3,,,0.0,,0.0,,,,0,,,,,,,,,,,,,,,,,,,,,,,,,,,,,,,,,,,,,,,,,,,,,N,12.0,8.0,5.0,8.0,4.0,3.0,36.0,43.0,6,8,0.0,3.0,36.0,43.0,5,5,0,0.0,0.0,N374DA,N374DA-DL-0,36.0,48.0,7.0,43.0,55.0,,,0.0,36,43,0.0,0.0
N374DX,655.0,2019,2,5,2,4,2019-05-02,DL,DL,19790,DL,1569,,,,,DL,19790,DL,1569,11433,1143302,31295,DTW,"Detroit, MI",MI,26,Michigan,43,13487,1348702,31650,MSP,"Minneapolis, MN",MN,27,Minnesota,63,700,-5.0,0.0,0.0,-1.0,0700-0759,11.0,706.0,733.0,9.0,752,742.0,-10.0,0.0,0.0,-1.0,0700-0759,0.0,,0.0,112.0,107.0,87.0,1.0,528.0,3,,,0.0,,0.0,,,,0,,,,,,,,,,,,,,,,,,,,,,,,,,,,,,,,,,,,,,,,,,,,,N,0.0,4.0,6.0,7.0,4.0,3.0,28.0,35.0,7,7,0.0,3.0,28.0,35.0,7,7,0,0.0,0.0,N374DX,N374DX-DL-0,28.0,40.0,7.0,35.0,47.0,,,0.0,28,35,0.0,0.0
N374JB,540.0,2019,2,5,2,4,2019-05-02,B6,B6,20409,B6,860,,,,,B6,20409,B6,860,14100,1410005,34100,PHL,"Philadelphia, PA",PA,42,Pennsylvania,23,10721,1072102,30721,BOS,"Boston, MA",MA,25,Massachusetts,13,550,-10.0,0.0,0.0,-1.0,0001-0559,12.0,552.0,635.0,12.0,707,647.0,-20.0,0.0,0.0,-2.0,0700-0759,0.0,,0.0,77.0,67.0,43.0,1.0,280.0,2,,,0.0,,0.0,,,,0,,,,,,,,,,,,,,,,,,,,,,,,,,,,,,,,,,,,,,,,,,,,,N,0.0,0.0,5.0,6.0,3.0,3.0,23.0,27.0,5,7,3.0,0.0,23.0,28.0,5,5,0,1.0,1.0,N374JB,N374JB-B6-0,23.0,35.0,4.0,27.0,39.0,,,0.0,23,27,0.0,0.0
N374JB,810.0,2019,2,5,2,4,2019-05-02,B6,B6,20409,B6,1485,,,,,B6,20409,B6,1485,10721,1072102,30721,BOS,"Boston, MA",MA,25,Massachusetts,13,14122,1412202,30198,PIT,"Pittsburgh, PA",PA,42,Pennsylvania,23,820,-10.0,0.0,0.0,-1.0,0800-0859,23.0,833.0,953.0,5.0,1007,958.0,-9.0,0.0,0.0,-1.0,1000-1059,0.0,,0.0,107.0,108.0,80.0,1.0,496.0,2,,,0.0,,0.0,,,,0,,,,,,,,,,,,,,,,,,,,,,,,,,,,,,,,,,,,,,,,,,,,,N,0.0,0.0,8.0,9.0,1.0,4.0,33.0,40.0,8,10,1.0,0.0,33.0,40.0,8,8,1,1.0,0.0,N374JB,N374JB-B6-1,33.0,45.0,7.0,40.0,52.0,27.0,6.0,0.0,33,40,0.0,0.0
N374NW,714.0,2019,2,5,2,4,2019-05-02,DL,DL,19790,DL,1290,,,,,DL,19790,DL,1290,10423,1042302,30423,AUS,"Austin, TX",TX,48,Texas,74,11433,1143302,31295,DTW,"Detroit, MI",MI,26,Michigan,43,715,-1.0,0.0,0.0,-1.0,0700-0759,21.0,735.0,1102.0,8.0,1105,1110.0,5.0,5.0,0.0,0.0,1100-1159,0.0,,0.0,170.0,176.0,147.0,1.0,1149.0,5,,,0.0,,0.0,,,,0,,,,,,,,,,,,,,,,,,,,,,,,,,,,,,,,,,,,,,,,,,,,,N,4.0,0.0,7.0,11.0,1.0,1.0,33.0,45.0,7,11,1.0,0.0,33.0,44.0,5,5,0,0.0,0.0,N374NW,N374NW-DL-0,33.0,45.0,12.0,45.0,57.0,,,0.0,33,45,0.0,0.0
N3750D,841.0,2019,2,5,2,4,2019-05-02,DL,DL,19790,DL,2795,,,,,DL,19790,DL,2795,13487,1348702,31650,MSP,"Minneapolis, MN",MN,27,Minnesota,63,14869,1486903,34614,SLC,"Salt Lake City, UT",UT,49,Utah,87,845,-4.0,0.0,0.0,-1.0,0800-0859,9.0,850.0,1014.0,5.0,1029,1019.0,-10.0,0.0,0.0,-1.0,1000-1059,0.0,,0.0,164.0,158.0,144.0,1.0,991.0,4,,,0.0,,0.0,,,,0,,,,,,,,,,,,,,,,,,,,,,,,,,,,,,,,,,,,,,,,,,,,,N,4.0,8.0,8.0,10.0,3.0,1.0,39.0,49.0,8,10,3.0,2.0,39.0,50.0,5,5,0,0.0,0.0,N3750D,N3750D-DL-0,39.0,51.0,10.0,49.0,61.0,,,0.0,39,49,0.0,0.0
N3754A,707.0,2019,2,5,2,4,2019-05-02,DL,DL,19790,DL,584,,,,,DL,19790,DL,584,12339,1233904,32337,IND,"Indianapolis, IN",IN,18,Indiana,42,12892,1289208,32575,LAX,"Los Angeles, CA",CA,6,California,91,710,-3.0,0.0,0.0,-1.0,0700-0759,20.0,727.0,849.0,8.0,840,857.0,17.0,17.0,1.0,1.0,0800-0859,0.0,,0.0,270.0,290.0,262.0,1.0,1814.0,8,0.0,0.0,17.0,0.0,0.0,,,,0,,,,,,,,,,,,,,,,,,,,,,,,,,,,,,,,,,,,,,,,,,,,,N,0.0,12.0,7.0,8.0,0.0,4.0,28.0,48.0,7,8,1.0,3.0,29.0,47.0,6,6,0,0.0,0.0,N3754A,N3754A-DL-0,29.0,40.0,20.0,49.0,60.0,,,1.0,29,49,0.0,0.0
N3755D,705.0,2019,2,5,2,4,2019-05-02,DL,DL,19790,DL,617,,,,,DL,19790,DL,617,15304,1530402,33195,TPA,"Tampa, FL",FL,12,Florida,33,12892,1289208,32575,LAX,"Los Angeles, CA",CA,6,California,91,711,-6.0,0.0,0.0,-1.0,0700-0759,19.0,724.0,910.0,6.0,925,916.0,-9.0,0.0,0.0,-1.0,0900-0959,0.0,,0.0,314.0,311.0,286.0,1.0,2158.0,9,,,0.0,,0.0,,,,0,,,,,,,,,,,,,,,,,,,,,,,,,,,,,,,,,,,,,,,,,,,,,N,0.0,12.0,7.0,9.0,0.0,1.0,28.0,49.0,7,9,1.0,2.0,29.0,50.0,4,4,0,0.0,0.0,N3755D,N3755D-DL-0,29.0,40.0,21.0,50.0,61.0,,,0.0,32,53,3.0,14.6
N3758Y,802.0,2019,2,5,2,4,2019-05-02,DL,DL,19790,DL,2759,,,,,DL,19790,DL,2759,11193,1119302,33105,CVG,"Cincinnati, OH",KY,21,Kentucky,52,12892,1289208,32575,LAX,"Los Angeles, CA",CA,6,California,91,759,3.0,3.0,0.0,0.0,0700-0759,14.0,816.0,948.0,8.0,940,956.0,16.0,16.0,1.0,1.0,0900-0959,0.0,,0.0,281.0,294.0,272.0,1.0,1900.0,8,0.0,0.0,16.0,0.0,0.0,,,,0,,,,,,,,,,,,,,,,,,,,,,,,,,,,,,,,,,,,,,,,,,,,,N,0.0,12.0,8.0,9.0,0.0,4.0,32.0,52.0,7,9,4.0,3.0,32.0,51.0,8,8,0,0.0,0.0,N3758Y,N3758Y-DL-0,32.0,44.0,20.0,52.0,64.0,,,1.0,32,52,0.0,0.0
N3759,654.0,2019,2,5,2,4,2019-05-02,DL,DL,19790,DL,2193,,,,,DL,19790,DL,2193,13487,1348702,31650,MSP,"Minneapolis, MN",MN,27,Minnesota,63,14747,1474703,30559,SEA,"Seattle, WA",WA,53,Washington,93,700,-6.0,0.0,0.0,-1.0,0700-0759,14.0,708.0,822.0,8.0,839,830.0,-9.0,0.0,0.0,-1.0,0800-0859,0.0,,0.0,219.0,216.0,194.0,1.0,1399.0,6,,,0.0,,0.0,,,,0,,,,,,,,,,,,,,,,,,,,,,,,,,,,,,,,,,,,,,,,,,,,,N,4.0,12.0,6.0,8.0,4.0,2.0,32.0,46.0,7,8,0.0,3.0,32.0,47.0,9,9,0,0.0,0.0,N3759,N3759-DL-0,32.0,44.0,14.0,46.0,58.0,,,0.0,32,46,0.0,0.0
N375DA,758.0,2019,2,5,2,4,2019-05-02,DL,DL,19790,DL,776,,,,,DL,19790,DL,776,11193,1119302,33105,CVG,"Cincinnati, OH",KY,21,Kentucky,52,13204,1320402,31454,MCO,"Orlando, FL",FL,12,Florida,33,800,-2.0,0.0,0.0,-1.0,0800-0859,15.0,813.0,958.0,8.0,1009,1006.0,-3.0,0.0,0.0,-1.0,1000-1059,0.0,,0.0,129.0,128.0,105.0,1.0,757.0,4,,,0.0,,0.0,,,,0,,,,,,,,,,,,,,,,,,,,,,,,,,,,,,,,,,,,,,,,,,,,,N,0.0,0.0,7.0,10.0,4.0,0.0,32.0,40.0,8,10,0.0,1.0,32.0,41.0,6,6,0,0.0,0.0,N375DA,N375DA-DL-0,32.0,44.0,8.0,40.0,52.0,,,0.0,32,40,0.0,0.0
N375DN,555.0,2019,2,5,2,4,2019-05-02,DL,DL,19790,DL,1447,,,,,DL,19790,DL,1447,12953,1295304,31703,LGA,"New York, NY",NY,36,New York,22,10397,1039707,30397,ATL,"Atlanta, GA",GA,13,Georgia,34,600,-5.0,0.0,0.0,-1.0,0600-0659,18.0,613.0,804.0,8.0,827,812.0,-15.0,0.0,0.0,-1.0,0800-0859,0.0,,0.0,147.0,137.0,111.0,1.0,762.0,4,,,0.0,,0.0,,,,0,,,,,,,,,,,,,,,,,,,,,,,,,,,,,,,,,,,,,,,,,,,,,N,0.0,0.0,5.0,8.0,4.0,1.0,24.0,33.0,6,8,0.0,2.0,24.0,34.0,1,1,0,1.0,1.0,N375DN,N375DN-DL-0,24.0,36.0,9.0,33.0,45.0,,,0.0,24,33,0.0,0.0
N375DN,929.0,2019,2,5,2,4,2019-05-02,DL,DL,19790,DL,2277,,,,,DL,19790,DL,2277,10397,1039707,30397,ATL,"Atlanta, GA",GA,13,Georgia,34,12953,1295304,31703,LGA,"New York, NY",NY,36,New York,22,930,-1.0,0.0,0.0,-1.0,0900-0959,18.0,947.0,1125.0,10.0,1146,1135.0,-11.0,0.0,0.0,-1.0,1100-1159,0.0,,0.0,136.0,126.0,98.0,1.0,762.0,4,,,0.0,,0.0,,,,0,,,,,,,,,,,,,,,,,,,,,,,,,,,,,,,,,,,,,,,,,,,,,N,0.0,0.0,9.0,11.0,2.0,2.0,38.0,46.0,9,11,2.0,3.0,38.0,47.0,6,6,1,1.0,0.0,N375DN,N375DN-DL-1,38.0,50.0,8.0,46.0,58.0,33.0,5.0,0.0,38,46,0.0,0.0
N375JB,523.0,2019,2,5,2,4,2019-05-02,B6,B6,20409,B6,233,,,,,B6,20409,B6,233,10785,1078502,30785,BTV,"Burlington, VT",VT,50,Vermont,16,12478,1247805,31703,JFK,"New York, NY",NY,36,New York,22,530,-7.0,0.0,0.0,-1.0,0001-0559,18.0,541.0,639.0,7.0,654,646.0,-8.0,0.0,0.0,-1.0,0600-0659,0.0,,0.0,84.0,83.0,58.0,1.0,266.0,2,,,0.0,,0.0,,,,0,,,,,,,,,,,,,,,,,,,,,,,,,,,,,,,,,,,,,,,,,,,,,N,0.0,0.0,5.0,6.0,2.0,3.0,22.0,27.0,5,6,2.0,4.0,22.0,28.0,7,7,0,2.0,2.0,N375JB,N375JB-B6-0,22.0,34.0,5.0,27.0,39.0,,,0.0,22,27,0.0,0.0
N375JB,738.0,2019,2,5,2,4,2019-05-02,B6,B6,20409,B6,286,,,,,B6,20409,B6,286,12478,1247805,31703,JFK,"New York, NY",NY,36,New York,22,14576,1457606,34576,ROC,"Rochester, NY",NY,36,New York,22,746,-8.0,0.0,0.0,-1.0,0700-0759,25.0,803.0,854.0,3.0,912,857.0,-15.0,0.0,0.0,-1.0,0900-0959,0.0,,0.0,86.0,79.0,51.0,1.0,264.0,2,,,0.0,,0.0,,,,0,,,,,,,,,,,,,,,,,,,,,,,,,,,,,,,,,,,,,,,,,,,,,N,0.0,0.0,7.0,8.0,3.0,4.0,31.0,36.0,7,9,3.0,1.0,31.0,37.0,7,7,1,2.0,1.0,N375JB,N375JB-B6-1,31.0,43.0,5.0,36.0,48.0,27.0,4.0,0.0,31,36,0.0,0.0
N375JB,938.0,2019,2,5,2,4,2019-05-02,B6,B6,20409,B6,712,,,,,B6,20409,B6,712,14576,1457606,34576,ROC,"Rochester, NY",NY,36,New York,22,10721,1072102,30721,BOS,"Boston, MA",MA,25,Massachusetts,13,947,-9.0,0.0,0.0,-1.0,0900-0959,11.0,949.0,1050.0,5.0,1102,1055.0,-7.0,0.0,0.0,-1.0,1100-1159,0.0,,0.0,75.0,77.0,61.0,1.0,343.0,2,,,0.0,,0.0,,,,0,,,,,,,,,,,,,,,,,,,,,,,,,,,,,,,,,,,,,,,,,,,,,N,0.0,0.0,9.0,10.0,3.0,4.0,39.0,44.0,9,11,3.0,0.0,39.0,44.0,1,1,2,2.0,0.0,N375JB,N375JB-B6-2,39.0,51.0,5.0,44.0,56.0,36.0,3.0,0.0,39,44,0.0,0.0
N3762Y,745.0,2019,2,5,2,4,2019-05-02,DL,DL,19790,DL,1253,,,,,DL,19790,DL,1253,14492,1449202,34492,RDU,"Raleigh/Durham, NC",NC,37,North Carolina,36,14747,1474703,30559,SEA,"Seattle, WA",WA,53,Washington,93,725,20.0,20.0,1.0,1.0,0700-0759,28.0,813.0,1033.0,8.0,1013,1041.0,28.0,28.0,1.0,1.0,1000-1059,0.0,,0.0,348.0,356.0,320.0,1.0,2354.0,10,0.0,0.0,28.0,0.0,0.0,,,,0,,,,,,,,,,,,,,,,,,,,,,,,,,,,,,,,,,,,,,,,,,,,,N,0.0,12.0,7.0,10.0,3.0,3.0,31.0,55.0,7,10,2.0,1.0,30.0,53.0,3,3,0,0.0,0.0,N3762Y,N3762Y-DL-0,30.0,43.0,24.0,54.0,67.0,,,2.0,30,55,1.0,3.26
N3763D,839.0,2019,2,5,2,4,2019-05-02,DL,DL,19790,DL,2984,,,,,DL,19790,DL,2984,10721,1072102,30721,BOS,"Boston, MA",MA,25,Massachusetts,13,11697,1169706,32467,FLL,"Fort Lauderdale, FL",FL,12,Florida,33,840,-1.0,0.0,0.0,-1.0,0800-0859,23.0,902.0,1154.0,3.0,1209,1157.0,-12.0,0.0,0.0,-1.0,1200-1259,0.0,,0.0,209.0,198.0,172.0,1.0,1237.0,5,,,0.0,,0.0,,,,0,,,,,,,,,,,,,,,,,,,,,,,,,,,,,,,,,,,,,,,,,,,,,N,0.0,0.0,8.0,11.0,3.0,4.0,35.0,48.0,8,12,3.0,1.0,35.0,49.0,1,1,0,0.0,0.0,N3763D,N3763D-DL-0,35.0,47.0,13.0,48.0,60.0,,,0.0,36,50,2.0,2.98
N3766,556.0,2019,2,5,2,4,2019-05-02,DL,DL,19790,DL,2920,,,,,DL,19790,DL,2920,12889,1288903,32211,LAS,"Las Vegas, NV",NV,32,Nevada,85,12892,1289208,32575,LAX,"Los Angeles, CA",CA,6,California,91,600,-4.0,0.0,0.0,-1.0,0600-0659,19.0,615.0,655.0,8.0,707,703.0,-4.0,0.0,0.0,-1.0,0700-0759,0.0,,0.0,67.0,67.0,40.0,1.0,236.0,1,,,0.0,,0.0,,,,0,,,,,,,,,,,,,,,,,,,,,,,,,,,,,,,,,,,,,,,,,,,,,N,12.0,12.0,5.0,7.0,4.0,0.0,36.0,40.0,6,7,0.0,0.0,36.0,40.0,5,5,0,0.0,0.0,N3766,N3766-DL-0,36.0,48.0,4.0,40.0,52.0,,,0.0,36,40,0.0,0.0
N3767,748.0,2019,2,5,2,4,2019-05-02,DL,DL,19790,DL,1482,,,,,DL,19790,DL,1482,14492,1449202,34492,RDU,"Raleigh/Durham, NC",NC,37,North Carolina,36,10397,1039707,30397,ATL,"Atlanta, GA",GA,13,Georgia,34,730,18.0,18.0,1.0,1.0,0700-0759,16.0,804.0,906.0,6.0,912,912.0,0.0,0.0,0.0,0.0,0900-0959,0.0,,0.0,102.0,84.0,62.0,1.0,356.0,2,,,0.0,,0.0,,,,0,,,,,,,,,,,,,,,,,,,,,,,,,,,,,,,,,,,,,,,,,,,,,N,0.0,0.0,7.0,9.0,3.0,1.0,31.0,37.0,7,9,2.0,1.0,30.0,37.0,5,5,0,0.0,0.0,N3767,N3767-DL-0,31.0,43.0,6.0,37.0,49.0,,,0.0,31,37,0.0,0.0
N376CA,655.0,2019,2,5,2,4,2019-05-02,DL,DL_CODESHARE,19790,DL,6193,,,,,G7,20500,G7,6193,11433,1143302,31295,DTW,"Detroit, MI",MI,26,Michigan,43,14307,1430705,30721,PVD,"Providence, RI",RI,44,Rhode Island,15,705,-10.0,0.0,0.0,-1.0,0700-0759,23.0,718.0,838.0,4.0,858,842.0,-16.0,0.0,0.0,-2.0,0800-0859,0.0,,0.0,113.0,107.0,80.0,1.0,615.0,3,,,0.0,,0.0,,,,0,,,,,,,,,,,,,,,,,,,,,,,,,,,,,,,,,,,,,,,,,,,,,N,0.0,0.0,6.0,8.0,4.0,3.0,28.0,35.0,7,8,0.0,4.0,28.0,36.0,9,9,0,1.0,1.0,N376CA,N376CA-DL-0,28.0,40.0,7.0,35.0,47.0,,,0.0,28,35,0.0,0.0
N376CA,939.0,2019,2,5,2,4,2019-05-02,DL,DL_CODESHARE,19790,DL,6193,,,,,G7,20500,G7,6193,14307,1430705,30721,PVD,"Providence, RI",RI,44,Rhode Island,15,11433,1143302,31295,DTW,"Detroit, MI",MI,26,Michigan,43,935,4.0,4.0,0.0,0.0,0900-0959,26.0,1005.0,1138.0,12.0,1140,1150.0,10.0,10.0,0.0,0.0,1100-1159,0.0,,0.0,125.0,131.0,93.0,1.0,615.0,3,,,0.0,,0.0,,,,0,,,,,,,,,,,,,,,,,,,,,,,,,,,,,,,,,,,,,,,,,,,,,N,0.0,0.0,9.0,11.0,3.0,3.0,39.0,47.0,9,11,2.0,3.0,38.0,47.0,9,9,1,1.0,0.0,N376CA,N376CA-DL-1,39.0,51.0,8.0,47.0,59.0,35.0,4.0,0.0,39,47,0.0,0.0
N376NW,606.0,2019,2,5,2,4,2019-05-02,DL,DL,19790,DL,2179,,,,,DL,19790,DL,2179,13296,1329604,30721,MHT,"Manchester, NH",NH,33,New Hampshire,14,10397,1039707,30397,ATL,"Atlanta, GA",GA,13,Georgia,34,600,6.0,6.0,0.0,0.0,0600-0659,12.0,618.0,843.0,5.0,852,848.0,-4.0,0.0,0.0,-1.0,0800-0859,0.0,,0.0,172.0,162.0,145.0,1.0,952.0,4,,,0.0,,0.0,,,,0,,,,,,,,,,,,,,,,,,,,,,,,,,,,,,,,,,,,,,,,,,,,,N,0.0,0.0,6.0,8.0,0.0,3.0,24.0,35.0,6,8,0.0,3.0,24.0,35.0,2,2,0,0.0,0.0,N376NW,N376NW-DL-0,24.0,36.0,11.0,35.0,47.0,,,0.0,24,35,0.0,0.0
N3771K,717.0,2019,2,5,2,4,2019-05-02,DL,DL,19790,DL,974,,,,,DL,19790,DL,974,11066,1106606,31066,CMH,"Columbus, OH",OH,39,Ohio,44,12892,1289208,32575,LAX,"Los Angeles, CA",CA,6,California,91,720,-3.0,0.0,0.0,-1.0,0700-0759,13.0,730.0,906.0,8.0,910,914.0,4.0,4.0,0.0,0.0,0900-0959,0.0,,0.0,290.0,297.0,276.0,1.0,1995.0,8,,,0.0,,0.0,,,,0,,,,,,,,,,,,,,,,,,,,,,,,,,,,,,,,,,,,,,,,,,,,,N,0.0,12.0,7.0,9.0,1.0,1.0,29.0,49.0,7,9,1.0,1.0,29.0,49.0,8,8,0,0.0,0.0,N3771K,N3771K-DL-0,29.0,41.0,20.0,49.0,61.0,,,0.0,29,49,0.0,0.0
N3772H,614.0,2019,2,5,2,4,2019-05-02,DL,DL,19790,DL,1493,,,,,DL,19790,DL,1493,15016,1501606,31123,STL,"St. Louis, MO",MO,29,Missouri,64,13487,1348702,31650,MSP,"Minneapolis, MN",MN,27,Minnesota,63,610,4.0,4.0,0.0,0.0,0600-0659,12.0,626.0,748.0,4.0,741,752.0,11.0,11.0,0.0,0.0,0700-0759,0.0,,0.0,91.0,98.0,82.0,1.0,448.0,2,,,0.0,,0.0,,,,0,,,,,,,,,,,,,,,,,,,,,,,,,,,,,,,,,,,,,,,,,,,,,N,4.0,4.0,6.0,7.0,1.0,3.0,29.0,35.0,6,7,1.0,3.0,29.0,35.0,3,3,0,0.0,0.0,N3772H,N3772H-DL-0,29.0,41.0,6.0,35.0,47.0,,,0.0,29,35,0.0,0.0
N3773D,555.0,2019,2,5,2,4,2019-05-02,DL,DL,19790,DL,1558,,,,,DL,19790,DL,1558,11884,1188402,31884,GEG,"Spokane, WA",WA,53,Washington,93,14747,1474703,30559,SEA,"Seattle, WA",WA,53,Washington,93,600,-5.0,0.0,0.0,-1.0,0600-0659,13.0,608.0,648.0,3.0,707,651.0,-16.0,0.0,0.0,-2.0,0700-0759,0.0,,0.0,67.0,56.0,40.0,1.0,224.0,1,,,0.0,,0.0,,,,0,,,,,,,,,,,,,,,,,,,,,,,,,,,,,,,,,,,,,,,,,,,,,N,12.0,12.0,5.0,6.0,4.0,3.0,36.0,39.0,6,7,0.0,0.0,36.0,40.0,8,8,0,0.0,0.0,N3773D,N3773D-DL-0,36.0,48.0,3.0,39.0,51.0,,,0.0,36,39,0.0,0.0
N377DA,554.0,2019,2,5,2,4,2019-05-02,DL,DL,19790,DL,1510,,,,,DL,19790,DL,1510,14122,1412202,30198,PIT,"Pittsburgh, PA",PA,42,Pennsylvania,23,10397,1039707,30397,ATL,"Atlanta, GA",GA,13,Georgia,34,600,-6.0,0.0,0.0,-1.0,0600-0659,11.0,605.0,721.0,6.0,742,727.0,-15.0,0.0,0.0,-1.0,0700-0759,0.0,,0.0,102.0,93.0,76.0,1.0,526.0,3,,,0.0,,0.0,,,,0,,,,,,,,,,,,,,,,,,,,,,,,,,,,,,,,,,,,,,,,,,,,,N,0.0,0.0,5.0,7.0,4.0,2.0,24.0,30.0,6,7,0.0,3.0,24.0,31.0,3,3,0,1.0,1.0,N377DA,N377DA-DL-0,24.0,36.0,6.0,30.0,42.0,,,0.0,24,30,0.0,0.0
N377DA,831.0,2019,2,5,2,4,2019-05-02,DL,DL,19790,DL,373,,,,,DL,19790,DL,373,10397,1039707,30397,ATL,"Atlanta, GA",GA,13,Georgia,34,13891,1389101,32575,ONT,"Ontario, CA",CA,6,California,91,834,-3.0,0.0,0.0,-1.0,0800-0859,22.0,853.0,1003.0,9.0,1015,1012.0,-3.0,0.0,0.0,-1.0,1000-1059,0.0,,0.0,281.0,281.0,250.0,1.0,1900.0,8,,,0.0,,0.0,,,,0,,,,,,,,,,,,,,,,,,,,,,,,,,,,,,,,,,,,,,,,,,,,,N,0.0,12.0,8.0,10.0,2.0,1.0,34.0,53.0,8,10,2.0,1.0,34.0,53.0,5,5,1,1.0,0.0,N377DA,N377DA-DL-1,34.0,46.0,19.0,53.0,65.0,30.0,4.0,0.0,34,53,0.0,0.0
N377DN,648.0,2019,2,5,2,4,2019-05-02,DL,DL,19790,DL,1996,,,,,DL,19790,DL,1996,13487,1348702,31650,MSP,"Minneapolis, MN",MN,27,Minnesota,63,12953,1295304,31703,LGA,"New York, NY",NY,36,New York,22,650,-2.0,0.0,0.0,-1.0,0600-0659,9.0,657.0,1009.0,7.0,1032,1016.0,-16.0,0.0,0.0,-2.0,1000-1059,0.0,,0.0,162.0,148.0,132.0,1.0,1020.0,5,,,0.0,,0.0,,,,0,,,,,,,,,,,,,,,,,,,,,,,,,,,,,,,,,,,,,,,,,,,,,N,4.0,0.0,6.0,10.0,3.0,1.0,31.0,41.0,6,10,3.0,2.0,31.0,42.0,2,2,0,0.0,0.0,N377DN,N377DN-DL-0,31.0,43.0,10.0,41.0,53.0,,,0.0,31,41,0.0,0.0
N377NW,655.0,2019,2,5,2,4,2019-05-02,DL,DL,19790,DL,2380,,,,,DL,19790,DL,2380,13204,1320402,31454,MCO,"Orlando, FL",FL,12,Florida,33,10721,1072102,30721,BOS,"Boston, MA",MA,25,Massachusetts,13,700,-5.0,0.0,0.0,-1.0,0700-0759,14.0,709.0,927.0,14.0,1004,941.0,-23.0,0.0,0.0,-2.0,1000-1059,0.0,,0.0,184.0,166.0,138.0,1.0,1121.0,5,,,0.0,,0.0,,,,0,,,,,,,,,,,,,,,,,,,,,,,,,,,,,,,,,,,,,,,,,,,,,N,0.0,0.0,6.0,9.0,4.0,3.0,28.0,39.0,7,10,0.0,0.0,28.0,40.0,6,6,0,0.0,0.0,N377NW,N377NW-DL-0,28.0,40.0,11.0,39.0,51.0,,,0.0,28,39,0.0,0.0
N378DA,735.0,2019,2,5,2,4,2019-05-02,DL,DL,19790,DL,743,,,,,DL,19790,DL,743,14492,1449202,34492,RDU,"Raleigh/Durham, NC",NC,37,North Carolina,36,12892,1289208,32575,LAX,"Los Angeles, CA",CA,6,California,91,735,0.0,0.0,0.0,0.0,0700-0759,19.0,754.0,951.0,10.0,1005,1001.0,-4.0,0.0,0.0,-1.0,1000-1059,0.0,,0.0,330.0,326.0,297.0,1.0,2239.0,9,,,0.0,,0.0,,,,0,,,,,,,,,,,,,,,,,,,,,,,,,,,,,,,,,,,,,,,,,,,,,N,0.0,12.0,7.0,10.0,2.0,0.0,30.0,52.0,7,10,2.0,0.0,30.0,52.0,6,6,0,0.0,0.0,N378DA,N378DA-DL-0,30.0,42.0,22.0,52.0,64.0,,,0.0,30,53,1.0,6.12
N378NW,553.0,2019,2,5,2,4,2019-05-02,DL,DL,19790,DL,964,,,,,DL,19790,DL,964,12953,1295304,31703,LGA,"New York, NY",NY,36,New York,22,11433,1143302,31295,DTW,"Detroit, MI",MI,26,Michigan,43,600,-7.0,0.0,0.0,-1.0,0600-0659,17.0,610.0,748.0,7.0,755,755.0,0.0,0.0,0.0,0.0,0700-0759,0.0,,0.0,115.0,122.0,98.0,1.0,502.0,3,,,0.0,,0.0,,,,0,,,,,,,,,,,,,,,,,,,,,,,,,,,,,,,,,,,,,,,,,,,,,N,0.0,0.0,5.0,7.0,4.0,4.0,24.0,32.0,6,7,0.0,4.0,24.0,32.0,1,1,0,1.0,1.0,N378NW,N378NW-DL-0,24.0,36.0,8.0,32.0,44.0,,,0.0,24,32,0.0,0.0
N378NW,851.0,2019,2,5,2,4,2019-05-02,DL,DL,19790,DL,2753,,,,,DL,19790,DL,2753,11433,1143302,31295,DTW,"Detroit, MI",MI,26,Michigan,43,12451,1245102,31136,JAX,"Jacksonville, FL",FL,12,Florida,33,850,1.0,1.0,0.0,0.0,0800-0859,11.0,902.0,1052.0,4.0,1108,1056.0,-12.0,0.0,0.0,-1.0,1100-1159,0.0,,0.0,138.0,125.0,110.0,1.0,813.0,4,,,0.0,,0.0,,,,0,,,,,,,,,,,,,,,,,,,,,,,,,,,,,,,,,,,,,,,,,,,,,N,0.0,0.0,8.0,10.0,3.0,4.0,35.0,44.0,8,11,3.0,1.0,35.0,45.0,7,7,1,1.0,0.0,N378NW,N378NW-DL-1,35.0,47.0,9.0,44.0,56.0,32.0,3.0,0.0,35,44,0.0,0.0
N379CA,938.0,2019,2,5,2,4,2019-05-02,DL,DL_CODESHARE,19790,DL,6295,,,,,G7,20500,G7,6295,11066,1106606,31066,CMH,"Columbus, OH",OH,39,Ohio,44,13487,1348702,31650,MSP,"Minneapolis, MN",MN,27,Minnesota,63,935,3.0,3.0,0.0,0.0,0900-0959,11.0,949.0,1034.0,3.0,1037,1037.0,0.0,0.0,0.0,0.0,1000-1059,0.0,,0.0,122.0,119.0,105.0,1.0,626.0,3,,,0.0,,0.0,,,,0,,,,,,,,,,,,,,,,,,,,,,,,,,,,,,,,,,,,,,,,,,,,,N,0.0,4.0,9.0,10.0,3.0,2.0,39.0,46.0,9,10,2.0,2.0,38.0,46.0,2,2,0,0.0,0.0,N379CA,N379CA-DL-0,39.0,51.0,7.0,46.0,58.0,,,0.0,39,48,2.0,5.1
N380DA,912.0,2019,2,5,2,4,2019-05-02,DL,DL,19790,DL,2011,,,,,DL,19790,DL,2011,10397,1039707,30397,ATL,"Atlanta, GA",GA,13,Georgia,34,11193,1119302,33105,CVG,"Cincinnati, OH",KY,21,Kentucky,52,915,-3.0,0.0,0.0,-1.0,0900-0959,17.0,929.0,1027.0,4.0,1037,1031.0,-6.0,0.0,0.0,-1.0,1000-1059,0.0,,0.0,82.0,79.0,58.0,1.0,373.0,2,,,0.0,,0.0,,,,0,,,,,,,,,,,,,,,,,,,,,,,,,,,,,,,,,,,,,,,,,,,,,N,0.0,0.0,9.0,10.0,1.0,2.0,37.0,42.0,9,10,1.0,2.0,37.0,42.0,8,8,0,0.0,0.0,N380DA,N380DA-DL-0,37.0,49.0,5.0,42.0,54.0,,,0.0,37,42,0.0,0.0
N381DN,559.0,2019,2,5,2,4,2019-05-02,DL,DL,19790,DL,2584,,,,,DL,19790,DL,2584,11721,1172105,31721,FNT,"Flint, MI",MI,26,Michigan,43,10397,1039707,30397,ATL,"Atlanta, GA",GA,13,Georgia,34,600,-1.0,0.0,0.0,-1.0,0600-0659,9.0,608.0,749.0,6.0,801,755.0,-6.0,0.0,0.0,-1.0,0800-0859,0.0,,0.0,121.0,116.0,101.0,1.0,645.0,3,,,0.0,,0.0,,,,0,,,,,,,,,,,,,,,,,,,,,,,,,,,,,,,,,,,,,,,,,,,,,N,0.0,0.0,5.0,7.0,4.0,4.0,24.0,32.0,6,8,0.0,0.0,24.0,32.0,3,3,0,0.0,0.0,N381DN,N381DN-DL-0,24.0,36.0,8.0,32.0,44.0,,,0.0,24,32,0.0,0.0
N38257,549.0,2019,2,5,2,4,2019-05-02,UA,UA,19977,UA,723,,,,,UA,19977,UA,723,10821,1082106,30852,BWI,"Baltimore, MD",MD,24,Maryland,35,12892,1289208,32575,LAX,"Los Angeles, CA",CA,6,California,91,545,4.0,4.0,0.0,0.0,0001-0559,13.0,602.0,845.0,17.0,825,902.0,37.0,37.0,1.0,2.0,0800-0859,0.0,,0.0,340.0,373.0,343.0,1.0,2329.0,10,0.0,0.0,37.0,0.0,0.0,,,,0,,,,,,,,,,,,,,,,,,,,,,,,,,,,,,,,,,,,,,,,,,,,,N,0.0,12.0,5.0,9.0,3.0,0.0,23.0,48.0,5,8,3.0,2.0,23.0,46.0,9,9,0,0.0,0.0,N38257,N38257-UA-0,23.0,35.0,25.0,48.0,60.0,,,2.0,24,49,1.0,9.3
N38268,601.0,2019,2,5,2,4,2019-05-02,UA,UA,19977,UA,985,,,,,UA,19977,UA,985,11697,1169706,32467,FLL,"Fort Lauderdale, FL",FL,12,Florida,33,11618,1161802,31703,EWR,"Newark, NJ",NJ,34,New Jersey,21,600,1.0,1.0,0.0,0.0,0600-0659,15.0,616.0,842.0,12.0,856,854.0,-2.0,0.0,0.0,-1.0,0800-0859,0.0,,0.0,176.0,173.0,146.0,1.0,1065.0,5,,,0.0,,0.0,,,,0,,,,,,,,,,,,,,,,,,,,,,,,,,,,,,,,,,,,,,,,,,,,,N,0.0,0.0,6.0,8.0,0.0,4.0,24.0,36.0,6,8,0.0,4.0,24.0,36.0,7,7,0,0.0,0.0,N38268,N38268-UA-0,24.0,36.0,12.0,36.0,48.0,,,0.0,24,36,0.0,0.0
N382DA,859.0,2019,2,5,2,4,2019-05-02,DL,DL,19790,DL,1277,,,,,DL,19790,DL,1277,11193,1119302,33105,CVG,"Cincinnati, OH",KY,21,Kentucky,52,15304,1530402,33195,TPA,"Tampa, FL",FL,12,Florida,33,905,-6.0,0.0,0.0,-1.0,0900-0959,9.0,908.0,1051.0,4.0,1109,1055.0,-14.0,0.0,0.0,-1.0,1100-1159,0.0,,0.0,124.0,116.0,103.0,1.0,773.0,4,,,0.0,,0.0,,,,0,,,,,,,,,,,,,,,,,,,,,,,,,,,,,,,,,,,,,,,,,,,,,N,0.0,0.0,8.0,10.0,4.0,4.0,36.0,44.0,9,11,0.0,1.0,36.0,45.0,6,6,0,0.0,0.0,N382DA,N382DA-DL-0,36.0,48.0,8.0,44.0,56.0,,,0.0,36,44,0.0,0.0
N38403,525.0,2019,2,5,2,4,2019-05-02,UA,UA,19977,UA,304,,,,,UA,19977,UA,304,10721,1072102,30721,BOS,"Boston, MA",MA,25,Massachusetts,13,12266,1226603,31453,IAH,"Houston, TX",TX,48,Texas,74,530,-5.0,0.0,0.0,-1.0,0001-0559,13.0,538.0,902.0,6.0,844,908.0,24.0,24.0,1.0,1.0,0800-0859,0.0,,0.0,254.0,283.0,264.0,1.0,1597.0,7,0.0,0.0,24.0,0.0,0.0,,,,0,,,,,,,,,,,,,,,,,,,,,,,,,,,,,,,,,,,,,,,,,,,,,N,0.0,4.0,5.0,9.0,2.0,1.0,22.0,41.0,5,8,2.0,3.0,22.0,39.0,9,9,0,0.0,0.0,N38403,N38403-UA-0,22.0,34.0,19.0,41.0,53.0,,,2.0,23,42,1.0,9.3
N38417,725.0,2019,2,5,2,4,2019-05-02,UA,UA,19977,UA,658,,,,,UA,19977,UA,658,13871,1387102,33316,OMA,"Omaha, NE",NE,31,Nebraska,65,11292,1129202,30325,DEN,"Denver, CO",CO,8,Colorado,82,740,-15.0,0.0,0.0,-1.0,0700-0759,10.0,735.0,750.0,7.0,815,757.0,-18.0,0.0,0.0,-2.0,0800-0859,0.0,,0.0,95.0,92.0,75.0,1.0,472.0,2,,,0.0,,0.0,,,,0,,,,,,,,,,,,,,,,,,,,,,,,,,,,,,,,,,,,,,,,,,,,,N,4.0,8.0,7.0,7.0,2.0,4.0,34.0,40.0,7,8,3.0,1.0,35.0,41.0,2,2,0,0.0,0.0,N38417,N38417-UA-0,35.0,46.0,6.0,41.0,52.0,,,0.0,35,41,0.0,0.0
N38424,631.0,2019,2,5,2,4,2019-05-02,UA,UA,19977,UA,1758,,,,,UA,19977,UA,1758,10529,1052906,30529,BDL,"Hartford, CT",CT,9,Connecticut,11,11292,1129202,30325,DEN,"Denver, CO",CO,8,Colorado,82,615,16.0,16.0,1.0,1.0,0600-0659,12.0,643.0,838.0,6.0,836,844.0,8.0,8.0,0.0,0.0,0800-0859,0.0,,0.0,261.0,253.0,235.0,1.0,1671.0,7,,,0.0,,0.0,,,,0,,,,,,,,,,,,,,,,,,,,,,,,,,,,,,,,,,,,,,,,,,,,,N,0.0,8.0,6.0,8.0,2.0,3.0,26.0,43.0,6,8,1.0,2.0,25.0,42.0,8,8,0,0.0,0.0,N38424,N38424-UA-0,26.0,38.0,17.0,43.0,55.0,,,0.0,26,43,0.0,0.0
N38443,824.0,2019,2,5,2,4,2019-05-02,UA,UA,19977,UA,1964,,,,,UA,19977,UA,1964,12264,1226402,30852,IAD,"Washington, DC",VA,51,Virginia,38,14747,1474703,30559,SEA,"Seattle, WA",WA,53,Washington,93,830,-6.0,0.0,0.0,-1.0,0800-0859,25.0,849.0,1105.0,7.0,1114,1112.0,-2.0,0.0,0.0,-1.0,1100-1159,0.0,,0.0,344.0,348.0,316.0,1.0,2306.0,10,,,0.0,,0.0,,,,0,,,,,,,,,,,,,,,,,,,,,,,,,,,,,,,,,,,,,,,,,,,,,N,0.0,12.0,8.0,11.0,2.0,1.0,34.0,57.0,8,11,2.0,1.0,34.0,57.0,7,7,0,0.0,0.0,N38443,N38443-UA-0,34.0,46.0,23.0,57.0,69.0,,,0.0,34,57,0.0,0.0
N38446,612.0,2019,2,5,2,4,2019-05-02,UA,UA,19977,UA,452,,,,,UA,19977,UA,452,14771,1477104,32457,SFO,"San Francisco, CA",CA,6,California,91,11292,1129202,30325,DEN,"Denver, CO",CO,8,Colorado,82,615,-3.0,0.0,0.0,-1.0,0600-0659,16.0,628.0,927.0,10.0,951,937.0,-14.0,0.0,0.0,-1.0,0900-0959,0.0,,0.0,156.0,145.0,119.0,1.0,967.0,4,,,0.0,,0.0,,,,0,,,,,,,,,,,,,,,,,,,,,,,,,,,,,,,,,,,,,,,,,,,,,N,12.0,8.0,6.0,9.0,1.0,2.0,37.0,46.0,6,9,1.0,3.0,37.0,47.0,7,7,0,0.0,0.0,N38446,N38446-UA-0,37.0,49.0,9.0,46.0,58.0,,,0.0,37,46,0.0,0.0
N38451,824.0,2019,2,5,2,4,2019-05-02,UA,UA,19977,UA,2415,,,,,UA,19977,UA,2415,11618,1161802,31703,EWR,"Newark, NJ",NJ,34,New Jersey,21,14057,1405702,34057,PDX,"Portland, OR",OR,41,Oregon,92,830,-6.0,0.0,0.0,-1.0,0800-0859,31.0,855.0,1123.0,5.0,1132,1128.0,-4.0,0.0,0.0,-1.0,1100-1159,0.0,,0.0,362.0,364.0,328.0,1.0,2434.0,10,,,0.0,,0.0,,,,0,,,,,,,,,,,,,,,,,,,,,,,,,,,,,,,,,,,,,,,,,,,,,N,0.0,12.0,8.0,11.0,2.0,2.0,34.0,58.0,8,11,2.0,2.0,34.0,58.0,7,7,0,0.0,0.0,N38451,N38451-UA-0,34.0,46.0,24.0,58.0,70.0,,,0.0,34,58,0.0,0.0
N38458,553.0,2019,2,5,2,4,2019-05-02,UA,UA,19977,UA,1078,,,,,UA,19977,UA,1078,10721,1072102,30721,BOS,"Boston, MA",MA,25,Massachusetts,13,11618,1161802,31703,EWR,"Newark, NJ",NJ,34,New Jersey,21,600,-7.0,0.0,0.0,-1.0,0600-0659,19.0,612.0,705.0,5.0,726,710.0,-16.0,0.0,0.0,-2.0,0700-0759,0.0,,0.0,86.0,77.0,53.0,1.0,200.0,1,,,0.0,,0.0,,,,0,,,,,,,,,,,,,,,,,,,,,,,,,,,,,,,,,,,,,,,,,,,,,N,0.0,0.0,5.0,7.0,4.0,1.0,24.0,29.0,6,7,0.0,2.0,24.0,30.0,8,8,0,1.0,1.0,N38458,N38458-UA-0,24.0,36.0,5.0,29.0,41.0,,,0.0,24,29,0.0,0.0
N38458,820.0,2019,2,5,2,4,2019-05-02,UA,UA,19977,UA,1174,,,,,UA,19977,UA,1174,11618,1161802,31703,EWR,"Newark, NJ",NJ,34,New Jersey,21,12889,1288903,32211,LAS,"Las Vegas, NV",NV,32,Nevada,85,830,-10.0,0.0,0.0,-1.0,0800-0859,18.0,838.0,1049.0,5.0,1103,1054.0,-9.0,0.0,0.0,-1.0,1100-1159,0.0,,0.0,333.0,334.0,311.0,1.0,2227.0,9,,,0.0,,0.0,,,,0,,,,,,,,,,,,,,,,,,,,,,,,,,,,,,,,,,,,,,,,,,,,,N,0.0,12.0,8.0,10.0,1.0,4.0,33.0,56.0,8,11,2.0,0.0,34.0,56.0,4,4,1,1.0,0.0,N38458,N38458-UA-1,34.0,45.0,23.0,57.0,68.0,29.0,4.0,0.0,34,57,0.0,0.0
N38459,610.0,2019,2,5,2,4,2019-05-02,UA,UA,19977,UA,1753,,,,,UA,19977,UA,1753,11618,1161802,31703,EWR,"Newark, NJ",NJ,34,New Jersey,21,12889,1288903,32211,LAS,"Las Vegas, NV",NV,32,Nevada,85,615,-5.0,0.0,0.0,-1.0,0600-0659,28.0,638.0,837.0,6.0,843,843.0,0.0,0.0,0.0,0.0,0800-0859,0.0,,0.0,328.0,333.0,299.0,1.0,2227.0,9,,,0.0,,0.0,,,,0,,,,,,,,,,,,,,,,,,,,,,,,,,,,,,,,,,,,,,,,,,,,,N,0.0,12.0,6.0,8.0,1.0,3.0,25.0,47.0,6,8,1.0,3.0,25.0,47.0,1,1,0,0.0,0.0,N38459,N38459-UA-0,25.0,37.0,22.0,47.0,59.0,,,0.0,26,48,1.0,1.22
N38467,556.0,2019,2,5,2,4,2019-05-02,UA,UA,19977,UA,1155,,,,,UA,19977,UA,1155,13930,1393007,30977,ORD,"Chicago, IL",IL,17,Illinois,41,10397,1039707,30397,ATL,"Atlanta, GA",GA,13,Georgia,34,600,-4.0,0.0,0.0,-1.0,0600-0659,21.0,617.0,842.0,9.0,855,851.0,-4.0,0.0,0.0,-1.0,0800-0859,0.0,,0.0,115.0,115.0,85.0,1.0,606.0,3,,,0.0,,0.0,,,,0,,,,,,,,,,,,,,,,,,,,,,,,,,,,,,,,,,,,,,,,,,,,,N,4.0,0.0,5.0,8.0,4.0,3.0,28.0,35.0,6,8,0.0,4.0,28.0,36.0,7,7,0,1.0,1.0,N38467,N38467-UA-0,28.0,40.0,7.0,35.0,47.0,,,0.0,28,35,0.0,0.0
N38467,943.0,2019,2,5,2,4,2019-05-02,UA,UA,19977,UA,778,,,,,UA,19977,UA,778,10397,1039707,30397,ATL,"Atlanta, GA",GA,13,Georgia,34,12264,1226402,30852,IAD,"Washington, DC",VA,51,Virginia,38,950,-7.0,0.0,0.0,-1.0,0900-0959,26.0,1009.0,1123.0,5.0,1137,1128.0,-9.0,0.0,0.0,-1.0,1100-1159,0.0,,0.0,107.0,105.0,74.0,1.0,534.0,3,,,0.0,,0.0,,,,0,,,,,,,,,,,,,,,,,,,,,,,,,,,,,,,,,,,,,,,,,,,,,N,0.0,0.0,9.0,11.0,3.0,2.0,39.0,46.0,9,11,3.0,2.0,39.0,46.0,3,3,1,1.0,0.0,N38467,N38467-UA-1,39.0,51.0,7.0,46.0,58.0,35.0,4.0,0.0,39,46,0.0,0.0
N38473,556.0,2019,2,5,2,4,2019-05-02,UA,UA,19977,UA,1965,,,,,UA,19977,UA,1965,15304,1530402,33195,TPA,"Tampa, FL",FL,12,Florida,33,11618,1161802,31703,EWR,"Newark, NJ",NJ,34,New Jersey,21,600,-4.0,0.0,0.0,-1.0,0600-0659,10.0,606.0,815.0,5.0,838,820.0,-18.0,0.0,0.0,-2.0,0800-0859,0.0,,0.0,158.0,144.0,129.0,1.0,997.0,4,,,0.0,,0.0,,,,0,,,,,,,,,,,,,,,,,,,,,,,,,,,,,,,,,,,,,,,,,,,,,N,0.0,0.0,5.0,8.0,4.0,1.0,24.0,33.0,6,8,0.0,3.0,24.0,35.0,7,7,0,0.0,0.0,N38473,N38473-UA-0,24.0,36.0,9.0,33.0,45.0,,,0.0,24,33,0.0,0.0
N38479,929.0,2019,2,5,2,4,2019-05-02,UA,UA,19977,UA,776,,,,,UA,19977,UA,776,11042,1104205,30647,CLE,"Cleveland, OH",OH,39,Ohio,44,13930,1393007,30977,ORD,"Chicago, IL",IL,17,Illinois,41,830,59.0,59.0,1.0,3.0,0800-0859,14.0,943.0,945.0,13.0,903,958.0,55.0,55.0,1.0,3.0,0900-0959,0.0,,0.0,93.0,89.0,62.0,1.0,315.0,2,0.0,0.0,43.0,0.0,12.0,,,,0,,,,,,,,,,,,,,,,,,,,,,,,,,,,,,,,,,,,,,,,,,,,,N,0.0,4.0,9.0,9.0,2.0,4.0,38.0,44.0,8,9,2.0,0.0,34.0,40.0,1,1,0,0.0,0.0,N38479,N38479-UA-0,34.0,50.0,6.0,40.0,56.0,,,4.0,34,43,3.0,5.18
N384AA,812.0,2019,2,5,2,4,2019-05-02,AA,AA,19805,AA,496,,,,,AA,19805,AA,496,14100,1410005,34100,PHL,"Philadelphia, PA",PA,42,Pennsylvania,23,12889,1288903,32211,LAS,"Las Vegas, NV",NV,32,Nevada,85,815,-3.0,0.0,0.0,-1.0,0800-0859,36.0,848.0,1115.0,18.0,1051,1133.0,42.0,42.0,1.0,2.0,1000-1059,0.0,,0.0,336.0,381.0,327.0,1.0,2176.0,9,0.0,0.0,42.0,0.0,0.0,,,,0,,,,,,,,,,,,,,,,,,,,,,,,,,,,,,,,,,,,,,,,,,,,,N,0.0,12.0,8.0,11.0,1.0,2.0,33.0,58.0,8,10,1.0,3.0,33.0,55.0,2,2,0,0.0,0.0,N384AA,N384AA-AA-0,33.0,45.0,25.0,58.0,70.0,,,3.0,33,58,0.0,0.0
N384DA,639.0,2019,2,5,2,4,2019-05-02,DL,DL,19790,DL,2178,,,,,DL,19790,DL,2178,13495,1349505,33495,MSY,"New Orleans, LA",LA,22,Louisiana,72,12892,1289208,32575,LAX,"Los Angeles, CA",CA,6,California,91,640,-1.0,0.0,0.0,-1.0,0600-0659,11.0,650.0,848.0,20.0,855,908.0,13.0,13.0,0.0,0.0,0800-0859,0.0,,0.0,255.0,269.0,238.0,1.0,1670.0,7,,,0.0,,0.0,,,,0,,,,,,,,,,,,,,,,,,,,,,,,,,,,,,,,,,,,,,,,,,,,,N,4.0,12.0,6.0,9.0,3.0,1.0,31.0,49.0,6,8,3.0,4.0,31.0,48.0,1,1,0,0.0,0.0,N384DA,N384DA-DL-0,31.0,43.0,18.0,49.0,61.0,,,0.0,31,56,7.0,17.08
N385AM,808.0,2019,2,5,2,4,2019-05-02,AA,AA,19805,AA,2234,,,,,AA,19805,AA,2234,12478,1247805,31703,JFK,"New York, NY",NY,36,New York,22,11298,1129806,30194,DFW,"Dallas/Fort Worth, TX",TX,48,Texas,74,810,-2.0,0.0,0.0,-1.0,0800-0859,24.0,832.0,1129.0,30.0,1118,1159.0,41.0,41.0,1.0,2.0,1100-1159,0.0,,0.0,248.0,291.0,237.0,1.0,1391.0,6,0.0,0.0,41.0,0.0,0.0,,,,0,,,,,,,,,,,,,,,,,,,,,,,,,,,,,,,,,,,,,,,,,,,,,N,0.0,4.0,8.0,11.0,1.0,4.0,33.0,52.0,8,11,1.0,1.0,33.0,49.0,8,8,0,0.0,0.0,N385AM,N385AM-AA-0,33.0,45.0,19.0,52.0,64.0,,,3.0,33,52,0.0,0.0
N385DN,733.0,2019,2,5,2,4,2019-05-02,DL,DL,19790,DL,1673,,,,,DL,19790,DL,1673,14524,1452401,34524,RIC,"Richmond, VA",VA,51,Virginia,38,10397,1039707,30397,ATL,"Atlanta, GA",GA,13,Georgia,34,740,-7.0,0.0,0.0,-1.0,0700-0759,10.0,743.0,902.0,9.0,926,911.0,-15.0,0.0,0.0,-1.0,0900-0959,0.0,,0.0,106.0,98.0,79.0,1.0,481.0,2,,,0.0,,0.0,,,,0,,,,,,,,,,,,,,,,,,,,,,,,,,,,,,,,,,,,,,,,,,,,,N,0.0,0.0,7.0,9.0,2.0,1.0,30.0,37.0,7,9,3.0,2.0,31.0,38.0,2,2,0,0.0,0.0,N385DN,N385DN-DL-0,31.0,42.0,7.0,38.0,49.0,,,0.0,31,38,0.0,0.0
N387DA,740.0,2019,2,5,2,4,2019-05-02,DL,DL,19790,DL,2107,,,,,DL,19790,DL,2107,11057,1105703,31057,CLT,"Charlotte, NC",NC,37,North Carolina,36,14869,1486903,34614,SLC,"Salt Lake City, UT",UT,49,Utah,87,743,-3.0,0.0,0.0,-1.0,0700-0759,15.0,755.0,1000.0,5.0,1014,1005.0,-9.0,0.0,0.0,-1.0,1000-1059,0.0,,0.0,271.0,265.0,245.0,1.0,1727.0,7,,,0.0,,0.0,,,,0,,,,,,,,,,,,,,,,,,,,,,,,,,,,,,,,,,,,,,,,,,,,,N,0.0,8.0,7.0,10.0,3.0,0.0,31.0,48.0,7,10,3.0,1.0,31.0,49.0,2,2,0,0.0,0.0,N387DA,N387DA-DL-0,31.0,43.0,17.0,48.0,60.0,,,0.0,31,48,0.0,0.0
N388DA,755.0,2019,2,5,2,4,2019-05-02,DL,DL,19790,DL,1965,,,,,DL,19790,DL,1965,12953,1295304,31703,LGA,"New York, NY",NY,36,New York,22,11292,1129202,30325,DEN,"Denver, CO",CO,8,Colorado,82,800,-5.0,0.0,0.0,-1.0,0800-0859,36.0,831.0,1031.0,8.0,1031,1039.0,8.0,8.0,0.0,0.0,1000-1059,0.0,,0.0,271.0,284.0,240.0,1.0,1620.0,7,,,0.0,,0.0,,,,0,,,,,,,,,,,,,,,,,,,,,,,,,,,,,,,,,,,,,,,,,,,,,N,0.0,8.0,7.0,10.0,4.0,3.0,32.0,51.0,8,10,0.0,2.0,32.0,50.0,1,1,0,0.0,0.0,N388DA,N388DA-DL-0,32.0,44.0,19.0,51.0,63.0,,,0.0,38,57,6.0,15.64
N389DA,702.0,2019,2,5,2,4,2019-05-02,DL,DL,19790,DL,2885,,,,,DL,19790,DL,2885,10423,1042302,30423,AUS,"Austin, TX",TX,48,Texas,74,14747,1474703,30559,SEA,"Seattle, WA",WA,53,Washington,93,640,22.0,22.0,1.0,1.0,0600-0659,16.0,718.0,919.0,6.0,859,925.0,26.0,26.0,1.0,1.0,0800-0859,0.0,,0.0,259.0,263.0,241.0,1.0,1770.0,8,22.0,0.0,4.0,0.0,0.0,,,,0,,,,,,,,,,,,,,,,,,,,,,,,,,,,,,,,,,,,,,,,,,,,,N,4.0,12.0,7.0,9.0,0.0,2.0,32.0,50.0,6,8,3.0,4.0,31.0,48.0,4,4,0,0.0,0.0,N389DA,N389DA-DL-0,32.0,44.0,18.0,50.0,62.0,,,0.0,32,50,0.0,0.0
N390DA,947.0,2019,2,5,2,4,2019-05-02,DL,DL,19790,DL,810,,,,,DL,19790,DL,810,11193,1119302,33105,CVG,"Cincinnati, OH",KY,21,Kentucky,52,11697,1169706,32467,FLL,"Fort Lauderdale, FL",FL,12,Florida,33,810,97.0,97.0,1.0,6.0,0800-0859,14.0,1001.0,1207.0,5.0,1040,1212.0,92.0,92.0,1.0,6.0,1000-1059,0.0,,0.0,150.0,145.0,126.0,1.0,932.0,4,92.0,0.0,0.0,0.0,0.0,802.0,23.0,23.0,0,,,,,,,,,,,,,,,,,,,,,,,,,,,,,,,,,,,,,,,,,,,,,N,0.0,0.0,9.0,12.0,3.0,1.0,39.0,49.0,8,10,1.0,3.0,33.0,43.0,4,4,0,0.0,0.0,N390DA,N390DA-DL-0,39.0,51.0,10.0,49.0,61.0,,,0.0,39,49,0.0,0.0
N391CA,710.0,2019,2,5,2,4,2019-05-02,DL,DL_CODESHARE,19790,DL,3315,,,,,9E,20363,9E,3315,11624,1162403,31624,EYW,"Key West, FL",FL,12,Florida,33,10397,1039707,30397,ATL,"Atlanta, GA",GA,13,Georgia,34,715,-5.0,0.0,0.0,-1.0,0700-0759,11.0,721.0,851.0,10.0,922,901.0,-21.0,0.0,0.0,-2.0,0900-0959,0.0,,0.0,127.0,111.0,90.0,1.0,646.0,3,,,0.0,,0.0,,,,0,,,,,,,,,,,,,,,,,,,,,,,,,,,,,,,,,,,,,,,,,,,,,N,0.0,0.0,7.0,9.0,1.0,0.0,29.0,36.0,7,9,1.0,1.0,29.0,37.0,4,4,0,0.0,0.0,N391CA,N391CA-DL-0,29.0,41.0,7.0,36.0,48.0,,,0.0,29,36,0.0,0.0
N39297,727.0,2019,2,5,2,4,2019-05-02,UA,UA,19977,UA,408,,,,,UA,19977,UA,408,12266,1226603,31453,IAH,"Houston, TX",TX,48,Texas,74,11618,1161802,31703,EWR,"Newark, NJ",NJ,34,New Jersey,21,730,-3.0,0.0,0.0,-1.0,0700-0759,17.0,744.0,1145.0,7.0,1153,1152.0,-1.0,0.0,0.0,-1.0,1100-1159,0.0,,0.0,203.0,205.0,181.0,1.0,1400.0,6,,,0.0,,0.0,,,,0,,,,,,,,,,,,,,,,,,,,,,,,,,,,,,,,,,,,,,,,,,,,,N,4.0,0.0,7.0,11.0,2.0,3.0,34.0,47.0,7,11,2.0,4.0,34.0,48.0,1,1,0,0.0,0.0,N39297,N39297-UA-0,34.0,46.0,13.0,47.0,59.0,,,0.0,34,47,0.0,0.0
N392AN,934.0,2019,2,5,2,4,2019-05-02,AA,AA,19805,AA,1533,,,,,AA,19805,AA,1533,14100,1410005,34100,PHL,"Philadelphia, PA",PA,42,Pennsylvania,23,13303,1330303,32467,MIA,"Miami, FL",FL,12,Florida,33,900,34.0,34.0,1.0,2.0,0900-0959,18.0,952.0,1205.0,10.0,1210,1215.0,5.0,5.0,0.0,0.0,1200-1259,0.0,,0.0,190.0,161.0,133.0,1.0,1013.0,5,,,0.0,,0.0,,,,0,,,,,,,,,,,,,,,,,,,,,,,,,,,,,,,,,,,,,,,,,,,,,N,0.0,0.0,9.0,12.0,2.0,1.0,38.0,49.0,9,12,0.0,1.0,36.0,49.0,6,6,0,0.0,0.0,N392AN,N392AN-AA-0,38.0,50.0,11.0,49.0,61.0,,,0.0,38,49,0.0,0.0
N392DA,657.0,2019,2,5,2,4,2019-05-02,DL,DL,19790,DL,733,,,,,DL,19790,DL,733,13204,1320402,31454,MCO,"Orlando, FL",FL,12,Florida,33,11193,1119302,33105,CVG,"Cincinnati, OH",KY,21,Kentucky,52,700,-3.0,0.0,0.0,-1.0,0700-0759,16.0,713.0,857.0,3.0,912,900.0,-12.0,0.0,0.0,-1.0,0900-0959,0.0,,0.0,132.0,123.0,104.0,1.0,757.0,4,,,0.0,,0.0,,,,0,,,,,,,,,,,,,,,,,,,,,,,,,,,,,,,,,,,,,,,,,,,,,N,0.0,0.0,6.0,9.0,4.0,0.0,28.0,36.0,7,9,0.0,1.0,28.0,37.0,7,7,0,0.0,0.0,N392DA,N392DA-DL-0,28.0,40.0,8.0,36.0,48.0,,,0.0,28,36,0.0,0.0
N393DA,634.0,2019,2,5,2,4,2019-05-02,DL,DL,19790,DL,2423,,,,,DL,19790,DL,2423,11066,1106606,31066,CMH,"Columbus, OH",OH,39,Ohio,44,13487,1348702,31650,MSP,"Minneapolis, MN",MN,27,Minnesota,63,640,-6.0,0.0,0.0,-1.0,0600-0659,15.0,649.0,719.0,6.0,743,725.0,-18.0,0.0,0.0,-2.0,0700-0759,0.0,,0.0,123.0,111.0,90.0,1.0,626.0,3,,,0.0,,0.0,,,,0,,,,,,,,,,,,,,,,,,,,,,,,,,,,,,,,,,,,,,,,,,,,,N,0.0,4.0,6.0,7.0,2.0,2.0,26.0,34.0,6,7,3.0,3.0,27.0,35.0,6,6,0,0.0,0.0,N393DA,N393DA-DL-0,27.0,38.0,8.0,35.0,46.0,,,0.0,27,35,0.0,0.0
N39416,554.0,2019,2,5,2,4,2019-05-02,UA,UA,19977,UA,2353,,,,,UA,19977,UA,2353,12892,1289208,32575,LAX,"Los Angeles, CA",CA,6,California,91,12266,1226603,31453,IAH,"Houston, TX",TX,48,Texas,74,600,-6.0,0.0,0.0,-1.0,0600-0659,14.0,608.0,1048.0,6.0,1114,1054.0,-20.0,0.0,0.0,-2.0,1100-1159,0.0,,0.0,194.0,180.0,160.0,1.0,1379.0,6,,,0.0,,0.0,,,,0,,,,,,,,,,,,,,,,,,,,,,,,,,,,,,,,,,,,,,,,,,,,,N,12.0,4.0,5.0,10.0,4.0,4.0,36.0,48.0,6,11,0.0,1.0,36.0,49.0,4,4,0,0.0,0.0,N39416,N39416-UA-0,36.0,48.0,12.0,48.0,60.0,,,0.0,36,48,0.0,0.0
N39450,847.0,2019,2,5,2,4,2019-05-02,UA,UA,19977,UA,1853,,,,,UA,19977,UA,1853,11697,1169706,32467,FLL,"Fort Lauderdale, FL",FL,12,Florida,33,12264,1226402,30852,IAD,"Washington, DC",VA,51,Virginia,38,855,-8.0,0.0,0.0,-1.0,0800-0859,16.0,903.0,1105.0,7.0,1124,1112.0,-12.0,0.0,0.0,-1.0,1100-1159,0.0,,0.0,149.0,145.0,122.0,1.0,901.0,4,,,0.0,,0.0,,,,0,,,,,,,,,,,,,,,,,,,,,,,,,,,,,,,,,,,,,,,,,,,,,N,0.0,0.0,8.0,11.0,3.0,1.0,35.0,45.0,8,11,4.0,2.0,36.0,46.0,5,5,0,0.0,0.0,N39450,N39450-UA-0,36.0,47.0,10.0,46.0,57.0,,,0.0,36,46,0.0,0.0
N39461,753.0,2019,2,5,2,4,2019-05-02,UA,UA,19977,UA,1845,,,,,UA,19977,UA,1845,14576,1457606,34576,ROC,"Rochester, NY",NY,36,New York,22,13930,1393007,30977,ORD,"Chicago, IL",IL,17,Illinois,41,800,-7.0,0.0,0.0,-1.0,0800-0859,26.0,819.0,849.0,19.0,857,908.0,11.0,11.0,0.0,0.0,0800-0859,0.0,,0.0,117.0,135.0,90.0,1.0,528.0,3,,,0.0,,0.0,,,,0,,,,,,,,,,,,,,,,,,,,,,,,,,,,,,,,,,,,,,,,,,,,,N,0.0,4.0,7.0,9.0,4.0,1.0,32.0,41.0,8,8,0.0,4.0,32.0,40.0,4,4,0,0.0,0.0,N39461,N39461-UA-0,32.0,44.0,9.0,41.0,53.0,,,0.0,32,41,0.0,0.0
N39463,846.0,2019,2,5,2,4,2019-05-02,UA,UA,19977,UA,843,,,,,UA,19977,UA,843,11298,1129806,30194,DFW,"Dallas/Fort Worth, TX",TX,48,Texas,74,12266,1226603,31453,IAH,"Houston, TX",TX,48,Texas,74,715,91.0,91.0,1.0,6.0,0700-0759,23.0,909.0,952.0,8.0,828,1000.0,92.0,92.0,1.0,6.0,0800-0859,0.0,,0.0,73.0,74.0,43.0,1.0,224.0,1,0.0,0.0,1.0,0.0,91.0,,,,0,,,,,,,,,,,,,,,,,,,,,,,,,,,,,,,,,,,,,,,,,,,,,N,4.0,4.0,8.0,10.0,3.0,0.0,39.0,44.0,7,8,1.0,2.0,33.0,38.0,7,7,0,0.0,0.0,N39463,N39463-UA-0,33.0,51.0,5.0,38.0,56.0,,,6.0,37,42,4.0,32.24
N394DL,931.0,2019,2,5,2,4,2019-05-02,DL,DL,19790,DL,197,,,,,DL,19790,DL,197,10397,1039707,30397,ATL,"Atlanta, GA",GA,13,Georgia,34,12892,1289208,32575,LAX,"Los Angeles, CA",CA,6,California,91,940,-9.0,0.0,0.0,-1.0,0900-0959,30.0,1001.0,1120.0,5.0,1130,1125.0,-5.0,0.0,0.0,-1.0,1100-1159,0.0,,0.0,290.0,294.0,259.0,1.0,1947.0,8,,,0.0,,0.0,,,,0,,,,,,,,,,,,,,,,,,,,,,,,,,,,,,,,,,,,,,,,,,,,,N,0.0,12.0,9.0,11.0,2.0,2.0,38.0,58.0,9,11,3.0,2.0,39.0,58.0,9,9,0,0.0,0.0,N394DL,N394DL-DL-0,39.0,50.0,20.0,59.0,70.0,,,0.0,39,59,0.0,0.0
N395DN,647.0,2019,2,5,2,4,2019-05-02,DL,DL,19790,DL,2919,,,,,DL,19790,DL,2919,13487,1348702,31650,MSP,"Minneapolis, MN",MN,27,Minnesota,63,15016,1501606,31123,STL,"St. Louis, MO",MO,29,Missouri,64,650,-3.0,0.0,0.0,-1.0,0600-0659,15.0,702.0,807.0,5.0,816,812.0,-4.0,0.0,0.0,-1.0,0800-0859,0.0,,0.0,86.0,85.0,65.0,1.0,448.0,2,,,0.0,,0.0,,,,0,,,,,,,,,,,,,,,,,,,,,,,,,,,,,,,,,,,,,,,,,,,,,N,4.0,4.0,6.0,8.0,3.0,1.0,31.0,37.0,6,8,3.0,1.0,31.0,37.0,6,6,0,0.0,0.0,N395DN,N395DN-DL-0,31.0,43.0,6.0,37.0,49.0,,,0.0,31,37,0.0,0.0
N39728,659.0,2019,2,5,2,4,2019-05-02,UA,UA,19977,UA,628,,,,,UA,19977,UA,628,12953,1295304,31703,LGA,"New York, NY",NY,36,New York,22,13930,1393007,30977,ORD,"Chicago, IL",IL,17,Illinois,41,700,-1.0,0.0,0.0,-1.0,0700-0759,21.0,720.0,824.0,14.0,837,838.0,1.0,1.0,0.0,0.0,0800-0859,0.0,,0.0,157.0,159.0,124.0,1.0,733.0,3,,,0.0,,0.0,,,,0,,,,,,,,,,,,,,,,,,,,,,,,,,,,,,,,,,,,,,,,,,,,,N,0.0,4.0,6.0,8.0,4.0,3.0,28.0,39.0,7,8,0.0,2.0,28.0,38.0,6,6,0,0.0,0.0,N39728,N39728-UA-0,28.0,40.0,11.0,39.0,51.0,,,0.0,31,42,3.0,20.06
N397AN,930.0,2019,2,5,2,4,2019-05-02,AA,AA,19805,AA,1091,,,,,AA,19805,AA,1091,14843,1484306,34819,SJU,"San Juan, PR",PR,72,Puerto Rico,3,13303,1330303,32467,MIA,"Miami, FL",FL,12,Florida,33,931,-1.0,0.0,0.0,-1.0,0900-0959,17.0,947.0,1211.0,8.0,1233,1219.0,-14.0,0.0,0.0,-1.0,1200-1259,0.0,,0.0,182.0,169.0,144.0,1.0,1045.0,5,,,0.0,,0.0,,,,0,,,,,,,,,,,,,,,,,,,,,,,,,,,,,,,,,,,,,,,,,,,,,N,-4.0,0.0,9.0,12.0,2.0,1.0,34.0,49.0,9,12,2.0,2.0,34.0,50.0,1,1,0,0.0,0.0,N397AN,N397AN-AA-0,34.0,46.0,15.0,49.0,61.0,,,0.0,34,49,0.0,0.0
N397DA,743.0,2019,2,5,2,4,2019-05-02,DL,DL,19790,DL,400,,,,,DL,19790,DL,400,10397,1039707,30397,ATL,"Atlanta, GA",GA,13,Georgia,34,11193,1119302,33105,CVG,"Cincinnati, OH",KY,21,Kentucky,52,748,-5.0,0.0,0.0,-1.0,0700-0759,8.0,751.0,853.0,5.0,910,858.0,-12.0,0.0,0.0,-1.0,0900-0959,0.0,,0.0,82.0,75.0,62.0,1.0,373.0,2,,,0.0,,0.0,,,,0,,,,,,,,,,,,,,,,,,,,,,,,,,,,,,,,,,,,,,,,,,,,,N,0.0,0.0,7.0,8.0,3.0,4.0,31.0,36.0,7,9,3.0,1.0,31.0,37.0,2,2,0,0.0,0.0,N397DA,N397DA-DL-0,31.0,43.0,5.0,36.0,48.0,,,0.0,31,36,0.0,0.0
N398AN,653.0,2019,2,5,2,4,2019-05-02,AA,AA,19805,AA,1571,,,,,AA,19805,AA,1571,13303,1330303,32467,MIA,"Miami, FL",FL,12,Florida,33,12478,1247805,31703,JFK,"New York, NY",NY,36,New York,22,656,-3.0,0.0,0.0,-1.0,0600-0659,23.0,716.0,937.0,9.0,957,946.0,-11.0,0.0,0.0,-1.0,0900-0959,0.0,,0.0,181.0,173.0,141.0,1.0,1089.0,5,,,0.0,,0.0,,,,0,,,,,,,,,,,,,,,,,,,,,,,,,,,,,,,,,,,,,,,,,,,,,N,0.0,0.0,6.0,9.0,4.0,3.0,28.0,39.0,6,9,4.0,4.0,28.0,40.0,8,8,0,0.0,0.0,N398AN,N398AN-AA-0,28.0,40.0,11.0,39.0,51.0,,,0.0,28,39,0.0,0.0
N398DA,746.0,2019,2,5,2,4,2019-05-02,DL,DL,19790,DL,1417,,,,,DL,19790,DL,1417,15323,1532305,35323,TRI,"Bristol/Johnson City/Kingsport, TN",TN,47,Tennessee,54,10397,1039707,30397,ATL,"Atlanta, GA",GA,13,Georgia,34,750,-4.0,0.0,0.0,-1.0,0700-0759,8.0,754.0,834.0,8.0,905,842.0,-23.0,0.0,0.0,-2.0,0900-0959,0.0,,0.0,75.0,56.0,40.0,1.0,227.0,1,,,0.0,,0.0,,,,0,,,,,,,,,,,,,,,,,,,,,,,,,,,,,,,,,,,,,,,,,,,,,N,0.0,0.0,7.0,8.0,3.0,3.0,31.0,35.0,7,9,3.0,0.0,31.0,36.0,9,9,0,0.0,0.0,N398DA,N398DA-DL-0,31.0,43.0,4.0,35.0,47.0,,,0.0,31,35,0.0,0.0
N4005X,636.0,2019,2,5,2,4,2019-05-02,AA,AA,19805,AA,1090,,,,,AA,19805,AA,1090,15370,1537002,34653,TUL,"Tulsa, OK",OK,40,Oklahoma,73,11298,1129806,30194,DFW,"Dallas/Fort Worth, TX",TX,48,Texas,74,640,-4.0,0.0,0.0,-1.0,0600-0659,15.0,651.0,739.0,16.0,804,755.0,-9.0,0.0,0.0,-1.0,0800-0859,0.0,,0.0,84.0,79.0,48.0,1.0,237.0,1,,,0.0,,0.0,,,,0,,,,,,,,,,,,,,,,,,,,,,,,,,,,,,,,,,,,,,,,,,,,,N,4.0,4.0,6.0,7.0,2.0,4.0,30.0,36.0,6,8,3.0,0.0,31.0,36.0,1,1,0,0.0,0.0,N4005X,N4005X-AA-0,31.0,42.0,6.0,37.0,48.0,,,0.0,31,37,0.0,0.0
N400WN,611.0,2019,2,5,2,4,2019-05-02,WN,WN,19393,WN,1745,,,,,WN,19393,WN,1745,11986,1198603,31986,GRR,"Grand Rapids, MI",MI,26,Michigan,43,11292,1129202,30325,DEN,"Denver, CO",CO,8,Colorado,82,610,1.0,1.0,0.0,0.0,0600-0659,13.0,624.0,711.0,7.0,655,718.0,23.0,23.0,1.0,1.0,0600-0659,0.0,,0.0,165.0,187.0,167.0,1.0,1015.0,5,0.0,0.0,23.0,0.0,0.0,,,,0,,,,,,,,,,,,,,,,,,,,,,,,,,,,,,,,,,,,,,,,,,,,,N,0.0,8.0,6.0,7.0,1.0,1.0,25.0,37.0,6,6,1.0,4.0,25.0,36.0,9,9,0,1.0,1.0,N400WN,N400WN-WN-0,25.0,37.0,12.0,37.0,49.0,,,2.0,25,37,0.0,0.0
N400WN,748.0,2019,2,5,2,4,2019-05-02,WN,WN,19393,WN,1745,,,,,WN,19393,WN,1745,11292,1129202,30325,DEN,"Denver, CO",CO,8,Colorado,82,10423,1042302,30423,AUS,"Austin, TX",TX,48,Texas,74,735,13.0,13.0,0.0,0.0,0700-0759,15.0,803.0,1048.0,4.0,1045,1052.0,7.0,7.0,0.0,0.0,1000-1059,0.0,,0.0,130.0,124.0,105.0,1.0,775.0,4,,,0.0,,0.0,,,,0,,,,,,,,,,,,,,,,,,,,,,,,,,,,,,,,,,,,,,,,,,,,,N,8.0,4.0,7.0,10.0,3.0,3.0,39.0,47.0,7,10,2.0,3.0,38.0,47.0,9,9,1,1.0,0.0,N400WN,N400WN-WN-1,39.0,51.0,8.0,47.0,59.0,37.0,2.0,0.0,39,47,0.0,0.0
N401UA,743.0,2019,2,5,2,4,2019-05-02,UA,UA,19977,UA,581,,,,,UA,19977,UA,581,11618,1161802,31703,EWR,"Newark, NJ",NJ,34,New Jersey,21,14107,1410702,30466,PHX,"Phoenix, AZ",AZ,4,Arizona,81,745,-2.0,0.0,0.0,-1.0,0700-0759,23.0,806.0,1013.0,6.0,1011,1019.0,8.0,8.0,0.0,0.0,1000-1059,0.0,,0.0,326.0,336.0,307.0,1.0,2133.0,9,,,0.0,,0.0,,,,0,,,,,,,,,,,,,,,,,,,,,,,,,,,,,,,,,,,,,,,,,,,,,N,0.0,8.0,7.0,10.0,3.0,1.0,31.0,49.0,7,10,3.0,1.0,31.0,49.0,9,9,0,0.0,0.0,N401UA,N401UA-UA-0,31.0,43.0,18.0,49.0,61.0,,,0.0,31,49,0.0,0.0
N401WN,615.0,2019,2,5,2,4,2019-05-02,WN,WN,19393,WN,985,,,,,WN,19393,WN,985,13487,1348702,31650,MSP,"Minneapolis, MN",MN,27,Minnesota,63,15016,1501606,31123,STL,"St. Louis, MO",MO,29,Missouri,64,620,-5.0,0.0,0.0,-1.0,0600-0659,9.0,624.0,740.0,4.0,745,744.0,-1.0,0.0,0.0,-1.0,0700-0759,0.0,,0.0,85.0,89.0,76.0,1.0,448.0,2,,,0.0,,0.0,,,,0,,,,,,,,,,,,,,,,,,,,,,,,,,,,,,,,,,,,,,,,,,,,,N,4.0,4.0,6.0,7.0,1.0,3.0,29.0,35.0,6,7,1.0,3.0,29.0,35.0,6,6,0,1.0,1.0,N401WN,N401WN-WN-0,29.0,41.0,6.0,35.0,47.0,,,0.0,29,35,0.0,0.0
N401WN,844.0,2019,2,5,2,4,2019-05-02,WN,WN,19393,WN,985,,,,,WN,19393,WN,985,15016,1501606,31123,STL,"St. Louis, MO",MO,29,Missouri,64,10397,1039707,30397,ATL,"Atlanta, GA",GA,13,Georgia,34,825,19.0,19.0,1.0,1.0,0800-0859,13.0,857.0,1121.0,8.0,1055,1129.0,34.0,34.0,1.0,2.0,1000-1059,0.0,,0.0,90.0,105.0,84.0,1.0,484.0,2,19.0,0.0,15.0,0.0,0.0,,,,0,,,,,,,,,,,,,,,,,,,,,,,,,,,,,,,,,,,,,,,,,,,,,N,4.0,0.0,8.0,11.0,3.0,2.0,39.0,46.0,8,10,2.0,4.0,38.0,44.0,8,8,1,1.0,0.0,N401WN,N401WN-WN-1,38.0,51.0,7.0,45.0,58.0,35.0,4.0,1.0,38,45,0.0,0.0
N401YX,656.0,2019,2,5,2,4,2019-05-02,AA,AA_CODESHARE,19805,AA,4513,,,,,YX,20452,YX,4513,12339,1233904,32337,IND,"Indianapolis, IN",IN,18,Indiana,42,13303,1330303,32467,MIA,"Miami, FL",FL,12,Florida,33,655,1.0,1.0,0.0,0.0,0600-0659,26.0,722.0,940.0,5.0,944,945.0,1.0,1.0,0.0,0.0,0900-0959,0.0,,0.0,169.0,169.0,138.0,1.0,1020.0,5,,,0.0,,0.0,,,,0,,,,,,,,,,,,,,,,,,,,,,,,,,,,,,,,,,,,,,,,,,,,,N,0.0,0.0,6.0,9.0,4.0,3.0,28.0,39.0,6,9,4.0,3.0,28.0,39.0,1,1,0,0.0,0.0,N401YX,N401YX-AA-0,28.0,40.0,11.0,39.0,51.0,,,0.0,28,39,0.0,0.0
N402QX,556.0,2019,2,5,2,4,2019-05-02,AS,AS_CODESHARE,19930,AS,2341,,,,,QX,19687,QX,2341,13486,1348602,33486,MSO,"Missoula, MT",MT,30,Montana,84,14747,1474703,30559,SEA,"Seattle, WA",WA,53,Washington,93,600,-4.0,0.0,0.0,-1.0,0600-0659,10.0,606.0,623.0,8.0,635,631.0,-4.0,0.0,0.0,-1.0,0600-0659,0.0,,0.0,95.0,95.0,77.0,1.0,389.0,2,,,0.0,,0.0,,,,0,,,,,,,,,,,,,,,,,,,,,,,,,,,,,,,,,,,,,,,,,,,,,N,8.0,12.0,5.0,6.0,4.0,2.0,32.0,38.0,6,6,0.0,2.0,32.0,38.0,5,5,0,0.0,0.0,N402QX,N402QX-AS-0,32.0,44.0,6.0,38.0,50.0,,,0.0,32,38,0.0,0.0
N402UA,556.0,2019,2,5,2,4,2019-05-02,UA,UA,19977,UA,761,,,,,UA,19977,UA,761,12953,1295304,31703,LGA,"New York, NY",NY,36,New York,22,13930,1393007,30977,ORD,"Chicago, IL",IL,17,Illinois,41,600,-4.0,0.0,0.0,-1.0,0600-0659,35.0,631.0,728.0,14.0,723,742.0,19.0,19.0,1.0,1.0,0700-0759,0.0,,0.0,143.0,166.0,117.0,1.0,733.0,3,0.0,0.0,19.0,0.0,0.0,,,,0,,,,,,,,,,,,,,,,,,,,,,,,,,,,,,,,,,,,,,,,,,,,,N,0.0,4.0,5.0,7.0,4.0,3.0,24.0,35.0,6,7,0.0,2.0,24.0,34.0,4,4,0,1.0,1.0,N402UA,N402UA-UA-0,24.0,36.0,11.0,35.0,47.0,,,1.0,24,35,0.0,0.0
N402UA,821.0,2019,2,5,2,4,2019-05-02,UA,UA,19977,UA,2347,,,,,UA,19977,UA,2347,13930,1393007,30977,ORD,"Chicago, IL",IL,17,Illinois,41,11298,1129806,30194,DFW,"Dallas/Fort Worth, TX",TX,48,Texas,74,804,17.0,17.0,1.0,1.0,0800-0859,26.0,847.0,1124.0,18.0,1037,1142.0,65.0,65.0,1.0,4.0,1000-1059,0.0,,0.0,153.0,201.0,157.0,1.0,801.0,4,0.0,0.0,48.0,0.0,17.0,,,,0,,,,,,,,,,,,,,,,,,,,,,,,,,,,,,,,,,,,,,,,,,,,,N,4.0,4.0,8.0,11.0,1.0,3.0,37.0,51.0,8,10,0.0,2.0,36.0,46.0,2,2,1,1.0,0.0,N402UA,N402UA-UA-1,36.0,49.0,14.0,50.0,63.0,35.0,2.0,4.0,37,51,1.0,2.16
N402WN,556.0,2019,2,5,2,4,2019-05-02,WN,WN,19393,WN,2098,,,,,WN,19393,WN,2098,13232,1323202,30977,MDW,"Chicago, IL",IL,17,Illinois,41,13495,1349505,33495,MSY,"New Orleans, LA",LA,22,Louisiana,72,600,-4.0,0.0,0.0,-1.0,0600-0659,7.0,603.0,757.0,2.0,815,759.0,-16.0,0.0,0.0,-2.0,0800-0859,0.0,,0.0,135.0,123.0,114.0,1.0,825.0,4,,,0.0,,0.0,,,,0,,,,,,,,,,,,,,,,,,,,,,,,,,,,,,,,,,,,,,,,,,,,,N,4.0,4.0,5.0,7.0,4.0,4.0,28.0,36.0,6,8,0.0,1.0,28.0,37.0,7,7,0,1.0,1.0,N402WN,N402WN-WN-0,28.0,40.0,8.0,36.0,48.0,,,0.0,28,36,0.0,0.0
N402WN,842.0,2019,2,5,2,4,2019-05-02,WN,WN,19393,WN,2098,,,,,WN,19393,WN,2098,13495,1349505,33495,MSY,"New Orleans, LA",LA,22,Louisiana,72,11697,1169706,32467,FLL,"Fort Lauderdale, FL",FL,12,Florida,33,845,-3.0,0.0,0.0,-1.0,0800-0859,14.0,856.0,1126.0,4.0,1140,1130.0,-10.0,0.0,0.0,-1.0,1100-1159,0.0,,0.0,115.0,108.0,90.0,1.0,674.0,3,,,0.0,,0.0,,,,0,,,,,,,,,,,,,,,,,,,,,,,,,,,,,,,,,,,,,,,,,,,,,N,4.0,0.0,8.0,11.0,3.0,2.0,39.0,46.0,8,11,3.0,3.0,39.0,47.0,8,8,1,1.0,0.0,N402WN,N402WN-WN-1,39.0,51.0,7.0,46.0,58.0,36.0,3.0,0.0,39,46,0.0,0.0
N402YX,550.0,2019,2,5,2,4,2019-05-02,AA,AA_CODESHARE,19805,AA,4563,,,,,YX,20452,YX,4563,13303,1330303,32467,MIA,"Miami, FL",FL,12,Florida,33,12953,1295304,31703,LGA,"New York, NY",NY,36,New York,22,553,-3.0,0.0,0.0,-1.0,0001-0559,15.0,605.0,840.0,15.0,900,855.0,-5.0,0.0,0.0,-1.0,0900-0959,0.0,,0.0,187.0,185.0,155.0,1.0,1096.0,5,,,0.0,,0.0,,,,0,,,,,,,,,,,,,,,,,,,,,,,,,,,,,,,,,,,,,,,,,,,,,N,0.0,0.0,5.0,8.0,3.0,4.0,23.0,36.0,5,9,4.0,0.0,24.0,36.0,6,6,0,1.0,1.0,N402YX,N402YX-AA-0,24.0,35.0,13.0,37.0,48.0,,,0.0,24,37,0.0,0.0
N402YX,936.0,2019,2,5,2,4,2019-05-02,AA,AA_CODESHARE,19805,AA,4528,,,,,YX,20452,YX,4528,12953,1295304,31703,LGA,"New York, NY",NY,36,New York,22,11066,1106606,31066,CMH,"Columbus, OH",OH,39,Ohio,44,946,-10.0,0.0,0.0,-1.0,0900-0959,34.0,1010.0,1126.0,5.0,1146,1131.0,-15.0,0.0,0.0,-1.0,1100-1159,0.0,,0.0,120.0,115.0,76.0,1.0,479.0,2,,,0.0,,0.0,,,,0,,,,,,,,,,,,,,,,,,,,,,,,,,,,,,,,,,,,,,,,,,,,,N,0.0,0.0,9.0,11.0,2.0,2.0,38.0,46.0,9,11,3.0,3.0,39.0,47.0,9,9,1,1.0,0.0,N402YX,N402YX-AA-1,39.0,50.0,8.0,47.0,58.0,36.0,2.0,0.0,39,47,0.0,0.0
N403AS,852.0,2019,2,5,2,4,2019-05-02,AS,AS,19930,AS,349,,,,,AS,19930,AS,349,12478,1247805,31703,JFK,"New York, NY",NY,36,New York,22,14747,1474703,30559,SEA,"Seattle, WA",WA,53,Washington,93,900,-8.0,0.0,0.0,-1.0,0900-0959,34.0,926.0,1152.0,9.0,1220,1201.0,-19.0,0.0,0.0,-2.0,1200-1259,0.0,,0.0,380.0,369.0,326.0,1.0,2422.0,10,,,0.0,,0.0,,,,0,,,,,,,,,,,,,,,,,,,,,,,,,,,,,,,,,,,,,,,,,,,,,N,0.0,12.0,8.0,12.0,3.0,0.0,35.0,60.0,9,12,0.0,1.0,36.0,61.0,9,9,0,0.0,0.0,N403AS,N403AS-AS-0,36.0,47.0,25.0,61.0,72.0,,,0.0,36,61,0.0,0.0
N403UA,726.0,2019,2,5,2,4,2019-05-02,UA,UA,19977,UA,1464,,,,,UA,19977,UA,1464,13931,1393102,33667,ORF,"Norfolk, VA",VA,51,Virginia,38,13930,1393007,30977,ORD,"Chicago, IL",IL,17,Illinois,41,730,-4.0,0.0,0.0,-1.0,0700-0759,10.0,736.0,828.0,11.0,855,839.0,-16.0,0.0,0.0,-2.0,0800-0859,0.0,,0.0,145.0,133.0,112.0,1.0,717.0,3,,,0.0,,0.0,,,,0,,,,,,,,,,,,,,,,,,,,,,,,,,,,,,,,,,,,,,,,,,,,,N,0.0,4.0,7.0,8.0,2.0,3.0,30.0,39.0,7,8,2.0,4.0,30.0,40.0,1,1,0,0.0,0.0,N403UA,N403UA-UA-0,30.0,42.0,9.0,39.0,51.0,,,0.0,30,47,8.0,25.14
N403WN,651.0,2019,2,5,2,4,2019-05-02,WN,WN,19393,WN,1452,,,,,WN,19393,WN,1452,13198,1319801,33198,MCI,"Kansas City, MO",MO,29,Missouri,64,10397,1039707,30397,ATL,"Atlanta, GA",GA,13,Georgia,34,650,1.0,1.0,0.0,0.0,0600-0659,6.0,657.0,952.0,9.0,945,1001.0,16.0,16.0,1.0,1.0,0900-0959,0.0,,0.0,115.0,130.0,115.0,1.0,692.0,3,0.0,0.0,16.0,0.0,0.0,,,,0,,,,,,,,,,,,,,,,,,,,,,,,,,,,,,,,,,,,,,,,,,,,,N,4.0,0.0,6.0,10.0,3.0,0.0,31.0,40.0,6,9,3.0,3.0,31.0,39.0,3,3,0,0.0,0.0,N403WN,N403WN-WN-0,31.0,43.0,9.0,40.0,52.0,,,1.0,31,40,0.0,0.0
N403YX,550.0,2019,2,5,2,4,2019-05-02,AA,AA_CODESHARE,19805,AA,4315,,,,,YX,20452,YX,4315,12953,1295304,31703,LGA,"New York, NY",NY,36,New York,22,11278,1127805,30852,DCA,"Washington, DC",VA,51,Virginia,38,600,-10.0,0.0,0.0,-1.0,0600-0659,26.0,616.0,700.0,5.0,721,705.0,-16.0,0.0,0.0,-2.0,0700-0759,0.0,,0.0,81.0,75.0,44.0,1.0,214.0,1,,,0.0,,0.0,,,,0,,,,,,,,,,,,,,,,,,,,,,,,,,,,,,,,,,,,,,,,,,,,,N,0.0,0.0,5.0,7.0,3.0,0.0,23.0,28.0,6,7,0.0,1.0,24.0,29.0,3,3,0,1.0,1.0,N403YX,N403YX-AA-0,24.0,35.0,5.0,29.0,40.0,,,0.0,24,29,0.0,0.0
N403YX,750.0,2019,2,5,2,4,2019-05-02,AA,AA_CODESHARE,19805,AA,4315,,,,,YX,20452,YX,4315,11278,1127805,30852,DCA,"Washington, DC",VA,51,Virginia,38,12953,1295304,31703,LGA,"New York, NY",NY,36,New York,22,800,-10.0,0.0,0.0,-1.0,0800-0859,24.0,814.0,857.0,9.0,923,906.0,-17.0,0.0,0.0,-2.0,0900-0959,0.0,,0.0,83.0,76.0,43.0,1.0,214.0,1,,,0.0,,0.0,,,,0,,,,,,,,,,,,,,,,,,,,,,,,,,,,,,,,,,,,,,,,,,,,,N,0.0,0.0,7.0,9.0,3.0,0.0,31.0,36.0,8,9,0.0,2.0,32.0,38.0,4,4,1,1.0,0.0,N403YX,N403YX-AA-1,32.0,43.0,5.0,37.0,48.0,28.0,3.0,0.0,32,37,0.0,0.0
N404SY,708.0,2019,2,5,2,4,2019-05-02,AS,AS_CODESHARE,19930,AS,3386,,,,,OO,20304,OO,3386,13198,1319801,33198,MCI,"Kansas City, MO",MO,29,Missouri,64,14679,1467903,33570,SAN,"San Diego, CA",CA,6,California,91,715,-7.0,0.0,0.0,-1.0,0700-0759,15.0,723.0,835.0,3.0,855,838.0,-17.0,0.0,0.0,-2.0,0800-0859,0.0,,0.0,220.0,210.0,192.0,1.0,1334.0,6,,,0.0,,0.0,,,,0,,,,,,,,,,,,,,,,,,,,,,,,,,,,,,,,,,,,,,,,,,,,,N,4.0,12.0,7.0,8.0,1.0,3.0,33.0,47.0,7,8,1.0,4.0,33.0,48.0,5,5,0,0.0,0.0,N404SY,N404SY-AS-0,33.0,45.0,14.0,47.0,59.0,,,0.0,33,47,0.0,0.0
N404UA,11.0,2019,2,5,2,4,2019-05-02,UA,UA,19977,UA,910,,,,,UA,19977,UA,910,12892,1289208,32575,LAX,"Los Angeles, CA",CA,6,California,91,13930,1393007,30977,ORD,"Chicago, IL",IL,17,Illinois,41,18,-7.0,0.0,0.0,-1.0,0001-0559,17.0,28.0,551.0,11.0,622,602.0,-20.0,0.0,0.0,-2.0,0600-0659,0.0,,0.0,244.0,231.0,203.0,1.0,1744.0,7,,,0.0,,0.0,,,,0,,,,,,,,,,,,,,,,,,,,,,,,,,,,,,,,,,,,,,,,,,,,,N,12.0,4.0,0.0,6.0,1.0,0.0,13.0,28.0,0,6,1.0,1.0,13.0,29.0,9,9,0,1.0,1.0,N404UA,N404UA-UA-0,13.0,25.0,15.0,28.0,40.0,,,0.0,13,28,0.0,0.0
N404UA,642.0,2019,2,5,2,4,2019-05-02,UA,UA,19977,UA,2140,,,,,UA,19977,UA,2140,13930,1393007,30977,ORD,"Chicago, IL",IL,17,Illinois,41,12953,1295304,31703,LGA,"New York, NY",NY,36,New York,22,600,42.0,42.0,1.0,2.0,0600-0659,30.0,712.0,951.0,4.0,909,955.0,46.0,46.0,1.0,3.0,0900-0959,0.0,,0.0,129.0,133.0,99.0,1.0,733.0,3,0.0,0.0,4.0,0.0,42.0,,,,0,,,,,,,,,,,,,,,,,,,,,,,,,,,,,,,,,,,,,,,,,,,,,N,4.0,0.0,6.0,9.0,3.0,4.0,31.0,40.0,6,9,0.0,1.0,28.0,37.0,9,9,1,1.0,0.0,N404UA,N404UA-UA-1,28.0,43.0,9.0,37.0,52.0,28.0,3.0,3.0,28,37,0.0,0.0
N404WN,638.0,2019,2,5,2,4,2019-05-02,WN,WN,19393,WN,1550,,,,,WN,19393,WN,1550,13296,1329604,30721,MHT,"Manchester, NH",NH,33,New Hampshire,14,13232,1323202,30977,MDW,"Chicago, IL",IL,17,Illinois,41,600,38.0,38.0,1.0,2.0,0600-0659,8.0,646.0,753.0,3.0,730,756.0,26.0,26.0,1.0,1.0,0700-0759,0.0,,0.0,150.0,138.0,127.0,1.0,838.0,4,26.0,0.0,0.0,0.0,0.0,,,,0,,,,,,,,,,,,,,,,,,,,,,,,,,,,,,,,,,,,,,,,,,,,,N,0.0,4.0,6.0,7.0,3.0,4.0,27.0,36.0,6,7,0.0,2.0,24.0,34.0,5,5,0,1.0,1.0,N404WN,N404WN-WN-0,27.0,39.0,9.0,36.0,48.0,,,0.0,27,36,0.0,0.0
N404WN,851.0,2019,2,5,2,4,2019-05-02,WN,WN,19393,WN,1172,,,,,WN,19393,WN,1172,13232,1323202,30977,MDW,"Chicago, IL",IL,17,Illinois,41,11986,1198603,31986,GRR,"Grand Rapids, MI",MI,26,Michigan,43,835,16.0,16.0,1.0,1.0,0800-0859,11.0,902.0,1027.0,4.0,1030,1031.0,1.0,1.0,0.0,0.0,1000-1059,0.0,,0.0,55.0,40.0,25.0,1.0,137.0,1,,,0.0,,0.0,,,,0,,,,,,,,,,,,,,,,,,,,,,,,,,,,,,,,,,,,,,,,,,,,,N,4.0,0.0,8.0,10.0,3.0,2.0,39.0,42.0,8,10,2.0,2.0,38.0,42.0,3,3,1,1.0,0.0,N404WN,N404WN-WN-1,39.0,51.0,3.0,42.0,54.0,36.0,3.0,0.0,40,43,1.0,3.18
N405AW,924.0,2019,2,5,2,4,2019-05-02,UA,UA_CODESHARE,19977,UA,3891,,,,,ZW,20046,ZW,3891,11267,1126702,31267,DAY,"Dayton, OH",OH,39,Ohio,44,13930,1393007,30977,ORD,"Chicago, IL",IL,17,Illinois,41,840,44.0,44.0,1.0,2.0,0800-0859,19.0,943.0,932.0,7.0,915,939.0,24.0,24.0,1.0,1.0,0900-0959,0.0,,0.0,95.0,75.0,49.0,1.0,240.0,1,0.0,0.0,24.0,0.0,0.0,,,,0,,,,,,,,,,,,,,,,,,,,,,,,,,,,,,,,,,,,,,,,,,,,,N,0.0,4.0,9.0,9.0,2.0,3.0,38.0,43.0,8,9,3.0,1.0,35.0,41.0,3,3,0,0.0,0.0,N405AW,N405AW-UA-0,36.0,50.0,5.0,41.0,55.0,,,2.0,36,41,0.0,0.0
N405QX,555.0,2019,2,5,2,4,2019-05-02,AS,AS_CODESHARE,19930,AS,2023,,,,,QX,19687,QX,2023,10713,1071302,30713,BOI,"Boise, ID",ID,16,Idaho,83,14747,1474703,30559,SEA,"Seattle, WA",WA,53,Washington,93,600,-5.0,0.0,0.0,-1.0,0600-0659,8.0,603.0,626.0,5.0,640,631.0,-9.0,0.0,0.0,-1.0,0600-0659,0.0,,0.0,100.0,96.0,83.0,1.0,399.0,2,,,0.0,,0.0,,,,0,,,,,,,,,,,,,,,,,,,,,,,,,,,,,,,,,,,,,,,,,,,,,N,8.0,12.0,5.0,6.0,4.0,2.0,32.0,38.0,6,6,0.0,3.0,32.0,39.0,4,4,0,0.0,0.0,N405QX,N405QX-AS-0,32.0,44.0,6.0,38.0,50.0,,,0.0,32,38,0.0,0.0
N405UA,635.0,2019,2,5,2,4,2019-05-02,UA,UA,19977,UA,2273,,,,,UA,19977,UA,2273,13931,1393102,33667,ORF,"Norfolk, VA",VA,51,Virginia,38,11292,1129202,30325,DEN,"Denver, CO",CO,8,Colorado,82,640,-5.0,0.0,0.0,-1.0,0600-0659,15.0,650.0,831.0,7.0,845,838.0,-7.0,0.0,0.0,-1.0,0800-0859,0.0,,0.0,245.0,243.0,221.0,1.0,1553.0,7,,,0.0,,0.0,,,,0,,,,,,,,,,,,,,,,,,,,,,,,,,,,,,,,,,,,,,,,,,,,,N,0.0,8.0,6.0,8.0,2.0,3.0,26.0,43.0,6,8,3.0,3.0,27.0,43.0,5,5,0,0.0,0.0,N405UA,N405UA-UA-0,27.0,38.0,17.0,44.0,55.0,,,0.0,27,44,0.0,0.0
N405WN,602.0,2019,2,5,2,4,2019-05-02,WN,WN,19393,WN,1015,,,,,WN,19393,WN,1015,14524,1452401,34524,RIC,"Richmond, VA",VA,51,Virginia,38,10397,1039707,30397,ATL,"Atlanta, GA",GA,13,Georgia,34,605,-3.0,0.0,0.0,-1.0,0600-0659,14.0,616.0,735.0,5.0,750,740.0,-10.0,0.0,0.0,-1.0,0700-0759,0.0,,0.0,105.0,98.0,79.0,1.0,481.0,2,,,0.0,,0.0,,,,0,,,,,,,,,,,,,,,,,,,,,,,,,,,,,,,,,,,,,,,,,,,,,N,0.0,0.0,6.0,7.0,0.0,3.0,24.0,31.0,6,7,0.0,3.0,24.0,31.0,4,4,0,1.0,1.0,N405WN,N405WN-WN-0,24.0,36.0,7.0,31.0,43.0,,,0.0,24,31,0.0,0.0
N405WN,921.0,2019,2,5,2,4,2019-05-02,WN,WN,19393,WN,1016,,,,,WN,19393,WN,1016,10397,1039707,30397,ATL,"Atlanta, GA",GA,13,Georgia,34,14100,1410005,34100,PHL,"Philadelphia, PA",PA,42,Pennsylvania,23,835,46.0,46.0,1.0,3.0,0800-0859,8.0,929.0,1102.0,4.0,1040,1106.0,26.0,26.0,1.0,1.0,1000-1059,0.0,,0.0,125.0,105.0,93.0,1.0,666.0,3,0.0,0.0,26.0,0.0,0.0,,,,0,,,,,,,,,,,,,,,,,,,,,,,,,,,,,,,,,,,,,,,,,,,,,N,0.0,0.0,9.0,11.0,1.0,0.0,37.0,44.0,8,10,2.0,3.0,34.0,43.0,9,9,1,1.0,0.0,N405WN,N405WN-WN-1,35.0,49.0,7.0,42.0,56.0,31.0,6.0,2.0,35,42,0.0,0.0
N405YX,614.0,2019,2,5,2,4,2019-05-02,AA,AA_CODESHARE,19805,AA,4631,,,,,YX,20452,YX,4631,10792,1079206,30792,BUF,"Buffalo, NY",NY,36,New York,22,11278,1127805,30852,DCA,"Washington, DC",VA,51,Virginia,38,621,-7.0,0.0,0.0,-1.0,0600-0659,11.0,625.0,720.0,5.0,750,725.0,-25.0,0.0,0.0,-2.0,0700-0759,0.0,,0.0,89.0,71.0,55.0,1.0,296.0,2,,,0.0,,0.0,,,,0,,,,,,,,,,,,,,,,,,,,,,,,,,,,,,,,,,,,,,,,,,,,,N,0.0,0.0,6.0,7.0,1.0,2.0,25.0,30.0,6,7,1.0,3.0,25.0,31.0,2,2,0,1.0,1.0,N405YX,N405YX-AA-0,25.0,37.0,5.0,30.0,42.0,,,0.0,25,30,0.0,0.0
N405YX,830.0,2019,2,5,2,4,2019-05-02,AA,AA_CODESHARE,19805,AA,4531,,,,,YX,20452,YX,4531,11278,1127805,30852,DCA,"Washington, DC",VA,51,Virginia,38,11624,1162403,31624,EYW,"Key West, FL",FL,12,Florida,33,830,0.0,0.0,0.0,0.0,0800-0859,46.0,916.0,1135.0,4.0,1127,1139.0,12.0,12.0,0.0,0.0,1100-1159,0.0,,0.0,177.0,189.0,139.0,1.0,1023.0,5,,,0.0,,0.0,,,,0,,,,,,,,,,,,,,,,,,,,,,,,,,,,,,,,,,,,,,,,,,,,,N,0.0,0.0,8.0,11.0,2.0,3.0,34.0,47.0,8,11,2.0,2.0,34.0,46.0,6,6,1,1.0,0.0,N405YX,N405YX-AA-1,34.0,46.0,13.0,47.0,59.0,30.0,4.0,0.0,34,47,0.0,0.0
N406UA,743.0,2019,2,5,2,4,2019-05-02,UA,UA,19977,UA,347,,,,,UA,19977,UA,347,11292,1129202,30325,DEN,"Denver, CO",CO,8,Colorado,82,12953,1295304,31703,LGA,"New York, NY",NY,36,New York,22,750,-7.0,0.0,0.0,-1.0,0700-0759,11.0,754.0,1258.0,6.0,1330,1304.0,-26.0,0.0,0.0,-2.0,1300-1359,0.0,,0.0,220.0,201.0,184.0,1.0,1620.0,7,,,0.0,,0.0,,,,0,,,,,,,,,,,,,,,,,,,,,,,,,,,,,,,,,,,,,,,,,,,,,N,8.0,0.0,7.0,13.0,3.0,0.0,39.0,52.0,7,13,3.0,2.0,39.0,54.0,5,5,0,0.0,0.0,N406UA,N406UA-UA-0,39.0,51.0,13.0,52.0,64.0,,,0.0,39,52,0.0,0.0
N406YX,556.0,2019,2,5,2,4,2019-05-02,AA,AA_CODESHARE,19805,AA,4420,,,,,YX,20452,YX,4420,11066,1106606,31066,CMH,"Columbus, OH",OH,39,Ohio,44,14100,1410005,34100,PHL,"Philadelphia, PA",PA,42,Pennsylvania,23,559,-3.0,0.0,0.0,-1.0,0001-0559,11.0,607.0,736.0,6.0,735,742.0,7.0,7.0,0.0,0.0,0700-0759,0.0,,0.0,96.0,106.0,89.0,1.0,406.0,2,,,0.0,,0.0,,,,0,,,,,,,,,,,,,,,,,,,,,,,,,,,,,,,,,,,,,,,,,,,,,N,0.0,0.0,5.0,7.0,4.0,3.0,24.0,31.0,5,7,4.0,2.0,24.0,30.0,5,5,0,1.0,1.0,N406YX,N406YX-AA-0,24.0,36.0,7.0,31.0,43.0,,,0.0,24,31,0.0,0.0
N406YX,828.0,2019,2,5,2,4,2019-05-02,AA,AA_CODESHARE,19805,AA,4438,,,,,YX,20452,YX,4438,14100,1410005,34100,PHL,"Philadelphia, PA",PA,42,Pennsylvania,23,11042,1104205,30647,CLE,"Cleveland, OH",OH,39,Ohio,44,835,-7.0,0.0,0.0,-1.0,0800-0859,58.0,926.0,1035.0,4.0,1022,1039.0,17.0,17.0,1.0,1.0,1000-1059,0.0,,0.0,107.0,131.0,69.0,1.0,363.0,2,0.0,0.0,17.0,0.0,0.0,,,,0,,,,,,,,,,,,,,,,,,,,,,,,,,,,,,,,,,,,,,,,,,,,,N,0.0,0.0,8.0,10.0,2.0,3.0,34.0,43.0,8,10,2.0,1.0,34.0,41.0,7,7,1,1.0,0.0,N406YX,N406YX-AA-1,34.0,46.0,9.0,43.0,55.0,31.0,3.0,1.0,34,43,0.0,0.0
N407AS,653.0,2019,2,5,2,4,2019-05-02,AS,AS,19930,AS,85,,,,,AS,19930,AS,85,10397,1039707,30397,ATL,"Atlanta, GA",GA,13,Georgia,34,14747,1474703,30559,SEA,"Seattle, WA",WA,53,Washington,93,625,28.0,28.0,1.0,1.0,0600-0659,15.0,708.0,921.0,7.0,855,928.0,33.0,33.0,1.0,2.0,0800-0859,0.0,,0.0,330.0,335.0,313.0,1.0,2182.0,9,0.0,0.0,5.0,0.0,28.0,,,,0,,,,,,,,,,,,,,,,,,,,,,,,,,,,,,,,,,,,,,,,,,,,,N,0.0,12.0,6.0,9.0,4.0,2.0,28.0,50.0,6,8,2.0,4.0,26.0,48.0,1,1,0,0.0,0.0,N407AS,N407AS-AS-0,26.0,40.0,22.0,48.0,62.0,,,2.0,26,48,0.0,0.0
N407UA,634.0,2019,2,5,2,4,2019-05-02,UA,UA,19977,UA,1131,,,,,UA,19977,UA,1131,14107,1410702,30466,PHX,"Phoenix, AZ",AZ,4,Arizona,81,12266,1226603,31453,IAH,"Houston, TX",TX,48,Texas,74,630,4.0,4.0,0.0,0.0,0600-0659,31.0,705.0,1103.0,13.0,1058,1116.0,18.0,18.0,1.0,1.0,1000-1059,0.0,,0.0,148.0,162.0,118.0,1.0,1009.0,5,0.0,0.0,18.0,0.0,0.0,,,,0,,,,,,,,,,,,,,,,,,,,,,,,,,,,,,,,,,,,,,,,,,,,,N,8.0,4.0,6.0,11.0,2.0,1.0,34.0,49.0,6,10,2.0,4.0,34.0,48.0,1,1,0,0.0,0.0,N407UA,N407UA-UA-0,34.0,46.0,15.0,49.0,61.0,,,1.0,34,51,2.0,2.88
N407YX,656.0,2019,2,5,2,4,2019-05-02,AA,AA_CODESHARE,19805,AA,4650,,,,,YX,20452,YX,4650,12953,1295304,31703,LGA,"New York, NY",NY,36,New York,22,10693,1069302,30693,BNA,"Nashville, TN",TN,47,Tennessee,54,659,-3.0,0.0,0.0,-1.0,0600-0659,26.0,722.0,812.0,7.0,837,819.0,-18.0,0.0,0.0,-2.0,0800-0859,0.0,,0.0,158.0,143.0,110.0,1.0,764.0,4,,,0.0,,0.0,,,,0,,,,,,,,,,,,,,,,,,,,,,,,,,,,,,,,,,,,,,,,,,,,,N,0.0,4.0,6.0,8.0,4.0,1.0,28.0,37.0,6,8,4.0,2.0,28.0,38.0,7,7,0,0.0,0.0,N407YX,N407YX-AA-0,28.0,40.0,9.0,37.0,49.0,,,0.0,28,37,0.0,0.0
N408AW,933.0,2019,2,5,2,4,2019-05-02,UA,UA_CODESHARE,19977,UA,3811,,,,,ZW,20046,ZW,3811,11267,1126702,31267,DAY,"Dayton, OH",OH,39,Ohio,44,12264,1226402,30852,IAD,"Washington, DC",VA,51,Virginia,38,945,-12.0,0.0,0.0,-1.0,0900-0959,44.0,1017.0,1114.0,9.0,1110,1123.0,13.0,13.0,0.0,0.0,1100-1159,0.0,,0.0,85.0,110.0,57.0,1.0,368.0,2,,,0.0,,0.0,,,,0,,,,,,,,,,,,,,,,,,,,,,,,,,,,,,,,,,,,,,,,,,,,,N,0.0,0.0,9.0,11.0,2.0,2.0,38.0,46.0,9,11,3.0,1.0,39.0,45.0,4,4,0,0.0,0.0,N408AW,N408AW-UA-0,39.0,50.0,8.0,47.0,58.0,,,0.0,39,48,1.0,4.18
N408WN,540.0,2019,2,5,2,4,2019-05-02,WN,WN,19393,WN,967,,,,,WN,19393,WN,967,12264,1226402,30852,IAD,"Washington, DC",VA,51,Virginia,38,11292,1129202,30325,DEN,"Denver, CO",CO,8,Colorado,82,540,0.0,0.0,0.0,0.0,0001-0559,11.0,551.0,737.0,4.0,730,741.0,11.0,11.0,0.0,0.0,0700-0759,0.0,,0.0,230.0,241.0,226.0,1.0,1452.0,6,,,0.0,,0.0,,,,0,,,,,,,,,,,,,,,,,,,,,,,,,,,,,,,,,,,,,,,,,,,,,N,0.0,8.0,5.0,7.0,3.0,3.0,23.0,39.0,5,7,3.0,2.0,23.0,38.0,6,6,0,0.0,0.0,N408WN,N408WN-WN-0,23.0,35.0,16.0,39.0,51.0,,,0.0,23,40,1.0,6.3
N408YX,638.0,2019,2,5,2,4,2019-05-02,AA,AA_CODESHARE,19805,AA,4706,,,,,YX,20452,YX,4706,13931,1393102,33667,ORF,"Norfolk, VA",VA,51,Virginia,38,13303,1330303,32467,MIA,"Miami, FL",FL,12,Florida,33,643,-5.0,0.0,0.0,-1.0,0600-0659,14.0,652.0,845.0,7.0,910,852.0,-18.0,0.0,0.0,-2.0,0900-0959,0.0,,0.0,147.0,134.0,113.0,1.0,802.0,4,,,0.0,,0.0,,,,0,,,,,,,,,,,,,,,,,,,,,,,,,,,,,,,,,,,,,,,,,,,,,N,0.0,0.0,6.0,8.0,3.0,3.0,27.0,35.0,6,9,3.0,1.0,27.0,37.0,1,1,0,0.0,0.0,N408YX,N408YX-AA-0,27.0,39.0,8.0,35.0,47.0,,,0.0,27,35,0.0,0.0
N409AS,529.0,2019,2,5,2,4,2019-05-02,AS,AS,19930,AS,126,,,,,AS,19930,AS,126,11630,1163002,31517,FAI,"Fairbanks, AK",AK,2,Alaska,1,14747,1474703,30559,SEA,"Seattle, WA",WA,53,Washington,93,530,-1.0,0.0,0.0,-1.0,0001-0559,10.0,539.0,933.0,23.0,1010,956.0,-14.0,0.0,0.0,-1.0,1000-1059,0.0,,0.0,220.0,207.0,174.0,1.0,1533.0,7,,,0.0,,0.0,,,,0,,,,,,,,,,,,,,,,,,,,,,,,,,,,,,,,,,,,,,,,,,,,,N,16.0,12.0,5.0,9.0,2.0,4.0,38.0,52.0,5,10,2.0,1.0,38.0,53.0,9,9,0,0.0,0.0,N409AS,N409AS-AS-0,38.0,50.0,14.0,52.0,64.0,,,0.0,38,52,0.0,0.0
N409UA,741.0,2019,2,5,2,4,2019-05-02,UA,UA,19977,UA,1185,,,,,UA,19977,UA,1185,12266,1226603,31453,IAH,"Houston, TX",TX,48,Texas,74,14747,1474703,30559,SEA,"Seattle, WA",WA,53,Washington,93,755,-14.0,0.0,0.0,-1.0,0700-0759,55.0,836.0,1051.0,4.0,1046,1055.0,9.0,9.0,0.0,0.0,1000-1059,0.0,,0.0,291.0,314.0,255.0,1.0,1874.0,8,,,0.0,,0.0,,,,0,,,,,,,,,,,,,,,,,,,,,,,,,,,,,,,,,,,,,,,,,,,,,N,4.0,12.0,7.0,10.0,3.0,4.0,35.0,56.0,7,10,4.0,3.0,36.0,55.0,6,6,0,0.0,0.0,N409UA,N409UA-UA-0,36.0,47.0,21.0,57.0,68.0,,,0.0,38,59,2.0,12.78
N409WN,528.0,2019,2,5,2,4,2019-05-02,WN,WN,19393,WN,1456,,,,,WN,19393,WN,1456,13796,1379608,32457,OAK,"Oakland, CA",CA,6,California,91,12889,1288903,32211,LAS,"Las Vegas, NV",NV,32,Nevada,85,530,-2.0,0.0,0.0,-1.0,0001-0559,13.0,541.0,644.0,5.0,700,649.0,-11.0,0.0,0.0,-1.0,0700-0759,0.0,,0.0,90.0,81.0,63.0,1.0,407.0,2,,,0.0,,0.0,,,,0,,,,,,,,,,,,,,,,,,,,,,,,,,,,,,,,,,,,,,,,,,,,,N,12.0,12.0,5.0,6.0,2.0,3.0,34.0,39.0,5,7,2.0,0.0,34.0,40.0,1,1,0,0.0,0.0,N409WN,N409WN-WN-0,34.0,46.0,5.0,39.0,51.0,,,0.0,34,42,3.0,5.1
N409YX,643.0,2019,2,5,2,4,2019-05-02,AA,AA_CODESHARE,19805,AA,4612,,,,,YX,20452,YX,4612,14122,1412202,30198,PIT,"Pittsburgh, PA",PA,42,Pennsylvania,23,13303,1330303,32467,MIA,"Miami, FL",FL,12,Florida,33,652,-9.0,0.0,0.0,-1.0,0600-0659,15.0,658.0,918.0,5.0,945,923.0,-22.0,0.0,0.0,-2.0,0900-0959,0.0,,0.0,173.0,160.0,140.0,1.0,1013.0,5,,,0.0,,0.0,,,,0,,,,,,,,,,,,,,,,,,,,,,,,,,,,,,,,,,,,,,,,,,,,,N,0.0,0.0,6.0,9.0,3.0,2.0,27.0,38.0,6,9,3.0,3.0,27.0,39.0,9,9,0,0.0,0.0,N409YX,N409YX-AA-0,27.0,39.0,11.0,38.0,50.0,,,0.0,27,38,0.0,0.0
N410AW,722.0,2019,2,5,2,4,2019-05-02,UA,UA_CODESHARE,19977,UA,3817,,,,,ZW,20046,ZW,3817,10434,1043405,30434,AVP,"Scranton/Wilkes-Barre, PA",PA,42,Pennsylvania,23,13930,1393007,30977,ORD,"Chicago, IL",IL,17,Illinois,41,730,-8.0,0.0,0.0,-1.0,0700-0759,11.0,733.0,817.0,15.0,856,832.0,-24.0,0.0,0.0,-2.0,0800-0859,0.0,,0.0,146.0,130.0,104.0,1.0,632.0,3,,,0.0,,0.0,,,,0,,,,,,,,,,,,,,,,,,,,,,,,,,,,,,,,,,,,,,,,,,,,,N,0.0,4.0,7.0,8.0,1.0,2.0,29.0,38.0,7,8,2.0,4.0,30.0,40.0,6,6,0,0.0,0.0,N410AW,N410AW-UA-0,30.0,41.0,9.0,39.0,50.0,,,0.0,30,39,0.0,0.0
N410UA,608.0,2019,2,5,2,4,2019-05-02,UA,UA,19977,UA,1872,,,,,UA,19977,UA,1872,15370,1537002,34653,TUL,"Tulsa, OK",OK,40,Oklahoma,73,11292,1129202,30325,DEN,"Denver, CO",CO,8,Colorado,82,610,-2.0,0.0,0.0,-1.0,0600-0659,18.0,626.0,647.0,7.0,658,654.0,-4.0,0.0,0.0,-1.0,0600-0659,0.0,,0.0,108.0,106.0,81.0,1.0,541.0,3,,,0.0,,0.0,,,,0,,,,,,,,,,,,,,,,,,,,,,,,,,,,,,,,,,,,,,,,,,,,,N,4.0,8.0,6.0,6.0,1.0,4.0,29.0,36.0,6,6,1.0,4.0,29.0,36.0,6,6,0,0.0,0.0,N410UA,N410UA-UA-0,29.0,41.0,7.0,36.0,48.0,,,0.0,29,36,0.0,0.0
N410YX,758.0,2019,2,5,2,4,2019-05-02,AA,AA_CODESHARE,19805,AA,4443,,,,,YX,20452,YX,4443,11057,1105703,31057,CLT,"Charlotte, NC",NC,37,North Carolina,36,10868,1086803,30868,CAE,"Columbia, SC",SC,45,South Carolina,37,800,-2.0,0.0,0.0,-1.0,0800-0859,26.0,824.0,848.0,4.0,857,852.0,-5.0,0.0,0.0,-1.0,0800-0859,0.0,,0.0,57.0,54.0,24.0,1.0,88.0,1,,,0.0,,0.0,,,,0,,,,,,,,,,,,,,,,,,,,,,,,,,,,,,,,,,,,,,,,,,,,,N,0.0,0.0,7.0,8.0,4.0,3.0,32.0,35.0,8,8,0.0,4.0,32.0,36.0,3,3,0,1.0,1.0,N410YX,N410YX-AA-0,32.0,44.0,3.0,35.0,47.0,,,0.0,32,35,0.0,0.0
N410YX,922.0,2019,2,5,2,4,2019-05-02,AA,AA_CODESHARE,19805,AA,4443,,,,,YX,20452,YX,4443,10868,1086803,30868,CAE,"Columbia, SC",SC,45,South Carolina,37,11057,1105703,31057,CLT,"Charlotte, NC",NC,37,North Carolina,36,927,-5.0,0.0,0.0,-1.0,0900-0959,19.0,941.0,1017.0,11.0,1037,1028.0,-9.0,0.0,0.0,-1.0,1000-1059,0.0,,0.0,70.0,66.0,36.0,1.0,88.0,1,,,0.0,,0.0,,,,0,,,,,,,,,,,,,,,,,,,,,,,,,,,,,,,,,,,,,,,,,,,,,N,0.0,0.0,9.0,10.0,1.0,2.0,37.0,42.0,9,10,2.0,2.0,38.0,42.0,6,6,1,1.0,0.0,N410YX,N410YX-AA-1,38.0,49.0,5.0,43.0,54.0,35.0,2.0,0.0,38,43,0.0,0.0
N41104,552.0,2019,2,5,2,4,2019-05-02,UA,UA_CODESHARE,19977,UA,4741,,,,,AX,20237,AX,4741,12389,1238902,32389,ISN,"Williston, ND",ND,38,North Dakota,66,11292,1129202,30325,DEN,"Denver, CO",CO,8,Colorado,82,600,-8.0,0.0,0.0,-1.0,0600-0659,62.0,654.0,726.0,10.0,715,736.0,21.0,21.0,1.0,1.0,0700-0759,0.0,,0.0,135.0,164.0,92.0,1.0,576.0,3,0.0,0.0,21.0,0.0,0.0,,,,0,,,,,,,,,,,,,,,,,,,,,,,,,,,,,,,,,,,,,,,,,,,,,N,4.0,8.0,5.0,7.0,3.0,2.0,27.0,38.0,6,7,0.0,1.0,28.0,37.0,3,3,0,1.0,1.0,N41104,N41104-UA-0,28.0,39.0,11.0,39.0,50.0,,,1.0,28,39,0.0,0.0
N41104,754.0,2019,2,5,2,4,2019-05-02,UA,UA_CODESHARE,19977,UA,4726,,,,,AX,20237,AX,4726,11292,1129202,30325,DEN,"Denver, CO",CO,8,Colorado,82,10620,1062003,30620,BIL,"Billings, MT",MT,30,Montana,84,751,3.0,3.0,0.0,0.0,0700-0759,26.0,820.0,927.0,5.0,932,932.0,0.0,0.0,0.0,0.0,0900-0959,0.0,,0.0,101.0,98.0,67.0,1.0,455.0,2,,,0.0,,0.0,,,,0,,,,,,,,,,,,,,,,,,,,,,,,,,,,,,,,,,,,,,,,,,,,,N,8.0,8.0,7.0,9.0,4.0,2.0,40.0,46.0,7,9,3.0,2.0,39.0,46.0,7,7,1,1.0,0.0,N41104,N41104-UA-1,40.0,52.0,6.0,46.0,58.0,38.0,2.0,0.0,41,47,1.0,7.28
N41140,732.0,2019,2,5,2,4,2019-05-02,UA,UA,19977,UA,686,,,,,UA,19977,UA,686,12266,1226603,31453,IAH,"Houston, TX",TX,48,Texas,74,13204,1320402,31454,MCO,"Orlando, FL",FL,12,Florida,33,735,-3.0,0.0,0.0,-1.0,0700-0759,16.0,748.0,1036.0,8.0,1052,1044.0,-8.0,0.0,0.0,-1.0,1000-1059,0.0,,0.0,137.0,132.0,108.0,1.0,854.0,4,,,0.0,,0.0,,,,0,,,,,,,,,,,,,,,,,,,,,,,,,,,,,,,,,,,,,,,,,,,,,N,4.0,0.0,7.0,10.0,2.0,3.0,34.0,43.0,7,10,2.0,3.0,34.0,43.0,2,2,0,0.0,0.0,N41140,N41140-UA-0,34.0,46.0,9.0,43.0,55.0,,,0.0,34,44,1.0,2.2
N411WN,556.0,2019,2,5,2,4,2019-05-02,WN,WN,19393,WN,1801,,,,,WN,19393,WN,1801,13198,1319801,33198,MCI,"Kansas City, MO",MO,29,Missouri,64,12953,1295304,31703,LGA,"New York, NY",NY,36,New York,22,600,-4.0,0.0,0.0,-1.0,0600-0659,16.0,612.0,934.0,9.0,945,943.0,-2.0,0.0,0.0,-1.0,0900-0959,0.0,,0.0,165.0,167.0,142.0,1.0,1107.0,5,,,0.0,,0.0,,,,0,,,,,,,,,,,,,,,,,,,,,,,,,,,,,,,,,,,,,,,,,,,,,N,4.0,0.0,5.0,9.0,4.0,3.0,28.0,39.0,6,9,0.0,3.0,28.0,39.0,6,6,0,0.0,0.0,N411WN,N411WN-WN-0,28.0,40.0,11.0,39.0,51.0,,,0.0,28,39,0.0,0.0
N411ZW,608.0,2019,2,5,2,4,2019-05-02,UA,UA_CODESHARE,19977,UA,3812,,,,,ZW,20046,ZW,3812,14574,1457405,34574,ROA,"Roanoke, VA",VA,51,Virginia,38,12264,1226402,30852,IAD,"Washington, DC",VA,51,Virginia,38,615,-7.0,0.0,0.0,-1.0,0600-0659,16.0,624.0,713.0,6.0,721,719.0,-2.0,0.0,0.0,-1.0,0700-0759,0.0,,0.0,66.0,71.0,49.0,1.0,177.0,1,,,0.0,,0.0,,,,0,,,,,,,,,,,,,,,,,,,,,,,,,,,,,,,,,,,,,,,,,,,,,N,0.0,0.0,6.0,7.0,1.0,1.0,25.0,29.0,6,7,1.0,1.0,25.0,29.0,9,9,0,1.0,1.0,N411ZW,N411ZW-UA-0,25.0,37.0,4.0,29.0,41.0,,,0.0,25,30,1.0,9.26
N411ZW,835.0,2019,2,5,2,4,2019-05-02,UA,UA_CODESHARE,19977,UA,4819,,,,,ZW,20046,ZW,4819,12264,1226402,30852,IAD,"Washington, DC",VA,51,Virginia,38,12945,1294503,32945,LEX,"Lexington, KY",KY,21,Kentucky,52,845,-10.0,0.0,0.0,-1.0,0800-0859,20.0,855.0,957.0,6.0,1025,1003.0,-22.0,0.0,0.0,-2.0,1000-1059,0.0,,0.0,100.0,88.0,62.0,1.0,392.0,2,,,0.0,,0.0,,,,0,,,,,,,,,,,,,,,,,,,,,,,,,,,,,,,,,,,,,,,,,,,,,N,0.0,0.0,8.0,10.0,2.0,0.0,34.0,40.0,8,10,3.0,2.0,35.0,42.0,9,9,1,1.0,0.0,N411ZW,N411ZW-UA-1,35.0,46.0,6.0,41.0,52.0,29.0,5.0,0.0,35,41,0.0,0.0
N412UA,719.0,2019,2,5,2,4,2019-05-02,UA,UA,19977,UA,500,,,,,UA,19977,UA,500,12339,1233904,32337,IND,"Indianapolis, IN",IN,18,Indiana,42,14771,1477104,32457,SFO,"San Francisco, CA",CA,6,California,91,719,0.0,0.0,0.0,0.0,0700-0759,17.0,736.0,915.0,14.0,913,929.0,16.0,16.0,1.0,1.0,0900-0959,0.0,,0.0,294.0,310.0,279.0,1.0,1943.0,8,0.0,0.0,16.0,0.0,0.0,,,,0,,,,,,,,,,,,,,,,,,,,,,,,,,,,,,,,,,,,,,,,,,,,,N,0.0,12.0,7.0,9.0,1.0,2.0,29.0,50.0,7,9,1.0,1.0,29.0,49.0,2,2,0,0.0,0.0,N412UA,N412UA-UA-0,29.0,41.0,21.0,50.0,62.0,,,1.0,29,53,3.0,8.3
N412YX,537.0,2019,2,5,2,4,2019-05-02,AA,AA_CODESHARE,19805,AA,4393,,,,,YX,20452,YX,4393,14321,1432105,34321,PWM,"Portland, ME",ME,23,Maine,12,14100,1410005,34100,PHL,"Philadelphia, PA",PA,42,Pennsylvania,23,545,-8.0,0.0,0.0,-1.0,0001-0559,16.0,553.0,729.0,8.0,730,737.0,7.0,7.0,0.0,0.0,0700-0759,0.0,,0.0,105.0,120.0,96.0,1.0,364.0,2,,,0.0,,0.0,,,,0,,,,,,,,,,,,,,,,,,,,,,,,,,,,,,,,,,,,,,,,,,,,,N,0.0,0.0,5.0,7.0,2.0,2.0,22.0,30.0,5,7,3.0,2.0,23.0,30.0,9,9,0,1.0,1.0,N412YX,N412YX-AA-0,23.0,34.0,8.0,31.0,42.0,,,0.0,23,31,0.0,0.0
N412YX,819.0,2019,2,5,2,4,2019-05-02,AA,AA_CODESHARE,19805,AA,4541,,,,,YX,20452,YX,4541,14100,1410005,34100,PHL,"Philadelphia, PA",PA,42,Pennsylvania,23,13198,1319801,33198,MCI,"Kansas City, MO",MO,29,Missouri,64,815,4.0,4.0,0.0,0.0,0800-0859,27.0,846.0,1026.0,13.0,1028,1039.0,11.0,11.0,0.0,0.0,1000-1059,0.0,,0.0,193.0,200.0,160.0,1.0,1038.0,5,,,0.0,,0.0,,,,0,,,,,,,,,,,,,,,,,,,,,,,,,,,,,,,,,,,,,,,,,,,,,N,0.0,4.0,8.0,10.0,1.0,3.0,33.0,47.0,8,10,1.0,2.0,33.0,46.0,5,5,1,1.0,0.0,N412YX,N412YX-AA-1,33.0,45.0,14.0,47.0,59.0,30.0,3.0,0.0,34,48,1.0,5.28
N413AW,730.0,2019,2,5,2,4,2019-05-02,UA,UA_CODESHARE,19977,UA,3890,,,,,ZW,20046,ZW,3890,11267,1126702,31267,DAY,"Dayton, OH",OH,39,Ohio,44,13930,1393007,30977,ORD,"Chicago, IL",IL,17,Illinois,41,740,-10.0,0.0,0.0,-1.0,0700-0759,20.0,750.0,745.0,13.0,815,758.0,-17.0,0.0,0.0,-2.0,0800-0859,0.0,,0.0,95.0,88.0,55.0,1.0,240.0,1,,,0.0,,0.0,,,,0,,,,,,,,,,,,,,,,,,,,,,,,,,,,,,,,,,,,,,,,,,,,,N,0.0,4.0,7.0,7.0,2.0,4.0,30.0,36.0,7,8,3.0,1.0,31.0,37.0,8,8,0,0.0,0.0,N413AW,N413AW-UA-0,31.0,42.0,6.0,37.0,48.0,,,0.0,31,37,0.0,0.0
N413WN,943.0,2019,2,5,2,4,2019-05-02,WN,WN,19393,WN,1927,,,,,WN,19393,WN,1927,12339,1233904,32337,IND,"Indianapolis, IN",IN,18,Indiana,42,13204,1320402,31454,MCO,"Orlando, FL",FL,12,Florida,33,950,-7.0,0.0,0.0,-1.0,0900-0959,9.0,952.0,1147.0,9.0,1205,1156.0,-9.0,0.0,0.0,-1.0,1200-1259,0.0,,0.0,135.0,133.0,115.0,1.0,829.0,4,,,0.0,,0.0,,,,0,,,,,,,,,,,,,,,,,,,,,,,,,,,,,,,,,,,,,,,,,,,,,N,0.0,0.0,9.0,11.0,3.0,4.0,39.0,48.0,9,12,3.0,0.0,39.0,48.0,6,6,0,0.0,0.0,N413WN,N413WN-WN-0,39.0,51.0,9.0,48.0,60.0,,,0.0,39,48,0.0,0.0
N413YX,504.0,2019,2,5,2,4,2019-05-02,AA,AA_CODESHARE,19805,AA,4514,,,,,YX,20452,YX,4514,13244,1324402,33244,MEM,"Memphis, TN",TN,47,Tennessee,54,13303,1330303,32467,MIA,"Miami, FL",FL,12,Florida,33,509,-5.0,0.0,0.0,-1.0,0001-0559,14.0,518.0,815.0,6.0,829,821.0,-8.0,0.0,0.0,-1.0,0800-0859,0.0,,0.0,140.0,137.0,117.0,1.0,859.0,4,,,0.0,,0.0,,,,0,,,,,,,,,,,,,,,,,,,,,,,,,,,,,,,,,,,,,,,,,,,,,N,4.0,0.0,5.0,8.0,0.0,1.0,24.0,33.0,5,8,1.0,2.0,25.0,34.0,4,4,0,1.0,1.0,N413YX,N413YX-AA-0,25.0,36.0,9.0,34.0,45.0,,,0.0,25,34,0.0,0.0
N413YX,908.0,2019,2,5,2,4,2019-05-02,AA,AA_CODESHARE,19805,AA,4495,,,,,YX,20452,YX,4495,13303,1330303,32467,MIA,"Miami, FL",FL,12,Florida,33,13931,1393102,33667,ORF,"Norfolk, VA",VA,51,Virginia,38,914,-6.0,0.0,0.0,-1.0,0900-0959,21.0,929.0,1118.0,5.0,1128,1123.0,-5.0,0.0,0.0,-1.0,1100-1159,0.0,,0.0,134.0,135.0,109.0,1.0,802.0,4,,,0.0,,0.0,,,,0,,,,,,,,,,,,,,,,,,,,,,,,,,,,,,,,,,,,,,,,,,,,,N,0.0,0.0,9.0,11.0,1.0,2.0,37.0,46.0,9,11,1.0,2.0,37.0,46.0,6,6,1,1.0,0.0,N413YX,N413YX-AA-1,37.0,49.0,9.0,46.0,58.0,33.0,4.0,0.0,38,47,1.0,6.26
N414YX,654.0,2019,2,5,2,4,2019-05-02,AA,AA_CODESHARE,19805,AA,4316,,,,,YX,20452,YX,4316,11278,1127805,30852,DCA,"Washington, DC",VA,51,Virginia,38,12953,1295304,31703,LGA,"New York, NY",NY,36,New York,22,700,-6.0,0.0,0.0,-1.0,0700-0759,27.0,721.0,812.0,5.0,822,817.0,-5.0,0.0,0.0,-1.0,0800-0859,0.0,,0.0,82.0,83.0,51.0,1.0,214.0,1,,,0.0,,0.0,,,,0,,,,,,,,,,,,,,,,,,,,,,,,,,,,,,,,,,,,,,,,,,,,,N,0.0,0.0,6.0,8.0,4.0,1.0,28.0,33.0,7,8,0.0,1.0,28.0,33.0,2,2,0,1.0,1.0,N414YX,N414YX-AA-0,28.0,40.0,5.0,33.0,45.0,,,0.0,28,33,0.0,0.0
N414YX,850.0,2019,2,5,2,4,2019-05-02,AA,AA_CODESHARE,19805,AA,4321,,,,,YX,20452,YX,4321,12953,1295304,31703,LGA,"New York, NY",NY,36,New York,22,11278,1127805,30852,DCA,"Washington, DC",VA,51,Virginia,38,900,-10.0,0.0,0.0,-1.0,0900-0959,19.0,909.0,956.0,3.0,1030,959.0,-31.0,0.0,0.0,-2.0,1000-1059,0.0,,0.0,90.0,69.0,47.0,1.0,214.0,1,,,0.0,,0.0,,,,0,,,,,,,,,,,,,,,,,,,,,,,,,,,,,,,,,,,,,,,,,,,,,N,0.0,0.0,8.0,9.0,3.0,4.0,35.0,40.0,9,10,0.0,2.0,36.0,42.0,7,7,1,1.0,0.0,N414YX,N414YX-AA-1,36.0,47.0,5.0,41.0,52.0,33.0,2.0,0.0,36,41,0.0,0.0
N414ZW,645.0,2019,2,5,2,4,2019-05-02,UA,UA_CODESHARE,19977,UA,3896,,,,,ZW,20046,ZW,3896,11977,1197705,31977,GRB,"Green Bay, WI",WI,55,Wisconsin,45,13930,1393007,30977,ORD,"Chicago, IL",IL,17,Illinois,41,655,-10.0,0.0,0.0,-1.0,0600-0659,14.0,659.0,744.0,15.0,815,759.0,-16.0,0.0,0.0,-2.0,0800-0859,0.0,,0.0,80.0,74.0,45.0,1.0,174.0,1,,,0.0,,0.0,,,,0,,,,,,,,,,,,,,,,,,,,,,,,,,,,,,,,,,,,,,,,,,,,,N,4.0,4.0,6.0,7.0,3.0,4.0,31.0,36.0,6,8,4.0,1.0,32.0,37.0,8,8,0,0.0,0.0,N414ZW,N414ZW-UA-0,32.0,43.0,5.0,37.0,48.0,,,0.0,32,37,0.0,0.0
N415UA,623.0,2019,2,5,2,4,2019-05-02,UA,UA,19977,UA,1095,,,,,UA,19977,UA,1095,10693,1069302,30693,BNA,"Nashville, TN",TN,47,Tennessee,54,14771,1477104,32457,SFO,"San Francisco, CA",CA,6,California,91,630,-7.0,0.0,0.0,-1.0,0600-0659,11.0,634.0,909.0,10.0,935,919.0,-16.0,0.0,0.0,-2.0,0900-0959,0.0,,0.0,305.0,296.0,275.0,1.0,1969.0,8,,,0.0,,0.0,,,,0,,,,,,,,,,,,,,,,,,,,,,,,,,,,,,,,,,,,,,,,,,,,,N,4.0,12.0,6.0,9.0,2.0,1.0,30.0,49.0,6,9,2.0,2.0,30.0,50.0,5,5,0,0.0,0.0,N415UA,N415UA-UA-0,30.0,42.0,19.0,49.0,61.0,,,0.0,30,49,0.0,0.0
N415WN,824.0,2019,2,5,2,4,2019-05-02,WN,WN,19393,WN,1151,,,,,WN,19393,WN,1151,12191,1219102,31453,HOU,"Houston, TX",TX,48,Texas,74,11292,1129202,30325,DEN,"Denver, CO",CO,8,Colorado,82,740,44.0,44.0,1.0,2.0,0700-0759,24.0,848.0,1019.0,5.0,910,1024.0,74.0,74.0,1.0,4.0,0900-0959,0.0,,0.0,150.0,180.0,151.0,1.0,883.0,4,29.0,0.0,30.0,0.0,15.0,,,,0,,,,,,,,,,,,,,,,,,,,,,,,,,,,,,,,,,,,,,,,,,,,,N,4.0,8.0,8.0,10.0,2.0,2.0,38.0,50.0,7,9,3.0,1.0,35.0,45.0,3,3,0,0.0,0.0,N415WN,N415WN-WN-0,35.0,50.0,12.0,47.0,62.0,,,3.0,35,47,0.0,0.0
N415YX,702.0,2019,2,5,2,4,2019-05-02,AA,AA_CODESHARE,19805,AA,4493,,,,,YX,20452,YX,4493,13487,1348702,31650,MSP,"Minneapolis, MN",MN,27,Minnesota,63,12953,1295304,31703,LGA,"New York, NY",NY,36,New York,22,708,-6.0,0.0,0.0,-1.0,0700-0759,14.0,716.0,1043.0,5.0,1104,1048.0,-16.0,0.0,0.0,-2.0,1100-1159,0.0,,0.0,176.0,166.0,147.0,1.0,1020.0,5,,,0.0,,0.0,,,,0,,,,,,,,,,,,,,,,,,,,,,,,,,,,,,,,,,,,,,,,,,,,,N,4.0,0.0,7.0,10.0,0.0,3.0,32.0,43.0,7,11,1.0,0.0,33.0,44.0,7,7,0,0.0,0.0,N415YX,N415YX-AA-0,33.0,44.0,11.0,44.0,55.0,,,0.0,33,44,0.0,0.0
N416AW,942.0,2019,2,5,2,4,2019-05-02,UA,UA_CODESHARE,19977,UA,3810,,,,,ZW,20046,ZW,3810,10868,1086803,30868,CAE,"Columbia, SC",SC,45,South Carolina,37,13930,1393007,30977,ORD,"Chicago, IL",IL,17,Illinois,41,945,-3.0,0.0,0.0,-1.0,0900-0959,11.0,953.0,1040.0,12.0,1116,1052.0,-24.0,0.0,0.0,-2.0,1100-1159,0.0,,0.0,151.0,130.0,107.0,1.0,666.0,3,,,0.0,,0.0,,,,0,,,,,,,,,,,,,,,,,,,,,,,,,,,,,,,,,,,,,,,,,,,,,N,0.0,4.0,9.0,10.0,3.0,3.0,39.0,47.0,9,11,3.0,1.0,39.0,49.0,8,8,0,0.0,0.0,N416AW,N416AW-UA-0,39.0,51.0,8.0,47.0,59.0,,,0.0,39,47,0.0,0.0
N416YX,814.0,2019,2,5,2,4,2019-05-02,AA,AA_CODESHARE,19805,AA,4430,,,,,YX,20452,YX,4430,13303,1330303,32467,MIA,"Miami, FL",FL,12,Florida,33,12451,1245102,31136,JAX,"Jacksonville, FL",FL,12,Florida,33,810,4.0,4.0,0.0,0.0,0800-0859,14.0,828.0,920.0,7.0,927,927.0,0.0,0.0,0.0,0.0,0900-0959,0.0,,0.0,77.0,73.0,52.0,1.0,335.0,2,,,0.0,,0.0,,,,0,,,,,,,,,,,,,,,,,,,,,,,,,,,,,,,,,,,,,,,,,,,,,N,0.0,0.0,8.0,9.0,1.0,2.0,33.0,38.0,8,9,1.0,2.0,33.0,38.0,1,1,0,0.0,0.0,N416YX,N416YX-AA-0,33.0,45.0,5.0,38.0,50.0,,,0.0,33,38,0.0,0.0
N417QX,523.0,2019,2,5,2,4,2019-05-02,AS,AS_CODESHARE,19930,AS,2300,,,,,QX,19687,QX,2300,14057,1405702,34057,PDX,"Portland, OR",OR,41,Oregon,92,14747,1474703,30559,SEA,"Seattle, WA",WA,53,Washington,93,530,-7.0,0.0,0.0,-1.0,0001-0559,14.0,537.0,613.0,7.0,620,620.0,0.0,0.0,0.0,0.0,0600-0659,0.0,,0.0,50.0,57.0,36.0,1.0,129.0,1,,,0.0,,0.0,,,,0,,,,,,,,,,,,,,,,,,,,,,,,,,,,,,,,,,,,,,,,,,,,,N,12.0,12.0,5.0,6.0,2.0,1.0,34.0,37.0,5,6,2.0,1.0,34.0,37.0,5,5,0,0.0,0.0,N417QX,N417QX-AS-0,34.0,46.0,3.0,37.0,49.0,,,0.0,34,37,0.0,0.0
N417SW,559.0,2019,2,5,2,4,2019-05-02,UA,UA_CODESHARE,19977,UA,5874,,,,,OO,20304,OO,5874,15919,1591904,31834,XNA,"Fayetteville, AR",AR,5,Arkansas,71,13930,1393007,30977,ORD,"Chicago, IL",IL,17,Illinois,41,610,-11.0,0.0,0.0,-1.0,0600-0659,15.0,614.0,809.0,10.0,810,819.0,9.0,9.0,0.0,0.0,0800-0859,0.0,,0.0,120.0,140.0,115.0,1.0,522.0,3,,,0.0,,0.0,,,,0,,,,,,,,,,,,,,,,,,,,,,,,,,,,,,,,,,,,,,,,,,,,,N,4.0,4.0,5.0,8.0,4.0,1.0,28.0,37.0,6,8,1.0,1.0,29.0,37.0,1,1,0,1.0,1.0,N417SW,N417SW-UA-0,29.0,40.0,9.0,38.0,49.0,,,0.0,29,38,0.0,0.0
N417SW,835.0,2019,2,5,2,4,2019-05-02,UA,UA_CODESHARE,19977,UA,5064,,,,,OO,20304,OO,5064,13930,1393007,30977,ORD,"Chicago, IL",IL,17,Illinois,41,13184,1318403,33184,MBS,"Saginaw/Bay City/Midland, MI",MI,26,Michigan,43,755,40.0,40.0,1.0,2.0,0700-0759,28.0,903.0,1041.0,4.0,1007,1045.0,38.0,38.0,1.0,2.0,1000-1059,0.0,,0.0,72.0,70.0,38.0,1.0,222.0,1,29.0,0.0,0.0,0.0,9.0,,,,0,,,,,,,,,,,,,,,,,,,,,,,,,,,,,,,,,,,,,,,,,,,,,N,4.0,0.0,8.0,10.0,2.0,3.0,38.0,43.0,7,10,4.0,0.0,36.0,40.0,2,2,1,1.0,0.0,N417SW,N417SW-UA-1,37.0,50.0,5.0,42.0,55.0,37.0,1.0,1.0,38,43,1.0,2.32
N417WN,824.0,2019,2,5,2,4,2019-05-02,WN,WN,19393,WN,1914,,,,,WN,19393,WN,1914,13204,1320402,31454,MCO,"Orlando, FL",FL,12,Florida,33,13232,1323202,30977,MDW,"Chicago, IL",IL,17,Illinois,41,825,-1.0,0.0,0.0,-1.0,0800-0859,18.0,842.0,1004.0,7.0,1015,1011.0,-4.0,0.0,0.0,-1.0,1000-1059,0.0,,0.0,170.0,167.0,142.0,1.0,990.0,4,,,0.0,,0.0,,,,0,,,,,,,,,,,,,,,,,,,,,,,,,,,,,,,,,,,,,,,,,,,,,N,0.0,4.0,8.0,10.0,2.0,1.0,34.0,45.0,8,10,2.0,1.0,34.0,45.0,9,9,0,0.0,0.0,N417WN,N417WN-WN-0,34.0,46.0,11.0,45.0,57.0,,,0.0,34,45,0.0,0.0
N417YX,623.0,2019,2,5,2,4,2019-05-02,AA,AA_CODESHARE,19805,AA,4354,,,,,YX,20452,YX,4354,12451,1245102,31136,JAX,"Jacksonville, FL",FL,12,Florida,33,13303,1330303,32467,MIA,"Miami, FL",FL,12,Florida,33,623,0.0,0.0,0.0,0.0,0600-0659,13.0,636.0,735.0,5.0,740,740.0,0.0,0.0,0.0,0.0,0700-0759,0.0,,0.0,77.0,77.0,59.0,1.0,335.0,2,,,0.0,,0.0,,,,0,,,,,,,,,,,,,,,,,,,,,,,,,,,,,,,,,,,,,,,,,,,,,N,0.0,0.0,6.0,7.0,2.0,3.0,26.0,31.0,6,7,2.0,3.0,26.0,31.0,7,7,0,1.0,1.0,N417YX,N417YX-AA-0,26.0,38.0,5.0,31.0,43.0,,,0.0,26,31,0.0,0.0
N417YX,822.0,2019,2,5,2,4,2019-05-02,AA,AA_CODESHARE,19805,AA,4676,,,,,YX,20452,YX,4676,13303,1330303,32467,MIA,"Miami, FL",FL,12,Florida,33,13487,1348702,31650,MSP,"Minneapolis, MN",MN,27,Minnesota,63,830,-8.0,0.0,0.0,-1.0,0800-0859,12.0,834.0,1103.0,4.0,1134,1107.0,-27.0,0.0,0.0,-2.0,1100-1159,0.0,,0.0,244.0,225.0,209.0,1.0,1501.0,7,,,0.0,,0.0,,,,0,,,,,,,,,,,,,,,,,,,,,,,,,,,,,,,,,,,,,,,,,,,,,N,0.0,4.0,8.0,11.0,1.0,0.0,33.0,48.0,8,11,2.0,2.0,34.0,50.0,5,5,1,1.0,0.0,N417YX,N417YX-AA-1,34.0,45.0,15.0,49.0,60.0,31.0,2.0,0.0,34,49,0.0,0.0
N418AW,640.0,2019,2,5,2,4,2019-05-02,UA,UA_CODESHARE,19977,UA,3907,,,,,ZW,20046,ZW,3907,14524,1452401,34524,RIC,"Richmond, VA",VA,51,Virginia,38,12264,1226402,30852,IAD,"Washington, DC",VA,51,Virginia,38,645,-5.0,0.0,0.0,-1.0,0600-0659,15.0,655.0,732.0,6.0,735,738.0,3.0,3.0,0.0,0.0,0700-0759,0.0,,0.0,50.0,58.0,37.0,1.0,100.0,1,,,0.0,,0.0,,,,0,,,,,,,,,,,,,,,,,,,,,,,,,,,,,,,,,,,,,,,,,,,,,N,0.0,0.0,6.0,7.0,3.0,3.0,27.0,31.0,6,7,3.0,2.0,27.0,30.0,2,2,0,1.0,1.0,N418AW,N418AW-UA-0,27.0,39.0,4.0,31.0,43.0,,,0.0,27,37,6.0,20.82
N418AW,823.0,2019,2,5,2,4,2019-05-02,UA,UA_CODESHARE,19977,UA,4810,,,,,ZW,20046,ZW,4810,12264,1226402,30852,IAD,"Washington, DC",VA,51,Virginia,38,10980,1098002,30980,CHA,"Chattanooga, TN",TN,47,Tennessee,54,830,-7.0,0.0,0.0,-1.0,0800-0859,30.0,853.0,1013.0,6.0,1032,1019.0,-13.0,0.0,0.0,-1.0,1000-1059,0.0,,0.0,122.0,116.0,80.0,1.0,506.0,3,,,0.0,,0.0,,,,0,,,,,,,,,,,,,,,,,,,,,,,,,,,,,,,,,,,,,,,,,,,,,N,0.0,0.0,8.0,10.0,2.0,1.0,34.0,41.0,8,10,2.0,2.0,34.0,42.0,1,1,1,1.0,0.0,N418AW,N418AW-UA-1,34.0,46.0,7.0,41.0,53.0,31.0,3.0,0.0,43,50,9.0,25.8
N418SW,822.0,2019,2,5,2,4,2019-05-02,DL,DL_CODESHARE,19790,DL,7402,,,,,OO,20304,OO,7402,11433,1143302,31295,DTW,"Detroit, MI",MI,26,Michigan,43,11587,1158702,31587,ESC,"Escanaba, MI",MI,26,Michigan,43,825,-3.0,0.0,0.0,-1.0,0800-0859,18.0,840.0,943.0,2.0,947,945.0,-2.0,0.0,0.0,-1.0,0900-0959,0.0,,0.0,82.0,83.0,63.0,1.0,306.0,2,,,0.0,,0.0,,,,0,,,,,,,,,,,,,,,,,,,,,,,,,,,,,,,,,,,,,,,,,,,,,N,0.0,0.0,8.0,9.0,1.0,3.0,33.0,39.0,8,9,2.0,3.0,34.0,39.0,9,9,0,0.0,0.0,N418SW,N418SW-DL-0,34.0,45.0,6.0,40.0,51.0,,,0.0,34,40,0.0,0.0
N418UA,606.0,2019,2,5,2,4,2019-05-02,UA,UA,19977,UA,524,,,,,UA,19977,UA,524,10792,1079206,30792,BUF,"Buffalo, NY",NY,36,New York,22,13930,1393007,30977,ORD,"Chicago, IL",IL,17,Illinois,41,600,6.0,6.0,0.0,0.0,0600-0659,13.0,619.0,641.0,13.0,659,654.0,-5.0,0.0,0.0,-1.0,0600-0659,0.0,,0.0,119.0,108.0,82.0,1.0,473.0,2,,,0.0,,0.0,,,,0,,,,,,,,,,,,,,,,,,,,,,,,,,,,,,,,,,,,,,,,,,,,,N,0.0,4.0,6.0,6.0,0.0,4.0,24.0,32.0,6,6,0.0,4.0,24.0,32.0,3,3,0,1.0,1.0,N418UA,N418UA-UA-0,24.0,36.0,8.0,32.0,44.0,,,0.0,24,32,0.0,0.0
N418UA,746.0,2019,2,5,2,4,2019-05-02,UA,UA,19977,UA,2231,,,,,UA,19977,UA,2231,13930,1393007,30977,ORD,"Chicago, IL",IL,17,Illinois,41,10423,1042302,30423,AUS,"Austin, TX",TX,48,Texas,74,753,-7.0,0.0,0.0,-1.0,0700-0759,32.0,818.0,1042.0,4.0,1041,1046.0,5.0,5.0,0.0,0.0,1000-1059,0.0,,0.0,168.0,180.0,144.0,1.0,977.0,4,,,0.0,,0.0,,,,0,,,,,,,,,,,,,,,,,,,,,,,,,,,,,,,,,,,,,,,,,,,,,N,4.0,4.0,7.0,10.0,3.0,3.0,35.0,47.0,7,10,4.0,3.0,36.0,47.0,1,1,1,1.0,0.0,N418UA,N418UA-UA-1,36.0,47.0,12.0,48.0,59.0,32.0,3.0,0.0,37,49,1.0,1.2
N418WN,610.0,2019,2,5,2,4,2019-05-02,WN,WN,19393,WN,1090,,,,,WN,19393,WN,1090,10397,1039707,30397,ATL,"Atlanta, GA",GA,13,Georgia,34,10821,1082106,30852,BWI,"Baltimore, MD",MD,24,Maryland,35,610,0.0,0.0,0.0,0.0,0600-0659,8.0,618.0,740.0,3.0,755,743.0,-12.0,0.0,0.0,-1.0,0700-0759,0.0,,0.0,105.0,93.0,82.0,1.0,577.0,3,,,0.0,,0.0,,,,0,,,,,,,,,,,,,,,,,,,,,,,,,,,,,,,,,,,,,,,,,,,,,N,0.0,0.0,6.0,7.0,1.0,3.0,25.0,31.0,6,7,1.0,4.0,25.0,32.0,8,8,0,1.0,1.0,N418WN,N418WN-WN-0,25.0,37.0,6.0,31.0,43.0,,,0.0,25,31,0.0,0.0
N418WN,836.0,2019,2,5,2,4,2019-05-02,WN,WN,19393,WN,1090,,,,,WN,19393,WN,1090,10821,1082106,30852,BWI,"Baltimore, MD",MD,24,Maryland,35,14321,1432105,34321,PWM,"Portland, ME",ME,23,Maine,12,840,-4.0,0.0,0.0,-1.0,0800-0859,16.0,852.0,1001.0,3.0,1020,1004.0,-16.0,0.0,0.0,-2.0,1000-1059,0.0,,0.0,100.0,88.0,69.0,1.0,452.0,2,,,0.0,,0.0,,,,0,,,,,,,,,,,,,,,,,,,,,,,,,,,,,,,,,,,,,,,,,,,,,N,0.0,0.0,8.0,10.0,2.0,0.0,34.0,40.0,8,10,3.0,1.0,35.0,41.0,2,2,1,1.0,0.0,N418WN,N418WN-WN-1,35.0,46.0,6.0,41.0,52.0,31.0,3.0,0.0,36,42,1.0,2.16
N418YX,650.0,2019,2,5,2,4,2019-05-02,AA,AA_CODESHARE,19805,AA,4653,,,,,YX,20452,YX,4653,14730,1473003,33044,SDF,"Louisville, KY",KY,21,Kentucky,52,13303,1330303,32467,MIA,"Miami, FL",FL,12,Florida,33,650,0.0,0.0,0.0,0.0,0600-0659,14.0,704.0,917.0,9.0,924,926.0,2.0,2.0,0.0,0.0,0900-0959,0.0,,0.0,154.0,156.0,133.0,1.0,910.0,4,,,0.0,,0.0,,,,0,,,,,,,,,,,,,,,,,,,,,,,,,,,,,,,,,,,,,,,,,,,,,N,0.0,0.0,6.0,9.0,3.0,2.0,27.0,38.0,6,9,3.0,2.0,27.0,38.0,2,2,0,0.0,0.0,N418YX,N418YX-AA-0,27.0,39.0,11.0,38.0,50.0,,,0.0,27,38,0.0,0.0
N419AS,619.0,2019,2,5,2,4,2019-05-02,AS,AS,19930,AS,54,,,,,AS,19930,AS,54,14057,1405702,34057,PDX,"Portland, OR",OR,41,Oregon,92,11618,1161802,31703,EWR,"Newark, NJ",NJ,34,New Jersey,21,620,-1.0,0.0,0.0,-1.0,0600-0659,28.0,647.0,1431.0,4.0,1440,1435.0,-5.0,0.0,0.0,-1.0,1400-1459,0.0,,0.0,320.0,316.0,284.0,1.0,2434.0,10,,,0.0,,0.0,,,,0,,,,,,,,,,,,,,,,,,,,,,,,,,,,,,,,,,,,,,,,,,,,,N,12.0,0.0,6.0,14.0,1.0,2.0,37.0,58.0,6,14,1.0,3.0,37.0,59.0,4,4,0,0.0,0.0,N419AS,N419AS-AS-0,37.0,49.0,21.0,58.0,70.0,,,0.0,37,58,0.0,0.0
N419AW,601.0,2019,2,5,2,4,2019-05-02,UA,UA_CODESHARE,19977,UA,4853,,,,,ZW,20046,ZW,4853,11995,1199502,31995,GSO,"Greensboro/High Point, NC",NC,37,North Carolina,36,12264,1226402,30852,IAD,"Washington, DC",VA,51,Virginia,38,615,-14.0,0.0,0.0,-1.0,0600-0659,9.0,610.0,701.0,4.0,726,705.0,-21.0,0.0,0.0,-2.0,0700-0759,0.0,,0.0,71.0,64.0,51.0,1.0,239.0,1,,,0.0,,0.0,,,,0,,,,,,,,,,,,,,,,,,,,,,,,,,,,,,,,,,,,,,,,,,,,,N,0.0,0.0,6.0,7.0,0.0,0.0,24.0,28.0,6,7,1.0,2.0,25.0,30.0,9,9,0,1.0,1.0,N419AW,N419AW-UA-0,25.0,36.0,4.0,29.0,40.0,,,0.0,25,29,0.0,0.0
N419AW,811.0,2019,2,5,2,4,2019-05-02,UA,UA_CODESHARE,19977,UA,3951,,,,,ZW,20046,ZW,3951,12264,1226402,30852,IAD,"Washington, DC",VA,51,Virginia,38,11193,1119302,33105,CVG,"Cincinnati, OH",KY,21,Kentucky,52,815,-4.0,0.0,0.0,-1.0,0800-0859,12.0,823.0,936.0,4.0,947,940.0,-7.0,0.0,0.0,-1.0,0900-0959,0.0,,0.0,92.0,89.0,73.0,1.0,388.0,2,,,0.0,,0.0,,,,0,,,,,,,,,,,,,,,,,,,,,,,,,,,,,,,,,,,,,,,,,,,,,N,0.0,0.0,8.0,9.0,1.0,3.0,33.0,39.0,8,9,1.0,3.0,33.0,39.0,3,3,1,1.0,0.0,N419AW,N419AW-UA-1,33.0,45.0,6.0,39.0,51.0,28.0,5.0,0.0,34,40,1.0,3.16
N419YX,709.0,2019,2,5,2,4,2019-05-02,AA,AA_CODESHARE,19805,AA,4535,,,,,YX,20452,YX,4535,12339,1233904,32337,IND,"Indianapolis, IN",IN,18,Indiana,42,12953,1295304,31703,LGA,"New York, NY",NY,36,New York,22,709,0.0,0.0,0.0,0.0,0700-0759,19.0,728.0,905.0,4.0,916,909.0,-7.0,0.0,0.0,-1.0,0900-0959,0.0,,0.0,127.0,120.0,97.0,1.0,660.0,3,,,0.0,,0.0,,,,0,,,,,,,,,,,,,,,,,,,,,,,,,,,,,,,,,,,,,,,,,,,,,N,0.0,0.0,7.0,9.0,1.0,1.0,29.0,37.0,7,9,1.0,1.0,29.0,37.0,3,3,0,0.0,0.0,N419YX,N419YX-AA-0,29.0,41.0,8.0,37.0,49.0,,,0.0,29,38,1.0,3.32
N420AW,518.0,2019,2,5,2,4,2019-05-02,UA,UA_CODESHARE,19977,UA,3848,,,,,ZW,20046,ZW,3848,14711,1471105,34711,SCE,"State College, PA",PA,42,Pennsylvania,23,13930,1393007,30977,ORD,"Chicago, IL",IL,17,Illinois,41,530,-12.0,0.0,0.0,-1.0,0001-0559,16.0,534.0,607.0,8.0,636,615.0,-21.0,0.0,0.0,-2.0,0600-0659,0.0,,0.0,126.0,117.0,93.0,1.0,528.0,3,,,0.0,,0.0,,,,0,,,,,,,,,,,,,,,,,,,,,,,,,,,,,,,,,,,,,,,,,,,,,N,0.0,4.0,5.0,6.0,1.0,1.0,21.0,29.0,5,6,2.0,2.0,22.0,30.0,7,7,0,1.0,1.0,N420AW,N420AW-UA-0,22.0,33.0,8.0,30.0,41.0,,,0.0,22,30,0.0,0.0
N420AW,708.0,2019,2,5,2,4,2019-05-02,UA,UA_CODESHARE,19977,UA,3894,,,,,ZW,20046,ZW,3894,13930,1393007,30977,ORD,"Chicago, IL",IL,17,Illinois,41,12945,1294503,32945,LEX,"Lexington, KY",KY,21,Kentucky,52,715,-7.0,0.0,0.0,-1.0,0700-0759,19.0,727.0,921.0,4.0,935,925.0,-10.0,0.0,0.0,-1.0,0900-0959,0.0,,0.0,80.0,77.0,54.0,1.0,323.0,2,,,0.0,,0.0,,,,0,,,,,,,,,,,,,,,,,,,,,,,,,,,,,,,,,,,,,,,,,,,,,N,4.0,0.0,7.0,9.0,1.0,2.0,33.0,38.0,7,9,1.0,2.0,33.0,38.0,2,2,1,1.0,0.0,N420AW,N420AW-UA-1,33.0,45.0,5.0,38.0,50.0,29.0,4.0,0.0,34,39,1.0,2.1
N420UA,825.0,2019,2,5,2,4,2019-05-02,UA,UA,19977,UA,1124,,,,,UA,19977,UA,1124,11618,1161802,31703,EWR,"Newark, NJ",NJ,34,New Jersey,21,14027,1402702,34027,PBI,"West Palm Beach/Palm Beach, FL",FL,12,Florida,33,829,-4.0,0.0,0.0,-1.0,0800-0859,19.0,844.0,1102.0,5.0,1141,1107.0,-34.0,0.0,0.0,-2.0,1100-1159,0.0,,0.0,192.0,162.0,138.0,1.0,1023.0,5,,,0.0,,0.0,,,,0,,,,,,,,,,,,,,,,,,,,,,,,,,,,,,,,,,,,,,,,,,,,,N,0.0,0.0,8.0,11.0,2.0,0.0,34.0,44.0,8,11,2.0,3.0,34.0,47.0,7,7,0,0.0,0.0,N420UA,N420UA-UA-0,34.0,46.0,10.0,44.0,56.0,,,0.0,34,44,0.0,0.0
N420YX,616.0,2019,2,5,2,4,2019-05-02,AA,AA_CODESHARE,19805,AA,4468,,,,,YX,20452,YX,4468,13244,1324402,33244,MEM,"Memphis, TN",TN,47,Tennessee,54,14100,1410005,34100,PHL,"Philadelphia, PA",PA,42,Pennsylvania,23,620,-4.0,0.0,0.0,-1.0,0600-0659,12.0,628.0,943.0,3.0,944,946.0,2.0,2.0,0.0,0.0,0900-0959,0.0,,0.0,144.0,150.0,135.0,1.0,875.0,4,,,0.0,,0.0,,,,0,,,,,,,,,,,,,,,,,,,,,,,,,,,,,,,,,,,,,,,,,,,,,N,4.0,0.0,6.0,9.0,1.0,3.0,29.0,39.0,6,9,1.0,3.0,29.0,39.0,2,2,0,0.0,0.0,N420YX,N420YX-AA-0,29.0,41.0,10.0,39.0,51.0,,,0.0,29,39,0.0,0.0
N421LV,731.0,2019,2,5,2,4,2019-05-02,WN,WN,19393,WN,1791,,,,,WN,19393,WN,1791,11292,1129202,30325,DEN,"Denver, CO",CO,8,Colorado,82,15016,1501606,31123,STL,"St. Louis, MO",MO,29,Missouri,64,720,11.0,11.0,0.0,0.0,0700-0759,10.0,741.0,1016.0,4.0,1020,1020.0,0.0,0.0,0.0,0.0,1000-1059,0.0,,0.0,120.0,109.0,95.0,1.0,770.0,4,,,0.0,,0.0,,,,0,,,,,,,,,,,,,,,,,,,,,,,,,,,,,,,,,,,,,,,,,,,,,N,8.0,4.0,7.0,10.0,2.0,1.0,38.0,45.0,7,10,1.0,1.0,37.0,45.0,5,5,0,0.0,0.0,N421LV,N421LV-WN-0,38.0,50.0,7.0,45.0,57.0,,,0.0,38,45,0.0,0.0
N421QX,550.0,2019,2,5,2,4,2019-05-02,AS,AS_CODESHARE,19930,AS,2149,,,,,QX,19687,QX,2149,11470,1147005,31470,EAT,"Wenatchee, WA",WA,53,Washington,93,14747,1474703,30559,SEA,"Seattle, WA",WA,53,Washington,93,555,-5.0,0.0,0.0,-1.0,0001-0559,7.0,557.0,628.0,4.0,640,632.0,-8.0,0.0,0.0,-1.0,0600-0659,0.0,,0.0,45.0,42.0,31.0,1.0,99.0,1,,,0.0,,0.0,,,,0,,,,,,,,,,,,,,,,,,,,,,,,,,,,,,,,,,,,,,,,,,,,,N,12.0,12.0,5.0,6.0,3.0,2.0,35.0,38.0,5,6,4.0,3.0,36.0,39.0,8,8,0,0.0,0.0,N421QX,N421QX-AS-0,36.0,47.0,3.0,39.0,50.0,,,0.0,36,39,0.0,0.0
N421UA,523.0,2019,2,5,2,4,2019-05-02,UA,UA,19977,UA,507,,,,,UA,19977,UA,507,10620,1062003,30620,BIL,"Billings, MT",MT,30,Montana,84,11292,1129202,30325,DEN,"Denver, CO",CO,8,Colorado,82,530,-7.0,0.0,0.0,-1.0,0001-0559,10.0,533.0,639.0,5.0,700,644.0,-16.0,0.0,0.0,-2.0,0700-0759,0.0,,0.0,90.0,81.0,66.0,1.0,455.0,2,,,0.0,,0.0,,,,0,,,,,,,,,,,,,,,,,,,,,,,,,,,,,,,,,,,,,,,,,,,,,N,8.0,8.0,5.0,6.0,2.0,3.0,30.0,35.0,5,7,2.0,0.0,30.0,36.0,4,4,0,0.0,0.0,N421UA,N421UA-UA-0,30.0,42.0,5.0,35.0,47.0,,,0.0,30,35,0.0,0.0
N422QX,455.0,2019,2,5,2,4,2019-05-02,AS,AS_CODESHARE,19930,AS,2087,,,,,QX,19687,QX,2087,10275,1027506,30275,ALW,"Walla Walla, WA",WA,53,Washington,93,14747,1474703,30559,SEA,"Seattle, WA",WA,53,Washington,93,500,-5.0,0.0,0.0,-1.0,0001-0559,4.0,459.0,546.0,6.0,605,552.0,-13.0,0.0,0.0,-1.0,0600-0659,0.0,,0.0,65.0,57.0,47.0,1.0,213.0,1,,,0.0,,0.0,,,,0,,,,,,,,,,,,,,,,,,,,,,,,,,,,,,,,,,,,,,,,,,,,,N,12.0,12.0,4.0,5.0,4.0,3.0,32.0,35.0,5,6,0.0,0.0,32.0,36.0,2,2,0,0.0,0.0,N422QX,N422QX-AS-0,32.0,44.0,3.0,35.0,47.0,,,0.0,32,36,1.0,2.26
N422UA,601.0,2019,2,5,2,4,2019-05-02,UA,UA,19977,UA,552,,,,,UA,19977,UA,552,11618,1161802,31703,EWR,"Newark, NJ",NJ,34,New Jersey,21,15304,1530402,33195,TPA,"Tampa, FL",FL,12,Florida,33,605,-4.0,0.0,0.0,-1.0,0600-0659,21.0,622.0,846.0,6.0,900,852.0,-8.0,0.0,0.0,-1.0,0900-0959,0.0,,0.0,175.0,171.0,144.0,1.0,997.0,4,,,0.0,,0.0,,,,0,,,,,,,,,,,,,,,,,,,,,,,,,,,,,,,,,,,,,,,,,,,,,N,0.0,0.0,6.0,8.0,0.0,3.0,24.0,35.0,6,9,0.0,0.0,24.0,36.0,5,5,0,0.0,0.0,N422UA,N422UA-UA-0,24.0,36.0,11.0,35.0,47.0,,,0.0,24,35,0.0,0.0
N422WN,529.0,2019,2,5,2,4,2019-05-02,WN,WN,19393,WN,893,,,,,WN,19393,WN,893,12892,1289208,32575,LAX,"Los Angeles, CA",CA,6,California,91,14122,1412202,30198,PIT,"Pittsburgh, PA",PA,42,Pennsylvania,23,530,-1.0,0.0,0.0,-1.0,0001-0559,8.0,537.0,1239.0,6.0,1300,1245.0,-15.0,0.0,0.0,-1.0,1300-1359,0.0,,0.0,270.0,256.0,242.0,1.0,2136.0,9,,,0.0,,0.0,,,,0,,,,,,,,,,,,,,,,,,,,,,,,,,,,,,,,,,,,,,,,,,,,,N,12.0,0.0,5.0,12.0,2.0,3.0,34.0,51.0,5,13,2.0,0.0,34.0,52.0,2,2,0,0.0,0.0,N422WN,N422WN-WN-0,34.0,46.0,17.0,51.0,63.0,,,0.0,34,51,0.0,0.0
N422YX,720.0,2019,2,5,2,4,2019-05-02,AA,AA_CODESHARE,19805,AA,4371,,,,,YX,20452,YX,4371,15016,1501606,31123,STL,"St. Louis, MO",MO,29,Missouri,64,12953,1295304,31703,LGA,"New York, NY",NY,36,New York,22,725,-5.0,0.0,0.0,-1.0,0700-0759,15.0,735.0,1042.0,4.0,1055,1046.0,-9.0,0.0,0.0,-1.0,1000-1059,0.0,,0.0,150.0,146.0,127.0,1.0,888.0,4,,,0.0,,0.0,,,,0,,,,,,,,,,,,,,,,,,,,,,,,,,,,,,,,,,,,,,,,,,,,,N,4.0,0.0,7.0,10.0,1.0,3.0,33.0,43.0,7,10,2.0,4.0,34.0,44.0,8,8,0,0.0,0.0,N422YX,N422YX-AA-0,34.0,45.0,10.0,44.0,55.0,,,0.0,34,44,0.0,0.0
N423AW,632.0,2019,2,5,2,4,2019-05-02,UA,UA_CODESHARE,19977,UA,3932,,,,,ZW,20046,ZW,3932,10408,1040805,30408,ATW,"Appleton, WI",WI,55,Wisconsin,45,11292,1129202,30325,DEN,"Denver, CO",CO,8,Colorado,82,640,-8.0,0.0,0.0,-1.0,0600-0659,19.0,651.0,816.0,12.0,833,828.0,-5.0,0.0,0.0,-1.0,0800-0859,0.0,,0.0,173.0,176.0,145.0,1.0,883.0,4,,,0.0,,0.0,,,,0,,,,,,,,,,,,,,,,,,,,,,,,,,,,,,,,,,,,,,,,,,,,,N,4.0,8.0,6.0,8.0,2.0,2.0,30.0,42.0,6,8,3.0,2.0,31.0,42.0,7,7,0,0.0,0.0,N423AW,N423AW-UA-0,31.0,42.0,12.0,43.0,54.0,,,0.0,31,43,0.0,0.0
N423SW,716.0,2019,2,5,2,4,2019-05-02,UA,UA_CODESHARE,19977,UA,5234,,,,,OO,20304,OO,5234,11637,1163703,31637,FAR,"Fargo, ND",ND,38,North Dakota,66,11292,1129202,30325,DEN,"Denver, CO",CO,8,Colorado,82,730,-14.0,0.0,0.0,-1.0,0700-0759,10.0,726.0,810.0,13.0,840,823.0,-17.0,0.0,0.0,-2.0,0800-0859,0.0,,0.0,130.0,127.0,104.0,1.0,627.0,3,,,0.0,,0.0,,,,0,,,,,,,,,,,,,,,,,,,,,,,,,,,,,,,,,,,,,,,,,,,,,N,4.0,8.0,7.0,8.0,1.0,2.0,33.0,42.0,7,8,2.0,3.0,34.0,43.0,9,9,0,0.0,0.0,N423SW,N423SW-UA-0,34.0,45.0,9.0,43.0,54.0,,,0.0,34,43,0.0,0.0
N423UA,946.0,2019,2,5,2,4,2019-05-02,UA,UA,19977,UA,2140,,,,,UA,19977,UA,2140,12953,1295304,31703,LGA,"New York, NY",NY,36,New York,22,11292,1129202,30325,DEN,"Denver, CO",CO,8,Colorado,82,950,-4.0,0.0,0.0,-1.0,0900-0959,30.0,1016.0,1212.0,4.0,1222,1216.0,-6.0,0.0,0.0,-1.0,1200-1259,0.0,,0.0,272.0,270.0,236.0,1.0,1620.0,7,,,0.0,,0.0,,,,0,,,,,,,,,,,,,,,,,,,,,,,,,,,,,,,,,,,,,,,,,,,,,N,0.0,8.0,9.0,12.0,3.0,1.0,39.0,57.0,9,12,3.0,1.0,39.0,57.0,2,2,0,0.0,0.0,N423UA,N423UA-UA-0,39.0,51.0,18.0,57.0,69.0,,,0.0,41,59,2.0,5.12
N423WN,926.0,2019,2,5,2,4,2019-05-02,WN,WN,19393,WN,1952,,,,,WN,19393,WN,1952,11193,1119302,33105,CVG,"Cincinnati, OH",KY,21,Kentucky,52,13232,1323202,30977,MDW,"Chicago, IL",IL,17,Illinois,41,930,-4.0,0.0,0.0,-1.0,0900-0959,8.0,934.0,919.0,4.0,940,923.0,-17.0,0.0,0.0,-2.0,0900-0959,0.0,,0.0,70.0,57.0,45.0,1.0,249.0,1,,,0.0,,0.0,,,,0,,,,,,,,,,,,,,,,,,,,,,,,,,,,,,,,,,,,,,,,,,,,,N,0.0,4.0,9.0,9.0,2.0,2.0,38.0,42.0,9,9,2.0,3.0,38.0,43.0,7,7,0,0.0,0.0,N423WN,N423WN-WN-0,38.0,50.0,4.0,42.0,54.0,,,0.0,38,42,0.0,0.0
N423YX,755.0,2019,2,5,2,4,2019-05-02,AA,AA_CODESHARE,19805,AA,4360,,,,,YX,20452,YX,4360,15919,1591904,31834,XNA,"Fayetteville, AR",AR,5,Arkansas,71,12953,1295304,31703,LGA,"New York, NY",NY,36,New York,22,800,-5.0,0.0,0.0,-1.0,0800-0859,16.0,811.0,1149.0,3.0,1200,1152.0,-8.0,0.0,0.0,-1.0,1200-1259,0.0,,0.0,180.0,177.0,158.0,1.0,1147.0,5,,,0.0,,0.0,,,,0,,,,,,,,,,,,,,,,,,,,,,,,,,,,,,,,,,,,,,,,,,,,,N,4.0,0.0,7.0,11.0,4.0,3.0,36.0,47.0,8,12,0.0,0.0,36.0,48.0,2,2,0,0.0,0.0,N423YX,N423YX-AA-0,36.0,48.0,11.0,47.0,59.0,,,0.0,36,47,0.0,0.0
N424AW,649.0,2019,2,5,2,4,2019-05-02,UA,UA_CODESHARE,19977,UA,3784,,,,,ZW,20046,ZW,3784,10874,1087402,30647,CAK,"Akron, OH",OH,39,Ohio,44,13930,1393007,30977,ORD,"Chicago, IL",IL,17,Illinois,41,700,-11.0,0.0,0.0,-1.0,0700-0759,12.0,701.0,708.0,9.0,748,717.0,-31.0,0.0,0.0,-2.0,0700-0759,0.0,,0.0,108.0,88.0,67.0,1.0,343.0,2,,,0.0,,0.0,,,,0,,,,,,,,,,,,,,,,,,,,,,,,,,,,,,,,,,,,,,,,,,,,,N,0.0,4.0,6.0,7.0,3.0,1.0,27.0,33.0,7,7,0.0,3.0,28.0,35.0,3,3,0,1.0,1.0,N424AW,N424AW-UA-0,28.0,39.0,6.0,34.0,45.0,,,0.0,28,34,0.0,0.0
N424AW,820.0,2019,2,5,2,4,2019-05-02,UA,UA_CODESHARE,19977,UA,4818,,,,,ZW,20046,ZW,4818,13930,1393007,30977,ORD,"Chicago, IL",IL,17,Illinois,41,15919,1591904,31834,XNA,"Fayetteville, AR",AR,5,Arkansas,71,830,-10.0,0.0,0.0,-1.0,0800-0859,24.0,844.0,1012.0,8.0,1027,1020.0,-7.0,0.0,0.0,-1.0,1000-1059,0.0,,0.0,117.0,120.0,88.0,1.0,522.0,3,,,0.0,,0.0,,,,0,,,,,,,,,,,,,,,,,,,,,,,,,,,,,,,,,,,,,,,,,,,,,N,4.0,4.0,8.0,10.0,1.0,1.0,37.0,45.0,8,10,2.0,2.0,38.0,46.0,1,1,1,1.0,0.0,N424AW,N424AW-UA-1,38.0,49.0,8.0,46.0,57.0,33.0,4.0,0.0,38,46,0.0,0.0
N424YX,559.0,2019,2,5,2,4,2019-05-02,AA,AA_CODESHARE,19805,AA,4490,,,,,YX,20452,YX,4490,11423,1142307,31423,DSM,"Des Moines, IA",IA,19,Iowa,61,14100,1410005,34100,PHL,"Philadelphia, PA",PA,42,Pennsylvania,23,608,-9.0,0.0,0.0,-1.0,0600-0659,11.0,610.0,928.0,6.0,945,934.0,-11.0,0.0,0.0,-1.0,0900-0959,0.0,,0.0,157.0,155.0,138.0,1.0,972.0,4,,,0.0,,0.0,,,,0,,,,,,,,,,,,,,,,,,,,,,,,,,,,,,,,,,,,,,,,,,,,,N,4.0,0.0,5.0,9.0,4.0,2.0,28.0,38.0,6,9,1.0,3.0,29.0,39.0,4,4,0,0.0,0.0,N424YX,N424YX-AA-0,29.0,40.0,10.0,39.0,50.0,,,0.0,29,39,0.0,0.0
N425AW,749.0,2019,2,5,2,4,2019-05-02,UA,UA_CODESHARE,19977,UA,3815,,,,,ZW,20046,ZW,3815,11146,1114607,31146,CRW,"Charleston/Dunbar, WV",WV,54,West Virginia,39,13930,1393007,30977,ORD,"Chicago, IL",IL,17,Illinois,41,800,-11.0,0.0,0.0,-1.0,0800-0859,15.0,804.0,823.0,27.0,855,850.0,-5.0,0.0,0.0,-1.0,0800-0859,0.0,,0.0,115.0,121.0,79.0,1.0,416.0,2,,,0.0,,0.0,,,,0,,,,,,,,,,,,,,,,,,,,,,,,,,,,,,,,,,,,,,,,,,,,,N,0.0,4.0,7.0,8.0,3.0,3.0,31.0,39.0,8,8,0.0,4.0,32.0,40.0,9,9,0,0.0,0.0,N425AW,N425AW-UA-0,32.0,43.0,8.0,40.0,51.0,,,0.0,32,40,0.0,0.0
N425LV,554.0,2019,2,5,2,4,2019-05-02,WN,WN,19393,WN,1293,,,,,WN,19393,WN,1293,14107,1410702,30466,PHX,"Phoenix, AZ",AZ,4,Arizona,81,10423,1042302,30423,AUS,"Austin, TX",TX,48,Texas,74,550,4.0,4.0,0.0,0.0,0001-0559,9.0,603.0,944.0,3.0,1000,947.0,-13.0,0.0,0.0,-1.0,1000-1059,0.0,,0.0,130.0,113.0,101.0,1.0,872.0,4,,,0.0,,0.0,,,,0,,,,,,,,,,,,,,,,,,,,,,,,,,,,,,,,,,,,,,,,,,,,,N,8.0,4.0,5.0,9.0,4.0,3.0,32.0,43.0,5,10,3.0,0.0,31.0,44.0,5,5,0,0.0,0.0,N425LV,N425LV-WN-0,32.0,44.0,11.0,43.0,55.0,,,0.0,32,43,0.0,0.0
N425YX,602.0,2019,2,5,2,4,2019-05-02,AA,AA_CODESHARE,19805,AA,4472,,,,,YX,20452,YX,4472,14730,1473003,33044,SDF,"Louisville, KY",KY,21,Kentucky,52,11278,1127805,30852,DCA,"Washington, DC",VA,51,Virginia,38,606,-4.0,0.0,0.0,-1.0,0600-0659,15.0,617.0,730.0,13.0,742,743.0,1.0,1.0,0.0,0.0,0700-0759,0.0,,0.0,96.0,101.0,73.0,1.0,474.0,2,,,0.0,,0.0,,,,0,,,,,,,,,,,,,,,,,,,,,,,,,,,,,,,,,,,,,,,,,,,,,N,0.0,0.0,6.0,7.0,0.0,3.0,24.0,31.0,6,7,0.0,3.0,24.0,31.0,4,4,0,1.0,1.0,N425YX,N425YX-AA-0,24.0,36.0,7.0,31.0,43.0,,,0.0,24,31,0.0,0.0
N425YX,823.0,2019,2,5,2,4,2019-05-02,AA,AA_CODESHARE,19805,AA,4508,,,,,YX,20452,YX,4508,11278,1127805,30852,DCA,"Washington, DC",VA,51,Virginia,38,10397,1039707,30397,ATL,"Atlanta, GA",GA,13,Georgia,34,830,-7.0,0.0,0.0,-1.0,0800-0859,19.0,842.0,1009.0,9.0,1032,1018.0,-14.0,0.0,0.0,-1.0,1000-1059,0.0,,0.0,122.0,115.0,87.0,1.0,547.0,3,,,0.0,,0.0,,,,0,,,,,,,,,,,,,,,,,,,,,,,,,,,,,,,,,,,,,,,,,,,,,N,0.0,0.0,8.0,10.0,2.0,1.0,34.0,41.0,8,10,2.0,2.0,34.0,42.0,5,5,1,1.0,0.0,N425YX,N425YX-AA-1,34.0,46.0,7.0,41.0,53.0,31.0,3.0,0.0,34,41,0.0,0.0
N426AW,538.0,2019,2,5,2,4,2019-05-02,UA,UA_CODESHARE,19977,UA,3762,,,,,ZW,20046,ZW,3762,10135,1013505,30135,ABE,"Allentown/Bethlehem/Easton, PA",PA,42,Pennsylvania,23,13930,1393007,30977,ORD,"Chicago, IL",IL,17,Illinois,41,545,-7.0,0.0,0.0,-1.0,0001-0559,28.0,606.0,657.0,10.0,705,707.0,2.0,2.0,0.0,0.0,0700-0759,0.0,,0.0,140.0,149.0,111.0,1.0,654.0,3,,,0.0,,0.0,,,,0,,,,,,,,,,,,,,,,,,,,,,,,,,,,,,,,,,,,,,,,,,,,,N,0.0,4.0,5.0,7.0,3.0,0.0,23.0,32.0,5,7,3.0,0.0,23.0,32.0,6,6,0,0.0,0.0,N426AW,N426AW-UA-0,23.0,35.0,9.0,32.0,44.0,,,0.0,23,32,0.0,0.0
N426SW,526.0,2019,2,5,2,4,2019-05-02,DL,DL_CODESHARE,19790,DL,3756,,,,,OO,20304,OO,3756,11308,1130802,31308,DHN,"Dothan, AL",AL,1,Alabama,51,10397,1039707,30397,ATL,"Atlanta, GA",GA,13,Georgia,34,530,-4.0,0.0,0.0,-1.0,0001-0559,7.0,533.0,705.0,5.0,735,710.0,-25.0,0.0,0.0,-2.0,0700-0759,0.0,,0.0,65.0,44.0,32.0,1.0,170.0,1,,,0.0,,0.0,,,,0,,,,,,,,,,,,,,,,,,,,,,,,,,,,,,,,,,,,,,,,,,,,,N,4.0,0.0,5.0,7.0,2.0,1.0,26.0,29.0,5,7,2.0,2.0,26.0,30.0,2,2,0,1.0,1.0,N426SW,N426SW-DL-0,26.0,38.0,3.0,29.0,41.0,,,0.0,26,29,0.0,0.0
N426SW,814.0,2019,2,5,2,4,2019-05-02,DL,DL_CODESHARE,19790,DL,3874,,,,,OO,20304,OO,3874,10397,1039707,30397,ATL,"Atlanta, GA",GA,13,Georgia,34,11641,1164102,31641,FAY,"Fayetteville, NC",NC,37,North Carolina,36,815,-1.0,0.0,0.0,-1.0,0800-0859,19.0,833.0,928.0,3.0,934,931.0,-3.0,0.0,0.0,-1.0,0900-0959,0.0,,0.0,79.0,77.0,55.0,1.0,331.0,2,,,0.0,,0.0,,,,0,,,,,,,,,,,,,,,,,,,,,,,,,,,,,,,,,,,,,,,,,,,,,N,0.0,0.0,8.0,9.0,1.0,2.0,33.0,38.0,8,9,1.0,2.0,33.0,38.0,6,6,1,1.0,0.0,N426SW,N426SW-DL-1,33.0,45.0,5.0,38.0,50.0,29.0,4.0,0.0,33,38,0.0,0.0
N426UA,745.0,2019,2,5,2,4,2019-05-02,UA,UA,19977,UA,2367,,,,,UA,19977,UA,2367,12953,1295304,31703,LGA,"New York, NY",NY,36,New York,22,11292,1129202,30325,DEN,"Denver, CO",CO,8,Colorado,82,754,-9.0,0.0,0.0,-1.0,0700-0759,17.0,802.0,959.0,10.0,1013,1009.0,-4.0,0.0,0.0,-1.0,1000-1059,0.0,,0.0,259.0,264.0,237.0,1.0,1620.0,7,,,0.0,,0.0,,,,0,,,,,,,,,,,,,,,,,,,,,,,,,,,,,,,,,,,,,,,,,,,,,N,0.0,8.0,7.0,10.0,3.0,1.0,31.0,49.0,7,10,4.0,1.0,32.0,49.0,2,2,0,0.0,0.0,N426UA,N426UA-UA-0,32.0,43.0,18.0,50.0,61.0,,,0.0,37,55,5.0,15.76
N426WN,503.0,2019,2,5,2,4,2019-05-02,WN,WN,19393,WN,1797,,,,,WN,19393,WN,1797,13495,1349505,33495,MSY,"New Orleans, LA",LA,22,Louisiana,72,10397,1039707,30397,ATL,"Atlanta, GA",GA,13,Georgia,34,505,-2.0,0.0,0.0,-1.0,0001-0559,9.0,512.0,711.0,4.0,730,715.0,-15.0,0.0,0.0,-1.0,0700-0759,0.0,,0.0,85.0,72.0,59.0,1.0,425.0,2,,,0.0,,0.0,,,,0,,,,,,,,,,,,,,,,,,,,,,,,,,,,,,,,,,,,,,,,,,,,,N,4.0,0.0,5.0,7.0,0.0,1.0,24.0,29.0,5,7,0.0,2.0,24.0,30.0,2,2,0,1.0,1.0,N426WN,N426WN-WN-0,24.0,36.0,5.0,29.0,41.0,,,0.0,24,29,0.0,0.0
N426WN,800.0,2019,2,5,2,4,2019-05-02,WN,WN,19393,WN,1797,,,,,WN,19393,WN,1797,10397,1039707,30397,ATL,"Atlanta, GA",GA,13,Georgia,34,15016,1501606,31123,STL,"St. Louis, MO",MO,29,Missouri,64,805,-5.0,0.0,0.0,-1.0,0800-0859,10.0,810.0,842.0,3.0,850,845.0,-5.0,0.0,0.0,-1.0,0800-0859,0.0,,0.0,105.0,105.0,92.0,1.0,484.0,2,,,0.0,,0.0,,,,0,,,,,,,,,,,,,,,,,,,,,,,,,,,,,,,,,,,,,,,,,,,,,N,0.0,4.0,8.0,8.0,0.0,3.0,32.0,39.0,8,8,0.0,3.0,32.0,39.0,8,8,1,1.0,0.0,N426WN,N426WN-WN-1,32.0,44.0,7.0,39.0,51.0,29.0,3.0,0.0,32,39,0.0,0.0
N426YX,701.0,2019,2,5,2,4,2019-05-02,AA,AA_CODESHARE,19805,AA,4549,,,,,YX,20452,YX,4549,11624,1162403,31624,EYW,"Key West, FL",FL,12,Florida,33,13303,1330303,32467,MIA,"Miami, FL",FL,12,Florida,33,704,-3.0,0.0,0.0,-1.0,0700-0759,13.0,714.0,738.0,6.0,749,744.0,-5.0,0.0,0.0,-1.0,0700-0759,0.0,,0.0,45.0,43.0,24.0,1.0,126.0,1,,,0.0,,0.0,,,,0,,,,,,,,,,,,,,,,,,,,,,,,,,,,,,,,,,,,,,,,,,,,,N,0.0,0.0,7.0,7.0,0.0,3.0,28.0,31.0,7,7,0.0,3.0,28.0,31.0,7,7,0,1.0,1.0,N426YX,N426YX-AA-0,28.0,40.0,3.0,31.0,43.0,,,0.0,28,31,0.0,0.0
N426YX,833.0,2019,2,5,2,4,2019-05-02,AA,AA_CODESHARE,19805,AA,4408,,,,,YX,20452,YX,4408,13303,1330303,32467,MIA,"Miami, FL",FL,12,Florida,33,15016,1501606,31123,STL,"St. Louis, MO",MO,29,Missouri,64,835,-2.0,0.0,0.0,-1.0,0800-0859,13.0,846.0,1005.0,5.0,1036,1010.0,-26.0,0.0,0.0,-2.0,1000-1059,0.0,,0.0,181.0,157.0,139.0,1.0,1068.0,5,,,0.0,,0.0,,,,0,,,,,,,,,,,,,,,,,,,,,,,,,,,,,,,,,,,,,,,,,,,,,N,0.0,4.0,8.0,10.0,2.0,1.0,34.0,45.0,8,10,2.0,2.0,34.0,46.0,3,3,1,1.0,0.0,N426YX,N426YX-AA-1,34.0,46.0,11.0,45.0,57.0,31.0,3.0,0.0,34,45,0.0,0.0
N427SW,811.0,2019,2,5,2,4,2019-05-02,DL,DL_CODESHARE,19790,DL,3817,,,,,OO,20304,OO,3817,14696,1469608,34696,SBN,"South Bend, IN",IN,18,Indiana,42,11433,1143302,31295,DTW,"Detroit, MI",MI,26,Michigan,43,815,-4.0,0.0,0.0,-1.0,0800-0859,29.0,840.0,917.0,8.0,921,925.0,4.0,4.0,0.0,0.0,0900-0959,0.0,,0.0,66.0,74.0,37.0,1.0,157.0,1,,,0.0,,0.0,,,,0,,,,,,,,,,,,,,,,,,,,,,,,,,,,,,,,,,,,,,,,,,,,,N,0.0,0.0,8.0,9.0,1.0,2.0,33.0,38.0,8,9,1.0,1.0,33.0,37.0,2,2,0,0.0,0.0,N427SW,N427SW-DL-0,33.0,45.0,5.0,38.0,50.0,,,0.0,33,38,0.0,0.0
N427UA,633.0,2019,2,5,2,4,2019-05-02,UA,UA,19977,UA,2141,,,,,UA,19977,UA,2141,13495,1349505,33495,MSY,"New Orleans, LA",LA,22,Louisiana,72,11292,1129202,30325,DEN,"Denver, CO",CO,8,Colorado,82,645,-12.0,0.0,0.0,-1.0,0600-0659,10.0,643.0,827.0,7.0,840,834.0,-6.0,0.0,0.0,-1.0,0800-0859,0.0,,0.0,175.0,181.0,164.0,1.0,1062.0,5,,,0.0,,0.0,,,,0,,,,,,,,,,,,,,,,,,,,,,,,,,,,,,,,,,,,,,,,,,,,,N,4.0,8.0,6.0,8.0,2.0,2.0,30.0,42.0,6,8,3.0,3.0,31.0,43.0,3,3,0,0.0,0.0,N427UA,N427UA-UA-0,31.0,42.0,12.0,43.0,54.0,,,0.0,31,43,0.0,0.0
N427ZW,653.0,2019,2,5,2,4,2019-05-02,UA,UA_CODESHARE,19977,UA,3819,,,,,ZW,20046,ZW,3819,13342,1334207,33342,MKE,"Milwaukee, WI",WI,55,Wisconsin,45,13930,1393007,30977,ORD,"Chicago, IL",IL,17,Illinois,41,702,-9.0,0.0,0.0,-1.0,0700-0759,14.0,707.0,737.0,13.0,808,750.0,-18.0,0.0,0.0,-2.0,0800-0859,0.0,,0.0,66.0,57.0,30.0,1.0,67.0,1,,,0.0,,0.0,,,,0,,,,,,,,,,,,,,,,,,,,,,,,,,,,,,,,,,,,,,,,,,,,,N,4.0,4.0,6.0,7.0,4.0,3.0,32.0,35.0,7,8,0.0,1.0,32.0,37.0,7,7,0,0.0,0.0,N427ZW,N427ZW-UA-0,32.0,44.0,3.0,35.0,47.0,,,0.0,32,35,0.0,0.0
N428AS,547.0,2019,2,5,2,4,2019-05-02,AS,AS,19930,AS,683,,,,,AS,19930,AS,683,13198,1319801,33198,MCI,"Kansas City, MO",MO,29,Missouri,64,14747,1474703,30559,SEA,"Seattle, WA",WA,53,Washington,93,600,-13.0,0.0,0.0,-1.0,0600-0659,11.0,558.0,724.0,30.0,800,754.0,-6.0,0.0,0.0,-1.0,0800-0859,0.0,,0.0,240.0,247.0,206.0,1.0,1489.0,6,,,0.0,,0.0,,,,0,,,,,,,,,,,,,,,,,,,,,,,,,,,,,,,,,,,,,,,,,,,,,N,4.0,12.0,5.0,7.0,3.0,4.0,27.0,44.0,6,8,0.0,0.0,28.0,44.0,3,3,0,0.0,0.0,N428AS,N428AS-AS-0,28.0,39.0,17.0,45.0,56.0,,,0.0,28,45,0.0,0.0
N428AW,557.0,2019,2,5,2,4,2019-05-02,UA,UA_CODESHARE,19977,UA,3805,,,,,ZW,20046,ZW,3805,13930,1393007,30977,ORD,"Chicago, IL",IL,17,Illinois,41,14685,1468502,34685,SAV,"Savannah, GA",GA,13,Georgia,34,600,-3.0,0.0,0.0,-1.0,0600-0659,21.0,618.0,904.0,6.0,915,910.0,-5.0,0.0,0.0,-1.0,0900-0959,0.0,,0.0,135.0,133.0,106.0,1.0,773.0,4,,,0.0,,0.0,,,,0,,,,,,,,,,,,,,,,,,,,,,,,,,,,,,,,,,,,,,,,,,,,,N,4.0,0.0,5.0,9.0,4.0,1.0,28.0,37.0,6,9,0.0,1.0,28.0,37.0,3,3,0,1.0,1.0,N428AW,N428AW-UA-0,28.0,40.0,9.0,37.0,49.0,,,0.0,28,37,0.0,0.0
N428AW,938.0,2019,2,5,2,4,2019-05-02,UA,UA_CODESHARE,19977,UA,3921,,,,,ZW,20046,ZW,3921,14685,1468502,34685,SAV,"Savannah, GA",GA,13,Georgia,34,12264,1226402,30852,IAD,"Washington, DC",VA,51,Virginia,38,945,-7.0,0.0,0.0,-1.0,0900-0959,16.0,954.0,1113.0,7.0,1126,1120.0,-6.0,0.0,0.0,-1.0,1100-1159,0.0,,0.0,101.0,102.0,79.0,1.0,515.0,3,,,0.0,,0.0,,,,0,,,,,,,,,,,,,,,,,,,,,,,,,,,,,,,,,,,,,,,,,,,,,N,0.0,0.0,9.0,11.0,3.0,1.0,39.0,45.0,9,11,3.0,2.0,39.0,46.0,8,8,1,1.0,0.0,N428AW,N428AW-UA-1,39.0,51.0,6.0,45.0,57.0,37.0,2.0,0.0,39,45,0.0,0.0
N428UA,557.0,2019,2,5,2,4,2019-05-02,UA,UA,19977,UA,1216,,,,,UA,19977,UA,1216,14747,1474703,30559,SEA,"Seattle, WA",WA,53,Washington,93,14771,1477104,32457,SFO,"San Francisco, CA",CA,6,California,91,600,-3.0,0.0,0.0,-1.0,0600-0659,11.0,608.0,740.0,9.0,811,749.0,-22.0,0.0,0.0,-2.0,0800-0859,0.0,,0.0,131.0,112.0,92.0,1.0,679.0,3,,,0.0,,0.0,,,,0,,,,,,,,,,,,,,,,,,,,,,,,,,,,,,,,,,,,,,,,,,,,,N,12.0,12.0,5.0,7.0,4.0,3.0,36.0,43.0,6,8,0.0,1.0,36.0,45.0,9,9,0,0.0,0.0,N428UA,N428UA-UA-0,36.0,48.0,7.0,43.0,55.0,,,0.0,36,43,0.0,0.0
N428WN,712.0,2019,2,5,2,4,2019-05-02,WN,WN,19393,WN,1547,,,,,WN,19393,WN,1547,11259,1125904,30194,DAL,"Dallas, TX",TX,48,Texas,74,10821,1082106,30852,BWI,"Baltimore, MD",MD,24,Maryland,35,635,37.0,37.0,1.0,2.0,0600-0659,8.0,720.0,1048.0,4.0,1030,1052.0,22.0,22.0,1.0,1.0,1000-1059,0.0,,0.0,175.0,160.0,148.0,1.0,1209.0,5,22.0,0.0,0.0,0.0,0.0,,,,0,,,,,,,,,,,,,,,,,,,,,,,,,,,,,,,,,,,,,,,,,,,,,N,4.0,0.0,7.0,10.0,1.0,3.0,33.0,43.0,6,10,2.0,2.0,30.0,42.0,3,3,0,0.0,0.0,N428WN,N428WN-WN-0,33.0,45.0,10.0,43.0,55.0,,,0.0,33,43,0.0,0.0
N428YX,647.0,2019,2,5,2,4,2019-05-02,AA,AA_CODESHARE,19805,AA,4477,,,,,YX,20452,YX,4477,14524,1452401,34524,RIC,"Richmond, VA",VA,51,Virginia,38,13303,1330303,32467,MIA,"Miami, FL",FL,12,Florida,33,653,-6.0,0.0,0.0,-1.0,0600-0659,15.0,702.0,857.0,4.0,924,901.0,-23.0,0.0,0.0,-2.0,0900-0959,0.0,,0.0,151.0,134.0,115.0,1.0,825.0,4,,,0.0,,0.0,,,,0,,,,,,,,,,,,,,,,,,,,,,,,,,,,,,,,,,,,,,,,,,,,,N,0.0,0.0,6.0,9.0,3.0,0.0,27.0,36.0,6,9,4.0,2.0,28.0,38.0,4,4,0,0.0,0.0,N428YX,N428YX-AA-0,28.0,39.0,9.0,37.0,48.0,,,0.0,28,37,0.0,0.0
N429AW,750.0,2019,2,5,2,4,2019-05-02,UA,UA_CODESHARE,19977,UA,3801,,,,,ZW,20046,ZW,3801,11995,1199502,31995,GSO,"Greensboro/High Point, NC",NC,37,North Carolina,36,13930,1393007,30977,ORD,"Chicago, IL",IL,17,Illinois,41,800,-10.0,0.0,0.0,-1.0,0800-0859,40.0,830.0,914.0,21.0,918,935.0,17.0,17.0,1.0,1.0,0900-0959,0.0,,0.0,138.0,165.0,104.0,1.0,589.0,3,0.0,0.0,17.0,0.0,0.0,,,,0,,,,,,,,,,,,,,,,,,,,,,,,,,,,,,,,,,,,,,,,,,,,,N,0.0,4.0,7.0,9.0,3.0,2.0,31.0,42.0,8,9,0.0,1.0,32.0,41.0,5,5,0,0.0,0.0,N429AW,N429AW-UA-0,32.0,43.0,11.0,43.0,54.0,,,1.0,32,43,0.0,0.0
N429SW,719.0,2019,2,5,2,4,2019-05-02,DL,DL_CODESHARE,19790,DL,3669,,,,,OO,20304,OO,3669,13487,1348702,31650,MSP,"Minneapolis, MN",MN,27,Minnesota,63,11637,1163703,31637,FAR,"Fargo, ND",ND,38,North Dakota,66,725,-6.0,0.0,0.0,-1.0,0700-0759,14.0,733.0,817.0,5.0,837,822.0,-15.0,0.0,0.0,-1.0,0800-0859,0.0,,0.0,72.0,63.0,44.0,1.0,223.0,1,,,0.0,,0.0,,,,0,,,,,,,,,,,,,,,,,,,,,,,,,,,,,,,,,,,,,,,,,,,,,N,4.0,4.0,7.0,8.0,1.0,1.0,33.0,37.0,7,8,2.0,2.0,34.0,38.0,7,7,0,0.0,0.0,N429SW,N429SW-DL-0,34.0,45.0,4.0,38.0,49.0,,,0.0,35,39,1.0,7.32
N429WN,600.0,2019,2,5,2,4,2019-05-02,WN,WN,19393,WN,1153,,,,,WN,19393,WN,1153,14107,1410702,30466,PHX,"Phoenix, AZ",AZ,4,Arizona,81,12892,1289208,32575,LAX,"Los Angeles, CA",CA,6,California,91,600,0.0,0.0,0.0,0.0,0600-0659,9.0,609.0,711.0,8.0,725,719.0,-6.0,0.0,0.0,-1.0,0700-0759,0.0,,0.0,85.0,79.0,62.0,1.0,370.0,2,,,0.0,,0.0,,,,0,,,,,,,,,,,,,,,,,,,,,,,,,,,,,,,,,,,,,,,,,,,,,N,8.0,12.0,6.0,7.0,0.0,1.0,32.0,41.0,6,7,0.0,2.0,32.0,42.0,2,2,0,0.0,0.0,N429WN,N429WN-WN-0,32.0,44.0,9.0,41.0,53.0,,,0.0,32,41,0.0,0.0
N429YX,551.0,2019,2,5,2,4,2019-05-02,AA,AA_CODESHARE,19805,AA,4429,,,,,YX,20452,YX,4429,13198,1319801,33198,MCI,"Kansas City, MO",MO,29,Missouri,64,11278,1127805,30852,DCA,"Washington, DC",VA,51,Virginia,38,557,-6.0,0.0,0.0,-1.0,0001-0559,17.0,608.0,918.0,3.0,929,921.0,-8.0,0.0,0.0,-1.0,0900-0959,0.0,,0.0,152.0,150.0,130.0,1.0,949.0,4,,,0.0,,0.0,,,,0,,,,,,,,,,,,,,,,,,,,,,,,,,,,,,,,,,,,,,,,,,,,,N,4.0,0.0,5.0,9.0,3.0,1.0,27.0,37.0,5,9,4.0,2.0,28.0,38.0,7,7,0,0.0,0.0,N429YX,N429YX-AA-0,28.0,39.0,10.0,38.0,49.0,,,0.0,28,38,0.0,0.0
N430AW,559.0,2019,2,5,2,4,2019-05-02,UA,UA_CODESHARE,19977,UA,3824,,,,,ZW,20046,ZW,3824,11267,1126702,31267,DAY,"Dayton, OH",OH,39,Ohio,44,13930,1393007,30977,ORD,"Chicago, IL",IL,17,Illinois,41,610,-11.0,0.0,0.0,-1.0,0600-0659,22.0,621.0,613.0,9.0,643,622.0,-21.0,0.0,0.0,-2.0,0600-0659,0.0,,0.0,93.0,83.0,52.0,1.0,240.0,1,,,0.0,,0.0,,,,0,,,,,,,,,,,,,,,,,,,,,,,,,,,,,,,,,,,,,,,,,,,,,N,0.0,4.0,5.0,6.0,4.0,1.0,24.0,29.0,6,6,1.0,3.0,25.0,31.0,2,2,0,1.0,1.0,N430AW,N430AW-UA-0,25.0,36.0,5.0,30.0,41.0,,,0.0,25,30,0.0,0.0
N430AW,746.0,2019,2,5,2,4,2019-05-02,UA,UA_CODESHARE,19977,UA,3893,,,,,ZW,20046,ZW,3893,13930,1393007,30977,ORD,"Chicago, IL",IL,17,Illinois,41,12339,1233904,32337,IND,"Indianapolis, IN",IN,18,Indiana,42,735,11.0,11.0,0.0,0.0,0700-0759,40.0,826.0,1003.0,5.0,940,1008.0,28.0,28.0,1.0,1.0,0900-0959,0.0,,0.0,65.0,82.0,37.0,1.0,177.0,1,0.0,11.0,17.0,0.0,0.0,,,,0,,,,,,,,,,,,,,,,,,,,,,,,,,,,,,,,,,,,,,,,,,,,,N,4.0,0.0,7.0,10.0,3.0,1.0,35.0,41.0,7,9,2.0,3.0,34.0,39.0,4,4,1,1.0,0.0,N430AW,N430AW-UA-1,34.0,47.0,6.0,40.0,53.0,29.0,6.0,1.0,35,41,1.0,4.34
N430UA,625.0,2019,2,5,2,4,2019-05-02,UA,UA,19977,UA,834,,,,,UA,19977,UA,834,12889,1288903,32211,LAS,"Las Vegas, NV",NV,32,Nevada,85,14771,1477104,32457,SFO,"San Francisco, CA",CA,6,California,91,640,-15.0,0.0,0.0,-1.0,0600-0659,18.0,643.0,750.0,45.0,814,835.0,21.0,21.0,1.0,1.0,0800-0859,0.0,,0.0,94.0,130.0,67.0,1.0,414.0,2,0.0,0.0,21.0,0.0,0.0,,,,0,,,,,,,,,,,,,,,,,,,,,,,,,,,,,,,,,,,,,,,,,,,,,N,12.0,12.0,6.0,8.0,2.0,2.0,38.0,46.0,6,8,3.0,1.0,39.0,45.0,3,3,0,0.0,0.0,N430UA,N430UA-UA-0,39.0,50.0,8.0,47.0,58.0,,,1.0,41,50,3.0,10.92
N430YX,652.0,2019,2,5,2,4,2019-05-02,AA,AA_CODESHARE,19805,AA,4416,,,,,YX,20452,YX,4416,12953,1295304,31703,LGA,"New York, NY",NY,36,New York,22,15016,1501606,31123,STL,"St. Louis, MO",MO,29,Missouri,64,659,-7.0,0.0,0.0,-1.0,0600-0659,22.0,714.0,839.0,7.0,851,846.0,-5.0,0.0,0.0,-1.0,0800-0859,0.0,,0.0,172.0,174.0,145.0,1.0,888.0,4,,,0.0,,0.0,,,,0,,,,,,,,,,,,,,,,,,,,,,,,,,,,,,,,,,,,,,,,,,,,,N,0.0,4.0,6.0,8.0,3.0,3.0,27.0,39.0,6,8,4.0,3.0,28.0,39.0,7,7,0,0.0,0.0,N430YX,N430YX-AA-0,28.0,39.0,12.0,40.0,51.0,,,0.0,28,40,0.0,0.0
N431AW,835.0,2019,2,5,2,4,2019-05-02,UA,UA_CODESHARE,19977,UA,3760,,,,,ZW,20046,ZW,3760,10408,1040805,30408,ATW,"Appleton, WI",WI,55,Wisconsin,45,13930,1393007,30977,ORD,"Chicago, IL",IL,17,Illinois,41,730,65.0,65.0,1.0,4.0,0700-0759,11.0,846.0,926.0,15.0,850,941.0,51.0,51.0,1.0,3.0,0800-0859,0.0,,0.0,80.0,66.0,40.0,1.0,161.0,1,0.0,0.0,51.0,0.0,0.0,,,,0,,,,,,,,,,,,,,,,,,,,,,,,,,,,,,,,,,,,,,,,,,,,,N,4.0,4.0,8.0,9.0,2.0,3.0,38.0,43.0,7,8,2.0,3.0,34.0,39.0,3,3,0,0.0,0.0,N431AW,N431AW-UA-0,35.0,50.0,5.0,40.0,55.0,,,3.0,35,40,0.0,0.0
N431QX,547.0,2019,2,5,2,4,2019-05-02,AS,AS_CODESHARE,19930,AS,2329,,,,,QX,19687,QX,2329,10666,1066602,30666,BLI,"Bellingham, WA",WA,53,Washington,93,14747,1474703,30559,SEA,"Seattle, WA",WA,53,Washington,93,555,-8.0,0.0,0.0,-1.0,0001-0559,16.0,603.0,625.0,17.0,640,642.0,2.0,2.0,0.0,0.0,0600-0659,0.0,,0.0,45.0,55.0,22.0,1.0,93.0,1,,,0.0,,0.0,,,,0,,,,,,,,,,,,,,,,,,,,,,,,,,,,,,,,,,,,,,,,,,,,,N,12.0,12.0,5.0,6.0,3.0,3.0,35.0,39.0,5,6,4.0,3.0,36.0,39.0,2,2,0,0.0,0.0,N431QX,N431QX-AS-0,36.0,47.0,4.0,40.0,51.0,,,0.0,36,42,2.0,4.92
N431WN,801.0,2019,2,5,2,4,2019-05-02,WN,WN,19393,WN,1971,,,,,WN,19393,WN,1971,10423,1042302,30423,AUS,"Austin, TX",TX,48,Texas,74,13204,1320402,31454,MCO,"Orlando, FL",FL,12,Florida,33,755,6.0,6.0,0.0,0.0,0700-0759,10.0,811.0,1135.0,7.0,1130,1142.0,12.0,12.0,0.0,0.0,1100-1159,0.0,,0.0,155.0,161.0,144.0,1.0,994.0,4,,,0.0,,0.0,,,,0,,,,,,,,,,,,,,,,,,,,,,,,,,,,,,,,,,,,,,,,,,,,,N,4.0,0.0,8.0,11.0,0.0,3.0,36.0,47.0,7,11,4.0,2.0,36.0,46.0,9,9,0,0.0,0.0,N431WN,N431WN-WN-0,36.0,48.0,11.0,47.0,59.0,,,0.0,36,47,0.0,0.0
N431YX,555.0,2019,2,5,2,4,2019-05-02,AA,AA_CODESHARE,19805,AA,4629,,,,,YX,20452,YX,4629,13851,1385103,33851,OKC,"Oklahoma City, OK",OK,40,Oklahoma,73,14100,1410005,34100,PHL,"Philadelphia, PA",PA,42,Pennsylvania,23,555,0.0,0.0,0.0,0.0,0001-0559,34.0,629.0,1022.0,7.0,1000,1029.0,29.0,29.0,1.0,1.0,1000-1059,0.0,,0.0,185.0,214.0,173.0,1.0,1261.0,6,0.0,0.0,29.0,0.0,0.0,,,,0,,,,,,,,,,,,,,,,,,,,,,,,,,,,,,,,,,,,,,,,,,,,,N,4.0,0.0,5.0,10.0,4.0,2.0,28.0,42.0,5,10,4.0,0.0,28.0,40.0,1,1,0,0.0,0.0,N431YX,N431YX-AA-0,28.0,40.0,14.0,42.0,54.0,,,2.0,28,45,3.0,5.14
N432AW,550.0,2019,2,5,2,4,2019-05-02,UA,UA_CODESHARE,19977,UA,3942,,,,,ZW,20046,ZW,3942,12323,1232305,32323,ILM,"Wilmington, NC",NC,37,North Carolina,36,12264,1226402,30852,IAD,"Washington, DC",VA,51,Virginia,38,600,-10.0,0.0,0.0,-1.0,0600-0659,12.0,602.0,658.0,5.0,717,703.0,-14.0,0.0,0.0,-1.0,0700-0759,0.0,,0.0,77.0,73.0,56.0,1.0,323.0,2,,,0.0,,0.0,,,,0,,,,,,,,,,,,,,,,,,,,,,,,,,,,,,,,,,,,,,,,,,,,,N,0.0,0.0,5.0,7.0,3.0,0.0,23.0,28.0,6,7,0.0,1.0,24.0,29.0,2,2,0,1.0,1.0,N432AW,N432AW-UA-0,24.0,35.0,5.0,29.0,40.0,,,0.0,24,29,0.0,0.0
N432AW,833.0,2019,2,5,2,4,2019-05-02,UA,UA_CODESHARE,19977,UA,3843,,,,,ZW,20046,ZW,3843,12264,1226402,30852,IAD,"Washington, DC",VA,51,Virginia,38,12953,1295304,31703,LGA,"New York, NY",NY,36,New York,22,815,18.0,18.0,1.0,1.0,0800-0859,43.0,916.0,1001.0,4.0,943,1005.0,22.0,22.0,1.0,1.0,0900-0959,0.0,,0.0,88.0,92.0,45.0,1.0,229.0,1,18.0,0.0,4.0,0.0,0.0,,,,0,,,,,,,,,,,,,,,,,,,,,,,,,,,,,,,,,,,,,,,,,,,,,N,0.0,0.0,8.0,10.0,2.0,0.0,34.0,40.0,8,9,1.0,3.0,33.0,39.0,6,6,1,1.0,0.0,N432AW,N432AW-UA-1,34.0,46.0,6.0,40.0,52.0,28.0,6.0,0.0,35,41,1.0,6.3
N432SW,605.0,2019,2,5,2,4,2019-05-02,DL,DL_CODESHARE,19790,DL,3798,,,,,OO,20304,OO,3798,12389,1238902,32389,ISN,"Williston, ND",ND,38,North Dakota,66,13487,1348702,31650,MSP,"Minneapolis, MN",MN,27,Minnesota,63,616,-11.0,0.0,0.0,-1.0,0600-0659,69.0,714.0,835.0,4.0,810,839.0,29.0,29.0,1.0,1.0,0800-0859,0.0,,0.0,114.0,154.0,81.0,1.0,546.0,3,0.0,0.0,29.0,0.0,0.0,,,,0,,,,,,,,,,,,,,,,,,,,,,,,,,,,,,,,,,,,,,,,,,,,,N,4.0,4.0,6.0,8.0,0.0,3.0,28.0,39.0,6,8,1.0,1.0,29.0,37.0,5,5,0,1.0,1.0,N432SW,N432SW-DL-0,29.0,40.0,11.0,40.0,51.0,,,2.0,29,40,0.0,0.0
N432SW,911.0,2019,2,5,2,4,2019-05-02,DL,DL_CODESHARE,19790,DL,3726,,,,,OO,20304,OO,3726,13487,1348702,31650,MSP,"Minneapolis, MN",MN,27,Minnesota,63,13029,1302902,33029,LNK,"Lincoln, NE",NE,31,Nebraska,65,850,21.0,21.0,1.0,1.0,0800-0859,30.0,941.0,1042.0,3.0,1024,1045.0,21.0,21.0,1.0,1.0,1000-1059,0.0,,0.0,94.0,94.0,61.0,1.0,331.0,2,0.0,0.0,0.0,0.0,21.0,,,,0,,,,,,,,,,,,,,,,,,,,,,,,,,,,,,,,,,,,,,,,,,,,,N,4.0,4.0,9.0,10.0,1.0,3.0,41.0,47.0,8,10,3.0,2.0,39.0,46.0,4,4,1,1.0,0.0,N432SW,N432SW-DL-1,40.0,53.0,6.0,46.0,59.0,39.0,2.0,1.0,41,47,1.0,4.3
N432WN,832.0,2019,2,5,2,4,2019-05-02,WN,WN,19393,WN,2233,,,,,WN,19393,WN,2233,15016,1501606,31123,STL,"St. Louis, MO",MO,29,Missouri,64,10821,1082106,30852,BWI,"Baltimore, MD",MD,24,Maryland,35,825,7.0,7.0,0.0,0.0,0800-0859,11.0,843.0,1120.0,4.0,1125,1124.0,-1.0,0.0,0.0,-1.0,1100-1159,0.0,,0.0,120.0,112.0,97.0,1.0,738.0,3,,,0.0,,0.0,,,,0,,,,,,,,,,,,,,,,,,,,,,,,,,,,,,,,,,,,,,,,,,,,,N,4.0,0.0,8.0,11.0,2.0,2.0,38.0,46.0,8,11,2.0,2.0,38.0,46.0,5,5,0,0.0,0.0,N432WN,N432WN-WN-0,38.0,50.0,8.0,46.0,58.0,,,0.0,38,46,0.0,0.0
N432YX,615.0,2019,2,5,2,4,2019-05-02,AA,AA_CODESHARE,19805,AA,4527,,,,,YX,20452,YX,4527,12953,1295304,31703,LGA,"New York, NY",NY,36,New York,22,10397,1039707,30397,ATL,"Atlanta, GA",GA,13,Georgia,34,625,-10.0,0.0,0.0,-1.0,0600-0659,14.0,629.0,828.0,14.0,900,842.0,-18.0,0.0,0.0,-2.0,0900-0959,0.0,,0.0,155.0,147.0,119.0,1.0,762.0,4,,,0.0,,0.0,,,,0,,,,,,,,,,,,,,,,,,,,,,,,,,,,,,,,,,,,,,,,,,,,,N,0.0,0.0,6.0,8.0,1.0,3.0,25.0,35.0,6,9,2.0,0.0,26.0,36.0,7,7,0,1.0,1.0,N432YX,N432YX-AA-0,26.0,37.0,10.0,36.0,47.0,,,0.0,26,36,0.0,0.0
N432YX,938.0,2019,2,5,2,4,2019-05-02,AA,AA_CODESHARE,19805,AA,4527,,,,,YX,20452,YX,4527,10397,1039707,30397,ATL,"Atlanta, GA",GA,13,Georgia,34,12953,1295304,31703,LGA,"New York, NY",NY,36,New York,22,938,0.0,0.0,0.0,0.0,0900-0959,17.0,955.0,1139.0,5.0,1200,1144.0,-16.0,0.0,0.0,-2.0,1200-1259,0.0,,0.0,142.0,126.0,104.0,1.0,762.0,4,,,0.0,,0.0,,,,0,,,,,,,,,,,,,,,,,,,,,,,,,,,,,,,,,,,,,,,,,,,,,N,0.0,0.0,9.0,11.0,3.0,3.0,39.0,47.0,9,12,3.0,0.0,39.0,48.0,2,2,1,1.0,0.0,N432YX,N432YX-AA-1,39.0,51.0,8.0,47.0,59.0,35.0,4.0,0.0,44,52,5.0,17.1
N433AW,736.0,2019,2,5,2,4,2019-05-02,UA,UA_CODESHARE,19977,UA,3963,,,,,ZW,20046,ZW,3963,12945,1294503,32945,LEX,"Lexington, KY",KY,21,Kentucky,52,13930,1393007,30977,ORD,"Chicago, IL",IL,17,Illinois,41,740,-4.0,0.0,0.0,-1.0,0700-0759,9.0,745.0,750.0,13.0,814,803.0,-11.0,0.0,0.0,-1.0,0800-0859,0.0,,0.0,94.0,87.0,65.0,1.0,323.0,2,,,0.0,,0.0,,,,0,,,,,,,,,,,,,,,,,,,,,,,,,,,,,,,,,,,,,,,,,,,,,N,0.0,4.0,7.0,8.0,2.0,0.0,30.0,36.0,7,8,3.0,1.0,31.0,37.0,1,1,0,0.0,0.0,N433AW,N433AW-UA-0,31.0,42.0,6.0,37.0,48.0,,,0.0,31,39,2.0,2.96
N433QX,631.0,2019,2,5,2,4,2019-05-02,AS,AS_CODESHARE,19930,AS,2372,,,,,QX,19687,QX,2372,14747,1474703,30559,SEA,"Seattle, WA",WA,53,Washington,93,11884,1188402,31884,GEG,"Spokane, WA",WA,53,Washington,93,635,-4.0,0.0,0.0,-1.0,0600-0659,11.0,642.0,724.0,4.0,745,728.0,-17.0,0.0,0.0,-2.0,0700-0759,0.0,,0.0,70.0,57.0,42.0,1.0,224.0,1,,,0.0,,0.0,,,,0,,,,,,,,,,,,,,,,,,,,,,,,,,,,,,,,,,,,,,,,,,,,,N,12.0,12.0,6.0,7.0,2.0,2.0,38.0,42.0,6,7,2.0,3.0,38.0,43.0,6,6,0,0.0,0.0,N433QX,N433QX-AS-0,38.0,50.0,4.0,42.0,54.0,,,0.0,38,42,0.0,0.0
N433SW,625.0,2019,2,5,2,4,2019-05-02,DL,DL_CODESHARE,19790,DL,4315,,,,,OO,20304,OO,4315,11823,1182304,31823,FWA,"Fort Wayne, IN",IN,18,Indiana,42,11433,1143302,31295,DTW,"Detroit, MI",MI,26,Michigan,43,630,-5.0,0.0,0.0,-1.0,0600-0659,13.0,638.0,707.0,7.0,735,714.0,-21.0,0.0,0.0,-2.0,0700-0759,0.0,,0.0,65.0,49.0,29.0,1.0,128.0,1,,,0.0,,0.0,,,,0,,,,,,,,,,,,,,,,,,,,,,,,,,,,,,,,,,,,,,,,,,,,,N,0.0,0.0,6.0,7.0,2.0,1.0,26.0,29.0,6,7,2.0,2.0,26.0,30.0,6,6,0,1.0,1.0,N433SW,N433SW-DL-0,26.0,38.0,3.0,29.0,41.0,,,0.0,26,29,0.0,0.0
N433SW,838.0,2019,2,5,2,4,2019-05-02,DL,DL_CODESHARE,19790,DL,3749,,,,,OO,20304,OO,3749,11433,1143302,31295,DTW,"Detroit, MI",MI,26,Michigan,43,11267,1126702,31267,DAY,"Dayton, OH",OH,39,Ohio,44,840,-2.0,0.0,0.0,-1.0,0800-0859,44.0,922.0,958.0,6.0,945,1004.0,19.0,19.0,1.0,1.0,0900-0959,0.0,,0.0,65.0,86.0,36.0,1.0,166.0,1,0.0,0.0,19.0,0.0,0.0,,,,0,,,,,,,,,,,,,,,,,,,,,,,,,,,,,,,,,,,,,,,,,,,,,N,0.0,0.0,8.0,10.0,3.0,0.0,35.0,40.0,8,9,3.0,3.0,35.0,39.0,4,4,1,1.0,0.0,N433SW,N433SW-DL-1,35.0,47.0,5.0,40.0,52.0,29.0,6.0,1.0,35,40,0.0,0.0
N433UA,551.0,2019,2,5,2,4,2019-05-02,UA,UA,19977,UA,296,,,,,UA,19977,UA,296,10529,1052906,30529,BDL,"Hartford, CT",CT,9,Connecticut,11,12264,1226402,30852,IAD,"Washington, DC",VA,51,Virginia,38,600,-9.0,0.0,0.0,-1.0,0600-0659,15.0,606.0,701.0,5.0,720,706.0,-14.0,0.0,0.0,-1.0,0700-0759,0.0,,0.0,80.0,75.0,55.0,1.0,326.0,2,,,0.0,,0.0,,,,0,,,,,,,,,,,,,,,,,,,,,,,,,,,,,,,,,,,,,,,,,,,,,N,0.0,0.0,5.0,7.0,3.0,0.0,23.0,28.0,6,7,0.0,1.0,24.0,29.0,6,6,0,1.0,1.0,N433UA,N433UA-UA-0,24.0,35.0,5.0,29.0,40.0,,,0.0,24,29,0.0,0.0
N433UA,813.0,2019,2,5,2,4,2019-05-02,UA,UA,19977,UA,1785,,,,,UA,19977,UA,1785,12264,1226402,30852,IAD,"Washington, DC",VA,51,Virginia,38,11697,1169706,32467,FLL,"Fort Lauderdale, FL",FL,12,Florida,33,815,-2.0,0.0,0.0,-1.0,0800-0859,15.0,828.0,1035.0,3.0,1053,1038.0,-15.0,0.0,0.0,-1.0,1000-1059,0.0,,0.0,158.0,145.0,127.0,1.0,901.0,4,,,0.0,,0.0,,,,0,,,,,,,,,,,,,,,,,,,,,,,,,,,,,,,,,,,,,,,,,,,,,N,0.0,0.0,8.0,10.0,1.0,3.0,33.0,43.0,8,10,1.0,4.0,33.0,44.0,5,5,1,1.0,0.0,N433UA,N433UA-UA-1,33.0,45.0,10.0,43.0,55.0,28.0,5.0,0.0,34,44,1.0,5.32
N433YX,621.0,2019,2,5,2,4,2019-05-02,AA,AA_CODESHARE,19805,AA,4494,,,,,YX,20452,YX,4494,14193,1419306,33728,PNS,"Pensacola, FL",FL,12,Florida,33,13303,1330303,32467,MIA,"Miami, FL",FL,12,Florida,33,633,-12.0,0.0,0.0,-1.0,0600-0659,11.0,632.0,851.0,8.0,916,859.0,-17.0,0.0,0.0,-2.0,0900-0959,0.0,,0.0,103.0,98.0,79.0,1.0,530.0,3,,,0.0,,0.0,,,,0,,,,,,,,,,,,,,,,,,,,,,,,,,,,,,,,,,,,,,,,,,,,,N,4.0,0.0,6.0,8.0,1.0,4.0,29.0,36.0,6,9,2.0,1.0,30.0,37.0,9,9,0,0.0,0.0,N433YX,N433YX-AA-0,30.0,41.0,7.0,37.0,48.0,,,0.0,30,37,0.0,0.0
N434AS,607.0,2019,2,5,2,4,2019-05-02,AS,AS,19930,AS,825,,,,,AS,19930,AS,825,14679,1467903,33570,SAN,"San Diego, CA",CA,6,California,91,14831,1483106,32457,SJC,"San Jose, CA",CA,6,California,91,615,-8.0,0.0,0.0,-1.0,0600-0659,32.0,639.0,741.0,5.0,745,746.0,1.0,1.0,0.0,0.0,0700-0759,0.0,,0.0,90.0,99.0,62.0,1.0,417.0,2,,,0.0,,0.0,,,,0,,,,,,,,,,,,,,,,,,,,,,,,,,,,,,,,,,,,,,,,,,,,,N,12.0,12.0,6.0,7.0,0.0,3.0,36.0,43.0,6,7,1.0,3.0,37.0,43.0,8,8,0,0.0,0.0,N434AS,N434AS-AS-0,37.0,48.0,7.0,44.0,55.0,,,0.0,37,44,0.0,0.0
N434MK,501.0,2019,2,5,2,4,2019-05-02,AS,AS_CODESHARE,19930,AS,2101,,,,,QX,19687,QX,2101,14252,1425202,34252,PSC,"Pasco/Kennewick/Richland, WA",WA,53,Washington,93,14747,1474703,30559,SEA,"Seattle, WA",WA,53,Washington,93,505,-4.0,0.0,0.0,-1.0,0001-0559,12.0,513.0,554.0,6.0,605,600.0,-5.0,0.0,0.0,-1.0,0600-0659,0.0,,0.0,60.0,59.0,41.0,1.0,172.0,1,,,0.0,,0.0,,,,0,,,,,,,,,,,,,,,,,,,,,,,,,,,,,,,,,,,,,,,,,,,,,N,12.0,12.0,5.0,6.0,0.0,0.0,32.0,36.0,5,6,0.0,0.0,32.0,36.0,1,1,0,1.0,1.0,N434MK,N434MK-AS-0,32.0,44.0,4.0,36.0,48.0,,,0.0,32,36,0.0,0.0
N434MK,646.0,2019,2,5,2,4,2019-05-02,AS,AS_CODESHARE,19930,AS,2011,,,,,QX,19687,QX,2011,14747,1474703,30559,SEA,"Seattle, WA",WA,53,Washington,93,14057,1405702,34057,PDX,"Portland, OR",OR,41,Oregon,92,650,-4.0,0.0,0.0,-1.0,0600-0659,16.0,702.0,731.0,6.0,745,737.0,-8.0,0.0,0.0,-1.0,0700-0759,0.0,,0.0,55.0,51.0,29.0,1.0,129.0,1,,,0.0,,0.0,,,,0,,,,,,,,,,,,,,,,,,,,,,,,,,,,,,,,,,,,,,,,,,,,,N,12.0,12.0,6.0,7.0,3.0,2.0,39.0,42.0,6,7,3.0,3.0,39.0,43.0,7,7,1,1.0,0.0,N434MK,N434MK-AS-1,39.0,51.0,3.0,42.0,54.0,36.0,3.0,0.0,39,42,0.0,0.0
N434UA,720.0,2019,2,5,2,4,2019-05-02,UA,UA,19977,UA,2083,,,,,UA,19977,UA,2083,12266,1226603,31453,IAH,"Houston, TX",TX,48,Texas,74,11697,1169706,32467,FLL,"Fort Lauderdale, FL",FL,12,Florida,33,725,-5.0,0.0,0.0,-1.0,0700-0759,13.0,733.0,1033.0,4.0,1051,1037.0,-14.0,0.0,0.0,-1.0,1000-1059,0.0,,0.0,146.0,137.0,120.0,1.0,966.0,4,,,0.0,,0.0,,,,0,,,,,,,,,,,,,,,,,,,,,,,,,,,,,,,,,,,,,,,,,,,,,N,4.0,0.0,7.0,10.0,1.0,2.0,33.0,42.0,7,10,2.0,3.0,34.0,43.0,4,4,0,0.0,0.0,N434UA,N434UA-UA-0,34.0,45.0,9.0,43.0,54.0,,,0.0,34,43,0.0,0.0
N434YX,549.0,2019,2,5,2,4,2019-05-02,AA,AA_CODESHARE,19805,AA,4353,,,,,YX,20452,YX,4353,10994,1099402,30994,CHS,"Charleston, SC",SC,45,South Carolina,37,13303,1330303,32467,MIA,"Miami, FL",FL,12,Florida,33,557,-8.0,0.0,0.0,-1.0,0001-0559,8.0,557.0,716.0,6.0,738,722.0,-16.0,0.0,0.0,-2.0,0700-0759,0.0,,0.0,101.0,93.0,79.0,1.0,489.0,2,,,0.0,,0.0,,,,0,,,,,,,,,,,,,,,,,,,,,,,,,,,,,,,,,,,,,,,,,,,,,N,0.0,0.0,5.0,7.0,3.0,1.0,23.0,29.0,5,7,4.0,3.0,24.0,31.0,7,7,0,0.0,0.0,N434YX,N434YX-AA-0,24.0,35.0,6.0,30.0,41.0,,,0.0,24,31,1.0,7.12
N435UA,756.0,2019,2,5,2,4,2019-05-02,UA,UA,19977,UA,558,,,,,UA,19977,UA,558,14492,1449202,34492,RDU,"Raleigh/Durham, NC",NC,37,North Carolina,36,11618,1161802,31703,EWR,"Newark, NJ",NJ,34,New Jersey,21,800,-4.0,0.0,0.0,-1.0,0800-0859,24.0,820.0,928.0,8.0,938,936.0,-2.0,0.0,0.0,-1.0,0900-0959,0.0,,0.0,98.0,100.0,68.0,1.0,416.0,2,,,0.0,,0.0,,,,0,,,,,,,,,,,,,,,,,,,,,,,,,,,,,,,,,,,,,,,,,,,,,N,0.0,0.0,7.0,9.0,4.0,2.0,32.0,38.0,8,9,0.0,3.0,32.0,39.0,5,5,0,1.0,1.0,N435UA,N435UA-UA-0,32.0,44.0,6.0,38.0,50.0,,,0.0,32,38,0.0,0.0
N435UA,1024.0,2019,2,5,2,4,2019-05-02,UA,UA,19977,UA,1183,,,,,UA,19977,UA,1183,11618,1161802,31703,EWR,"Newark, NJ",NJ,34,New Jersey,21,14635,1463502,31714,RSW,"Fort Myers, FL",FL,12,Florida,33,930,54.0,54.0,1.0,3.0,0900-0959,18.0,1042.0,1316.0,4.0,1239,1320.0,41.0,41.0,1.0,2.0,1200-1259,0.0,,0.0,189.0,176.0,154.0,1.0,1068.0,5,6.0,0.0,0.0,0.0,35.0,,,,0,,,,,,,,,,,,,,,,,,,,,,,,,,,,,,,,,,,,,,,,,,,,,N,0.0,0.0,10.0,13.0,2.0,1.0,42.0,53.0,9,12,2.0,3.0,38.0,51.0,2,2,1,1.0,0.0,N435UA,N435UA-UA-1,40.0,54.0,11.0,51.0,65.0,38.0,4.0,2.0,43,54,3.0,8.42
N435YX,654.0,2019,2,5,2,4,2019-05-02,AA,AA_CODESHARE,19805,AA,4325,,,,,YX,20452,YX,4325,12953,1295304,31703,LGA,"New York, NY",NY,36,New York,22,11278,1127805,30852,DCA,"Washington, DC",VA,51,Virginia,38,700,-6.0,0.0,0.0,-1.0,0700-0759,12.0,706.0,754.0,5.0,824,759.0,-25.0,0.0,0.0,-2.0,0800-0859,0.0,,0.0,84.0,65.0,48.0,1.0,214.0,1,,,0.0,,0.0,,,,0,,,,,,,,,,,,,,,,,,,,,,,,,,,,,,,,,,,,,,,,,,,,,N,0.0,0.0,6.0,7.0,4.0,4.0,28.0,32.0,7,8,0.0,2.0,28.0,34.0,2,2,0,1.0,1.0,N435YX,N435YX-AA-0,28.0,40.0,4.0,32.0,44.0,,,0.0,28,32,0.0,0.0
N435YX,854.0,2019,2,5,2,4,2019-05-02,AA,AA_CODESHARE,19805,AA,4333,,,,,YX,20452,YX,4333,11278,1127805,30852,DCA,"Washington, DC",VA,51,Virginia,38,12953,1295304,31703,LGA,"New York, NY",NY,36,New York,22,900,-6.0,0.0,0.0,-1.0,0900-0959,28.0,922.0,1012.0,9.0,1026,1021.0,-5.0,0.0,0.0,-1.0,1000-1059,0.0,,0.0,86.0,87.0,50.0,1.0,214.0,1,,,0.0,,0.0,,,,0,,,,,,,,,,,,,,,,,,,,,,,,,,,,,,,,,,,,,,,,,,,,,N,0.0,0.0,8.0,10.0,4.0,1.0,36.0,41.0,9,10,0.0,2.0,36.0,42.0,8,8,1,1.0,0.0,N435YX,N435YX-AA-1,36.0,48.0,5.0,41.0,53.0,32.0,4.0,0.0,36,41,0.0,0.0
N436AW,653.0,2019,2,5,2,4,2019-05-02,UA,UA_CODESHARE,19977,UA,3898,,,,,ZW,20046,ZW,3898,10469,1046902,30469,AZO,"Kalamazoo, MI",MI,26,Michigan,43,13930,1393007,30977,ORD,"Chicago, IL",IL,17,Illinois,41,700,-7.0,0.0,0.0,-1.0,0700-0759,8.0,701.0,638.0,15.0,705,653.0,-12.0,0.0,0.0,-1.0,0700-0759,0.0,,0.0,65.0,60.0,37.0,1.0,122.0,1,,,0.0,,0.0,,,,0,,,,,,,,,,,,,,,,,,,,,,,,,,,,,,,,,,,,,,,,,,,,,N,0.0,4.0,6.0,6.0,4.0,4.0,28.0,32.0,7,7,0.0,0.0,28.0,32.0,8,8,0,1.0,1.0,N436AW,N436AW-UA-0,28.0,40.0,4.0,32.0,44.0,,,0.0,28,32,0.0,0.0
N436AW,803.0,2019,2,5,2,4,2019-05-02,UA,UA_CODESHARE,19977,UA,4823,,,,,ZW,20046,ZW,4823,13930,1393007,30977,ORD,"Chicago, IL",IL,17,Illinois,41,12992,1299206,32600,LIT,"Little Rock, AR",AR,5,Arkansas,71,805,-2.0,0.0,0.0,-1.0,0800-0859,26.0,829.0,1018.0,5.0,1002,1023.0,21.0,21.0,1.0,1.0,1000-1059,0.0,,0.0,117.0,140.0,109.0,1.0,552.0,3,0.0,0.0,21.0,0.0,0.0,,,,0,,,,,,,,,,,,,,,,,,,,,,,,,,,,,,,,,,,,,,,,,,,,,N,4.0,4.0,8.0,10.0,0.0,2.0,36.0,46.0,8,10,0.0,0.0,36.0,44.0,8,8,1,1.0,0.0,N436AW,N436AW-UA-1,36.0,48.0,10.0,46.0,58.0,32.0,4.0,1.0,36,46,0.0,0.0
N436QX,506.0,2019,2,5,2,4,2019-05-02,AS,AS_CODESHARE,19930,AS,2001,,,,,QX,19687,QX,2001,16101,1610102,36101,YKM,"Yakima, WA",WA,53,Washington,93,14747,1474703,30559,SEA,"Seattle, WA",WA,53,Washington,93,500,6.0,6.0,0.0,0.0,0001-0559,5.0,511.0,540.0,5.0,545,545.0,0.0,0.0,0.0,0.0,0001-0559,0.0,,0.0,45.0,39.0,29.0,1.0,103.0,1,,,0.0,,0.0,,,,0,,,,,,,,,,,,,,,,,,,,,,,,,,,,,,,,,,,,,,,,,,,,,N,12.0,12.0,5.0,5.0,0.0,3.0,32.0,35.0,5,5,0.0,3.0,32.0,35.0,1,1,0,1.0,1.0,N436QX,N436QX-AS-0,32.0,44.0,3.0,35.0,47.0,,,0.0,32,35,0.0,0.0
N436QX,630.0,2019,2,5,2,4,2019-05-02,AS,AS_CODESHARE,19930,AS,2322,,,,,QX,19687,QX,2322,14747,1474703,30559,SEA,"Seattle, WA",WA,53,Washington,93,10713,1071302,30713,BOI,"Boise, ID",ID,16,Idaho,83,630,0.0,0.0,0.0,0.0,0600-0659,14.0,644.0,847.0,4.0,905,851.0,-14.0,0.0,0.0,-1.0,0900-0959,0.0,,0.0,95.0,81.0,63.0,1.0,399.0,2,,,0.0,,0.0,,,,0,,,,,,,,,,,,,,,,,,,,,,,,,,,,,,,,,,,,,,,,,,,,,N,12.0,8.0,6.0,8.0,2.0,3.0,38.0,43.0,6,9,2.0,0.0,38.0,44.0,9,9,1,1.0,0.0,N436QX,N436QX-AS-1,38.0,50.0,5.0,43.0,55.0,35.0,3.0,0.0,38,43,0.0,0.0
N436UA,553.0,2019,2,5,2,4,2019-05-02,UA,UA,19977,UA,1864,,,,,UA,19977,UA,1864,13487,1348702,31650,MSP,"Minneapolis, MN",MN,27,Minnesota,63,11292,1129202,30325,DEN,"Denver, CO",CO,8,Colorado,82,600,-7.0,0.0,0.0,-1.0,0600-0659,13.0,606.0,652.0,6.0,704,658.0,-6.0,0.0,0.0,-1.0,0700-0759,0.0,,0.0,124.0,125.0,106.0,1.0,680.0,3,,,0.0,,0.0,,,,0,,,,,,,,,,,,,,,,,,,,,,,,,,,,,,,,,,,,,,,,,,,,,N,4.0,8.0,5.0,6.0,4.0,4.0,28.0,36.0,6,7,0.0,0.0,28.0,36.0,2,2,0,0.0,0.0,N436UA,N436UA-UA-0,28.0,40.0,8.0,36.0,48.0,,,0.0,28,36,0.0,0.0
N436YX,724.0,2019,2,5,2,4,2019-05-02,AA,AA_CODESHARE,19805,AA,4663,,,,,YX,20452,YX,4663,13495,1349505,33495,MSY,"New Orleans, LA",LA,22,Louisiana,72,11278,1127805,30852,DCA,"Washington, DC",VA,51,Virginia,38,726,-2.0,0.0,0.0,-1.0,0700-0759,14.0,738.0,1046.0,4.0,1100,1050.0,-10.0,0.0,0.0,-1.0,1100-1159,0.0,,0.0,154.0,146.0,128.0,1.0,969.0,4,,,0.0,,0.0,,,,0,,,,,,,,,,,,,,,,,,,,,,,,,,,,,,,,,,,,,,,,,,,,,N,4.0,0.0,7.0,10.0,2.0,3.0,34.0,43.0,7,11,2.0,0.0,34.0,44.0,1,1,0,0.0,0.0,N436YX,N436YX-AA-0,34.0,46.0,9.0,43.0,55.0,,,0.0,34,43,0.0,0.0
N437AW,522.0,2019,2,5,2,4,2019-05-02,UA,UA_CODESHARE,19977,UA,4817,,,,,ZW,20046,ZW,4817,11203,1120302,30424,CWA,"Mosinee, WI",WI,55,Wisconsin,45,13930,1393007,30977,ORD,"Chicago, IL",IL,17,Illinois,41,537,-15.0,0.0,0.0,-1.0,0001-0559,18.0,540.0,629.0,13.0,703,642.0,-21.0,0.0,0.0,-2.0,0700-0759,0.0,,0.0,86.0,80.0,49.0,1.0,213.0,1,,,0.0,,0.0,,,,0,,,,,,,,,,,,,,,,,,,,,,,,,,,,,,,,,,,,,,,,,,,,,N,4.0,4.0,5.0,6.0,1.0,3.0,25.0,31.0,5,7,2.0,0.0,26.0,32.0,7,7,0,1.0,1.0,N437AW,N437AW-UA-0,26.0,37.0,6.0,32.0,43.0,,,0.0,26,32,0.0,0.0
N437AW,738.0,2019,2,5,2,4,2019-05-02,UA,UA_CODESHARE,19977,UA,3845,,,,,ZW,20046,ZW,3845,13930,1393007,30977,ORD,"Chicago, IL",IL,17,Illinois,41,14193,1419306,33728,PNS,"Pensacola, FL",FL,12,Florida,33,745,-7.0,0.0,0.0,-1.0,0700-0759,41.0,819.0,1014.0,4.0,1011,1018.0,7.0,7.0,0.0,0.0,1000-1059,0.0,,0.0,146.0,160.0,115.0,1.0,794.0,4,,,0.0,,0.0,,,,0,,,,,,,,,,,,,,,,,,,,,,,,,,,,,,,,,,,,,,,,,,,,,N,4.0,4.0,7.0,10.0,3.0,1.0,35.0,45.0,7,10,3.0,1.0,35.0,45.0,4,4,1,1.0,0.0,N437AW,N437AW-UA-1,35.0,47.0,10.0,45.0,57.0,31.0,4.0,0.0,36,46,1.0,4.34
N437SW,554.0,2019,2,5,2,4,2019-05-02,DL,DL_CODESHARE,19790,DL,3844,,,,,OO,20304,OO,3844,10434,1043405,30434,AVP,"Scranton/Wilkes-Barre, PA",PA,42,Pennsylvania,23,11433,1143302,31295,DTW,"Detroit, MI",MI,26,Michigan,43,600,-6.0,0.0,0.0,-1.0,0600-0659,12.0,606.0,714.0,9.0,736,723.0,-13.0,0.0,0.0,-1.0,0700-0759,0.0,,0.0,96.0,89.0,68.0,1.0,399.0,2,,,0.0,,0.0,,,,0,,,,,,,,,,,,,,,,,,,,,,,,,,,,,,,,,,,,,,,,,,,,,N,0.0,0.0,5.0,7.0,4.0,2.0,24.0,30.0,6,7,0.0,2.0,24.0,30.0,1,1,0,1.0,1.0,N437SW,N437SW-DL-0,24.0,36.0,6.0,30.0,42.0,,,0.0,24,30,0.0,0.0
N437SW,830.0,2019,2,5,2,4,2019-05-02,DL,DL_CODESHARE,19790,DL,3755,,,,,OO,20304,OO,3755,11433,1143302,31295,DTW,"Detroit, MI",MI,26,Michigan,43,15380,1538005,35380,TVC,"Traverse City, MI",MI,26,Michigan,43,831,-1.0,0.0,0.0,-1.0,0800-0859,19.0,849.0,932.0,2.0,943,934.0,-9.0,0.0,0.0,-1.0,0900-0959,0.0,,0.0,72.0,64.0,43.0,1.0,207.0,1,,,0.0,,0.0,,,,0,,,,,,,,,,,,,,,,,,,,,,,,,,,,,,,,,,,,,,,,,,,,,N,0.0,0.0,8.0,9.0,2.0,2.0,34.0,38.0,8,9,2.0,3.0,34.0,39.0,5,5,1,1.0,0.0,N437SW,N437SW-DL-1,34.0,46.0,4.0,38.0,50.0,30.0,4.0,0.0,34,38,0.0,0.0
N437UA,619.0,2019,2,5,2,4,2019-05-02,UA,UA,19977,UA,2298,,,,,UA,19977,UA,2298,10994,1099402,30994,CHS,"Charleston, SC",SC,45,South Carolina,37,11618,1161802,31703,EWR,"Newark, NJ",NJ,34,New Jersey,21,630,-11.0,0.0,0.0,-1.0,0600-0659,10.0,629.0,756.0,8.0,830,804.0,-26.0,0.0,0.0,-2.0,0800-0859,0.0,,0.0,120.0,105.0,87.0,1.0,628.0,3,,,0.0,,0.0,,,,0,,,,,,,,,,,,,,,,,,,,,,,,,,,,,,,,,,,,,,,,,,,,,N,0.0,0.0,6.0,8.0,1.0,0.0,25.0,32.0,6,8,2.0,2.0,26.0,34.0,9,9,0,1.0,1.0,N437UA,N437UA-UA-0,26.0,37.0,7.0,33.0,44.0,,,0.0,26,33,0.0,0.0
N437UA,928.0,2019,2,5,2,4,2019-05-02,UA,UA,19977,UA,1165,,,,,UA,19977,UA,1165,11618,1161802,31703,EWR,"Newark, NJ",NJ,34,New Jersey,21,13204,1320402,31454,MCO,"Orlando, FL",FL,12,Florida,33,930,-2.0,0.0,0.0,-1.0,0900-0959,23.0,951.0,1159.0,8.0,1222,1207.0,-15.0,0.0,0.0,-1.0,1200-1259,0.0,,0.0,172.0,159.0,128.0,1.0,937.0,4,,,0.0,,0.0,,,,0,,,,,,,,,,,,,,,,,,,,,,,,,,,,,,,,,,,,,,,,,,,,,N,0.0,0.0,9.0,12.0,2.0,0.0,38.0,48.0,9,12,2.0,1.0,38.0,49.0,5,5,1,1.0,0.0,N437UA,N437UA-UA-1,38.0,50.0,10.0,48.0,60.0,32.0,6.0,0.0,39,49,1.0,5.1
N437WN,542.0,2019,2,5,2,4,2019-05-02,WN,WN,19393,WN,472,,,,,WN,19393,WN,472,10792,1079206,30792,BUF,"Buffalo, NY",NY,36,New York,22,10821,1082106,30852,BWI,"Baltimore, MD",MD,24,Maryland,35,540,2.0,2.0,0.0,0.0,0001-0559,10.0,552.0,640.0,4.0,650,644.0,-6.0,0.0,0.0,-1.0,0600-0659,0.0,,0.0,70.0,62.0,48.0,1.0,281.0,2,,,0.0,,0.0,,,,0,,,,,,,,,,,,,,,,,,,,,,,,,,,,,,,,,,,,,,,,,,,,,N,0.0,0.0,5.0,6.0,3.0,3.0,23.0,27.0,5,6,3.0,3.0,23.0,27.0,7,7,0,2.0,2.0,N437WN,N437WN-WN-0,23.0,35.0,4.0,27.0,39.0,,,0.0,23,27,0.0,0.0
N437WN,733.0,2019,2,5,2,4,2019-05-02,WN,WN,19393,WN,472,,,,,WN,19393,WN,472,10821,1082106,30852,BWI,"Baltimore, MD",MD,24,Maryland,35,14122,1412202,30198,PIT,"Pittsburgh, PA",PA,42,Pennsylvania,23,735,-2.0,0.0,0.0,-1.0,0700-0759,9.0,742.0,818.0,5.0,840,823.0,-17.0,0.0,0.0,-2.0,0800-0859,0.0,,0.0,65.0,50.0,36.0,1.0,210.0,1,,,0.0,,0.0,,,,0,,,,,,,,,,,,,,,,,,,,,,,,,,,,,,,,,,,,,,,,,,,,,N,0.0,0.0,7.0,8.0,2.0,2.0,30.0,34.0,7,8,2.0,3.0,30.0,35.0,4,4,1,2.0,1.0,N437WN,N437WN-WN-1,30.0,42.0,4.0,34.0,46.0,27.0,3.0,0.0,30,34,0.0,0.0
N437WN,909.0,2019,2,5,2,4,2019-05-02,WN,WN,19393,WN,472,,,,,WN,19393,WN,472,14122,1412202,30198,PIT,"Pittsburgh, PA",PA,42,Pennsylvania,23,13232,1323202,30977,MDW,"Chicago, IL",IL,17,Illinois,41,915,-6.0,0.0,0.0,-1.0,0900-0959,11.0,920.0,926.0,4.0,945,930.0,-15.0,0.0,0.0,-1.0,0900-0959,0.0,,0.0,90.0,81.0,66.0,1.0,402.0,2,,,0.0,,0.0,,,,0,,,,,,,,,,,,,,,,,,,,,,,,,,,,,,,,,,,,,,,,,,,,,N,0.0,4.0,9.0,9.0,1.0,2.0,37.0,42.0,9,9,1.0,3.0,37.0,43.0,9,9,2,2.0,0.0,N437WN,N437WN-WN-2,37.0,49.0,5.0,42.0,54.0,34.0,3.0,0.0,37,42,0.0,0.0
N437YX,643.0,2019,2,5,2,4,2019-05-02,AA,AA_CODESHARE,19805,AA,4407,,,,,YX,20452,YX,4407,13303,1330303,32467,MIA,"Miami, FL",FL,12,Florida,33,10423,1042302,30423,AUS,"Austin, TX",TX,48,Texas,74,650,-7.0,0.0,0.0,-1.0,0600-0659,21.0,704.0,847.0,8.0,859,855.0,-4.0,0.0,0.0,-1.0,0800-0859,0.0,,0.0,189.0,192.0,163.0,1.0,1103.0,5,,,0.0,,0.0,,,,0,,,,,,,,,,,,,,,,,,,,,,,,,,,,,,,,,,,,,,,,,,,,,N,0.0,4.0,6.0,8.0,3.0,4.0,27.0,40.0,6,8,3.0,4.0,27.0,40.0,7,7,0,0.0,0.0,N437YX,N437YX-AA-0,27.0,39.0,13.0,40.0,52.0,,,0.0,27,40,0.0,0.0
N438AW,539.0,2019,2,5,2,4,2019-05-02,UA,UA_CODESHARE,19977,UA,3899,,,,,ZW,20046,ZW,3899,10408,1040805,30408,ATW,"Appleton, WI",WI,55,Wisconsin,45,13930,1393007,30977,ORD,"Chicago, IL",IL,17,Illinois,41,545,-6.0,0.0,0.0,-1.0,0001-0559,12.0,551.0,636.0,16.0,705,652.0,-13.0,0.0,0.0,-1.0,0700-0759,0.0,,0.0,80.0,73.0,45.0,1.0,161.0,1,,,0.0,,0.0,,,,0,,,,,,,,,,,,,,,,,,,,,,,,,,,,,,,,,,,,,,,,,,,,,N,4.0,4.0,5.0,6.0,3.0,3.0,27.0,31.0,5,7,3.0,0.0,27.0,32.0,9,9,0,1.0,1.0,N438AW,N438AW-UA-0,27.0,39.0,4.0,31.0,43.0,,,0.0,27,31,0.0,0.0
N438AW,804.0,2019,2,5,2,4,2019-05-02,UA,UA_CODESHARE,19977,UA,3779,,,,,ZW,20046,ZW,3779,13930,1393007,30977,ORD,"Chicago, IL",IL,17,Illinois,41,12448,1244807,32448,JAN,"Jackson/Vicksburg, MS",MS,28,Mississippi,53,810,-6.0,0.0,0.0,-1.0,0800-0859,30.0,834.0,1037.0,3.0,1018,1040.0,22.0,22.0,1.0,1.0,1000-1059,0.0,,0.0,128.0,156.0,123.0,1.0,677.0,3,0.0,0.0,22.0,0.0,0.0,,,,0,,,,,,,,,,,,,,,,,,,,,,,,,,,,,,,,,,,,,,,,,,,,,N,4.0,4.0,8.0,10.0,0.0,3.0,36.0,47.0,8,10,1.0,1.0,37.0,45.0,2,2,1,1.0,0.0,N438AW,N438AW-UA-1,37.0,48.0,11.0,48.0,59.0,31.0,5.0,1.0,37,48,0.0,0.0
N438QX,546.0,2019,2,5,2,4,2019-05-02,AS,AS_CODESHARE,19930,AS,2280,,,,,QX,19687,QX,2280,11603,1160302,31603,EUG,"Eugene, OR",OR,41,Oregon,92,14747,1474703,30559,SEA,"Seattle, WA",WA,53,Washington,93,550,-4.0,0.0,0.0,-1.0,0001-0559,18.0,604.0,654.0,11.0,700,705.0,5.0,5.0,0.0,0.0,0700-0759,0.0,,0.0,70.0,79.0,50.0,1.0,234.0,1,,,0.0,,0.0,,,,0,,,,,,,,,,,,,,,,,,,,,,,,,,,,,,,,,,,,,,,,,,,,,N,12.0,12.0,5.0,7.0,3.0,0.0,35.0,40.0,5,7,3.0,0.0,35.0,40.0,1,1,0,0.0,0.0,N438QX,N438QX-AS-0,35.0,47.0,5.0,40.0,52.0,,,0.0,35,42,2.0,2.94
N438YX,534.0,2019,2,5,2,4,2019-05-02,AA,AA_CODESHARE,19805,AA,4456,,,,,YX,20452,YX,4456,11066,1106606,31066,CMH,"Columbus, OH",OH,39,Ohio,44,11278,1127805,30852,DCA,"Washington, DC",VA,51,Virginia,38,540,-6.0,0.0,0.0,-1.0,0001-0559,12.0,546.0,702.0,4.0,659,706.0,7.0,7.0,0.0,0.0,0600-0659,0.0,,0.0,79.0,92.0,76.0,1.0,323.0,2,,,0.0,,0.0,,,,0,,,,,,,,,,,,,,,,,,,,,,,,,,,,,,,,,,,,,,,,,,,,,N,0.0,0.0,5.0,7.0,2.0,0.0,22.0,28.0,5,6,3.0,4.0,23.0,28.0,7,7,0,2.0,2.0,N438YX,N438YX-AA-0,23.0,34.0,6.0,29.0,40.0,,,0.0,23,29,0.0,0.0
N438YX,734.0,2019,2,5,2,4,2019-05-02,AA,AA_CODESHARE,19805,AA,4412,,,,,YX,20452,YX,4412,11278,1127805,30852,DCA,"Washington, DC",VA,51,Virginia,38,11066,1106606,31066,CMH,"Columbus, OH",OH,39,Ohio,44,740,-6.0,0.0,0.0,-1.0,0700-0759,15.0,749.0,845.0,9.0,904,854.0,-10.0,0.0,0.0,-1.0,0900-0959,0.0,,0.0,84.0,80.0,56.0,1.0,323.0,2,,,0.0,,0.0,,,,0,,,,,,,,,,,,,,,,,,,,,,,,,,,,,,,,,,,,,,,,,,,,,N,0.0,0.0,7.0,8.0,2.0,4.0,30.0,36.0,7,9,3.0,0.0,31.0,36.0,6,6,1,2.0,1.0,N438YX,N438YX-AA-1,31.0,42.0,6.0,37.0,48.0,28.0,2.0,0.0,31,37,0.0,0.0
N438YX,940.0,2019,2,5,2,4,2019-05-02,AA,AA_CODESHARE,19805,AA,4412,,,,,YX,20452,YX,4412,11066,1106606,31066,CMH,"Columbus, OH",OH,39,Ohio,44,11278,1127805,30852,DCA,"Washington, DC",VA,51,Virginia,38,940,0.0,0.0,0.0,0.0,0900-0959,15.0,955.0,1053.0,4.0,1058,1057.0,-1.0,0.0,0.0,-1.0,1000-1059,0.0,,0.0,78.0,77.0,58.0,1.0,323.0,2,,,0.0,,0.0,,,,0,,,,,,,,,,,,,,,,,,,,,,,,,,,,,,,,,,,,,,,,,,,,,N,0.0,0.0,9.0,10.0,3.0,4.0,39.0,44.0,9,10,3.0,4.0,39.0,44.0,2,2,2,2.0,0.0,N438YX,N438YX-AA-2,39.0,51.0,5.0,44.0,56.0,36.0,3.0,0.0,40,48,4.0,12.38
N439AW,609.0,2019,2,5,2,4,2019-05-02,UA,UA_CODESHARE,19977,UA,3955,,,,,ZW,20046,ZW,3955,10792,1079206,30792,BUF,"Buffalo, NY",NY,36,New York,22,12264,1226402,30852,IAD,"Washington, DC",VA,51,Virginia,38,615,-6.0,0.0,0.0,-1.0,0600-0659,13.0,622.0,733.0,4.0,726,737.0,11.0,11.0,0.0,0.0,0700-0759,0.0,,0.0,71.0,88.0,71.0,1.0,283.0,2,,,0.0,,0.0,,,,0,,,,,,,,,,,,,,,,,,,,,,,,,,,,,,,,,,,,,,,,,,,,,N,0.0,0.0,6.0,7.0,1.0,2.0,25.0,30.0,6,7,1.0,2.0,25.0,30.0,8,8,0,1.0,1.0,N439AW,N439AW-UA-0,25.0,37.0,5.0,30.0,42.0,,,0.0,25,30,0.0,0.0
N439AW,825.0,2019,2,5,2,4,2019-05-02,UA,UA_CODESHARE,19977,UA,4846,,,,,ZW,20046,ZW,4846,12264,1226402,30852,IAD,"Washington, DC",VA,51,Virginia,38,14730,1473003,33044,SDF,"Louisville, KY",KY,21,Kentucky,52,830,-5.0,0.0,0.0,-1.0,0800-0859,13.0,838.0,956.0,12.0,1025,1008.0,-17.0,0.0,0.0,-2.0,1000-1059,0.0,,0.0,115.0,103.0,78.0,1.0,451.0,2,,,0.0,,0.0,,,,0,,,,,,,,,,,,,,,,,,,,,,,,,,,,,,,,,,,,,,,,,,,,,N,0.0,0.0,8.0,10.0,2.0,1.0,34.0,41.0,8,10,2.0,2.0,34.0,42.0,5,5,1,1.0,0.0,N439AW,N439AW-UA-1,34.0,46.0,7.0,41.0,53.0,30.0,4.0,0.0,34,41,0.0,0.0
N439SW,631.0,2019,2,5,2,4,2019-05-02,DL,DL_CODESHARE,19790,DL,7392,,,,,OO,20304,OO,7392,14794,1479405,34794,SGU,"St. George, UT",UT,49,Utah,87,14869,1486903,34614,SLC,"Salt Lake City, UT",UT,49,Utah,87,640,-9.0,0.0,0.0,-1.0,0600-0659,13.0,644.0,727.0,4.0,745,731.0,-14.0,0.0,0.0,-1.0,0700-0759,0.0,,0.0,65.0,60.0,43.0,1.0,272.0,2,,,0.0,,0.0,,,,0,,,,,,,,,,,,,,,,,,,,,,,,,,,,,,,,,,,,,,,,,,,,,N,8.0,8.0,6.0,7.0,2.0,2.0,34.0,38.0,6,7,3.0,3.0,35.0,39.0,1,1,0,0.0,0.0,N439SW,N439SW-DL-0,35.0,46.0,4.0,39.0,50.0,,,0.0,35,39,0.0,0.0
N439UA,924.0,2019,2,5,2,4,2019-05-02,UA,UA,19977,UA,1579,,,,,UA,19977,UA,1579,13158,1315805,33158,MAF,"Midland/Odessa, TX",TX,48,Texas,74,12266,1226603,31453,IAH,"Houston, TX",TX,48,Texas,74,510,254.0,254.0,1.0,12.0,0001-0559,15.0,939.0,1041.0,6.0,635,1047.0,252.0,252.0,1.0,12.0,0600-0659,0.0,,0.0,85.0,83.0,62.0,1.0,429.0,2,0.0,0.0,252.0,0.0,0.0,635.0,37.0,37.0,0,,,,,,,,,,,,,,,,,,,,,,,,,,,,,,,,,,,,,,,,,,,,,N,4.0,4.0,9.0,10.0,2.0,3.0,42.0,47.0,5,6,1.0,2.0,25.0,30.0,6,6,0,0.0,0.0,N439UA,N439UA-UA-0,25.0,54.0,5.0,30.0,59.0,,,17.0,25,30,0.0,0.0
N439WN,646.0,2019,2,5,2,4,2019-05-02,WN,WN,19393,WN,1164,,,,,WN,19393,WN,1164,11433,1143302,31295,DTW,"Detroit, MI",MI,26,Michigan,43,10693,1069302,30693,BNA,"Nashville, TN",TN,47,Tennessee,54,645,1.0,1.0,0.0,0.0,0600-0659,9.0,655.0,703.0,4.0,715,707.0,-8.0,0.0,0.0,-1.0,0700-0759,0.0,,0.0,90.0,81.0,68.0,1.0,456.0,2,,,0.0,,0.0,,,,0,,,,,,,,,,,,,,,,,,,,,,,,,,,,,,,,,,,,,,,,,,,,,N,0.0,4.0,6.0,7.0,3.0,0.0,27.0,32.0,6,7,3.0,1.0,27.0,33.0,3,3,0,0.0,0.0,N439WN,N439WN-WN-0,27.0,39.0,5.0,32.0,44.0,,,0.0,28,33,1.0,3.26
N439YX,702.0,2019,2,5,2,4,2019-05-02,AA,AA_CODESHARE,19805,AA,4593,,,,,YX,20452,YX,4593,13851,1385103,33851,OKC,"Oklahoma City, OK",OK,40,Oklahoma,73,11278,1127805,30852,DCA,"Washington, DC",VA,51,Virginia,38,655,7.0,7.0,0.0,0.0,0600-0659,17.0,719.0,1051.0,4.0,1044,1055.0,11.0,11.0,0.0,0.0,1000-1059,0.0,,0.0,169.0,173.0,152.0,1.0,1158.0,5,,,0.0,,0.0,,,,0,,,,,,,,,,,,,,,,,,,,,,,,,,,,,,,,,,,,,,,,,,,,,N,4.0,0.0,7.0,10.0,0.0,4.0,32.0,44.0,6,10,4.0,3.0,32.0,43.0,6,6,0,0.0,0.0,N439YX,N439YX-AA-0,32.0,44.0,12.0,44.0,56.0,,,0.0,32,44,0.0,0.0
N440AS,659.0,2019,2,5,2,4,2019-05-02,AS,AS,19930,AS,637,,,,,AS,19930,AS,637,14107,1410702,30466,PHX,"Phoenix, AZ",AZ,4,Arizona,81,14747,1474703,30559,SEA,"Seattle, WA",WA,53,Washington,93,705,-6.0,0.0,0.0,-1.0,0700-0759,10.0,709.0,957.0,20.0,1015,1017.0,2.0,2.0,0.0,0.0,1000-1059,0.0,,0.0,190.0,198.0,168.0,1.0,1107.0,5,,,0.0,,0.0,,,,0,,,,,,,,,,,,,,,,,,,,,,,,,,,,,,,,,,,,,,,,,,,,,N,8.0,12.0,6.0,10.0,4.0,1.0,36.0,53.0,7,10,0.0,1.0,36.0,53.0,5,5,0,0.0,0.0,N440AS,N440AS-AS-0,36.0,48.0,17.0,53.0,65.0,,,0.0,36,53,0.0,0.0
N440AW,918.0,2019,2,5,2,4,2019-05-02,UA,UA_CODESHARE,19977,UA,3912,,,,,ZW,20046,ZW,3912,14321,1432105,34321,PWM,"Portland, ME",ME,23,Maine,12,12264,1226402,30852,IAD,"Washington, DC",VA,51,Virginia,38,930,-12.0,0.0,0.0,-1.0,0900-0959,14.0,932.0,1051.0,7.0,1124,1058.0,-26.0,0.0,0.0,-2.0,1100-1159,0.0,,0.0,114.0,100.0,79.0,1.0,493.0,2,,,0.0,,0.0,,,,0,,,,,,,,,,,,,,,,,,,,,,,,,,,,,,,,,,,,,,,,,,,,,N,0.0,0.0,9.0,10.0,1.0,4.0,37.0,44.0,9,11,2.0,2.0,38.0,46.0,1,1,0,0.0,0.0,N440AW,N440AW-UA-0,38.0,49.0,7.0,45.0,56.0,,,0.0,38,45,0.0,0.0
N440UA,643.0,2019,2,5,2,4,2019-05-02,UA,UA,19977,UA,206,,,,,UA,19977,UA,206,11986,1198603,31986,GRR,"Grand Rapids, MI",MI,26,Michigan,43,13930,1393007,30977,ORD,"Chicago, IL",IL,17,Illinois,41,645,-2.0,0.0,0.0,-1.0,0600-0659,13.0,656.0,634.0,17.0,652,651.0,-1.0,0.0,0.0,-1.0,0600-0659,0.0,,0.0,67.0,68.0,38.0,1.0,137.0,1,,,0.0,,0.0,,,,0,,,,,,,,,,,,,,,,,,,,,,,,,,,,,,,,,,,,,,,,,,,,,N,0.0,4.0,6.0,6.0,3.0,3.0,27.0,31.0,6,6,3.0,3.0,27.0,31.0,3,3,0,1.0,1.0,N440UA,N440UA-UA-0,27.0,39.0,4.0,31.0,43.0,,,0.0,27,31,0.0,0.0
N440UA,757.0,2019,2,5,2,4,2019-05-02,UA,UA,19977,UA,520,,,,,UA,19977,UA,520,13930,1393007,30977,ORD,"Chicago, IL",IL,17,Illinois,41,13495,1349505,33495,MSY,"New Orleans, LA",LA,22,Louisiana,72,745,12.0,12.0,0.0,0.0,0700-0759,41.0,838.0,1038.0,2.0,1007,1040.0,33.0,33.0,1.0,2.0,1000-1059,0.0,,0.0,142.0,163.0,120.0,1.0,836.0,4,12.0,0.0,21.0,0.0,0.0,,,,0,,,,,,,,,,,,,,,,,,,,,,,,,,,,,,,,,,,,,,,,,,,,,N,4.0,4.0,7.0,10.0,4.0,3.0,36.0,47.0,7,10,3.0,0.0,35.0,44.0,1,1,1,1.0,0.0,N440UA,N440UA-UA-1,35.0,48.0,11.0,46.0,59.0,31.0,5.0,1.0,35,46,0.0,0.0
N441SW,822.0,2019,2,5,2,4,2019-05-02,DL,DL_CODESHARE,19790,DL,3930,,,,,OO,20304,OO,3930,13433,1343302,33304,MOT,"Minot, ND",ND,38,North Dakota,66,13487,1348702,31650,MSP,"Minneapolis, MN",MN,27,Minnesota,63,830,-8.0,0.0,0.0,-1.0,0800-0859,26.0,848.0,958.0,5.0,1005,1003.0,-2.0,0.0,0.0,-1.0,1000-1059,0.0,,0.0,95.0,101.0,70.0,1.0,449.0,2,,,0.0,,0.0,,,,0,,,,,,,,,,,,,,,,,,,,,,,,,,,,,,,,,,,,,,,,,,,,,N,4.0,4.0,8.0,10.0,1.0,0.0,37.0,44.0,8,10,2.0,0.0,38.0,44.0,3,3,0,0.0,0.0,N441SW,N441SW-DL-0,38.0,49.0,7.0,45.0,56.0,,,0.0,38,45,0.0,0.0
N441UA,822.0,2019,2,5,2,4,2019-05-02,UA,UA,19977,UA,849,,,,,UA,19977,UA,849,12264,1226402,30852,IAD,"Washington, DC",VA,51,Virginia,38,10529,1052906,30529,BDL,"Hartford, CT",CT,9,Connecticut,11,815,7.0,7.0,0.0,0.0,0800-0859,24.0,846.0,939.0,4.0,934,943.0,9.0,9.0,0.0,0.0,0900-0959,0.0,,0.0,79.0,81.0,53.0,1.0,326.0,2,,,0.0,,0.0,,,,0,,,,,,,,,,,,,,,,,,,,,,,,,,,,,,,,,,,,,,,,,,,,,N,0.0,0.0,8.0,9.0,1.0,3.0,33.0,39.0,8,9,1.0,2.0,33.0,38.0,6,6,0,0.0,0.0,N441UA,N441UA-UA-0,33.0,45.0,6.0,39.0,51.0,,,0.0,33,39,0.0,0.0
N441WN,610.0,2019,2,5,2,4,2019-05-02,WN,WN,19393,WN,339,,,,,WN,19393,WN,339,13495,1349505,33495,MSY,"New Orleans, LA",LA,22,Louisiana,72,15304,1530402,33195,TPA,"Tampa, FL",FL,12,Florida,33,610,0.0,0.0,0.0,0.0,0600-0659,11.0,621.0,833.0,4.0,835,837.0,2.0,2.0,0.0,0.0,0800-0859,0.0,,0.0,85.0,87.0,72.0,1.0,488.0,2,,,0.0,,0.0,,,,0,,,,,,,,,,,,,,,,,,,,,,,,,,,,,,,,,,,,,,,,,,,,,N,4.0,0.0,6.0,8.0,1.0,2.0,29.0,34.0,6,8,1.0,2.0,29.0,34.0,4,4,0,1.0,1.0,N441WN,N441WN-WN-0,29.0,41.0,5.0,34.0,46.0,,,0.0,29,34,0.0,0.0
N441WN,914.0,2019,2,5,2,4,2019-05-02,WN,WN,19393,WN,339,,,,,WN,19393,WN,339,15304,1530402,33195,TPA,"Tampa, FL",FL,12,Florida,33,14122,1412202,30198,PIT,"Pittsburgh, PA",PA,42,Pennsylvania,23,910,4.0,4.0,0.0,0.0,0900-0959,6.0,920.0,1112.0,5.0,1135,1117.0,-18.0,0.0,0.0,-2.0,1100-1159,0.0,,0.0,145.0,123.0,112.0,1.0,873.0,4,,,0.0,,0.0,,,,0,,,,,,,,,,,,,,,,,,,,,,,,,,,,,,,,,,,,,,,,,,,,,N,0.0,0.0,9.0,11.0,1.0,1.0,37.0,45.0,9,11,1.0,2.0,37.0,46.0,8,8,1,1.0,0.0,N441WN,N441WN-WN-1,37.0,49.0,8.0,45.0,57.0,34.0,3.0,0.0,37,45,0.0,0.0
N441YX,648.0,2019,2,5,2,4,2019-05-02,AA,AA_CODESHARE,19805,AA,4667,,,,,YX,20452,YX,4667,11278,1127805,30852,DCA,"Washington, DC",VA,51,Virginia,38,14492,1449202,34492,RDU,"Raleigh/Durham, NC",NC,37,North Carolina,36,655,-7.0,0.0,0.0,-1.0,0600-0659,21.0,709.0,755.0,10.0,808,805.0,-3.0,0.0,0.0,-1.0,0800-0859,0.0,,0.0,73.0,77.0,46.0,1.0,227.0,1,,,0.0,,0.0,,,,0,,,,,,,,,,,,,,,,,,,,,,,,,,,,,,,,,,,,,,,,,,,,,N,0.0,0.0,6.0,8.0,3.0,0.0,27.0,32.0,6,8,4.0,1.0,28.0,33.0,6,6,0,1.0,1.0,N441YX,N441YX-AA-0,28.0,39.0,5.0,33.0,44.0,,,0.0,28,33,0.0,0.0
N441YX,840.0,2019,2,5,2,4,2019-05-02,AA,AA_CODESHARE,19805,AA,4473,,,,,YX,20452,YX,4473,14492,1449202,34492,RDU,"Raleigh/Durham, NC",NC,37,North Carolina,36,12478,1247805,31703,JFK,"New York, NY",NY,36,New York,22,845,-5.0,0.0,0.0,-1.0,0800-0859,26.0,906.0,1018.0,9.0,1030,1027.0,-3.0,0.0,0.0,-1.0,1000-1059,0.0,,0.0,105.0,107.0,72.0,1.0,427.0,2,,,0.0,,0.0,,,,0,,,,,,,,,,,,,,,,,,,,,,,,,,,,,,,,,,,,,,,,,,,,,N,0.0,0.0,8.0,10.0,3.0,2.0,35.0,42.0,8,10,3.0,2.0,35.0,42.0,2,2,1,1.0,0.0,N441YX,N441YX-AA-1,35.0,47.0,7.0,42.0,54.0,32.0,3.0,0.0,36,43,1.0,2.3
N441ZW,605.0,2019,2,5,2,4,2019-05-02,UA,UA_CODESHARE,19977,UA,3771,,,,,ZW,20046,ZW,3771,10434,1043405,30434,AVP,"Scranton/Wilkes-Barre, PA",PA,42,Pennsylvania,23,12264,1226402,30852,IAD,"Washington, DC",VA,51,Virginia,38,610,-5.0,0.0,0.0,-1.0,0600-0659,14.0,619.0,655.0,10.0,734,705.0,-29.0,0.0,0.0,-2.0,0700-0759,0.0,,0.0,84.0,60.0,36.0,1.0,189.0,1,,,0.0,,0.0,,,,0,,,,,,,,,,,,,,,,,,,,,,,,,,,,,,,,,,,,,,,,,,,,,N,0.0,0.0,6.0,7.0,0.0,0.0,24.0,28.0,6,7,1.0,2.0,25.0,30.0,4,4,0,1.0,1.0,N441ZW,N441ZW-UA-0,25.0,36.0,4.0,29.0,40.0,,,0.0,25,29,0.0,0.0
N441ZW,817.0,2019,2,5,2,4,2019-05-02,UA,UA_CODESHARE,19977,UA,3884,,,,,ZW,20046,ZW,3884,12264,1226402,30852,IAD,"Washington, DC",VA,51,Virginia,38,12217,1221702,30255,HSV,"Huntsville, AL",AL,1,Alabama,51,830,-13.0,0.0,0.0,-1.0,0800-0859,18.0,835.0,905.0,5.0,934,910.0,-24.0,0.0,0.0,-2.0,0900-0959,0.0,,0.0,124.0,113.0,90.0,1.0,596.0,3,,,0.0,,0.0,,,,0,,,,,,,,,,,,,,,,,,,,,,,,,,,,,,,,,,,,,,,,,,,,,N,0.0,4.0,8.0,9.0,1.0,1.0,33.0,41.0,8,9,2.0,2.0,34.0,42.0,3,3,1,1.0,0.0,N441ZW,N441ZW-UA-1,34.0,45.0,8.0,42.0,53.0,28.0,5.0,0.0,34,42,0.0,0.0
N442AW,518.0,2019,2,5,2,4,2019-05-02,UA,UA_CODESHARE,19977,UA,3767,,,,,ZW,20046,ZW,3767,13342,1334207,33342,MKE,"Milwaukee, WI",WI,55,Wisconsin,45,13930,1393007,30977,ORD,"Chicago, IL",IL,17,Illinois,41,530,-12.0,0.0,0.0,-1.0,0001-0559,25.0,543.0,612.0,13.0,636,625.0,-11.0,0.0,0.0,-1.0,0600-0659,0.0,,0.0,66.0,67.0,29.0,1.0,67.0,1,,,0.0,,0.0,,,,0,,,,,,,,,,,,,,,,,,,,,,,,,,,,,,,,,,,,,,,,,,,,,N,4.0,4.0,5.0,6.0,1.0,2.0,25.0,30.0,5,6,2.0,2.0,26.0,30.0,8,8,0,1.0,1.0,N442AW,N442AW-UA-0,26.0,37.0,5.0,31.0,42.0,,,0.0,26,31,0.0,0.0
N442AW,740.0,2019,2,5,2,4,2019-05-02,UA,UA_CODESHARE,19977,UA,3916,,,,,ZW,20046,ZW,3916,13930,1393007,30977,ORD,"Chicago, IL",IL,17,Illinois,41,10792,1079206,30792,BUF,"Buffalo, NY",NY,36,New York,22,745,-5.0,0.0,0.0,-1.0,0700-0759,15.0,755.0,1003.0,3.0,1022,1006.0,-16.0,0.0,0.0,-2.0,1000-1059,0.0,,0.0,97.0,86.0,68.0,1.0,473.0,2,,,0.0,,0.0,,,,0,,,,,,,,,,,,,,,,,,,,,,,,,,,,,,,,,,,,,,,,,,,,,N,4.0,0.0,7.0,10.0,3.0,0.0,35.0,40.0,7,10,3.0,1.0,35.0,41.0,3,3,1,1.0,0.0,N442AW,N442AW-UA-1,35.0,47.0,5.0,40.0,52.0,30.0,5.0,0.0,36,41,1.0,3.2
N442SW,658.0,2019,2,5,2,4,2019-05-02,DL,DL_CODESHARE,19790,DL,7404,,,,,OO,20304,OO,7404,12129,1212903,32129,HIB,"Hibbing, MN",MN,27,Minnesota,63,13487,1348702,31650,MSP,"Minneapolis, MN",MN,27,Minnesota,63,700,-2.0,0.0,0.0,-1.0,0700-0759,26.0,724.0,808.0,5.0,807,813.0,6.0,6.0,0.0,0.0,0800-0859,0.0,,0.0,67.0,75.0,44.0,1.0,174.0,1,,,0.0,,0.0,,,,0,,,,,,,,,,,,,,,,,,,,,,,,,,,,,,,,,,,,,,,,,,,,,N,4.0,4.0,6.0,8.0,4.0,1.0,32.0,37.0,7,8,0.0,0.0,32.0,36.0,7,7,0,0.0,0.0,N442SW,N442SW-DL-0,32.0,44.0,5.0,37.0,49.0,,,0.0,32,37,0.0,0.0
N442YX,511.0,2019,2,5,2,4,2019-05-02,AA,AA_CODESHARE,19805,AA,4695,,,,,YX,20452,YX,4695,13198,1319801,33198,MCI,"Kansas City, MO",MO,29,Missouri,64,13303,1330303,32467,MIA,"Miami, FL",FL,12,Florida,33,515,-4.0,0.0,0.0,-1.0,0001-0559,13.0,524.0,908.0,9.0,919,917.0,-2.0,0.0,0.0,-1.0,0900-0959,0.0,,0.0,184.0,186.0,164.0,1.0,1251.0,6,,,0.0,,0.0,,,,0,,,,,,,,,,,,,,,,,,,,,,,,,,,,,,,,,,,,,,,,,,,,,N,4.0,0.0,5.0,9.0,1.0,1.0,25.0,37.0,5,9,1.0,1.0,25.0,37.0,7,7,0,0.0,0.0,N442YX,N442YX-AA-0,25.0,37.0,12.0,37.0,49.0,,,0.0,25,37,0.0,0.0
N443AW,722.0,2019,2,5,2,4,2019-05-02,UA,UA_CODESHARE,19977,UA,3809,,,,,ZW,20046,ZW,3809,12197,1219702,31703,HPN,"White Plains, NY",NY,36,New York,22,13930,1393007,30977,ORD,"Chicago, IL",IL,17,Illinois,41,729,-7.0,0.0,0.0,-1.0,0700-0759,37.0,759.0,856.0,19.0,912,915.0,3.0,3.0,0.0,0.0,0900-0959,0.0,,0.0,163.0,173.0,117.0,1.0,738.0,3,,,0.0,,0.0,,,,0,,,,,,,,,,,,,,,,,,,,,,,,,,,,,,,,,,,,,,,,,,,,,N,0.0,4.0,7.0,9.0,1.0,1.0,29.0,41.0,7,9,2.0,1.0,30.0,41.0,6,6,0,0.0,0.0,N443AW,N443AW-UA-0,30.0,41.0,12.0,42.0,53.0,,,0.0,30,42,0.0,0.0
N443SW,635.0,2019,2,5,2,4,2019-05-02,DL,DL_CODESHARE,19790,DL,3712,,,,,OO,20304,OO,3712,13029,1302902,33029,LNK,"Lincoln, NE",NE,31,Nebraska,65,13487,1348702,31650,MSP,"Minneapolis, MN",MN,27,Minnesota,63,634,1.0,1.0,0.0,0.0,0600-0659,19.0,654.0,752.0,8.0,815,800.0,-15.0,0.0,0.0,-1.0,0800-0859,0.0,,0.0,101.0,85.0,58.0,1.0,331.0,2,,,0.0,,0.0,,,,0,,,,,,,,,,,,,,,,,,,,,,,,,,,,,,,,,,,,,,,,,,,,,N,4.0,4.0,6.0,8.0,2.0,0.0,30.0,36.0,6,8,2.0,1.0,30.0,37.0,8,8,0,1.0,1.0,N443SW,N443SW-DL-0,30.0,42.0,6.0,36.0,48.0,,,0.0,30,36,0.0,0.0
N443SW,841.0,2019,2,5,2,4,2019-05-02,DL,DL_CODESHARE,19790,DL,4839,,,,,OO,20304,OO,4839,13487,1348702,31650,MSP,"Minneapolis, MN",MN,27,Minnesota,63,10627,1062702,30627,BIS,"Bismarck/Mandan, ND",ND,38,North Dakota,66,845,-4.0,0.0,0.0,-1.0,0800-0859,9.0,850.0,1000.0,7.0,1019,1007.0,-12.0,0.0,0.0,-1.0,1000-1059,0.0,,0.0,94.0,86.0,70.0,1.0,386.0,2,,,0.0,,0.0,,,,0,,,,,,,,,,,,,,,,,,,,,,,,,,,,,,,,,,,,,,,,,,,,,N,4.0,4.0,8.0,10.0,3.0,0.0,39.0,44.0,8,10,3.0,1.0,39.0,45.0,6,6,1,1.0,0.0,N443SW,N443SW-DL-1,39.0,51.0,5.0,44.0,56.0,36.0,3.0,0.0,39,44,0.0,0.0
N443UA,735.0,2019,2,5,2,4,2019-05-02,UA,UA,19977,UA,2320,,,,,UA,19977,UA,2320,11618,1161802,31703,EWR,"Newark, NJ",NJ,34,New Jersey,21,10721,1072102,30721,BOS,"Boston, MA",MA,25,Massachusetts,13,740,-5.0,0.0,0.0,-1.0,0700-0759,21.0,756.0,832.0,11.0,850,843.0,-7.0,0.0,0.0,-1.0,0800-0859,0.0,,0.0,70.0,68.0,36.0,1.0,200.0,1,,,0.0,,0.0,,,,0,,,,,,,,,,,,,,,,,,,,,,,,,,,,,,,,,,,,,,,,,,,,,N,0.0,0.0,7.0,8.0,2.0,3.0,30.0,35.0,7,8,3.0,3.0,31.0,35.0,1,1,0,0.0,0.0,N443UA,N443UA-UA-0,31.0,42.0,5.0,36.0,47.0,,,0.0,33,39,3.0,5.52
N444QX,623.0,2019,2,5,2,4,2019-05-02,AS,AS_CODESHARE,19930,AS,2452,,,,,QX,19687,QX,2452,13264,1326403,33264,MFR,"Medford, OR",OR,41,Oregon,92,14747,1474703,30559,SEA,"Seattle, WA",WA,53,Washington,93,630,-7.0,0.0,0.0,-1.0,0600-0659,13.0,636.0,746.0,11.0,800,757.0,-3.0,0.0,0.0,-1.0,0800-0859,0.0,,0.0,90.0,94.0,70.0,1.0,352.0,2,,,0.0,,0.0,,,,0,,,,,,,,,,,,,,,,,,,,,,,,,,,,,,,,,,,,,,,,,,,,,N,12.0,12.0,6.0,7.0,2.0,4.0,38.0,44.0,6,8,2.0,0.0,38.0,44.0,4,4,0,0.0,0.0,N444QX,N444QX-AS-0,38.0,50.0,6.0,44.0,56.0,,,0.0,38,44,0.0,0.0
N444UA,747.0,2019,2,5,2,4,2019-05-02,UA,UA,19977,UA,2098,,,,,UA,19977,UA,2098,12953,1295304,31703,LGA,"New York, NY",NY,36,New York,22,12266,1226603,31453,IAH,"Houston, TX",TX,48,Texas,74,755,-8.0,0.0,0.0,-1.0,0700-0759,18.0,805.0,1025.0,8.0,1047,1033.0,-14.0,0.0,0.0,-1.0,1000-1059,0.0,,0.0,232.0,226.0,200.0,1.0,1416.0,6,,,0.0,,0.0,,,,0,,,,,,,,,,,,,,,,,,,,,,,,,,,,,,,,,,,,,,,,,,,,,N,0.0,4.0,7.0,10.0,3.0,2.0,31.0,46.0,7,10,4.0,3.0,32.0,47.0,8,8,0,0.0,0.0,N444UA,N444UA-UA-0,32.0,43.0,15.0,47.0,58.0,,,0.0,32,47,0.0,0.0
N444WN,605.0,2019,2,5,2,4,2019-05-02,WN,WN,19393,WN,684,,,,,WN,19393,WN,684,12889,1288903,32211,LAS,"Las Vegas, NV",NV,32,Nevada,85,14570,1457002,34570,RNO,"Reno, NV",NV,32,Nevada,85,605,0.0,0.0,0.0,0.0,0600-0659,12.0,617.0,713.0,4.0,720,717.0,-3.0,0.0,0.0,-1.0,0700-0759,0.0,,0.0,75.0,72.0,56.0,1.0,345.0,2,,,0.0,,0.0,,,,0,,,,,,,,,,,,,,,,,,,,,,,,,,,,,,,,,,,,,,,,,,,,,N,12.0,12.0,6.0,7.0,0.0,1.0,36.0,41.0,6,7,0.0,1.0,36.0,41.0,4,4,0,0.0,0.0,N444WN,N444WN-WN-0,36.0,48.0,5.0,41.0,53.0,,,0.0,36,41,0.0,0.0
N444YX,909.0,2019,2,5,2,4,2019-05-02,AA,AA_CODESHARE,19805,AA,4397,,,,,YX,20452,YX,4397,12339,1233904,32337,IND,"Indianapolis, IN",IN,18,Indiana,42,11278,1127805,30852,DCA,"Washington, DC",VA,51,Virginia,38,912,-3.0,0.0,0.0,-1.0,0900-0959,12.0,921.0,1034.0,6.0,1049,1040.0,-9.0,0.0,0.0,-1.0,1000-1059,0.0,,0.0,97.0,91.0,73.0,1.0,500.0,3,,,0.0,,0.0,,,,0,,,,,,,,,,,,,,,,,,,,,,,,,,,,,,,,,,,,,,,,,,,,,N,0.0,0.0,9.0,10.0,1.0,3.0,37.0,43.0,9,10,1.0,3.0,37.0,43.0,3,3,0,0.0,0.0,N444YX,N444YX-AA-0,37.0,49.0,6.0,43.0,55.0,,,0.0,37,43,0.0,0.0
N444ZW,557.0,2019,2,5,2,4,2019-05-02,UA,UA_CODESHARE,19977,UA,3773,,,,,ZW,20046,ZW,3773,11577,1157706,31577,ERI,"Erie, PA",PA,42,Pennsylvania,23,13930,1393007,30977,ORD,"Chicago, IL",IL,17,Illinois,41,600,-3.0,0.0,0.0,-1.0,0600-0659,17.0,614.0,635.0,4.0,652,639.0,-13.0,0.0,0.0,-1.0,0600-0659,0.0,,0.0,112.0,102.0,81.0,1.0,398.0,2,,,0.0,,0.0,,,,0,,,,,,,,,,,,,,,,,,,,,,,,,,,,,,,,,,,,,,,,,,,,,N,0.0,4.0,5.0,6.0,4.0,3.0,24.0,31.0,6,6,0.0,3.0,24.0,31.0,8,8,0,1.0,1.0,N444ZW,N444ZW-UA-0,24.0,36.0,7.0,31.0,43.0,,,0.0,24,31,0.0,0.0
N444ZW,741.0,2019,2,5,2,4,2019-05-02,UA,UA_CODESHARE,19977,UA,3786,,,,,ZW,20046,ZW,3786,13930,1393007,30977,ORD,"Chicago, IL",IL,17,Illinois,41,15380,1538005,35380,TVC,"Traverse City, MI",MI,26,Michigan,43,745,-4.0,0.0,0.0,-1.0,0700-0759,21.0,802.0,942.0,7.0,954,949.0,-5.0,0.0,0.0,-1.0,0900-0959,0.0,,0.0,69.0,68.0,40.0,1.0,224.0,1,,,0.0,,0.0,,,,0,,,,,,,,,,,,,,,,,,,,,,,,,,,,,,,,,,,,,,,,,,,,,N,4.0,0.0,7.0,9.0,3.0,3.0,35.0,39.0,7,9,3.0,4.0,35.0,40.0,7,7,1,1.0,0.0,N444ZW,N444ZW-UA-1,35.0,47.0,4.0,39.0,51.0,31.0,4.0,0.0,35,39,0.0,0.0
N445AW,649.0,2019,2,5,2,4,2019-05-02,UA,UA_CODESHARE,19977,UA,3930,,,,,ZW,20046,ZW,3930,14321,1432105,34321,PWM,"Portland, ME",ME,23,Maine,12,13930,1393007,30977,ORD,"Chicago, IL",IL,17,Illinois,41,655,-6.0,0.0,0.0,-1.0,0600-0659,29.0,718.0,844.0,19.0,857,903.0,6.0,6.0,0.0,0.0,0800-0859,0.0,,0.0,182.0,194.0,146.0,1.0,900.0,4,,,0.0,,0.0,,,,0,,,,,,,,,,,,,,,,,,,,,,,,,,,,,,,,,,,,,,,,,,,,,N,0.0,4.0,6.0,9.0,3.0,0.0,27.0,40.0,6,8,4.0,4.0,28.0,40.0,3,3,0,0.0,0.0,N445AW,N445AW-UA-0,28.0,39.0,13.0,41.0,52.0,,,0.0,28,41,0.0,0.0
N445SW,548.0,2019,2,5,2,4,2019-05-02,DL,DL_CODESHARE,19790,DL,7385,,,,,OO,20304,OO,7385,11525,1152505,31525,EKO,"Elko, NV",NV,32,Nevada,85,14869,1486903,34614,SLC,"Salt Lake City, UT",UT,49,Utah,87,548,0.0,0.0,0.0,0.0,0001-0559,10.0,558.0,733.0,4.0,742,737.0,-5.0,0.0,0.0,-1.0,0700-0759,0.0,,0.0,54.0,49.0,35.0,1.0,200.0,1,,,0.0,,0.0,,,,0,,,,,,,,,,,,,,,,,,,,,,,,,,,,,,,,,,,,,,,,,,,,,N,12.0,8.0,5.0,7.0,3.0,2.0,35.0,38.0,5,7,3.0,3.0,35.0,39.0,1,1,0,0.0,0.0,N445SW,N445SW-DL-0,35.0,47.0,3.0,38.0,50.0,,,0.0,35,38,0.0,0.0
N445UA,621.0,2019,2,5,2,4,2019-05-02,UA,UA,19977,UA,2022,,,,,UA,19977,UA,2022,14492,1449202,34492,RDU,"Raleigh/Durham, NC",NC,37,North Carolina,36,12266,1226603,31453,IAH,"Houston, TX",TX,48,Texas,74,630,-9.0,0.0,0.0,-1.0,0600-0659,17.0,638.0,841.0,9.0,828,850.0,22.0,22.0,1.0,1.0,0800-0859,0.0,,0.0,178.0,209.0,183.0,1.0,1042.0,5,0.0,0.0,22.0,0.0,0.0,,,,0,,,,,,,,,,,,,,,,,,,,,,,,,,,,,,,,,,,,,,,,,,,,,N,0.0,4.0,6.0,8.0,1.0,3.0,25.0,39.0,6,8,2.0,2.0,26.0,38.0,1,1,0,0.0,0.0,N445UA,N445UA-UA-0,26.0,37.0,14.0,40.0,51.0,,,1.0,26,49,9.0,29.68
N445YX,653.0,2019,2,5,2,4,2019-05-02,AA,AA_CODESHARE,19805,AA,4442,,,,,YX,20452,YX,4442,14122,1412202,30198,PIT,"Pittsburgh, PA",PA,42,Pennsylvania,23,12953,1295304,31703,LGA,"New York, NY",NY,36,New York,22,700,-7.0,0.0,0.0,-1.0,0700-0759,18.0,711.0,815.0,24.0,840,839.0,-1.0,0.0,0.0,-1.0,0800-0859,0.0,,0.0,100.0,106.0,64.0,1.0,335.0,2,,,0.0,,0.0,,,,0,,,,,,,,,,,,,,,,,,,,,,,,,,,,,,,,,,,,,,,,,,,,,N,0.0,0.0,6.0,8.0,4.0,3.0,28.0,35.0,7,8,0.0,3.0,28.0,35.0,8,8,0,1.0,1.0,N445YX,N445YX-AA-0,28.0,40.0,7.0,35.0,47.0,,,0.0,28,35,0.0,0.0
N445YX,914.0,2019,2,5,2,4,2019-05-02,AA,AA_CODESHARE,19805,AA,4506,,,,,YX,20452,YX,4506,12953,1295304,31703,LGA,"New York, NY",NY,36,New York,22,10693,1069302,30693,BNA,"Nashville, TN",TN,47,Tennessee,54,920,-6.0,0.0,0.0,-1.0,0900-0959,27.0,941.0,1036.0,9.0,1105,1045.0,-20.0,0.0,0.0,-2.0,1100-1159,0.0,,0.0,165.0,151.0,115.0,1.0,764.0,4,,,0.0,,0.0,,,,0,,,,,,,,,,,,,,,,,,,,,,,,,,,,,,,,,,,,,,,,,,,,,N,0.0,4.0,9.0,10.0,1.0,3.0,37.0,47.0,9,11,1.0,0.0,37.0,48.0,9,9,1,1.0,0.0,N445YX,N445YX-AA-1,37.0,49.0,10.0,47.0,59.0,35.0,2.0,0.0,37,47,0.0,0.0
N446AW,551.0,2019,2,5,2,4,2019-05-02,UA,UA_CODESHARE,19977,UA,3953,,,,,ZW,20046,ZW,3953,15412,1541205,35412,TYS,"Knoxville, TN",TN,47,Tennessee,54,12264,1226402,30852,IAD,"Washington, DC",VA,51,Virginia,38,555,-4.0,0.0,0.0,-1.0,0001-0559,20.0,611.0,722.0,4.0,725,726.0,1.0,1.0,0.0,0.0,0700-0759,0.0,,0.0,90.0,95.0,71.0,1.0,420.0,2,,,0.0,,0.0,,,,0,,,,,,,,,,,,,,,,,,,,,,,,,,,,,,,,,,,,,,,,,,,,,N,0.0,0.0,5.0,7.0,3.0,2.0,23.0,30.0,5,7,4.0,2.0,24.0,30.0,5,5,0,0.0,0.0,N446AW,N446AW-UA-0,24.0,35.0,7.0,31.0,42.0,,,0.0,24,31,0.0,0.0
N446SW,619.0,2019,2,5,2,4,2019-05-02,DL,DL_CODESHARE,19790,DL,7369,,,,,OO,20304,OO,7369,14150,1415002,34150,PLN,"Pellston, MI",MI,26,Michigan,43,11433,1143302,31295,DTW,"Detroit, MI",MI,26,Michigan,43,625,-6.0,0.0,0.0,-1.0,0600-0659,14.0,633.0,716.0,9.0,735,725.0,-10.0,0.0,0.0,-1.0,0700-0759,0.0,,0.0,70.0,66.0,43.0,1.0,243.0,1,,,0.0,,0.0,,,,0,,,,,,,,,,,,,,,,,,,,,,,,,,,,,,,,,,,,,,,,,,,,,N,0.0,0.0,6.0,7.0,1.0,2.0,25.0,30.0,6,7,2.0,2.0,26.0,30.0,8,8,0,1.0,1.0,N446SW,N446SW-DL-0,26.0,37.0,5.0,31.0,42.0,,,0.0,26,31,0.0,0.0
N446SW,813.0,2019,2,5,2,4,2019-05-02,DL,DL_CODESHARE,19790,DL,4647,,,,,OO,20304,OO,4647,11433,1143302,31295,DTW,"Detroit, MI",MI,26,Michigan,43,12945,1294503,32945,LEX,"Lexington, KY",KY,21,Kentucky,52,820,-7.0,0.0,0.0,-1.0,0800-0859,29.0,842.0,927.0,6.0,937,933.0,-4.0,0.0,0.0,-1.0,0900-0959,0.0,,0.0,77.0,80.0,45.0,1.0,296.0,2,,,0.0,,0.0,,,,0,,,,,,,,,,,,,,,,,,,,,,,,,,,,,,,,,,,,,,,,,,,,,N,0.0,0.0,8.0,9.0,1.0,2.0,33.0,38.0,8,9,1.0,2.0,33.0,38.0,8,8,1,1.0,0.0,N446SW,N446SW-DL-1,33.0,45.0,5.0,38.0,50.0,30.0,3.0,0.0,34,39,1.0,8.22
N446WN,713.0,2019,2,5,2,4,2019-05-02,WN,WN,19393,WN,1678,,,,,WN,19393,WN,1678,11292,1129202,30325,DEN,"Denver, CO",CO,8,Colorado,82,14869,1486903,34614,SLC,"Salt Lake City, UT",UT,49,Utah,87,600,73.0,73.0,1.0,4.0,0600-0659,12.0,725.0,838.0,16.0,725,854.0,89.0,89.0,1.0,5.0,0700-0759,0.0,,0.0,85.0,101.0,73.0,1.0,391.0,2,73.0,0.0,16.0,0.0,0.0,553.0,19.0,19.0,0,,,,,,,,,,,,,,,,,,,,,,,,,,,,,,,,,,,,,,,,,,,,,N,8.0,8.0,7.0,8.0,1.0,4.0,37.0,44.0,6,7,0.0,2.0,32.0,38.0,3,3,0,0.0,0.0,N446WN,N446WN-WN-0,36.0,49.0,7.0,43.0,56.0,,,1.0,37,44,1.0,3.12
N446YX,624.0,2019,2,5,2,4,2019-05-02,AA,AA_CODESHARE,19805,AA,4512,,,,,YX,20452,YX,4512,15249,1524906,35249,TLH,"Tallahassee, FL",FL,12,Florida,33,13303,1330303,32467,MIA,"Miami, FL",FL,12,Florida,33,627,-3.0,0.0,0.0,-1.0,0600-0659,11.0,635.0,737.0,6.0,750,743.0,-7.0,0.0,0.0,-1.0,0700-0759,0.0,,0.0,83.0,79.0,62.0,1.0,402.0,2,,,0.0,,0.0,,,,0,,,,,,,,,,,,,,,,,,,,,,,,,,,,,,,,,,,,,,,,,,,,,N,0.0,0.0,6.0,7.0,2.0,3.0,26.0,31.0,6,7,2.0,3.0,26.0,31.0,6,6,0,1.0,1.0,N446YX,N446YX-AA-0,26.0,38.0,5.0,31.0,43.0,,,0.0,26,32,1.0,6.36
N446YX,836.0,2019,2,5,2,4,2019-05-02,AA,AA_CODESHARE,19805,AA,4423,,,,,YX,20452,YX,4423,13303,1330303,32467,MIA,"Miami, FL",FL,12,Florida,33,11193,1119302,33105,CVG,"Cincinnati, OH",KY,21,Kentucky,52,839,-3.0,0.0,0.0,-1.0,0800-0859,24.0,900.0,1120.0,6.0,1121,1126.0,5.0,5.0,0.0,0.0,1100-1159,0.0,,0.0,162.0,170.0,140.0,1.0,948.0,4,,,0.0,,0.0,,,,0,,,,,,,,,,,,,,,,,,,,,,,,,,,,,,,,,,,,,,,,,,,,,N,0.0,0.0,8.0,11.0,2.0,2.0,34.0,46.0,8,11,3.0,1.0,35.0,45.0,3,3,1,1.0,0.0,N446YX,N446YX-AA-1,35.0,46.0,12.0,47.0,58.0,31.0,3.0,0.0,36,48,1.0,3.28
N447AW,724.0,2019,2,5,2,4,2019-05-02,UA,UA_CODESHARE,19977,UA,3783,,,,,ZW,20046,ZW,3783,10980,1098002,30980,CHA,"Chattanooga, TN",TN,47,Tennessee,54,13930,1393007,30977,ORD,"Chicago, IL",IL,17,Illinois,41,735,-11.0,0.0,0.0,-1.0,0700-0759,21.0,745.0,819.0,9.0,835,828.0,-7.0,0.0,0.0,-1.0,0800-0859,0.0,,0.0,120.0,124.0,94.0,1.0,500.0,3,,,0.0,,0.0,,,,0,,,,,,,,,,,,,,,,,,,,,,,,,,,,,,,,,,,,,,,,,,,,,N,0.0,4.0,7.0,8.0,2.0,2.0,30.0,38.0,7,8,2.0,2.0,30.0,38.0,7,7,0,0.0,0.0,N447AW,N447AW-UA-0,30.0,42.0,8.0,38.0,50.0,,,0.0,30,38,0.0,0.0
N447SW,558.0,2019,2,5,2,4,2019-05-02,DL,DL_CODESHARE,19790,DL,3839,,,,,OO,20304,OO,3839,12323,1232305,32323,ILM,"Wilmington, NC",NC,37,North Carolina,36,10397,1039707,30397,ATL,"Atlanta, GA",GA,13,Georgia,34,600,-2.0,0.0,0.0,-1.0,0600-0659,15.0,613.0,722.0,5.0,729,727.0,-2.0,0.0,0.0,-1.0,0700-0759,0.0,,0.0,89.0,89.0,69.0,1.0,377.0,2,,,0.0,,0.0,,,,0,,,,,,,,,,,,,,,,,,,,,,,,,,,,,,,,,,,,,,,,,,,,,N,0.0,0.0,5.0,7.0,4.0,2.0,24.0,30.0,6,7,0.0,2.0,24.0,30.0,7,7,0,1.0,1.0,N447SW,N447SW-DL-0,24.0,36.0,6.0,30.0,42.0,,,0.0,24,30,0.0,0.0
N447SW,819.0,2019,2,5,2,4,2019-05-02,DL,DL_CODESHARE,19790,DL,3999,,,,,OO,20304,OO,3999,10397,1039707,30397,ATL,"Atlanta, GA",GA,13,Georgia,34,15323,1532305,35323,TRI,"Bristol/Johnson City/Kingsport, TN",TN,47,Tennessee,54,821,-2.0,0.0,0.0,-1.0,0800-0859,15.0,834.0,916.0,4.0,935,920.0,-15.0,0.0,0.0,-1.0,0900-0959,0.0,,0.0,74.0,61.0,42.0,1.0,227.0,1,,,0.0,,0.0,,,,0,,,,,,,,,,,,,,,,,,,,,,,,,,,,,,,,,,,,,,,,,,,,,N,0.0,0.0,8.0,9.0,1.0,1.0,33.0,37.0,8,9,1.0,2.0,33.0,38.0,8,8,1,1.0,0.0,N447SW,N447SW-DL-1,33.0,45.0,4.0,37.0,49.0,30.0,3.0,0.0,33,37,0.0,0.0
N447UA,1017.0,2019,2,5,2,4,2019-05-02,UA,UA,19977,UA,1238,,,,,UA,19977,UA,1238,12266,1226603,31453,IAH,"Houston, TX",TX,48,Texas,74,13495,1349505,33495,MSY,"New Orleans, LA",LA,22,Louisiana,72,730,167.0,167.0,1.0,11.0,0700-0759,13.0,1030.0,1118.0,2.0,836,1120.0,164.0,164.0,1.0,10.0,0800-0859,0.0,,0.0,66.0,63.0,48.0,1.0,305.0,2,164.0,0.0,0.0,0.0,0.0,,,,0,,,,,,,,,,,,,,,,,,,,,,,,,,,,,,,,,,,,,,,,,,,,,N,4.0,4.0,10.0,11.0,1.0,1.0,45.0,49.0,7,8,2.0,2.0,34.0,38.0,2,2,0,0.0,0.0,N447UA,N447UA-UA-0,45.0,57.0,4.0,49.0,61.0,,,0.0,45,49,0.0,0.0
N447WN,634.0,2019,2,5,2,4,2019-05-02,WN,WN,19393,WN,2143,,,,,WN,19393,WN,2143,12892,1289208,32575,LAX,"Los Angeles, CA",CA,6,California,91,14771,1477104,32457,SFO,"San Francisco, CA",CA,6,California,91,640,-6.0,0.0,0.0,-1.0,0600-0659,19.0,653.0,746.0,6.0,805,752.0,-13.0,0.0,0.0,-1.0,0800-0859,0.0,,0.0,85.0,78.0,53.0,1.0,337.0,2,,,0.0,,0.0,,,,0,,,,,,,,,,,,,,,,,,,,,,,,,,,,,,,,,,,,,,,,,,,,,N,12.0,12.0,6.0,7.0,2.0,3.0,38.0,43.0,6,8,3.0,0.0,39.0,44.0,7,7,0,0.0,0.0,N447WN,N447WN-WN-0,39.0,50.0,5.0,44.0,55.0,,,0.0,39,45,1.0,7.3
N447YX,633.0,2019,2,5,2,4,2019-05-02,AA,AA_CODESHARE,19805,AA,4447,,,,,YX,20452,YX,4447,11433,1143302,31295,DTW,"Detroit, MI",MI,26,Michigan,43,12953,1295304,31703,LGA,"New York, NY",NY,36,New York,22,640,-7.0,0.0,0.0,-1.0,0600-0659,14.0,647.0,810.0,8.0,828,818.0,-10.0,0.0,0.0,-1.0,0800-0859,0.0,,0.0,108.0,105.0,83.0,1.0,502.0,3,,,0.0,,0.0,,,,0,,,,,,,,,,,,,,,,,,,,,,,,,,,,,,,,,,,,,,,,,,,,,N,0.0,0.0,6.0,8.0,2.0,1.0,26.0,33.0,6,8,3.0,2.0,27.0,34.0,7,7,0,1.0,1.0,N447YX,N447YX-AA-0,27.0,38.0,7.0,34.0,45.0,,,0.0,27,34,0.0,0.0
N447YX,923.0,2019,2,5,2,4,2019-05-02,AA,AA_CODESHARE,19805,AA,4533,,,,,YX,20452,YX,4533,12953,1295304,31703,LGA,"New York, NY",NY,36,New York,22,13303,1330303,32467,MIA,"Miami, FL",FL,12,Florida,33,929,-6.0,0.0,0.0,-1.0,0900-0959,31.0,954.0,1226.0,5.0,1246,1231.0,-15.0,0.0,0.0,-1.0,1200-1259,0.0,,0.0,197.0,188.0,152.0,1.0,1096.0,5,,,0.0,,0.0,,,,0,,,,,,,,,,,,,,,,,,,,,,,,,,,,,,,,,,,,,,,,,,,,,N,0.0,0.0,9.0,12.0,2.0,2.0,38.0,50.0,9,12,2.0,3.0,38.0,51.0,9,9,1,1.0,0.0,N447YX,N447YX-AA-1,38.0,50.0,12.0,50.0,62.0,33.0,5.0,0.0,39,51,1.0,9.28
N448QX,551.0,2019,2,5,2,4,2019-05-02,AS,AS_CODESHARE,19930,AS,2289,,,,,QX,19687,QX,2289,11648,1164802,31648,FCA,"Kalispell, MT",MT,30,Montana,84,14747,1474703,30559,SEA,"Seattle, WA",WA,53,Washington,93,600,-9.0,0.0,0.0,-1.0,0600-0659,9.0,600.0,617.0,10.0,645,627.0,-18.0,0.0,0.0,-2.0,0600-0659,0.0,,0.0,105.0,96.0,77.0,1.0,379.0,2,,,0.0,,0.0,,,,0,,,,,,,,,,,,,,,,,,,,,,,,,,,,,,,,,,,,,,,,,,,,,N,8.0,12.0,5.0,6.0,3.0,2.0,31.0,38.0,6,6,0.0,3.0,32.0,39.0,4,4,0,0.0,0.0,N448QX,N448QX-AS-0,32.0,43.0,7.0,39.0,50.0,,,0.0,32,41,2.0,9.1
N448WN,819.0,2019,2,5,2,4,2019-05-02,WN,WN,19393,WN,1125,,,,,WN,19393,WN,1125,11697,1169706,32467,FLL,"Fort Lauderdale, FL",FL,12,Florida,33,13232,1323202,30977,MDW,"Chicago, IL",IL,17,Illinois,41,820,-1.0,0.0,0.0,-1.0,0800-0859,14.0,833.0,1011.0,3.0,1035,1014.0,-21.0,0.0,0.0,-2.0,1000-1059,0.0,,0.0,195.0,175.0,158.0,1.0,1167.0,5,,,0.0,,0.0,,,,0,,,,,,,,,,,,,,,,,,,,,,,,,,,,,,,,,,,,,,,,,,,,,N,0.0,4.0,8.0,10.0,1.0,1.0,33.0,45.0,8,10,1.0,2.0,33.0,46.0,2,2,0,0.0,0.0,N448WN,N448WN-WN-0,33.0,45.0,12.0,45.0,57.0,,,0.0,33,45,0.0,0.0
N449AW,752.0,2019,2,5,2,4,2019-05-02,UA,UA_CODESHARE,19977,UA,3764,,,,,ZW,20046,ZW,3764,10868,1086803,30868,CAE,"Columbia, SC",SC,45,South Carolina,37,13930,1393007,30977,ORD,"Chicago, IL",IL,17,Illinois,41,745,7.0,7.0,0.0,0.0,0700-0759,21.0,813.0,905.0,12.0,920,917.0,-3.0,0.0,0.0,-1.0,0900-0959,0.0,,0.0,155.0,145.0,112.0,1.0,666.0,3,,,0.0,,0.0,,,,0,,,,,,,,,,,,,,,,,,,,,,,,,,,,,,,,,,,,,,,,,,,,,N,0.0,4.0,7.0,9.0,3.0,1.0,31.0,41.0,7,9,3.0,1.0,31.0,41.0,1,1,0,0.0,0.0,N449AW,N449AW-UA-0,31.0,43.0,10.0,41.0,53.0,,,0.0,31,44,3.0,5.26
N449SW,704.0,2019,2,5,2,4,2019-05-02,DL,DL_CODESHARE,19790,DL,7362,,,,,OO,20304,OO,7362,13459,1345903,33459,MQT,"Marquette, MI",MI,26,Michigan,43,13487,1348702,31650,MSP,"Minneapolis, MN",MN,27,Minnesota,63,708,-4.0,0.0,0.0,-1.0,0700-0759,10.0,714.0,710.0,4.0,747,714.0,-33.0,0.0,0.0,-2.0,0700-0759,0.0,,0.0,99.0,70.0,56.0,1.0,300.0,2,,,0.0,,0.0,,,,0,,,,,,,,,,,,,,,,,,,,,,,,,,,,,,,,,,,,,,,,,,,,,N,0.0,4.0,7.0,7.0,0.0,1.0,28.0,33.0,7,7,1.0,3.0,29.0,35.0,5,5,0,0.0,0.0,N449SW,N449SW-DL-0,29.0,40.0,5.0,34.0,45.0,,,0.0,29,34,0.0,0.0
N449UA,455.0,2019,2,5,2,4,2019-05-02,UA,UA,19977,UA,2082,,,,,UA,19977,UA,2082,14057,1405702,34057,PDX,"Portland, OR",OR,41,Oregon,92,12266,1226603,31453,IAH,"Houston, TX",TX,48,Texas,74,500,-5.0,0.0,0.0,-1.0,0001-0559,9.0,504.0,1052.0,4.0,1107,1056.0,-11.0,0.0,0.0,-1.0,1100-1159,0.0,,0.0,247.0,241.0,228.0,1.0,1825.0,8,,,0.0,,0.0,,,,0,,,,,,,,,,,,,,,,,,,,,,,,,,,,,,,,,,,,,,,,,,,,,N,12.0,4.0,4.0,10.0,4.0,4.0,32.0,48.0,5,11,0.0,0.0,32.0,48.0,8,8,0,0.0,0.0,N449UA,N449UA-UA-0,32.0,44.0,16.0,48.0,60.0,,,0.0,32,48,0.0,0.0
N449WN,525.0,2019,2,5,2,4,2019-05-02,WN,WN,19393,WN,1648,,,,,WN,19393,WN,1648,12889,1288903,32211,LAS,"Las Vegas, NV",NV,32,Nevada,85,12892,1289208,32575,LAX,"Los Angeles, CA",CA,6,California,91,520,5.0,5.0,0.0,0.0,0001-0559,11.0,536.0,618.0,5.0,630,623.0,-7.0,0.0,0.0,-1.0,0600-0659,0.0,,0.0,70.0,58.0,42.0,1.0,236.0,1,,,0.0,,0.0,,,,0,,,,,,,,,,,,,,,,,,,,,,,,,,,,,,,,,,,,,,,,,,,,,N,12.0,12.0,5.0,6.0,2.0,2.0,34.0,38.0,5,6,1.0,2.0,33.0,38.0,6,6,0,0.0,0.0,N449WN,N449WN-WN-0,34.0,46.0,4.0,38.0,50.0,,,0.0,34,38,0.0,0.0
N450WN,639.0,2019,2,5,2,4,2019-05-02,WN,WN,19393,WN,2168,,,,,WN,19393,WN,2168,11259,1125904,30194,DAL,"Dallas, TX",TX,48,Texas,74,13204,1320402,31454,MCO,"Orlando, FL",FL,12,Florida,33,645,-6.0,0.0,0.0,-1.0,0600-0659,14.0,653.0,1004.0,7.0,1015,1011.0,-4.0,0.0,0.0,-1.0,1000-1059,0.0,,0.0,150.0,152.0,131.0,1.0,973.0,4,,,0.0,,0.0,,,,0,,,,,,,,,,,,,,,,,,,,,,,,,,,,,,,,,,,,,,,,,,,,,N,4.0,0.0,6.0,10.0,3.0,1.0,31.0,41.0,6,10,3.0,1.0,31.0,41.0,6,6,0,0.0,0.0,N450WN,N450WN-WN-0,31.0,43.0,10.0,41.0,53.0,,,0.0,31,42,1.0,6.36
N451AW,555.0,2019,2,5,2,4,2019-05-02,UA,UA_CODESHARE,19977,UA,4814,,,,,ZW,20046,ZW,4814,14108,1410803,34108,PIA,"Peoria, IL",IL,17,Illinois,41,13930,1393007,30977,ORD,"Chicago, IL",IL,17,Illinois,41,600,-5.0,0.0,0.0,-1.0,0600-0659,23.0,618.0,649.0,6.0,705,655.0,-10.0,0.0,0.0,-1.0,0700-0759,0.0,,0.0,65.0,60.0,31.0,1.0,130.0,1,,,0.0,,0.0,,,,0,,,,,,,,,,,,,,,,,,,,,,,,,,,,,,,,,,,,,,,,,,,,,N,4.0,4.0,5.0,6.0,4.0,4.0,28.0,32.0,6,7,0.0,0.0,28.0,32.0,5,5,0,1.0,1.0,N451AW,N451AW-UA-0,28.0,40.0,4.0,32.0,44.0,,,0.0,28,32,0.0,0.0
N451AW,746.0,2019,2,5,2,4,2019-05-02,UA,UA_CODESHARE,19977,UA,3831,,,,,ZW,20046,ZW,3831,13930,1393007,30977,ORD,"Chicago, IL",IL,17,Illinois,41,10874,1087402,30647,CAK,"Akron, OH",OH,39,Ohio,44,750,-4.0,0.0,0.0,-1.0,0700-0759,17.0,803.0,959.0,5.0,1014,1004.0,-10.0,0.0,0.0,-1.0,1000-1059,0.0,,0.0,84.0,78.0,56.0,1.0,343.0,2,,,0.0,,0.0,,,,0,,,,,,,,,,,,,,,,,,,,,,,,,,,,,,,,,,,,,,,,,,,,,N,4.0,0.0,7.0,10.0,3.0,0.0,35.0,40.0,7,10,3.0,1.0,35.0,41.0,6,6,1,1.0,0.0,N451AW,N451AW-UA-1,35.0,47.0,5.0,40.0,52.0,32.0,3.0,0.0,35,40,0.0,0.0
N451QX,456.0,2019,2,5,2,4,2019-05-02,AS,AS_CODESHARE,19930,AS,2067,,,,,QX,19687,QX,2067,14303,1430302,34303,PUW,"Pullman, WA",WA,53,Washington,93,14747,1474703,30559,SEA,"Seattle, WA",WA,53,Washington,93,500,-4.0,0.0,0.0,-1.0,0001-0559,5.0,501.0,556.0,5.0,610,601.0,-9.0,0.0,0.0,-1.0,0600-0659,0.0,,0.0,70.0,65.0,55.0,1.0,250.0,2,,,0.0,,0.0,,,,0,,,,,,,,,,,,,,,,,,,,,,,,,,,,,,,,,,,,,,,,,,,,,N,12.0,12.0,4.0,6.0,4.0,0.0,32.0,36.0,5,6,0.0,1.0,32.0,37.0,2,2,0,0.0,0.0,N451QX,N451QX-AS-0,32.0,44.0,4.0,36.0,48.0,,,0.0,32,36,0.0,0.0
N451UA,631.0,2019,2,5,2,4,2019-05-02,UA,UA,19977,UA,1643,,,,,UA,19977,UA,1643,13198,1319801,33198,MCI,"Kansas City, MO",MO,29,Missouri,64,14771,1477104,32457,SFO,"San Francisco, CA",CA,6,California,91,635,-4.0,0.0,0.0,-1.0,0600-0659,18.0,649.0,821.0,32.0,838,853.0,15.0,15.0,1.0,1.0,0800-0859,0.0,,0.0,243.0,262.0,212.0,1.0,1499.0,6,0.0,0.0,15.0,0.0,0.0,,,,0,,,,,,,,,,,,,,,,,,,,,,,,,,,,,,,,,,,,,,,,,,,,,N,4.0,12.0,6.0,8.0,2.0,4.0,30.0,48.0,6,8,2.0,3.0,30.0,47.0,6,6,0,0.0,0.0,N451UA,N451UA-UA-0,30.0,42.0,18.0,48.0,60.0,,,1.0,30,48,0.0,0.0
N451WN,703.0,2019,2,5,2,4,2019-05-02,WN,WN,19393,WN,2214,,,,,WN,19393,WN,2214,11540,1154005,30615,ELP,"El Paso, TX",TX,48,Texas,74,14107,1410702,30466,PHX,"Phoenix, AZ",AZ,4,Arizona,81,705,-2.0,0.0,0.0,-1.0,0700-0759,16.0,719.0,717.0,5.0,725,722.0,-3.0,0.0,0.0,-1.0,0700-0759,0.0,,0.0,80.0,79.0,58.0,1.0,347.0,2,,,0.0,,0.0,,,,0,,,,,,,,,,,,,,,,,,,,,,,,,,,,,,,,,,,,,,,,,,,,,N,8.0,8.0,7.0,7.0,0.0,1.0,36.0,37.0,7,7,0.0,2.0,36.0,38.0,3,3,0,0.0,0.0,N451WN,N451WN-WN-0,36.0,48.0,1.0,37.0,49.0,,,0.0,36,37,0.0,0.0
N452AW,721.0,2019,2,5,2,4,2019-05-02,UA,UA_CODESHARE,19977,UA,3852,,,,,ZW,20046,ZW,3852,10990,1099005,30990,CHO,"Charlottesville, VA",VA,51,Virginia,38,13930,1393007,30977,ORD,"Chicago, IL",IL,17,Illinois,41,730,-9.0,0.0,0.0,-1.0,0700-0759,18.0,739.0,813.0,16.0,838,829.0,-9.0,0.0,0.0,-1.0,0800-0859,0.0,,0.0,128.0,128.0,94.0,1.0,566.0,3,,,0.0,,0.0,,,,0,,,,,,,,,,,,,,,,,,,,,,,,,,,,,,,,,,,,,,,,,,,,,N,0.0,4.0,7.0,8.0,1.0,2.0,29.0,38.0,7,8,2.0,3.0,30.0,39.0,8,8,0,0.0,0.0,N452AW,N452AW-UA-0,30.0,41.0,9.0,39.0,50.0,,,0.0,30,39,0.0,0.0
N452UA,740.0,2019,2,5,2,4,2019-05-02,UA,UA,19977,UA,1877,,,,,UA,19977,UA,1877,15304,1530402,33195,TPA,"Tampa, FL",FL,12,Florida,33,11618,1161802,31703,EWR,"Newark, NJ",NJ,34,New Jersey,21,745,-5.0,0.0,0.0,-1.0,0700-0759,10.0,750.0,959.0,15.0,1024,1014.0,-10.0,0.0,0.0,-1.0,1000-1059,0.0,,0.0,159.0,154.0,129.0,1.0,997.0,4,,,0.0,,0.0,,,,0,,,,,,,,,,,,,,,,,,,,,,,,,,,,,,,,,,,,,,,,,,,,,N,0.0,0.0,7.0,10.0,3.0,1.0,31.0,41.0,7,10,3.0,2.0,31.0,42.0,4,4,0,0.0,0.0,N452UA,N452UA-UA-0,31.0,43.0,10.0,41.0,53.0,,,0.0,35,47,6.0,32.52
N452WN,612.0,2019,2,5,2,4,2019-05-02,WN,WN,19393,WN,1667,,,,,WN,19393,WN,1667,14771,1477104,32457,SFO,"San Francisco, CA",CA,6,California,91,11292,1129202,30325,DEN,"Denver, CO",CO,8,Colorado,82,610,2.0,2.0,0.0,0.0,0600-0659,11.0,623.0,925.0,7.0,950,932.0,-18.0,0.0,0.0,-2.0,0900-0959,0.0,,0.0,160.0,140.0,122.0,1.0,967.0,4,,,0.0,,0.0,,,,0,,,,,,,,,,,,,,,,,,,,,,,,,,,,,,,,,,,,,,,,,,,,,N,12.0,8.0,6.0,9.0,1.0,2.0,37.0,46.0,6,9,1.0,3.0,37.0,47.0,4,4,0,0.0,0.0,N452WN,N452WN-WN-0,37.0,49.0,9.0,46.0,58.0,,,0.0,37,46,0.0,0.0
N453AW,650.0,2019,2,5,2,4,2019-05-02,UA,UA_CODESHARE,19977,UA,4847,,,,,ZW,20046,ZW,4847,12323,1232305,32323,ILM,"Wilmington, NC",NC,37,North Carolina,36,13930,1393007,30977,ORD,"Chicago, IL",IL,17,Illinois,41,700,-10.0,0.0,0.0,-1.0,0700-0759,14.0,704.0,805.0,10.0,836,815.0,-21.0,0.0,0.0,-2.0,0800-0859,0.0,,0.0,156.0,145.0,121.0,1.0,760.0,4,,,0.0,,0.0,,,,0,,,,,,,,,,,,,,,,,,,,,,,,,,,,,,,,,,,,,,,,,,,,,N,0.0,4.0,6.0,8.0,3.0,1.0,27.0,37.0,7,8,0.0,2.0,28.0,38.0,1,1,0,0.0,0.0,N453AW,N453AW-UA-0,28.0,39.0,10.0,38.0,49.0,,,0.0,28,39,1.0,1.16
N453SW,709.0,2019,2,5,2,4,2019-05-02,DL,DL_CODESHARE,19790,DL,3661,,,,,OO,20304,OO,3661,12884,1288403,32884,LAN,"Lansing, MI",MI,26,Michigan,43,13487,1348702,31650,MSP,"Minneapolis, MN",MN,27,Minnesota,63,710,-1.0,0.0,0.0,-1.0,0700-0759,21.0,730.0,752.0,4.0,759,756.0,-3.0,0.0,0.0,-1.0,0700-0759,0.0,,0.0,109.0,107.0,82.0,1.0,455.0,2,,,0.0,,0.0,,,,0,,,,,,,,,,,,,,,,,,,,,,,,,,,,,,,,,,,,,,,,,,,,,N,0.0,4.0,7.0,7.0,1.0,4.0,29.0,36.0,7,7,1.0,4.0,29.0,36.0,9,9,0,0.0,0.0,N453SW,N453SW-DL-0,29.0,41.0,7.0,36.0,48.0,,,0.0,29,36,0.0,0.0
N45440,610.0,2019,2,5,2,4,2019-05-02,UA,UA,19977,UA,2177,,,,,UA,19977,UA,2177,13198,1319801,33198,MCI,"Kansas City, MO",MO,29,Missouri,64,12266,1226603,31453,IAH,"Houston, TX",TX,48,Texas,74,615,-5.0,0.0,0.0,-1.0,0600-0659,14.0,624.0,855.0,3.0,820,858.0,38.0,38.0,1.0,2.0,0800-0859,0.0,,0.0,125.0,168.0,151.0,1.0,643.0,3,0.0,0.0,38.0,0.0,0.0,,,,0,,,,,,,,,,,,,,,,,,,,,,,,,,,,,,,,,,,,,,,,,,,,,N,4.0,4.0,6.0,8.0,1.0,4.0,29.0,40.0,6,8,1.0,1.0,29.0,37.0,9,9,0,0.0,0.0,N45440,N45440-UA-0,29.0,41.0,11.0,40.0,52.0,,,3.0,29,40,0.0,0.0
N454SW,603.0,2019,2,5,2,4,2019-05-02,DL,DL_CODESHARE,19790,DL,7359,,,,,OO,20304,OO,7359,12003,1200305,31895,GTF,"Great Falls, MT",MT,30,Montana,84,14869,1486903,34614,SLC,"Salt Lake City, UT",UT,49,Utah,87,610,-7.0,0.0,0.0,-1.0,0600-0659,9.0,612.0,712.0,3.0,737,715.0,-22.0,0.0,0.0,-2.0,0700-0759,0.0,,0.0,87.0,72.0,60.0,1.0,463.0,2,,,0.0,,0.0,,,,0,,,,,,,,,,,,,,,,,,,,,,,,,,,,,,,,,,,,,,,,,,,,,N,8.0,8.0,6.0,7.0,0.0,1.0,32.0,37.0,6,7,1.0,2.0,33.0,38.0,2,2,0,0.0,0.0,N454SW,N454SW-DL-0,33.0,44.0,5.0,38.0,49.0,,,0.0,33,38,0.0,0.0
N454WN,558.0,2019,2,5,2,4,2019-05-02,WN,WN,19393,WN,55,,,,,WN,19393,WN,55,14107,1410702,30466,PHX,"Phoenix, AZ",AZ,4,Arizona,81,12889,1288903,32211,LAS,"Las Vegas, NV",NV,32,Nevada,85,600,-2.0,0.0,0.0,-1.0,0600-0659,17.0,615.0,700.0,3.0,700,703.0,3.0,3.0,0.0,0.0,0700-0759,0.0,,0.0,60.0,65.0,45.0,1.0,255.0,2,,,0.0,,0.0,,,,0,,,,,,,,,,,,,,,,,,,,,,,,,,,,,,,,,,,,,,,,,,,,,N,8.0,12.0,5.0,7.0,4.0,0.0,32.0,40.0,6,7,0.0,0.0,32.0,40.0,6,6,0,0.0,0.0,N454WN,N454WN-WN-0,32.0,44.0,8.0,40.0,52.0,,,0.0,32,40,0.0,0.0
N455CA,528.0,2019,2,5,2,4,2019-05-02,DL,DL_CODESHARE,19790,DL,4152,,,,,OO,20304,OO,4152,13277,1327702,33277,MGM,"Montgomery, AL",AL,1,Alabama,51,10397,1039707,30397,ATL,"Atlanta, GA",GA,13,Georgia,34,530,-2.0,0.0,0.0,-1.0,0001-0559,26.0,554.0,730.0,5.0,731,735.0,4.0,4.0,0.0,0.0,0700-0759,0.0,,0.0,61.0,67.0,36.0,1.0,147.0,1,,,0.0,,0.0,,,,0,,,,,,,,,,,,,,,,,,,,,,,,,,,,,,,,,,,,,,,,,,,,,N,4.0,0.0,5.0,7.0,2.0,2.0,26.0,30.0,5,7,2.0,2.0,26.0,30.0,6,6,0,0.0,0.0,N455CA,N455CA-DL-0,26.0,38.0,4.0,30.0,42.0,,,0.0,27,32,2.0,13.02
N455SW,615.0,2019,2,5,2,4,2019-05-02,DL,DL_CODESHARE,19790,DL,3714,,,,,OO,20304,OO,3714,10731,1073103,30731,BQK,"Brunswick, GA",GA,13,Georgia,34,10397,1039707,30397,ATL,"Atlanta, GA",GA,13,Georgia,34,615,0.0,0.0,0.0,0.0,0600-0659,8.0,623.0,704.0,4.0,722,708.0,-14.0,0.0,0.0,-1.0,0700-0759,0.0,,0.0,67.0,53.0,41.0,1.0,238.0,1,,,0.0,,0.0,,,,0,,,,,,,,,,,,,,,,,,,,,,,,,,,,,,,,,,,,,,,,,,,,,N,0.0,0.0,6.0,7.0,1.0,1.0,25.0,29.0,6,7,1.0,1.0,25.0,29.0,9,9,0,1.0,1.0,N455SW,N455SW-DL-0,25.0,37.0,4.0,29.0,41.0,,,0.0,25,29,0.0,0.0
N455SW,810.0,2019,2,5,2,4,2019-05-02,DL,DL_CODESHARE,19790,DL,4847,,,,,OO,20304,OO,4847,10397,1039707,30397,ATL,"Atlanta, GA",GA,13,Georgia,34,13422,1342202,30562,MOB,"Mobile, AL",AL,1,Alabama,51,810,0.0,0.0,0.0,0.0,0800-0859,8.0,818.0,809.0,3.0,835,812.0,-23.0,0.0,0.0,-2.0,0800-0859,0.0,,0.0,85.0,62.0,51.0,1.0,302.0,2,,,0.0,,0.0,,,,0,,,,,,,,,,,,,,,,,,,,,,,,,,,,,,,,,,,,,,,,,,,,,N,0.0,4.0,8.0,8.0,1.0,1.0,33.0,37.0,8,8,1.0,2.0,33.0,38.0,4,4,1,1.0,0.0,N455SW,N455SW-DL-1,33.0,45.0,4.0,37.0,49.0,29.0,4.0,0.0,33,37,0.0,0.0
N455UA,938.0,2019,2,5,2,4,2019-05-02,UA,UA,19977,UA,2315,,,,,UA,19977,UA,2315,13158,1315805,33158,MAF,"Midland/Odessa, TX",TX,48,Texas,74,12266,1226603,31453,IAH,"Houston, TX",TX,48,Texas,74,700,158.0,158.0,1.0,10.0,0700-0759,24.0,1002.0,1107.0,5.0,830,1112.0,162.0,162.0,1.0,10.0,0800-0859,0.0,,0.0,90.0,94.0,65.0,1.0,429.0,2,0.0,0.0,162.0,0.0,0.0,,,,0,,,,,,,,,,,,,,,,,,,,,,,,,,,,,,,,,,,,,,,,,,,,,N,4.0,4.0,9.0,11.0,3.0,1.0,43.0,49.0,7,8,0.0,2.0,32.0,38.0,9,9,0,0.0,0.0,N455UA,N455UA-UA-0,32.0,55.0,6.0,38.0,61.0,,,11.0,32,38,0.0,0.0
N455WN,523.0,2019,2,5,2,4,2019-05-02,WN,WN,19393,WN,380,,,,,WN,19393,WN,380,14100,1410005,34100,PHL,"Philadelphia, PA",PA,42,Pennsylvania,23,10693,1069302,30693,BNA,"Nashville, TN",TN,47,Tennessee,54,530,-7.0,0.0,0.0,-1.0,0001-0559,15.0,538.0,615.0,3.0,640,618.0,-22.0,0.0,0.0,-2.0,0600-0659,0.0,,0.0,130.0,115.0,97.0,1.0,675.0,3,,,0.0,,0.0,,,,0,,,,,,,,,,,,,,,,,,,,,,,,,,,,,,,,,,,,,,,,,,,,,N,0.0,4.0,5.0,6.0,2.0,1.0,22.0,29.0,5,6,2.0,3.0,22.0,31.0,3,3,0,1.0,1.0,N455WN,N455WN-WN-0,22.0,34.0,7.0,29.0,41.0,,,0.0,22,29,0.0,0.0
N455WN,713.0,2019,2,5,2,4,2019-05-02,WN,WN,19393,WN,5701,,,,,WN,19393,WN,5701,10693,1069302,30693,BNA,"Nashville, TN",TN,47,Tennessee,54,11278,1127805,30852,DCA,"Washington, DC",VA,51,Virginia,38,720,-7.0,0.0,0.0,-1.0,0700-0759,8.0,721.0,939.0,4.0,1000,943.0,-17.0,0.0,0.0,-2.0,1000-1059,0.0,,0.0,100.0,90.0,78.0,1.0,562.0,3,,,0.0,,0.0,,,,0,,,,,,,,,,,,,,,,,,,,,,,,,,,,,,,,,,,,,,,,,,,,,N,4.0,0.0,7.0,9.0,1.0,3.0,33.0,39.0,7,10,1.0,0.0,33.0,40.0,9,9,1,1.0,0.0,N455WN,N455WN-WN-1,33.0,45.0,6.0,39.0,51.0,29.0,4.0,0.0,33,39,0.0,0.0
N456ZW,748.0,2019,2,5,2,4,2019-05-02,UA,UA_CODESHARE,19977,UA,3833,,,,,ZW,20046,ZW,3833,13342,1334207,33342,MKE,"Milwaukee, WI",WI,55,Wisconsin,45,13930,1393007,30977,ORD,"Chicago, IL",IL,17,Illinois,41,753,-5.0,0.0,0.0,-1.0,0700-0759,14.0,802.0,828.0,17.0,859,845.0,-14.0,0.0,0.0,-1.0,0800-0859,0.0,,0.0,66.0,57.0,26.0,1.0,67.0,1,,,0.0,,0.0,,,,0,,,,,,,,,,,,,,,,,,,,,,,,,,,,,,,,,,,,,,,,,,,,,N,4.0,4.0,7.0,8.0,3.0,3.0,35.0,39.0,7,8,4.0,4.0,36.0,40.0,5,5,0,0.0,0.0,N456ZW,N456ZW-UA-0,36.0,47.0,4.0,40.0,51.0,,,0.0,36,40,0.0,0.0
N457AS,623.0,2019,2,5,2,4,2019-05-02,AS,AS,19930,AS,772,,,,,AS,19930,AS,772,14679,1467903,33570,SAN,"San Diego, CA",CA,6,California,91,11618,1161802,31703,EWR,"Newark, NJ",NJ,34,New Jersey,21,630,-7.0,0.0,0.0,-1.0,0600-0659,32.0,655.0,1426.0,4.0,1450,1430.0,-20.0,0.0,0.0,-2.0,1400-1459,0.0,,0.0,320.0,307.0,271.0,1.0,2425.0,10,,,0.0,,0.0,,,,0,,,,,,,,,,,,,,,,,,,,,,,,,,,,,,,,,,,,,,,,,,,,,N,12.0,0.0,6.0,14.0,2.0,2.0,38.0,58.0,6,14,2.0,3.0,38.0,59.0,9,9,0,0.0,0.0,N457AS,N457AS-AS-0,38.0,50.0,20.0,58.0,70.0,,,0.0,38,58,0.0,0.0
N457UA,606.0,2019,2,5,2,4,2019-05-02,UA,UA,19977,UA,574,,,,,UA,19977,UA,574,13244,1324402,33244,MEM,"Memphis, TN",TN,47,Tennessee,54,13930,1393007,30977,ORD,"Chicago, IL",IL,17,Illinois,41,610,-4.0,0.0,0.0,-1.0,0600-0659,19.0,625.0,804.0,8.0,807,812.0,5.0,5.0,0.0,0.0,0800-0859,0.0,,0.0,117.0,126.0,99.0,1.0,491.0,2,,,0.0,,0.0,,,,0,,,,,,,,,,,,,,,,,,,,,,,,,,,,,,,,,,,,,,,,,,,,,N,4.0,4.0,6.0,8.0,0.0,1.0,28.0,37.0,6,8,1.0,0.0,29.0,36.0,1,1,0,1.0,1.0,N457UA,N457UA-UA-0,29.0,40.0,9.0,38.0,49.0,,,0.0,29,38,0.0,0.0
N457UA,847.0,2019,2,5,2,4,2019-05-02,UA,UA,19977,UA,1166,,,,,UA,19977,UA,1166,13930,1393007,30977,ORD,"Chicago, IL",IL,17,Illinois,41,12953,1295304,31703,LGA,"New York, NY",NY,36,New York,22,800,47.0,47.0,1.0,3.0,0800-0859,39.0,926.0,1203.0,4.0,1112,1207.0,55.0,55.0,1.0,3.0,1100-1159,0.0,,0.0,132.0,140.0,97.0,1.0,733.0,3,0.0,0.0,8.0,0.0,47.0,,,,0,,,,,,,,,,,,,,,,,,,,,,,,,,,,,,,,,,,,,,,,,,,,,N,4.0,0.0,8.0,12.0,3.0,0.0,39.0,48.0,8,11,0.0,1.0,36.0,45.0,3,3,1,1.0,0.0,N457UA,N457UA-UA-1,36.0,51.0,9.0,45.0,60.0,37.0,2.0,4.0,42,51,6.0,26.1
N458AW,655.0,2019,2,5,2,4,2019-05-02,UA,UA_CODESHARE,19977,UA,4824,,,,,ZW,20046,ZW,4824,13930,1393007,30977,ORD,"Chicago, IL",IL,17,Illinois,41,14730,1473003,33044,SDF,"Louisville, KY",KY,21,Kentucky,52,700,-5.0,0.0,0.0,-1.0,0700-0759,21.0,716.0,906.0,29.0,928,935.0,7.0,7.0,0.0,0.0,0900-0959,0.0,,0.0,88.0,100.0,50.0,1.0,286.0,2,,,0.0,,0.0,,,,0,,,,,,,,,,,,,,,,,,,,,,,,,,,,,,,,,,,,,,,,,,,,,N,4.0,0.0,6.0,9.0,4.0,2.0,32.0,38.0,7,9,0.0,2.0,32.0,38.0,3,3,0,0.0,0.0,N458AW,N458AW-UA-0,32.0,44.0,6.0,38.0,50.0,,,0.0,32,38,0.0,0.0
N458UA,720.0,2019,2,5,2,4,2019-05-02,UA,UA,19977,UA,769,,,,,UA,19977,UA,769,15370,1537002,34653,TUL,"Tulsa, OK",OK,40,Oklahoma,73,12266,1226603,31453,IAH,"Houston, TX",TX,48,Texas,74,700,20.0,20.0,1.0,1.0,0700-0759,10.0,730.0,936.0,5.0,842,941.0,59.0,59.0,1.0,3.0,0800-0859,0.0,,0.0,102.0,141.0,126.0,1.0,429.0,2,0.0,0.0,59.0,0.0,0.0,,,,0,,,,,,,,,,,,,,,,,,,,,,,,,,,,,,,,,,,,,,,,,,,,,N,4.0,4.0,7.0,9.0,1.0,3.0,33.0,43.0,7,8,0.0,3.0,32.0,39.0,6,6,0,0.0,0.0,N458UA,N458UA-UA-0,32.0,45.0,10.0,42.0,55.0,,,4.0,32,42,0.0,0.0
N458WN,656.0,2019,2,5,2,4,2019-05-02,WN,WN,19393,WN,1263,,,,,WN,19393,WN,1263,14492,1449202,34492,RDU,"Raleigh/Durham, NC",NC,37,North Carolina,36,11697,1169706,32467,FLL,"Fort Lauderdale, FL",FL,12,Florida,33,700,-4.0,0.0,0.0,-1.0,0700-0759,8.0,704.0,845.0,3.0,900,848.0,-12.0,0.0,0.0,-1.0,0900-0959,0.0,,0.0,120.0,112.0,101.0,1.0,680.0,3,,,0.0,,0.0,,,,0,,,,,,,,,,,,,,,,,,,,,,,,,,,,,,,,,,,,,,,,,,,,,N,0.0,0.0,6.0,8.0,4.0,3.0,28.0,35.0,7,9,0.0,0.0,28.0,36.0,2,2,0,1.0,1.0,N458WN,N458WN-WN-0,28.0,40.0,7.0,35.0,47.0,,,0.0,28,35,0.0,0.0
N458WN,946.0,2019,2,5,2,4,2019-05-02,WN,WN,19393,WN,1263,,,,,WN,19393,WN,1263,11697,1169706,32467,FLL,"Fort Lauderdale, FL",FL,12,Florida,33,10693,1069302,30693,BNA,"Nashville, TN",TN,47,Tennessee,54,945,1.0,1.0,0.0,0.0,0900-0959,31.0,1017.0,1104.0,5.0,1110,1109.0,-1.0,0.0,0.0,-1.0,1100-1159,0.0,,0.0,145.0,143.0,107.0,1.0,793.0,4,,,0.0,,0.0,,,,0,,,,,,,,,,,,,,,,,,,,,,,,,,,,,,,,,,,,,,,,,,,,,N,0.0,4.0,9.0,11.0,3.0,1.0,39.0,49.0,9,11,3.0,1.0,39.0,49.0,6,6,1,1.0,0.0,N458WN,N458WN-WN-1,39.0,51.0,10.0,49.0,61.0,35.0,4.0,0.0,39,49,0.0,0.0
N459AS,644.0,2019,2,5,2,4,2019-05-02,AS,AS,19930,AS,792,,,,,AS,19930,AS,792,14747,1474703,30559,SEA,"Seattle, WA",WA,53,Washington,93,11433,1143302,31295,DTW,"Detroit, MI",MI,26,Michigan,43,650,-6.0,0.0,0.0,-1.0,0600-0659,14.0,658.0,1345.0,8.0,1420,1353.0,-27.0,0.0,0.0,-2.0,1400-1459,0.0,,0.0,270.0,249.0,227.0,1.0,1927.0,8,,,0.0,,0.0,,,,0,,,,,,,,,,,,,,,,,,,,,,,,,,,,,,,,,,,,,,,,,,,,,N,12.0,0.0,6.0,13.0,3.0,4.0,39.0,56.0,6,14,3.0,1.0,39.0,57.0,3,3,0,0.0,0.0,N459AS,N459AS-AS-0,39.0,51.0,17.0,56.0,68.0,,,0.0,39,56,0.0,0.0
N459AW,550.0,2019,2,5,2,4,2019-05-02,UA,UA_CODESHARE,19977,UA,4808,,,,,ZW,20046,ZW,4808,12945,1294503,32945,LEX,"Lexington, KY",KY,21,Kentucky,52,13930,1393007,30977,ORD,"Chicago, IL",IL,17,Illinois,41,600,-10.0,0.0,0.0,-1.0,0600-0659,14.0,604.0,605.0,12.0,633,617.0,-16.0,0.0,0.0,-2.0,0600-0659,0.0,,0.0,93.0,87.0,61.0,1.0,323.0,2,,,0.0,,0.0,,,,0,,,,,,,,,,,,,,,,,,,,,,,,,,,,,,,,,,,,,,,,,,,,,N,0.0,4.0,5.0,6.0,3.0,1.0,23.0,29.0,6,6,0.0,2.0,24.0,30.0,6,6,0,1.0,1.0,N459AW,N459AW-UA-0,24.0,35.0,6.0,30.0,41.0,,,0.0,24,30,0.0,0.0
N459AW,752.0,2019,2,5,2,4,2019-05-02,UA,UA_CODESHARE,19977,UA,3828,,,,,ZW,20046,ZW,3828,13930,1393007,30977,ORD,"Chicago, IL",IL,17,Illinois,41,13851,1385103,33851,OKC,"Oklahoma City, OK",OK,40,Oklahoma,73,757,-5.0,0.0,0.0,-1.0,0700-0759,29.0,821.0,1021.0,6.0,1026,1027.0,1.0,1.0,0.0,0.0,1000-1059,0.0,,0.0,149.0,155.0,120.0,1.0,693.0,3,,,0.0,,0.0,,,,0,,,,,,,,,,,,,,,,,,,,,,,,,,,,,,,,,,,,,,,,,,,,,N,4.0,4.0,7.0,10.0,3.0,2.0,35.0,46.0,7,10,4.0,2.0,36.0,46.0,7,7,1,1.0,0.0,N459AW,N459AW-UA-1,36.0,47.0,11.0,47.0,58.0,29.0,6.0,0.0,36,47,0.0,0.0
N459SW,644.0,2019,2,5,2,4,2019-05-02,DL,DL_CODESHARE,19790,DL,3897,,,,,OO,20304,OO,3897,11612,1161206,31612,EVV,"Evansville, IN",IN,18,Indiana,42,11433,1143302,31295,DTW,"Detroit, MI",MI,26,Michigan,43,652,-8.0,0.0,0.0,-1.0,0600-0659,23.0,707.0,906.0,9.0,925,915.0,-10.0,0.0,0.0,-1.0,0900-0959,0.0,,0.0,93.0,91.0,59.0,1.0,363.0,2,,,0.0,,0.0,,,,0,,,,,,,,,,,,,,,,,,,,,,,,,,,,,,,,,,,,,,,,,,,,,N,4.0,0.0,6.0,9.0,3.0,1.0,31.0,37.0,6,9,3.0,2.0,31.0,38.0,9,9,0,0.0,0.0,N459SW,N459SW-DL-0,31.0,43.0,6.0,37.0,49.0,,,0.0,31,37,0.0,0.0
N459UA,652.0,2019,2,5,2,4,2019-05-02,UA,UA,19977,UA,2019,,,,,UA,19977,UA,2019,12278,1227805,30928,ICT,"Wichita, KS",KS,20,Kansas,62,12266,1226603,31453,IAH,"Houston, TX",TX,48,Texas,74,640,12.0,12.0,0.0,0.0,0600-0659,11.0,703.0,907.0,5.0,827,912.0,45.0,45.0,1.0,3.0,0800-0859,0.0,,0.0,107.0,140.0,124.0,1.0,542.0,3,0.0,12.0,33.0,0.0,0.0,,,,0,,,,,,,,,,,,,,,,,,,,,,,,,,,,,,,,,,,,,,,,,,,,,N,4.0,4.0,6.0,9.0,3.0,1.0,31.0,41.0,6,8,3.0,2.0,31.0,38.0,7,7,0,0.0,0.0,N459UA,N459UA-UA-0,31.0,43.0,10.0,41.0,53.0,,,2.0,31,41,0.0,0.0
N459WN,601.0,2019,2,5,2,4,2019-05-02,WN,WN,19393,WN,410,,,,,WN,19393,WN,410,13232,1323202,30977,MDW,"Chicago, IL",IL,17,Illinois,41,13487,1348702,31650,MSP,"Minneapolis, MN",MN,27,Minnesota,63,605,-4.0,0.0,0.0,-1.0,0600-0659,23.0,624.0,722.0,4.0,725,726.0,1.0,1.0,0.0,0.0,0700-0759,0.0,,0.0,80.0,85.0,58.0,1.0,349.0,2,,,0.0,,0.0,,,,0,,,,,,,,,,,,,,,,,,,,,,,,,,,,,,,,,,,,,,,,,,,,,N,4.0,4.0,6.0,7.0,0.0,2.0,28.0,34.0,6,7,0.0,2.0,28.0,34.0,7,7,0,1.0,1.0,N459WN,N459WN-WN-0,28.0,40.0,6.0,34.0,46.0,,,0.0,28,34,0.0,0.0
N459WN,804.0,2019,2,5,2,4,2019-05-02,WN,WN,19393,WN,1703,,,,,WN,19393,WN,1703,13487,1348702,31650,MSP,"Minneapolis, MN",MN,27,Minnesota,63,11259,1125904,30194,DAL,"Dallas, TX",TX,48,Texas,74,800,4.0,4.0,0.0,0.0,0800-0859,8.0,812.0,1019.0,3.0,1030,1022.0,-8.0,0.0,0.0,-1.0,1000-1059,0.0,,0.0,150.0,138.0,127.0,1.0,853.0,4,,,0.0,,0.0,,,,0,,,,,,,,,,,,,,,,,,,,,,,,,,,,,,,,,,,,,,,,,,,,,N,4.0,4.0,8.0,10.0,0.0,1.0,36.0,45.0,8,10,0.0,2.0,36.0,46.0,6,6,1,1.0,0.0,N459WN,N459WN-WN-1,36.0,48.0,9.0,45.0,57.0,34.0,2.0,0.0,36,45,0.0,0.0
N460AW,639.0,2019,2,5,2,4,2019-05-02,UA,UA_CODESHARE,19977,UA,3778,,,,,ZW,20046,ZW,3778,11111,1111105,32474,COU,"Columbia, MO",MO,29,Missouri,64,13930,1393007,30977,ORD,"Chicago, IL",IL,17,Illinois,41,645,-6.0,0.0,0.0,-1.0,0600-0659,17.0,656.0,752.0,9.0,811,801.0,-10.0,0.0,0.0,-1.0,0800-0859,0.0,,0.0,86.0,82.0,56.0,1.0,315.0,2,,,0.0,,0.0,,,,0,,,,,,,,,,,,,,,,,,,,,,,,,,,,,,,,,,,,,,,,,,,,,N,4.0,4.0,6.0,8.0,3.0,0.0,31.0,36.0,6,8,3.0,1.0,31.0,37.0,5,5,0,0.0,0.0,N460AW,N460AW-UA-0,31.0,43.0,5.0,36.0,48.0,,,0.0,31,36,0.0,0.0
N460SW,950.0,2019,2,5,2,4,2019-05-02,DL,DL_CODESHARE,19790,DL,3687,,,,,OO,20304,OO,3687,14696,1469608,34696,SBN,"South Bend, IN",IN,18,Indiana,42,10397,1039707,30397,ATL,"Atlanta, GA",GA,13,Georgia,34,803,107.0,107.0,1.0,7.0,0800-0859,29.0,1019.0,1146.0,4.0,1001,1150.0,109.0,109.0,1.0,7.0,1000-1059,0.0,,0.0,118.0,120.0,87.0,1.0,566.0,3,107.0,0.0,2.0,0.0,0.0,,,,0,,,,,,,,,,,,,,,,,,,,,,,,,,,,,,,,,,,,,,,,,,,,,N,0.0,0.0,9.0,11.0,3.0,3.0,39.0,47.0,8,10,0.0,0.0,32.0,40.0,6,6,0,0.0,0.0,N460SW,N460SW-DL-0,39.0,51.0,8.0,47.0,59.0,,,0.0,39,47,0.0,0.0
N460UA,1252.0,2019,2,5,2,4,2019-05-02,UA,UA,19977,UA,1898,,,,,UA,19977,UA,1898,14027,1402702,34027,PBI,"West Palm Beach/Palm Beach, FL",FL,12,Florida,33,11618,1161802,31703,EWR,"Newark, NJ",NJ,34,New Jersey,21,945,187.0,187.0,1.0,12.0,0900-0959,19.0,1311.0,1531.0,8.0,1229,1539.0,190.0,190.0,1.0,12.0,1200-1259,0.0,,0.0,164.0,167.0,140.0,1.0,1023.0,5,187.0,0.0,3.0,0.0,0.0,,,,0,,,,,,,,,,,,,,,,,,,,,,,,,,,,,,,,,,,,,,,,,,,,,N,0.0,0.0,12.0,15.0,3.0,3.0,51.0,63.0,9,12,3.0,2.0,39.0,50.0,7,7,0,0.0,0.0,N460UA,N460UA-UA-0,51.0,63.0,12.0,63.0,75.0,,,0.0,51,63,0.0,0.0
N460WN,523.0,2019,2,5,2,4,2019-05-02,WN,WN,19393,WN,192,,,,,WN,19393,WN,192,10721,1072102,30721,BOS,"Boston, MA",MA,25,Massachusetts,13,12339,1233904,32337,IND,"Indianapolis, IN",IN,18,Indiana,42,525,-2.0,0.0,0.0,-1.0,0001-0559,11.0,534.0,743.0,5.0,750,748.0,-2.0,0.0,0.0,-1.0,0700-0759,0.0,,0.0,145.0,145.0,129.0,1.0,818.0,4,,,0.0,,0.0,,,,0,,,,,,,,,,,,,,,,,,,,,,,,,,,,,,,,,,,,,,,,,,,,,N,0.0,0.0,5.0,7.0,2.0,3.0,22.0,31.0,5,7,2.0,3.0,22.0,31.0,6,6,0,0.0,0.0,N460WN,N460WN-WN-0,22.0,34.0,9.0,31.0,43.0,,,0.0,22,31,0.0,0.0
N461AS,518.0,2019,2,5,2,4,2019-05-02,AS,AS,19930,AS,761,,,,,AS,19930,AS,761,14869,1486903,34614,SLC,"Salt Lake City, UT",UT,49,Utah,87,14747,1474703,30559,SEA,"Seattle, WA",WA,53,Washington,93,530,-12.0,0.0,0.0,-1.0,0001-0559,15.0,533.0,620.0,9.0,645,629.0,-16.0,0.0,0.0,-2.0,0600-0659,0.0,,0.0,135.0,131.0,107.0,1.0,689.0,3,,,0.0,,0.0,,,,0,,,,,,,,,,,,,,,,,,,,,,,,,,,,,,,,,,,,,,,,,,,,,N,8.0,12.0,5.0,6.0,1.0,2.0,29.0,38.0,5,6,2.0,3.0,30.0,39.0,9,9,0,0.0,0.0,N461AS,N461AS-AS-0,30.0,41.0,9.0,39.0,50.0,,,0.0,30,39,0.0,0.0
N461AW,521.0,2019,2,5,2,4,2019-05-02,UA,UA_CODESHARE,19977,UA,3816,,,,,ZW,20046,ZW,3816,14633,1463303,32547,RST,"Rochester, MN",MN,27,Minnesota,63,13930,1393007,30977,ORD,"Chicago, IL",IL,17,Illinois,41,530,-9.0,0.0,0.0,-1.0,0001-0559,19.0,540.0,627.0,10.0,654,637.0,-17.0,0.0,0.0,-2.0,0600-0659,0.0,,0.0,84.0,76.0,47.0,1.0,268.0,2,,,0.0,,0.0,,,,0,,,,,,,,,,,,,,,,,,,,,,,,,,,,,,,,,,,,,,,,,,,,,N,4.0,4.0,5.0,6.0,1.0,2.0,25.0,30.0,5,6,2.0,4.0,26.0,32.0,1,1,0,1.0,1.0,N461AW,N461AW-UA-0,26.0,37.0,5.0,31.0,42.0,,,0.0,26,31,0.0,0.0
N461AW,736.0,2019,2,5,2,4,2019-05-02,UA,UA_CODESHARE,19977,UA,3826,,,,,ZW,20046,ZW,3826,13930,1393007,30977,ORD,"Chicago, IL",IL,17,Illinois,41,12197,1219702,31703,HPN,"White Plains, NY",NY,36,New York,22,745,-9.0,0.0,0.0,-1.0,0700-0759,25.0,801.0,1038.0,3.0,1057,1041.0,-16.0,0.0,0.0,-2.0,1000-1059,0.0,,0.0,132.0,125.0,97.0,1.0,738.0,3,,,0.0,,0.0,,,,0,,,,,,,,,,,,,,,,,,,,,,,,,,,,,,,,,,,,,,,,,,,,,N,4.0,0.0,7.0,10.0,2.0,3.0,34.0,43.0,7,10,3.0,4.0,35.0,44.0,6,6,1,1.0,0.0,N461AW,N461AW-UA-1,35.0,46.0,9.0,44.0,55.0,30.0,4.0,0.0,35,44,0.0,0.0
N461WN,542.0,2019,2,5,2,4,2019-05-02,WN,WN,19393,WN,647,,,,,WN,19393,WN,647,14107,1410702,30466,PHX,"Phoenix, AZ",AZ,4,Arizona,81,13232,1323202,30977,MDW,"Chicago, IL",IL,17,Illinois,41,545,-3.0,0.0,0.0,-1.0,0001-0559,11.0,553.0,1038.0,1.0,1055,1039.0,-16.0,0.0,0.0,-2.0,1000-1059,0.0,,0.0,190.0,177.0,165.0,1.0,1444.0,6,,,0.0,,0.0,,,,0,,,,,,,,,,,,,,,,,,,,,,,,,,,,,,,,,,,,,,,,,,,,,N,8.0,4.0,5.0,10.0,3.0,3.0,31.0,47.0,5,10,3.0,4.0,31.0,48.0,7,7,0,0.0,0.0,N461WN,N461WN-WN-0,31.0,43.0,16.0,47.0,59.0,,,0.0,31,47,0.0,0.0
N462WN,626.0,2019,2,5,2,4,2019-05-02,WN,WN,19393,WN,344,,,,,WN,19393,WN,344,14635,1463502,31714,RSW,"Fort Myers, FL",FL,12,Florida,33,10821,1082106,30852,BWI,"Baltimore, MD",MD,24,Maryland,35,630,-4.0,0.0,0.0,-1.0,0600-0659,7.0,633.0,833.0,16.0,850,849.0,-1.0,0.0,0.0,-1.0,0800-0859,0.0,,0.0,140.0,143.0,120.0,1.0,919.0,4,,,0.0,,0.0,,,,0,,,,,,,,,,,,,,,,,,,,,,,,,,,,,,,,,,,,,,,,,,,,,N,0.0,0.0,6.0,8.0,2.0,3.0,26.0,35.0,6,8,2.0,3.0,26.0,35.0,1,1,0,1.0,1.0,N462WN,N462WN-WN-0,26.0,38.0,9.0,35.0,47.0,,,0.0,26,35,0.0,0.0
N462WN,938.0,2019,2,5,2,4,2019-05-02,WN,WN,19393,WN,344,,,,,WN,19393,WN,344,10821,1082106,30852,BWI,"Baltimore, MD",MD,24,Maryland,35,10529,1052906,30529,BDL,"Hartford, CT",CT,9,Connecticut,11,930,8.0,8.0,0.0,0.0,0900-0959,10.0,948.0,1035.0,4.0,1045,1039.0,-6.0,0.0,0.0,-1.0,1000-1059,0.0,,0.0,75.0,61.0,47.0,1.0,283.0,2,,,0.0,,0.0,,,,0,,,,,,,,,,,,,,,,,,,,,,,,,,,,,,,,,,,,,,,,,,,,,N,0.0,0.0,9.0,10.0,3.0,3.0,39.0,43.0,9,10,2.0,3.0,38.0,43.0,9,9,1,1.0,0.0,N462WN,N462WN-WN-1,39.0,51.0,4.0,43.0,55.0,35.0,4.0,0.0,39,43,0.0,0.0
N463SW,557.0,2019,2,5,2,4,2019-05-02,DL,DL_CODESHARE,19790,DL,4321,,,,,OO,20304,OO,4321,10135,1013505,30135,ABE,"Allentown/Bethlehem/Easton, PA",PA,42,Pennsylvania,23,11433,1143302,31295,DTW,"Detroit, MI",MI,26,Michigan,43,600,-3.0,0.0,0.0,-1.0,0600-0659,18.0,615.0,739.0,8.0,744,747.0,3.0,3.0,0.0,0.0,0700-0759,0.0,,0.0,104.0,110.0,84.0,1.0,425.0,2,,,0.0,,0.0,,,,0,,,,,,,,,,,,,,,,,,,,,,,,,,,,,,,,,,,,,,,,,,,,,N,0.0,0.0,5.0,7.0,4.0,3.0,24.0,31.0,6,7,0.0,3.0,24.0,31.0,5,5,0,0.0,0.0,N463SW,N463SW-DL-0,24.0,36.0,7.0,31.0,43.0,,,0.0,24,34,3.0,17.46
N463WN,619.0,2019,2,5,2,4,2019-05-02,WN,WN,19393,WN,496,,,,,WN,19393,WN,496,14869,1486903,34614,SLC,"Salt Lake City, UT",UT,49,Utah,87,11292,1129202,30325,DEN,"Denver, CO",CO,8,Colorado,82,620,-1.0,0.0,0.0,-1.0,0600-0659,10.0,629.0,723.0,6.0,740,729.0,-11.0,0.0,0.0,-1.0,0700-0759,0.0,,0.0,80.0,70.0,54.0,1.0,391.0,2,,,0.0,,0.0,,,,0,,,,,,,,,,,,,,,,,,,,,,,,,,,,,,,,,,,,,,,,,,,,,N,8.0,8.0,6.0,7.0,1.0,2.0,33.0,38.0,6,7,1.0,3.0,33.0,39.0,3,3,0,0.0,0.0,N463WN,N463WN-WN-0,33.0,45.0,5.0,38.0,50.0,,,0.0,33,38,0.0,0.0
N464AW,552.0,2019,2,5,2,4,2019-05-02,UA,UA_CODESHARE,19977,UA,3905,,,,,ZW,20046,ZW,3905,13342,1334207,33342,MKE,"Milwaukee, WI",WI,55,Wisconsin,45,13930,1393007,30977,ORD,"Chicago, IL",IL,17,Illinois,41,600,-8.0,0.0,0.0,-1.0,0600-0659,20.0,612.0,642.0,14.0,705,656.0,-9.0,0.0,0.0,-1.0,0700-0759,0.0,,0.0,65.0,64.0,30.0,1.0,67.0,1,,,0.0,,0.0,,,,0,,,,,,,,,,,,,,,,,,,,,,,,,,,,,,,,,,,,,,,,,,,,,N,4.0,4.0,5.0,6.0,3.0,4.0,27.0,32.0,6,7,0.0,0.0,28.0,32.0,7,7,0,1.0,1.0,N464AW,N464AW-UA-0,28.0,39.0,5.0,33.0,44.0,,,0.0,28,33,0.0,0.0
N464AW,747.0,2019,2,5,2,4,2019-05-02,UA,UA_CODESHARE,19977,UA,3841,,,,,ZW,20046,ZW,3841,13930,1393007,30977,ORD,"Chicago, IL",IL,17,Illinois,41,13485,1348502,33485,MSN,"Madison, WI",WI,55,Wisconsin,45,800,-13.0,0.0,0.0,-1.0,0800-0859,38.0,825.0,855.0,2.0,857,857.0,0.0,0.0,0.0,0.0,0800-0859,0.0,,0.0,57.0,70.0,30.0,1.0,109.0,1,,,0.0,,0.0,,,,0,,,,,,,,,,,,,,,,,,,,,,,,,,,,,,,,,,,,,,,,,,,,,N,4.0,4.0,7.0,8.0,3.0,4.0,35.0,40.0,8,8,0.0,4.0,36.0,40.0,1,1,1,1.0,0.0,N464AW,N464AW-UA-1,36.0,47.0,5.0,41.0,52.0,32.0,3.0,0.0,36,41,0.0,0.0
N464SW,644.0,2019,2,5,2,4,2019-05-02,UA,UA_CODESHARE,19977,UA,5540,,,,,OO,20304,OO,5540,14869,1486903,34614,SLC,"Salt Lake City, UT",UT,49,Utah,87,11292,1129202,30325,DEN,"Denver, CO",CO,8,Colorado,82,655,-11.0,0.0,0.0,-1.0,0600-0659,21.0,705.0,802.0,8.0,840,810.0,-30.0,0.0,0.0,-2.0,0800-0859,0.0,,0.0,105.0,86.0,57.0,1.0,391.0,2,,,0.0,,0.0,,,,0,,,,,,,,,,,,,,,,,,,,,,,,,,,,,,,,,,,,,,,,,,,,,N,8.0,8.0,6.0,8.0,3.0,1.0,35.0,41.0,6,8,4.0,3.0,36.0,43.0,7,7,0,0.0,0.0,N464SW,N464SW-UA-0,36.0,47.0,6.0,42.0,53.0,,,0.0,36,42,0.0,0.0
N464WN,519.0,2019,2,5,2,4,2019-05-02,WN,WN,19393,WN,2190,,,,,WN,19393,WN,2190,10693,1069302,30693,BNA,"Nashville, TN",TN,47,Tennessee,54,13204,1320402,31454,MCO,"Orlando, FL",FL,12,Florida,33,520,-1.0,0.0,0.0,-1.0,0001-0559,11.0,530.0,758.0,8.0,805,806.0,1.0,1.0,0.0,0.0,0800-0859,0.0,,0.0,105.0,107.0,88.0,1.0,616.0,3,,,0.0,,0.0,,,,0,,,,,,,,,,,,,,,,,,,,,,,,,,,,,,,,,,,,,,,,,,,,,N,4.0,0.0,5.0,8.0,1.0,0.0,25.0,32.0,5,8,1.0,0.0,25.0,32.0,2,2,0,1.0,1.0,N464WN,N464WN-WN-0,25.0,37.0,7.0,32.0,44.0,,,0.0,25,32,0.0,0.0
N464WN,854.0,2019,2,5,2,4,2019-05-02,WN,WN,19393,WN,2190,,,,,WN,19393,WN,2190,13204,1320402,31454,MCO,"Orlando, FL",FL,12,Florida,33,12391,1239103,31703,ISP,"Islip, NY",NY,36,New York,22,845,9.0,9.0,0.0,0.0,0800-0859,19.0,913.0,1116.0,3.0,1120,1119.0,-1.0,0.0,0.0,-1.0,1100-1159,0.0,,0.0,155.0,145.0,123.0,1.0,971.0,4,,,0.0,,0.0,,,,0,,,,,,,,,,,,,,,,,,,,,,,,,,,,,,,,,,,,,,,,,,,,,N,0.0,0.0,8.0,11.0,4.0,1.0,36.0,45.0,8,11,3.0,1.0,35.0,45.0,6,6,1,1.0,0.0,N464WN,N464WN-WN-1,36.0,48.0,9.0,45.0,57.0,32.0,4.0,0.0,36,45,0.0,0.0
N465SW,456.0,2019,2,5,2,4,2019-05-02,UA,UA_CODESHARE,19977,UA,5882,,,,,OO,20304,OO,5882,12896,1289607,32896,LBB,"Lubbock, TX",TX,48,Texas,74,12266,1226603,31453,IAH,"Houston, TX",TX,48,Texas,74,500,-4.0,0.0,0.0,-1.0,0001-0559,20.0,516.0,639.0,7.0,639,646.0,7.0,7.0,0.0,0.0,0600-0659,0.0,,0.0,99.0,110.0,83.0,1.0,458.0,2,,,0.0,,0.0,,,,0,,,,,,,,,,,,,,,,,,,,,,,,,,,,,,,,,,,,,,,,,,,,,N,4.0,4.0,4.0,6.0,4.0,3.0,24.0,31.0,5,6,0.0,3.0,24.0,31.0,3,3,0,0.0,0.0,N465SW,N465SW-UA-0,24.0,36.0,7.0,31.0,43.0,,,0.0,24,33,2.0,6.84
N465WN,525.0,2019,2,5,2,4,2019-05-02,WN,WN,19393,WN,4214,,,,,WN,19393,WN,4214,13232,1323202,30977,MDW,"Chicago, IL",IL,17,Illinois,41,14100,1410005,34100,PHL,"Philadelphia, PA",PA,42,Pennsylvania,23,530,-5.0,0.0,0.0,-1.0,0001-0559,12.0,537.0,804.0,6.0,820,810.0,-10.0,0.0,0.0,-1.0,0800-0859,0.0,,0.0,110.0,105.0,87.0,1.0,668.0,3,,,0.0,,0.0,,,,0,,,,,,,,,,,,,,,,,,,,,,,,,,,,,,,,,,,,,,,,,,,,,N,4.0,0.0,5.0,8.0,2.0,1.0,26.0,33.0,5,8,2.0,1.0,26.0,33.0,3,3,0,1.0,1.0,N465WN,N465WN-WN-0,26.0,38.0,7.0,33.0,45.0,,,0.0,26,34,1.0,3.1
N465WN,853.0,2019,2,5,2,4,2019-05-02,WN,WN,19393,WN,4214,,,,,WN,19393,WN,4214,14100,1410005,34100,PHL,"Philadelphia, PA",PA,42,Pennsylvania,23,13204,1320402,31454,MCO,"Orlando, FL",FL,12,Florida,33,900,-7.0,0.0,0.0,-1.0,0900-0959,46.0,939.0,1137.0,7.0,1145,1144.0,-1.0,0.0,0.0,-1.0,1100-1159,0.0,,0.0,165.0,171.0,118.0,1.0,861.0,4,,,0.0,,0.0,,,,0,,,,,,,,,,,,,,,,,,,,,,,,,,,,,,,,,,,,,,,,,,,,,N,0.0,0.0,8.0,11.0,4.0,3.0,36.0,47.0,9,11,0.0,3.0,36.0,47.0,3,3,1,1.0,0.0,N465WN,N465WN-WN-1,36.0,48.0,11.0,47.0,59.0,33.0,3.0,0.0,38,49,2.0,6.96
N466AW,552.0,2019,2,5,2,4,2019-05-02,UA,UA_CODESHARE,19977,UA,3802,,,,,ZW,20046,ZW,3802,10868,1086803,30868,CAE,"Columbia, SC",SC,45,South Carolina,37,12264,1226402,30852,IAD,"Washington, DC",VA,51,Virginia,38,600,-8.0,0.0,0.0,-1.0,0600-0659,14.0,606.0,719.0,5.0,726,724.0,-2.0,0.0,0.0,-1.0,0700-0759,0.0,,0.0,86.0,92.0,73.0,1.0,401.0,2,,,0.0,,0.0,,,,0,,,,,,,,,,,,,,,,,,,,,,,,,,,,,,,,,,,,,,,,,,,,,N,0.0,0.0,5.0,7.0,3.0,2.0,23.0,30.0,6,7,0.0,2.0,24.0,30.0,1,1,0,1.0,1.0,N466AW,N466AW-UA-0,24.0,35.0,7.0,31.0,42.0,,,0.0,24,31,0.0,0.0
N466AW,835.0,2019,2,5,2,4,2019-05-02,UA,UA_CODESHARE,19977,UA,3862,,,,,ZW,20046,ZW,3862,12264,1226402,30852,IAD,"Washington, DC",VA,51,Virginia,38,14524,1452401,34524,RIC,"Richmond, VA",VA,51,Virginia,38,845,-10.0,0.0,0.0,-1.0,0800-0859,21.0,856.0,918.0,4.0,939,922.0,-17.0,0.0,0.0,-2.0,0900-0959,0.0,,0.0,54.0,47.0,22.0,1.0,100.0,1,,,0.0,,0.0,,,,0,,,,,,,,,,,,,,,,,,,,,,,,,,,,,,,,,,,,,,,,,,,,,N,0.0,0.0,8.0,9.0,2.0,1.0,34.0,37.0,8,9,3.0,3.0,35.0,39.0,9,9,1,1.0,0.0,N466AW,N466AW-UA-1,35.0,46.0,3.0,38.0,49.0,30.0,4.0,0.0,35,38,0.0,0.0
N466SW,632.0,2019,2,5,2,4,2019-05-02,UA,UA_CODESHARE,19977,UA,5752,,,,,OO,20304,OO,5752,15016,1501606,31123,STL,"St. Louis, MO",MO,29,Missouri,64,12266,1226603,31453,IAH,"Houston, TX",TX,48,Texas,74,635,-3.0,0.0,0.0,-1.0,0600-0659,25.0,657.0,850.0,9.0,855,859.0,4.0,4.0,0.0,0.0,0800-0859,0.0,,0.0,140.0,147.0,113.0,1.0,667.0,3,,,0.0,,0.0,,,,0,,,,,,,,,,,,,,,,,,,,,,,,,,,,,,,,,,,,,,,,,,,,,N,4.0,4.0,6.0,8.0,2.0,4.0,30.0,40.0,6,8,2.0,4.0,30.0,40.0,8,8,0,0.0,0.0,N466SW,N466SW-UA-0,30.0,42.0,10.0,40.0,52.0,,,0.0,30,40,0.0,0.0
N466UA,747.0,2019,2,5,2,4,2019-05-02,UA,UA,19977,UA,2387,,,,,UA,19977,UA,2387,13204,1320402,31454,MCO,"Orlando, FL",FL,12,Florida,33,12892,1289208,32575,LAX,"Los Angeles, CA",CA,6,California,91,750,-3.0,0.0,0.0,-1.0,0700-0759,12.0,759.0,1001.0,5.0,1018,1006.0,-12.0,0.0,0.0,-1.0,1000-1059,0.0,,0.0,328.0,319.0,302.0,1.0,2218.0,9,,,0.0,,0.0,,,,0,,,,,,,,,,,,,,,,,,,,,,,,,,,,,,,,,,,,,,,,,,,,,N,0.0,12.0,7.0,10.0,3.0,0.0,31.0,52.0,7,10,3.0,1.0,31.0,53.0,6,6,0,0.0,0.0,N466UA,N466UA-UA-0,31.0,43.0,21.0,52.0,64.0,,,0.0,31,52,0.0,0.0
N466WN,658.0,2019,2,5,2,4,2019-05-02,WN,WN,19393,WN,1315,,,,,WN,19393,WN,1315,13342,1334207,33342,MKE,"Milwaukee, WI",WI,55,Wisconsin,45,10397,1039707,30397,ATL,"Atlanta, GA",GA,13,Georgia,34,700,-2.0,0.0,0.0,-1.0,0700-0759,11.0,709.0,949.0,11.0,1000,1000.0,0.0,0.0,0.0,0.0,1000-1059,0.0,,0.0,120.0,122.0,100.0,1.0,669.0,3,,,0.0,,0.0,,,,0,,,,,,,,,,,,,,,,,,,,,,,,,,,,,,,,,,,,,,,,,,,,,N,4.0,0.0,6.0,10.0,4.0,0.0,32.0,40.0,7,10,0.0,0.0,32.0,40.0,9,9,0,0.0,0.0,N466WN,N466WN-WN-0,32.0,44.0,8.0,40.0,52.0,,,0.0,32,40,0.0,0.0
N467AS,741.0,2019,2,5,2,4,2019-05-02,AS,AS,19930,AS,739,,,,,AS,19930,AS,739,10821,1082106,30852,BWI,"Baltimore, MD",MD,24,Maryland,35,12892,1289208,32575,LAX,"Los Angeles, CA",CA,6,California,91,745,-4.0,0.0,0.0,-1.0,0700-0759,15.0,756.0,1037.0,13.0,1035,1050.0,15.0,15.0,1.0,1.0,1000-1059,0.0,,0.0,350.0,369.0,341.0,1.0,2329.0,10,0.0,0.0,15.0,0.0,0.0,,,,0,,,,,,,,,,,,,,,,,,,,,,,,,,,,,,,,,,,,,,,,,,,,,N,0.0,12.0,7.0,10.0,3.0,3.0,31.0,55.0,7,10,3.0,2.0,31.0,54.0,8,8,0,0.0,0.0,N467AS,N467AS-AS-0,31.0,43.0,24.0,55.0,67.0,,,1.0,31,55,0.0,0.0
N467UA,816.0,2019,2,5,2,4,2019-05-02,UA,UA,19977,UA,1637,,,,,UA,19977,UA,1637,11697,1169706,32467,FLL,"Fort Lauderdale, FL",FL,12,Florida,33,11618,1161802,31703,EWR,"Newark, NJ",NJ,34,New Jersey,21,800,16.0,16.0,1.0,1.0,0800-0859,19.0,835.0,1102.0,7.0,1057,1109.0,12.0,12.0,0.0,0.0,1000-1059,0.0,,0.0,177.0,173.0,147.0,1.0,1065.0,5,,,0.0,,0.0,,,,0,,,,,,,,,,,,,,,,,,,,,,,,,,,,,,,,,,,,,,,,,,,,,N,0.0,0.0,8.0,11.0,1.0,1.0,33.0,45.0,8,10,0.0,4.0,32.0,44.0,3,3,0,0.0,0.0,N467UA,N467UA-UA-0,33.0,45.0,12.0,45.0,57.0,,,0.0,33,45,0.0,0.0
N467WN,713.0,2019,2,5,2,4,2019-05-02,WN,WN,19393,WN,175,,,,,WN,19393,WN,175,11066,1106606,31066,CMH,"Columbus, OH",OH,39,Ohio,44,13232,1323202,30977,MDW,"Chicago, IL",IL,17,Illinois,41,550,83.0,83.0,1.0,5.0,0001-0559,10.0,723.0,715.0,3.0,600,718.0,78.0,78.0,1.0,5.0,0600-0659,0.0,,0.0,70.0,65.0,52.0,1.0,283.0,2,0.0,0.0,78.0,0.0,0.0,,,,0,,,,,,,,,,,,,,,,,,,,,,,,,,,,,,,,,,,,,,,,,,,,,N,0.0,4.0,7.0,7.0,1.0,1.0,29.0,33.0,5,6,3.0,0.0,23.0,28.0,9,9,0,1.0,1.0,N467WN,N467WN-WN-0,24.0,41.0,4.0,28.0,45.0,,,5.0,24,28,0.0,0.0
N467WN,811.0,2019,2,5,2,4,2019-05-02,WN,WN,19393,WN,2277,,,,,WN,19393,WN,2277,13232,1323202,30977,MDW,"Chicago, IL",IL,17,Illinois,41,13198,1319801,33198,MCI,"Kansas City, MO",MO,29,Missouri,64,800,11.0,11.0,0.0,0.0,0800-0859,12.0,823.0,930.0,3.0,925,933.0,8.0,8.0,0.0,0.0,0900-0959,0.0,,0.0,85.0,82.0,67.0,1.0,405.0,2,,,0.0,,0.0,,,,0,,,,,,,,,,,,,,,,,,,,,,,,,,,,,,,,,,,,,,,,,,,,,N,4.0,4.0,8.0,9.0,1.0,2.0,37.0,42.0,8,9,0.0,2.0,36.0,42.0,2,2,1,1.0,0.0,N467WN,N467WN-WN-1,37.0,49.0,5.0,42.0,54.0,33.0,4.0,0.0,37,42,0.0,0.0
N468AS,122.0,2019,2,5,2,4,2019-05-02,AS,AS,19930,AS,122,,,,,AS,19930,AS,122,10299,1029906,30299,ANC,"Anchorage, AK",AK,2,Alaska,1,14747,1474703,30559,SEA,"Seattle, WA",WA,53,Washington,93,130,-8.0,0.0,0.0,-1.0,0001-0559,15.0,137.0,525.0,10.0,600,535.0,-25.0,0.0,0.0,-2.0,0600-0659,0.0,,0.0,210.0,193.0,168.0,1.0,1448.0,6,,,0.0,,0.0,,,,0,,,,,,,,,,,,,,,,,,,,,,,,,,,,,,,,,,,,,,,,,,,,,N,16.0,12.0,1.0,5.0,1.0,2.0,21.0,34.0,1,6,2.0,0.0,22.0,36.0,9,9,0,0.0,0.0,N468AS,N468AS-AS-0,22.0,33.0,13.0,35.0,46.0,,,0.0,22,35,0.0,0.0
N468AW,547.0,2019,2,5,2,4,2019-05-02,UA,UA_CODESHARE,19977,UA,4844,,,,,ZW,20046,ZW,4844,12339,1233904,32337,IND,"Indianapolis, IN",IN,18,Indiana,42,12264,1226402,30852,IAD,"Washington, DC",VA,51,Virginia,38,550,-3.0,0.0,0.0,-1.0,0001-0559,12.0,559.0,714.0,5.0,725,719.0,-6.0,0.0,0.0,-1.0,0700-0759,0.0,,0.0,95.0,92.0,75.0,1.0,476.0,2,,,0.0,,0.0,,,,0,,,,,,,,,,,,,,,,,,,,,,,,,,,,,,,,,,,,,,,,,,,,,N,0.0,0.0,5.0,7.0,3.0,1.0,23.0,29.0,5,7,3.0,2.0,23.0,30.0,9,9,0,1.0,1.0,N468AW,N468AW-UA-0,23.0,35.0,6.0,29.0,41.0,,,0.0,23,29,0.0,0.0
N468AW,817.0,2019,2,5,2,4,2019-05-02,UA,UA_CODESHARE,19977,UA,4854,,,,,ZW,20046,ZW,4854,12264,1226402,30852,IAD,"Washington, DC",VA,51,Virginia,38,15412,1541205,35412,TYS,"Knoxville, TN",TN,47,Tennessee,54,820,-3.0,0.0,0.0,-1.0,0800-0859,17.0,834.0,941.0,16.0,955,957.0,2.0,2.0,0.0,0.0,0900-0959,0.0,,0.0,95.0,100.0,67.0,1.0,420.0,2,,,0.0,,0.0,,,,0,,,,,,,,,,,,,,,,,,,,,,,,,,,,,,,,,,,,,,,,,,,,,N,0.0,0.0,8.0,9.0,1.0,4.0,33.0,40.0,8,9,1.0,4.0,33.0,40.0,2,2,1,1.0,0.0,N468AW,N468AW-UA-1,33.0,45.0,7.0,40.0,52.0,29.0,4.0,0.0,33,40,0.0,0.0
N469AS,651.0,2019,2,5,2,4,2019-05-02,AS,AS,19930,AS,723,,,,,AS,19930,AS,723,11298,1129806,30194,DFW,"Dallas/Fort Worth, TX",TX,48,Texas,74,14747,1474703,30559,SEA,"Seattle, WA",WA,53,Washington,93,615,36.0,36.0,1.0,2.0,0600-0659,14.0,705.0,909.0,6.0,840,915.0,35.0,35.0,1.0,2.0,0800-0859,0.0,,0.0,265.0,264.0,244.0,1.0,1660.0,7,35.0,0.0,0.0,0.0,0.0,,,,0,,,,,,,,,,,,,,,,,,,,,,,,,,,,,,,,,,,,,,,,,,,,,N,4.0,12.0,6.0,9.0,3.0,1.0,31.0,49.0,6,8,1.0,3.0,29.0,47.0,6,6,0,0.0,0.0,N469AS,N469AS-AS-0,31.0,43.0,18.0,49.0,61.0,,,0.0,31,49,0.0,0.0
N469UA,727.0,2019,2,5,2,4,2019-05-02,UA,UA,19977,UA,2316,,,,,UA,19977,UA,2316,11618,1161802,31703,EWR,"Newark, NJ",NJ,34,New Jersey,21,10423,1042302,30423,AUS,"Austin, TX",TX,48,Texas,74,729,-2.0,0.0,0.0,-1.0,0700-0759,28.0,755.0,1018.0,4.0,1036,1022.0,-14.0,0.0,0.0,-1.0,1000-1059,0.0,,0.0,247.0,235.0,203.0,1.0,1504.0,7,,,0.0,,0.0,,,,0,,,,,,,,,,,,,,,,,,,,,,,,,,,,,,,,,,,,,,,,,,,,,N,0.0,4.0,7.0,10.0,2.0,1.0,30.0,45.0,7,10,2.0,2.0,30.0,46.0,8,8,0,0.0,0.0,N469UA,N469UA-UA-0,30.0,42.0,15.0,45.0,57.0,,,0.0,30,45,0.0,0.0
N469WN,646.0,2019,2,5,2,4,2019-05-02,WN,WN,19393,WN,931,,,,,WN,19393,WN,931,10713,1071302,30713,BOI,"Boise, ID",ID,16,Idaho,83,11292,1129202,30325,DEN,"Denver, CO",CO,8,Colorado,82,650,-4.0,0.0,0.0,-1.0,0600-0659,9.0,655.0,816.0,6.0,835,822.0,-13.0,0.0,0.0,-1.0,0800-0859,0.0,,0.0,105.0,96.0,81.0,1.0,649.0,3,,,0.0,,0.0,,,,0,,,,,,,,,,,,,,,,,,,,,,,,,,,,,,,,,,,,,,,,,,,,,N,8.0,8.0,6.0,8.0,3.0,1.0,35.0,41.0,6,8,3.0,2.0,35.0,42.0,4,4,0,0.0,0.0,N469WN,N469WN-WN-0,35.0,47.0,6.0,41.0,53.0,,,0.0,35,41,0.0,0.0
N470UA,724.0,2019,2,5,2,4,2019-05-02,UA,UA,19977,UA,1254,,,,,UA,19977,UA,1254,10721,1072102,30721,BOS,"Boston, MA",MA,25,Massachusetts,13,12266,1226603,31453,IAH,"Houston, TX",TX,48,Texas,74,730,-6.0,0.0,0.0,-1.0,0700-0759,24.0,748.0,1048.0,8.0,1048,1056.0,8.0,8.0,0.0,0.0,1000-1059,0.0,,0.0,258.0,272.0,240.0,1.0,1597.0,7,,,0.0,,0.0,,,,0,,,,,,,,,,,,,,,,,,,,,,,,,,,,,,,,,,,,,,,,,,,,,N,0.0,4.0,7.0,10.0,2.0,4.0,30.0,48.0,7,10,2.0,3.0,30.0,47.0,5,5,0,0.0,0.0,N470UA,N470UA-UA-0,30.0,42.0,18.0,48.0,60.0,,,0.0,30,48,0.0,0.0
N470WN,752.0,2019,2,5,2,4,2019-05-02,WN,WN,19393,WN,1776,,,,,WN,19393,WN,1776,12191,1219102,31453,HOU,"Houston, TX",TX,48,Texas,74,11278,1127805,30852,DCA,"Washington, DC",VA,51,Virginia,38,745,7.0,7.0,0.0,0.0,0700-0759,6.0,758.0,1140.0,3.0,1150,1143.0,-7.0,0.0,0.0,-1.0,1100-1159,0.0,,0.0,185.0,171.0,162.0,1.0,1218.0,5,,,0.0,,0.0,,,,0,,,,,,,,,,,,,,,,,,,,,,,,,,,,,,,,,,,,,,,,,,,,,N,4.0,0.0,7.0,11.0,3.0,3.0,35.0,47.0,7,11,3.0,3.0,35.0,47.0,9,9,0,0.0,0.0,N470WN,N470WN-WN-0,35.0,47.0,12.0,47.0,59.0,,,0.0,35,47,0.0,0.0
N470ZW,532.0,2019,2,5,2,4,2019-05-02,UA,UA_CODESHARE,19977,UA,3922,,,,,ZW,20046,ZW,3922,11977,1197705,31977,GRB,"Green Bay, WI",WI,55,Wisconsin,45,13930,1393007,30977,ORD,"Chicago, IL",IL,17,Illinois,41,545,-13.0,0.0,0.0,-1.0,0001-0559,8.0,540.0,623.0,13.0,705,636.0,-29.0,0.0,0.0,-2.0,0700-0759,0.0,,0.0,80.0,64.0,43.0,1.0,174.0,1,,,0.0,,0.0,,,,0,,,,,,,,,,,,,,,,,,,,,,,,,,,,,,,,,,,,,,,,,,,,,N,4.0,4.0,5.0,6.0,2.0,2.0,26.0,30.0,5,7,3.0,0.0,27.0,32.0,5,5,0,1.0,1.0,N470ZW,N470ZW-UA-0,27.0,38.0,4.0,31.0,42.0,,,0.0,27,31,0.0,0.0
N470ZW,736.0,2019,2,5,2,4,2019-05-02,UA,UA_CODESHARE,19977,UA,3804,,,,,ZW,20046,ZW,3804,13930,1393007,30977,ORD,"Chicago, IL",IL,17,Illinois,41,11721,1172105,31721,FNT,"Flint, MI",MI,26,Michigan,43,745,-9.0,0.0,0.0,-1.0,0700-0759,16.0,752.0,927.0,3.0,952,930.0,-22.0,0.0,0.0,-2.0,0900-0959,0.0,,0.0,67.0,54.0,35.0,1.0,223.0,1,,,0.0,,0.0,,,,0,,,,,,,,,,,,,,,,,,,,,,,,,,,,,,,,,,,,,,,,,,,,,N,4.0,0.0,7.0,9.0,2.0,2.0,34.0,38.0,7,9,3.0,3.0,35.0,39.0,6,6,1,1.0,0.0,N470ZW,N470ZW-UA-1,35.0,46.0,4.0,39.0,50.0,30.0,4.0,0.0,35,39,0.0,0.0
N471CA,554.0,2019,2,5,2,4,2019-05-02,UA,UA_CODESHARE,19977,UA,5119,,,,,OO,20304,OO,5119,14794,1479405,34794,SGU,"St. George, UT",UT,49,Utah,87,12892,1289208,32575,LAX,"Los Angeles, CA",CA,6,California,91,600,-6.0,0.0,0.0,-1.0,0600-0659,14.0,608.0,607.0,12.0,625,619.0,-6.0,0.0,0.0,-1.0,0600-0659,0.0,,0.0,85.0,85.0,59.0,1.0,349.0,2,,,0.0,,0.0,,,,0,,,,,,,,,,,,,,,,,,,,,,,,,,,,,,,,,,,,,,,,,,,,,N,8.0,12.0,5.0,6.0,4.0,1.0,32.0,37.0,6,6,0.0,2.0,32.0,38.0,4,4,0,0.0,0.0,N471CA,N471CA-UA-0,32.0,44.0,5.0,37.0,49.0,,,0.0,32,37,0.0,0.0
N471UA,728.0,2019,2,5,2,4,2019-05-02,UA,UA,19977,UA,1900,,,,,UA,19977,UA,1900,10397,1039707,30397,ATL,"Atlanta, GA",GA,13,Georgia,34,14771,1477104,32457,SFO,"San Francisco, CA",CA,6,California,91,728,0.0,0.0,0.0,0.0,0700-0759,11.0,739.0,950.0,35.0,950,1025.0,35.0,35.0,1.0,2.0,0900-0959,0.0,,0.0,322.0,357.0,311.0,1.0,2139.0,9,0.0,0.0,35.0,0.0,0.0,,,,0,,,,,,,,,,,,,,,,,,,,,,,,,,,,,,,,,,,,,,,,,,,,,N,0.0,12.0,7.0,10.0,2.0,2.0,30.0,54.0,7,9,2.0,3.0,30.0,51.0,7,7,0,0.0,0.0,N471UA,N471UA-UA-0,30.0,42.0,24.0,54.0,66.0,,,2.0,30,54,0.0,0.0
N471ZW,828.0,2019,2,5,2,4,2019-05-02,UA,UA_CODESHARE,19977,UA,3923,,,,,ZW,20046,ZW,3923,15016,1501606,31123,STL,"St. Louis, MO",MO,29,Missouri,64,12264,1226402,30852,IAD,"Washington, DC",VA,51,Virginia,38,830,-2.0,0.0,0.0,-1.0,0800-0859,24.0,852.0,1139.0,6.0,1133,1145.0,12.0,12.0,0.0,0.0,1100-1159,0.0,,0.0,123.0,137.0,107.0,1.0,696.0,3,,,0.0,,0.0,,,,0,,,,,,,,,,,,,,,,,,,,,,,,,,,,,,,,,,,,,,,,,,,,,N,4.0,0.0,8.0,11.0,2.0,3.0,38.0,47.0,8,11,2.0,2.0,38.0,46.0,4,4,0,0.0,0.0,N471ZW,N471ZW-UA-0,38.0,50.0,9.0,47.0,59.0,,,0.0,38,47,0.0,0.0
N472AS,845.0,2019,2,5,2,4,2019-05-02,AS,AS,19930,AS,791,,,,,AS,19930,AS,791,11618,1161802,31703,EWR,"Newark, NJ",NJ,34,New Jersey,21,14747,1474703,30559,SEA,"Seattle, WA",WA,53,Washington,93,900,-15.0,0.0,0.0,-1.0,0900-0959,38.0,923.0,1139.0,7.0,1215,1146.0,-29.0,0.0,0.0,-2.0,1200-1259,0.0,,0.0,375.0,361.0,316.0,1.0,2402.0,10,,,0.0,,0.0,,,,0,,,,,,,,,,,,,,,,,,,,,,,,,,,,,,,,,,,,,,,,,,,,,N,0.0,12.0,8.0,11.0,3.0,3.0,35.0,59.0,9,12,0.0,1.0,36.0,61.0,4,4,0,0.0,0.0,N472AS,N472AS-AS-0,36.0,47.0,24.0,60.0,71.0,,,0.0,36,60,0.0,0.0
N472UA,618.0,2019,2,5,2,4,2019-05-02,UA,UA,19977,UA,471,,,,,UA,19977,UA,471,12892,1289208,32575,LAX,"Los Angeles, CA",CA,6,California,91,14771,1477104,32457,SFO,"San Francisco, CA",CA,6,California,91,630,-12.0,0.0,0.0,-1.0,0600-0659,19.0,637.0,730.0,4.0,801,734.0,-27.0,0.0,0.0,-2.0,0800-0859,0.0,,0.0,91.0,76.0,53.0,1.0,337.0,2,,,0.0,,0.0,,,,0,,,,,,,,,,,,,,,,,,,,,,,,,,,,,,,,,,,,,,,,,,,,,N,12.0,12.0,6.0,7.0,1.0,2.0,37.0,42.0,6,8,2.0,0.0,38.0,44.0,2,2,0,0.0,0.0,N472UA,N472UA-UA-0,38.0,49.0,5.0,43.0,54.0,,,0.0,38,43,0.0,0.0
N472WN,1138.0,2019,2,5,2,4,2019-05-02,WN,WN,19393,WN,1322,,,,,WN,19393,WN,1322,11066,1106606,31066,CMH,"Columbus, OH",OH,39,Ohio,44,13204,1320402,31454,MCO,"Orlando, FL",FL,12,Florida,33,525,373.0,373.0,1.0,12.0,0001-0559,8.0,1146.0,1331.0,7.0,735,1338.0,363.0,363.0,1.0,12.0,0700-0759,0.0,,0.0,130.0,120.0,105.0,1.0,802.0,4,363.0,0.0,0.0,0.0,0.0,,,,0,,,,,,,,,,,,,,,,,,,,,,,,,,,,,,,,,,,,,,,,,,,,,N,0.0,0.0,11.0,13.0,3.0,3.0,47.0,55.0,5,7,2.0,2.0,22.0,30.0,8,8,0,0.0,0.0,N472WN,N472WN-WN-0,47.0,59.0,8.0,55.0,67.0,,,0.0,47,55,0.0,0.0
N47414,555.0,2019,2,5,2,4,2019-05-02,UA,UA,19977,UA,1212,,,,,UA,19977,UA,1212,11292,1129202,30325,DEN,"Denver, CO",CO,8,Colorado,82,14771,1477104,32457,SFO,"San Francisco, CA",CA,6,California,91,600,-5.0,0.0,0.0,-1.0,0600-0659,12.0,607.0,728.0,5.0,747,733.0,-14.0,0.0,0.0,-1.0,0700-0759,0.0,,0.0,167.0,158.0,141.0,1.0,967.0,4,,,0.0,,0.0,,,,0,,,,,,,,,,,,,,,,,,,,,,,,,,,,,,,,,,,,,,,,,,,,,N,8.0,12.0,5.0,7.0,4.0,2.0,32.0,42.0,6,7,0.0,3.0,32.0,43.0,1,1,0,0.0,0.0,N47414,N47414-UA-0,32.0,44.0,10.0,42.0,54.0,,,0.0,32,42,0.0,0.0
N474AS,649.0,2019,2,5,2,4,2019-05-02,AS,AS,19930,AS,363,,,,,AS,19930,AS,363,11618,1161802,31703,EWR,"Newark, NJ",NJ,34,New Jersey,21,14771,1477104,32457,SFO,"San Francisco, CA",CA,6,California,91,700,-11.0,0.0,0.0,-1.0,0700-0759,16.0,705.0,1012.0,3.0,1025,1015.0,-10.0,0.0,0.0,-1.0,1000-1059,0.0,,0.0,385.0,386.0,367.0,1.0,2565.0,11,,,0.0,,0.0,,,,0,,,,,,,,,,,,,,,,,,,,,,,,,,,,,,,,,,,,,,,,,,,,,N,0.0,12.0,6.0,10.0,3.0,1.0,27.0,53.0,7,10,0.0,2.0,28.0,54.0,3,3,0,0.0,0.0,N474AS,N474AS-AS-0,28.0,39.0,26.0,54.0,65.0,,,0.0,29,59,5.0,20.08
N474UA,742.0,2019,2,5,2,4,2019-05-02,UA,UA,19977,UA,1041,,,,,UA,19977,UA,1041,12266,1226603,31453,IAH,"Houston, TX",TX,48,Texas,74,12264,1226402,30852,IAD,"Washington, DC",VA,51,Virginia,38,745,-3.0,0.0,0.0,-1.0,0700-0759,40.0,822.0,1156.0,3.0,1140,1159.0,19.0,19.0,1.0,1.0,1100-1159,0.0,,0.0,175.0,197.0,154.0,1.0,1190.0,5,0.0,0.0,19.0,0.0,0.0,,,,0,,,,,,,,,,,,,,,,,,,,,,,,,,,,,,,,,,,,,,,,,,,,,N,4.0,0.0,7.0,11.0,3.0,4.0,35.0,48.0,7,11,3.0,3.0,35.0,47.0,4,4,0,0.0,0.0,N474UA,N474UA-UA-0,35.0,47.0,13.0,48.0,60.0,,,1.0,35,48,0.0,0.0
N474WN,529.0,2019,2,5,2,4,2019-05-02,WN,WN,19393,WN,1323,,,,,WN,19393,WN,1323,13796,1379608,32457,OAK,"Oakland, CA",CA,6,California,91,14679,1467903,33570,SAN,"San Diego, CA",CA,6,California,91,530,-1.0,0.0,0.0,-1.0,0001-0559,9.0,538.0,642.0,3.0,700,645.0,-15.0,0.0,0.0,-1.0,0700-0759,0.0,,0.0,90.0,76.0,64.0,1.0,446.0,2,,,0.0,,0.0,,,,0,,,,,,,,,,,,,,,,,,,,,,,,,,,,,,,,,,,,,,,,,,,,,N,12.0,12.0,5.0,6.0,2.0,3.0,34.0,39.0,5,7,2.0,0.0,34.0,40.0,9,9,0,0.0,0.0,N474WN,N474WN-WN-0,34.0,46.0,5.0,39.0,51.0,,,0.0,34,39,0.0,0.0
N475UA,456.0,2019,2,5,2,4,2019-05-02,UA,UA,19977,UA,443,,,,,UA,19977,UA,443,14747,1474703,30559,SEA,"Seattle, WA",WA,53,Washington,93,12266,1226603,31453,IAH,"Houston, TX",TX,48,Texas,74,500,-4.0,0.0,0.0,-1.0,0001-0559,22.0,518.0,1109.0,8.0,1113,1117.0,4.0,4.0,0.0,0.0,1100-1159,0.0,,0.0,253.0,261.0,231.0,1.0,1874.0,8,,,0.0,,0.0,,,,0,,,,,,,,,,,,,,,,,,,,,,,,,,,,,,,,,,,,,,,,,,,,,N,12.0,4.0,4.0,11.0,4.0,1.0,32.0,49.0,5,11,0.0,1.0,32.0,49.0,3,3,0,0.0,0.0,N475UA,N475UA-UA-0,32.0,44.0,17.0,49.0,61.0,,,0.0,32,49,0.0,0.0
N475WN,717.0,2019,2,5,2,4,2019-05-02,WN,WN,19393,WN,2141,,,,,WN,19393,WN,2141,14307,1430705,30721,PVD,"Providence, RI",RI,44,Rhode Island,15,10821,1082106,30852,BWI,"Baltimore, MD",MD,24,Maryland,35,715,2.0,2.0,0.0,0.0,0700-0759,9.0,726.0,825.0,3.0,835,828.0,-7.0,0.0,0.0,-1.0,0800-0859,0.0,,0.0,80.0,71.0,59.0,1.0,327.0,2,,,0.0,,0.0,,,,0,,,,,,,,,,,,,,,,,,,,,,,,,,,,,,,,,,,,,,,,,,,,,N,0.0,0.0,7.0,8.0,1.0,2.0,29.0,34.0,7,8,1.0,2.0,29.0,34.0,8,8,0,1.0,1.0,N475WN,N475WN-WN-0,29.0,41.0,5.0,34.0,46.0,,,0.0,29,34,0.0,0.0
N475WN,920.0,2019,2,5,2,4,2019-05-02,WN,WN,19393,WN,2141,,,,,WN,19393,WN,2141,10821,1082106,30852,BWI,"Baltimore, MD",MD,24,Maryland,35,13487,1348702,31650,MSP,"Minneapolis, MN",MN,27,Minnesota,63,920,0.0,0.0,0.0,0.0,0900-0959,9.0,929.0,1039.0,4.0,1105,1043.0,-22.0,0.0,0.0,-2.0,1100-1159,0.0,,0.0,165.0,143.0,130.0,1.0,936.0,4,,,0.0,,0.0,,,,0,,,,,,,,,,,,,,,,,,,,,,,,,,,,,,,,,,,,,,,,,,,,,N,0.0,4.0,9.0,10.0,1.0,3.0,37.0,47.0,9,11,1.0,0.0,37.0,48.0,7,7,1,1.0,0.0,N475WN,N475WN-WN-1,37.0,49.0,10.0,47.0,59.0,34.0,3.0,0.0,37,47,0.0,0.0
N476UA,539.0,2019,2,5,2,4,2019-05-02,UA,UA,19977,UA,295,,,,,UA,19977,UA,295,13891,1389101,32575,ONT,"Ontario, CA",CA,6,California,91,14771,1477104,32457,SFO,"San Francisco, CA",CA,6,California,91,545,-6.0,0.0,0.0,-1.0,0001-0559,11.0,550.0,645.0,5.0,708,650.0,-18.0,0.0,0.0,-2.0,0700-0759,0.0,,0.0,83.0,71.0,55.0,1.0,363.0,2,,,0.0,,0.0,,,,0,,,,,,,,,,,,,,,,,,,,,,,,,,,,,,,,,,,,,,,,,,,,,N,12.0,12.0,5.0,6.0,3.0,3.0,35.0,39.0,5,7,3.0,1.0,35.0,41.0,6,6,0,0.0,0.0,N476UA,N476UA-UA-0,35.0,47.0,4.0,39.0,51.0,,,0.0,35,39,0.0,0.0
N476WN,656.0,2019,2,5,2,4,2019-05-02,WN,WN,19393,WN,2264,,,,,WN,19393,WN,2264,13204,1320402,31454,MCO,"Orlando, FL",FL,12,Florida,33,11066,1106606,31066,CMH,"Columbus, OH",OH,39,Ohio,44,700,-4.0,0.0,0.0,-1.0,0700-0759,19.0,715.0,904.0,3.0,905,907.0,2.0,2.0,0.0,0.0,0900-0959,0.0,,0.0,125.0,131.0,109.0,1.0,802.0,4,,,0.0,,0.0,,,,0,,,,,,,,,,,,,,,,,,,,,,,,,,,,,,,,,,,,,,,,,,,,,N,0.0,0.0,6.0,9.0,4.0,0.0,28.0,36.0,7,9,0.0,0.0,28.0,36.0,1,1,0,1.0,1.0,N476WN,N476WN-WN-0,28.0,40.0,8.0,36.0,48.0,,,0.0,28,36,0.0,0.0
N476WN,942.0,2019,2,5,2,4,2019-05-02,WN,WN,19393,WN,2264,,,,,WN,19393,WN,2264,11066,1106606,31066,CMH,"Columbus, OH",OH,39,Ohio,44,11278,1127805,30852,DCA,"Washington, DC",VA,51,Virginia,38,945,-3.0,0.0,0.0,-1.0,0900-0959,9.0,951.0,1048.0,5.0,1105,1053.0,-12.0,0.0,0.0,-1.0,1100-1159,0.0,,0.0,80.0,71.0,57.0,1.0,323.0,2,,,0.0,,0.0,,,,0,,,,,,,,,,,,,,,,,,,,,,,,,,,,,,,,,,,,,,,,,,,,,N,0.0,0.0,9.0,10.0,3.0,4.0,39.0,44.0,9,11,3.0,0.0,39.0,44.0,2,2,1,1.0,0.0,N476WN,N476WN-WN-1,39.0,51.0,5.0,44.0,56.0,36.0,3.0,0.0,39,45,1.0,2.3
N477WN,533.0,2019,2,5,2,4,2019-05-02,WN,WN,19393,WN,563,,,,,WN,19393,WN,563,14307,1430705,30721,PVD,"Providence, RI",RI,44,Rhode Island,15,15304,1530402,33195,TPA,"Tampa, FL",FL,12,Florida,33,530,3.0,3.0,0.0,0.0,0001-0559,14.0,547.0,837.0,4.0,840,841.0,1.0,1.0,0.0,0.0,0800-0859,0.0,,0.0,190.0,188.0,170.0,1.0,1136.0,5,,,0.0,,0.0,,,,0,,,,,,,,,,,,,,,,,,,,,,,,,,,,,,,,,,,,,,,,,,,,,N,0.0,0.0,5.0,8.0,2.0,3.0,22.0,35.0,5,8,2.0,3.0,22.0,35.0,6,6,0,1.0,1.0,N477WN,N477WN-WN-0,22.0,34.0,13.0,35.0,47.0,,,0.0,22,35,0.0,0.0
N477WN,936.0,2019,2,5,2,4,2019-05-02,WN,WN,19393,WN,563,,,,,WN,19393,WN,563,15304,1530402,33195,TPA,"Tampa, FL",FL,12,Florida,33,10599,1059904,30599,BHM,"Birmingham, AL",AL,1,Alabama,51,930,6.0,6.0,0.0,0.0,0900-0959,8.0,944.0,948.0,2.0,1005,950.0,-15.0,0.0,0.0,-1.0,1000-1059,0.0,,0.0,95.0,74.0,64.0,1.0,459.0,2,,,0.0,,0.0,,,,0,,,,,,,,,,,,,,,,,,,,,,,,,,,,,,,,,,,,,,,,,,,,,N,0.0,4.0,9.0,9.0,2.0,3.0,38.0,43.0,9,10,2.0,0.0,38.0,44.0,7,7,1,1.0,0.0,N477WN,N477WN-WN-1,38.0,50.0,5.0,43.0,55.0,35.0,3.0,0.0,38,43,0.0,0.0
N478AS,502.0,2019,2,5,2,4,2019-05-02,AS,AS,19930,AS,631,,,,,AS,19930,AS,631,14107,1410702,30466,PHX,"Phoenix, AZ",AZ,4,Arizona,81,14747,1474703,30559,SEA,"Seattle, WA",WA,53,Washington,93,520,-18.0,0.0,0.0,-2.0,0001-0559,9.0,511.0,752.0,9.0,830,801.0,-29.0,0.0,0.0,-2.0,0800-0859,0.0,,0.0,190.0,179.0,161.0,1.0,1107.0,5,,,0.0,,0.0,,,,0,,,,,,,,,,,,,,,,,,,,,,,,,,,,,,,,,,,,,,,,,,,,,N,8.0,12.0,5.0,8.0,0.0,0.0,28.0,44.0,5,8,1.0,2.0,29.0,46.0,1,1,0,0.0,0.0,N478AS,N478AS-AS-0,29.0,40.0,16.0,45.0,56.0,,,0.0,30,46,1.0,1.22
N478WN,525.0,2019,2,5,2,4,2019-05-02,WN,WN,19393,WN,350,,,,,WN,19393,WN,350,14492,1449202,34492,RDU,"Raleigh/Durham, NC",NC,37,North Carolina,36,15304,1530402,33195,TPA,"Tampa, FL",FL,12,Florida,33,530,-5.0,0.0,0.0,-1.0,0001-0559,10.0,535.0,701.0,12.0,715,713.0,-2.0,0.0,0.0,-1.0,0700-0759,0.0,,0.0,105.0,108.0,86.0,1.0,587.0,3,,,0.0,,0.0,,,,0,,,,,,,,,,,,,,,,,,,,,,,,,,,,,,,,,,,,,,,,,,,,,N,0.0,0.0,5.0,7.0,2.0,1.0,22.0,29.0,5,7,2.0,1.0,22.0,29.0,7,7,0,1.0,1.0,N478WN,N478WN-WN-0,22.0,34.0,7.0,29.0,41.0,,,0.0,22,29,0.0,0.0
N478WN,749.0,2019,2,5,2,4,2019-05-02,WN,WN,19393,WN,350,,,,,WN,19393,WN,350,15304,1530402,33195,TPA,"Tampa, FL",FL,12,Florida,33,10423,1042302,30423,AUS,"Austin, TX",TX,48,Texas,74,750,-1.0,0.0,0.0,-1.0,0700-0759,19.0,808.0,915.0,5.0,930,920.0,-10.0,0.0,0.0,-1.0,0900-0959,0.0,,0.0,160.0,151.0,127.0,1.0,928.0,4,,,0.0,,0.0,,,,0,,,,,,,,,,,,,,,,,,,,,,,,,,,,,,,,,,,,,,,,,,,,,N,0.0,4.0,7.0,9.0,3.0,1.0,31.0,41.0,7,9,3.0,2.0,31.0,42.0,4,4,1,1.0,0.0,N478WN,N478WN-WN-1,31.0,43.0,10.0,41.0,53.0,29.0,2.0,0.0,31,41,0.0,0.0
N479AS,729.0,2019,2,5,2,4,2019-05-02,AS,AS,19930,AS,419,,,,,AS,19930,AS,419,10693,1069302,30693,BNA,"Nashville, TN",TN,47,Tennessee,54,14747,1474703,30559,SEA,"Seattle, WA",WA,53,Washington,93,735,-6.0,0.0,0.0,-1.0,0700-0759,19.0,748.0,1033.0,6.0,1040,1039.0,-1.0,0.0,0.0,-1.0,1000-1059,0.0,,0.0,305.0,310.0,285.0,1.0,1978.0,8,,,0.0,,0.0,,,,0,,,,,,,,,,,,,,,,,,,,,,,,,,,,,,,,,,,,,,,,,,,,,N,4.0,12.0,7.0,10.0,2.0,3.0,34.0,55.0,7,10,2.0,3.0,34.0,55.0,6,6,0,0.0,0.0,N479AS,N479AS-AS-0,34.0,46.0,21.0,55.0,67.0,,,0.0,34,55,0.0,0.0
N479CA,551.0,2019,2,5,2,4,2019-05-02,UA,UA_CODESHARE,19977,UA,5287,,,,,OO,20304,OO,5287,11638,1163807,31638,FAT,"Fresno, CA",CA,6,California,91,14771,1477104,32457,SFO,"San Francisco, CA",CA,6,California,91,600,-9.0,0.0,0.0,-1.0,0600-0659,19.0,610.0,640.0,4.0,655,644.0,-11.0,0.0,0.0,-1.0,0600-0659,0.0,,0.0,55.0,53.0,30.0,1.0,158.0,1,,,0.0,,0.0,,,,0,,,,,,,,,,,,,,,,,,,,,,,,,,,,,,,,,,,,,,,,,,,,,N,12.0,12.0,5.0,6.0,3.0,3.0,35.0,39.0,6,6,0.0,4.0,36.0,40.0,5,5,0,0.0,0.0,N479CA,N479CA-UA-0,36.0,47.0,4.0,40.0,51.0,,,0.0,36,40,0.0,0.0
N480UA,655.0,2019,2,5,2,4,2019-05-02,UA,UA,19977,UA,526,,,,,UA,19977,UA,526,11193,1119302,33105,CVG,"Cincinnati, OH",KY,21,Kentucky,52,11292,1129202,30325,DEN,"Denver, CO",CO,8,Colorado,82,700,-5.0,0.0,0.0,-1.0,0700-0759,15.0,710.0,748.0,6.0,812,754.0,-18.0,0.0,0.0,-2.0,0800-0859,0.0,,0.0,192.0,179.0,158.0,1.0,1069.0,5,,,0.0,,0.0,,,,0,,,,,,,,,,,,,,,,,,,,,,,,,,,,,,,,,,,,,,,,,,,,,N,0.0,8.0,6.0,7.0,4.0,4.0,28.0,40.0,7,8,0.0,1.0,28.0,41.0,2,2,0,0.0,0.0,N480UA,N480UA-UA-0,28.0,40.0,12.0,40.0,52.0,,,0.0,28,40,0.0,0.0
N481UA,618.0,2019,2,5,2,4,2019-05-02,UA,UA,19977,UA,780,,,,,UA,19977,UA,780,14771,1477104,32457,SFO,"San Francisco, CA",CA,6,California,91,14747,1474703,30559,SEA,"Seattle, WA",WA,53,Washington,93,625,-7.0,0.0,0.0,-1.0,0600-0659,13.0,631.0,816.0,12.0,845,828.0,-17.0,0.0,0.0,-2.0,0800-0859,0.0,,0.0,140.0,130.0,105.0,1.0,679.0,3,,,0.0,,0.0,,,,0,,,,,,,,,,,,,,,,,,,,,,,,,,,,,,,,,,,,,,,,,,,,,N,12.0,12.0,6.0,8.0,1.0,2.0,37.0,46.0,6,8,2.0,3.0,38.0,47.0,2,2,0,0.0,0.0,N481UA,N481UA-UA-0,38.0,49.0,9.0,47.0,58.0,,,0.0,38,49,2.0,5.08
N482WN,550.0,2019,2,5,2,4,2019-05-02,WN,WN,19393,WN,2131,,,,,WN,19393,WN,2131,13232,1323202,30977,MDW,"Chicago, IL",IL,17,Illinois,41,10693,1069302,30693,BNA,"Nashville, TN",TN,47,Tennessee,54,555,-5.0,0.0,0.0,-1.0,0001-0559,7.0,557.0,657.0,3.0,715,700.0,-15.0,0.0,0.0,-1.0,0700-0759,0.0,,0.0,80.0,70.0,60.0,1.0,395.0,2,,,0.0,,0.0,,,,0,,,,,,,,,,,,,,,,,,,,,,,,,,,,,,,,,,,,,,,,,,,,,N,4.0,4.0,5.0,7.0,3.0,0.0,27.0,32.0,5,7,4.0,1.0,28.0,33.0,7,7,0,0.0,0.0,N482WN,N482WN-WN-0,28.0,39.0,5.0,33.0,44.0,,,0.0,28,33,0.0,0.0
N483UA,844.0,2019,2,5,2,4,2019-05-02,UA,UA,19977,UA,1967,,,,,UA,19977,UA,1967,12264,1226402,30852,IAD,"Washington, DC",VA,51,Virginia,38,14683,1468305,33214,SAT,"San Antonio, TX",TX,48,Texas,74,845,-1.0,0.0,0.0,-1.0,0800-0859,17.0,901.0,1111.0,2.0,1120,1113.0,-7.0,0.0,0.0,-1.0,1100-1159,0.0,,0.0,215.0,209.0,190.0,1.0,1362.0,6,,,0.0,,0.0,,,,0,,,,,,,,,,,,,,,,,,,,,,,,,,,,,,,,,,,,,,,,,,,,,N,0.0,4.0,8.0,11.0,3.0,1.0,35.0,49.0,8,11,3.0,1.0,35.0,49.0,9,9,0,0.0,0.0,N483UA,N483UA-UA-0,35.0,47.0,14.0,49.0,61.0,,,0.0,35,49,0.0,0.0
N484UA,530.0,2019,2,5,2,4,2019-05-02,UA,UA,19977,UA,336,,,,,UA,19977,UA,336,13495,1349505,33495,MSY,"New Orleans, LA",LA,22,Louisiana,72,12266,1226603,31453,IAH,"Houston, TX",TX,48,Texas,74,534,-4.0,0.0,0.0,-1.0,0001-0559,13.0,543.0,630.0,4.0,644,634.0,-10.0,0.0,0.0,-1.0,0600-0659,0.0,,0.0,70.0,64.0,47.0,1.0,305.0,2,,,0.0,,0.0,,,,0,,,,,,,,,,,,,,,,,,,,,,,,,,,,,,,,,,,,,,,,,,,,,N,4.0,4.0,5.0,6.0,2.0,2.0,26.0,30.0,5,6,2.0,3.0,26.0,31.0,4,4,0,1.0,1.0,N484UA,N484UA-UA-0,26.0,38.0,4.0,30.0,42.0,,,0.0,26,30,0.0,0.0
N484UA,1146.0,2019,2,5,2,4,2019-05-02,UA,UA,19977,UA,1573,,,,,UA,19977,UA,1573,12266,1226603,31453,IAH,"Houston, TX",TX,48,Texas,74,12953,1295304,31703,LGA,"New York, NY",NY,36,New York,22,805,221.0,221.0,1.0,12.0,0800-0859,16.0,1202.0,1600.0,8.0,1231,1608.0,217.0,217.0,1.0,12.0,1200-1259,0.0,,0.0,206.0,202.0,178.0,1.0,1416.0,6,217.0,0.0,0.0,0.0,0.0,,,,0,,,,,,,,,,,,,,,,,,,,,,,,,,,,,,,,,,,,,,,,,,,,,N,4.0,0.0,11.0,16.0,3.0,1.0,51.0,65.0,8,12,0.0,2.0,36.0,50.0,4,4,1,1.0,0.0,N484UA,N484UA-UA-1,51.0,63.0,14.0,65.0,77.0,30.0,21.0,0.0,51,65,0.0,0.0
N486UA,922.0,2019,2,5,2,4,2019-05-02,UA,UA,19977,UA,333,,,,,UA,19977,UA,333,11697,1169706,32467,FLL,"Fort Lauderdale, FL",FL,12,Florida,33,12266,1226603,31453,IAH,"Houston, TX",TX,48,Texas,74,900,22.0,22.0,1.0,1.0,0900-0959,64.0,1026.0,1147.0,44.0,1055,1231.0,96.0,96.0,1.0,6.0,1000-1059,0.0,,0.0,175.0,249.0,141.0,1.0,966.0,4,0.0,0.0,96.0,0.0,0.0,,,,0,,,,,,,,,,,,,,,,,,,,,,,,,,,,,,,,,,,,,,,,,,,,,N,0.0,4.0,9.0,12.0,1.0,2.0,37.0,54.0,9,10,0.0,4.0,36.0,48.0,9,9,0,0.0,0.0,N486UA,N486UA-UA-0,36.0,49.0,17.0,53.0,66.0,,,6.0,36,53,0.0,0.0
N486WN,714.0,2019,2,5,2,4,2019-05-02,WN,WN,19393,WN,797,,,,,WN,19393,WN,797,13204,1320402,31454,MCO,"Orlando, FL",FL,12,Florida,33,13342,1334207,33342,MKE,"Milwaukee, WI",WI,55,Wisconsin,45,620,54.0,54.0,1.0,3.0,0600-0659,14.0,728.0,849.0,2.0,805,851.0,46.0,46.0,1.0,3.0,0800-0859,0.0,,0.0,165.0,157.0,141.0,1.0,1066.0,5,46.0,0.0,0.0,0.0,0.0,616.0,14.0,14.0,0,,,,,,,,,,,,,,,,,,,,,,,,,,,,,,,,,,,,,,,,,,,,,N,0.0,4.0,7.0,8.0,1.0,3.0,29.0,39.0,6,8,1.0,0.0,25.0,36.0,6,6,0,0.0,0.0,N486WN,N486WN-WN-0,29.0,41.0,10.0,39.0,51.0,,,0.0,29,39,0.0,0.0
N487CA,610.0,2019,2,5,2,4,2019-05-02,DL,DL_CODESHARE,19790,DL,3818,,,,,OO,20304,OO,3818,15607,1560702,35550,VLD,"Valdosta, GA",GA,13,Georgia,34,10397,1039707,30397,ATL,"Atlanta, GA",GA,13,Georgia,34,615,-5.0,0.0,0.0,-1.0,0600-0659,9.0,619.0,701.0,4.0,729,705.0,-24.0,0.0,0.0,-2.0,0700-0759,0.0,,0.0,74.0,55.0,42.0,1.0,208.0,1,,,0.0,,0.0,,,,0,,,,,,,,,,,,,,,,,,,,,,,,,,,,,,,,,,,,,,,,,,,,,N,0.0,0.0,6.0,7.0,1.0,0.0,25.0,28.0,6,7,1.0,2.0,25.0,30.0,4,4,0,1.0,1.0,N487CA,N487CA-DL-0,25.0,37.0,3.0,28.0,40.0,,,0.0,25,28,0.0,0.0
N487CA,951.0,2019,2,5,2,4,2019-05-02,DL,DL_CODESHARE,19790,DL,3637,,,,,OO,20304,OO,3637,10397,1039707,30397,ATL,"Atlanta, GA",GA,13,Georgia,34,14696,1469608,34696,SBN,"South Bend, IN",IN,18,Indiana,42,951,0.0,0.0,0.0,0.0,0900-0959,10.0,1001.0,1129.0,3.0,1147,1132.0,-15.0,0.0,0.0,-1.0,1100-1159,0.0,,0.0,116.0,101.0,88.0,1.0,566.0,3,,,0.0,,0.0,,,,0,,,,,,,,,,,,,,,,,,,,,,,,,,,,,,,,,,,,,,,,,,,,,N,0.0,0.0,9.0,11.0,3.0,2.0,39.0,46.0,9,11,3.0,3.0,39.0,47.0,1,1,1,1.0,0.0,N487CA,N487CA-DL-1,39.0,51.0,7.0,46.0,58.0,28.0,11.0,0.0,43,50,4.0,7.1
N487UA,843.0,2019,2,5,2,4,2019-05-02,UA,UA,19977,UA,1593,,,,,UA,19977,UA,1593,11618,1161802,31703,EWR,"Newark, NJ",NJ,34,New Jersey,21,14679,1467903,33570,SAN,"San Diego, CA",CA,6,California,91,845,-2.0,0.0,0.0,-1.0,0800-0859,32.0,915.0,1202.0,4.0,1147,1206.0,19.0,19.0,1.0,1.0,1100-1159,0.0,,0.0,362.0,383.0,347.0,1.0,2425.0,10,0.0,0.0,19.0,0.0,0.0,,,,0,,,,,,,,,,,,,,,,,,,,,,,,,,,,,,,,,,,,,,,,,,,,,N,0.0,12.0,8.0,12.0,3.0,0.0,35.0,60.0,8,11,3.0,3.0,35.0,59.0,1,1,0,0.0,0.0,N487UA,N487UA-UA-0,35.0,47.0,25.0,60.0,72.0,,,1.0,35,60,0.0,0.0
N487WN,635.0,2019,2,5,2,4,2019-05-02,WN,WN,19393,WN,1919,,,,,WN,19393,WN,1919,11292,1129202,30325,DEN,"Denver, CO",CO,8,Colorado,82,12889,1288903,32211,LAS,"Las Vegas, NV",NV,32,Nevada,85,640,-5.0,0.0,0.0,-1.0,0600-0659,11.0,646.0,722.0,4.0,730,726.0,-4.0,0.0,0.0,-1.0,0700-0759,0.0,,0.0,110.0,111.0,96.0,1.0,628.0,3,,,0.0,,0.0,,,,0,,,,,,,,,,,,,,,,,,,,,,,,,,,,,,,,,,,,,,,,,,,,,N,8.0,12.0,6.0,7.0,2.0,2.0,34.0,42.0,6,7,3.0,2.0,35.0,42.0,1,1,0,0.0,0.0,N487WN,N487WN-WN-0,35.0,46.0,8.0,43.0,54.0,,,0.0,35,43,0.0,0.0
N4888U,716.0,2019,2,5,2,4,2019-05-02,UA,UA,19977,UA,2093,,,,,UA,19977,UA,2093,11298,1129806,30194,DFW,"Dallas/Fort Worth, TX",TX,48,Texas,74,14771,1477104,32457,SFO,"San Francisco, CA",CA,6,California,91,720,-4.0,0.0,0.0,-1.0,0700-0759,20.0,736.0,908.0,7.0,925,915.0,-10.0,0.0,0.0,-1.0,0900-0959,0.0,,0.0,245.0,239.0,212.0,1.0,1464.0,6,,,0.0,,0.0,,,,0,,,,,,,,,,,,,,,,,,,,,,,,,,,,,,,,,,,,,,,,,,,,,N,4.0,12.0,7.0,9.0,1.0,1.0,33.0,49.0,7,9,1.0,2.0,33.0,50.0,9,9,0,0.0,0.0,N4888U,N4888U-UA-0,33.0,45.0,16.0,49.0,61.0,,,0.0,33,49,0.0,0.0
N488UA,628.0,2019,2,5,2,4,2019-05-02,UA,UA,19977,UA,789,,,,,UA,19977,UA,789,14057,1405702,34057,PDX,"Portland, OR",OR,41,Oregon,92,11292,1129202,30325,DEN,"Denver, CO",CO,8,Colorado,82,635,-7.0,0.0,0.0,-1.0,0600-0659,12.0,640.0,949.0,8.0,1005,957.0,-8.0,0.0,0.0,-1.0,1000-1059,0.0,,0.0,150.0,149.0,129.0,1.0,991.0,4,,,0.0,,0.0,,,,0,,,,,,,,,,,,,,,,,,,,,,,,,,,,,,,,,,,,,,,,,,,,,N,12.0,8.0,6.0,9.0,2.0,4.0,38.0,48.0,6,10,2.0,0.0,38.0,48.0,6,6,0,0.0,0.0,N488UA,N488UA-UA-0,38.0,50.0,10.0,48.0,60.0,,,0.0,38,48,0.0,0.0
N48901,754.0,2019,2,5,2,4,2019-05-02,UA,UA_CODESHARE,19977,UA,4310,,,,,EV,20366,EV,4310,15412,1541205,35412,TYS,"Knoxville, TN",TN,47,Tennessee,54,13930,1393007,30977,ORD,"Chicago, IL",IL,17,Illinois,41,800,-6.0,0.0,0.0,-1.0,0800-0859,29.0,823.0,850.0,11.0,902,901.0,-1.0,0.0,0.0,-1.0,0900-0959,0.0,,0.0,122.0,127.0,87.0,1.0,475.0,2,,,0.0,,0.0,,,,0,,,,,,,,,,,,,,,,,,,,,,,,,,,,,,,,,,,,,,,,,,,,,N,0.0,4.0,7.0,9.0,4.0,0.0,32.0,40.0,8,9,0.0,0.0,32.0,40.0,4,4,0,0.0,0.0,N48901,N48901-UA-0,32.0,44.0,8.0,40.0,52.0,,,0.0,32,40,0.0,0.0
N489UA,737.0,2019,2,5,2,4,2019-05-02,UA,UA,19977,UA,1489,,,,,UA,19977,UA,1489,11618,1161802,31703,EWR,"Newark, NJ",NJ,34,New Jersey,21,14027,1402702,34027,PBI,"West Palm Beach/Palm Beach, FL",FL,12,Florida,33,730,7.0,7.0,0.0,0.0,0700-0759,24.0,801.0,1018.0,4.0,1023,1022.0,-1.0,0.0,0.0,-1.0,1000-1059,0.0,,0.0,173.0,165.0,137.0,1.0,1023.0,5,,,0.0,,0.0,,,,0,,,,,,,,,,,,,,,,,,,,,,,,,,,,,,,,,,,,,,,,,,,,,N,0.0,0.0,7.0,10.0,2.0,1.0,30.0,41.0,7,10,2.0,2.0,30.0,42.0,8,8,0,0.0,0.0,N489UA,N489UA-UA-0,30.0,42.0,11.0,41.0,53.0,,,0.0,30,41,0.0,0.0
N489WN,533.0,2019,2,5,2,4,2019-05-02,WN,WN,19393,WN,500,,,,,WN,19393,WN,500,13232,1323202,30977,MDW,"Chicago, IL",IL,17,Illinois,41,10821,1082106,30852,BWI,"Baltimore, MD",MD,24,Maryland,35,540,-7.0,0.0,0.0,-1.0,0001-0559,9.0,542.0,801.0,3.0,825,804.0,-21.0,0.0,0.0,-2.0,0800-0859,0.0,,0.0,105.0,91.0,79.0,1.0,611.0,3,,,0.0,,0.0,,,,0,,,,,,,,,,,,,,,,,,,,,,,,,,,,,,,,,,,,,,,,,,,,,N,4.0,0.0,5.0,8.0,2.0,0.0,26.0,32.0,5,8,3.0,2.0,27.0,34.0,7,7,0,1.0,1.0,N489WN,N489WN-WN-0,27.0,38.0,6.0,33.0,44.0,,,0.0,27,33,0.0,0.0
N489WN,902.0,2019,2,5,2,4,2019-05-02,WN,WN,19393,WN,500,,,,,WN,19393,WN,500,10821,1082106,30852,BWI,"Baltimore, MD",MD,24,Maryland,35,11066,1106606,31066,CMH,"Columbus, OH",OH,39,Ohio,44,905,-3.0,0.0,0.0,-1.0,0900-0959,12.0,914.0,1011.0,3.0,1030,1014.0,-16.0,0.0,0.0,-2.0,1000-1059,0.0,,0.0,85.0,72.0,57.0,1.0,337.0,2,,,0.0,,0.0,,,,0,,,,,,,,,,,,,,,,,,,,,,,,,,,,,,,,,,,,,,,,,,,,,N,0.0,0.0,9.0,10.0,0.0,1.0,36.0,41.0,9,10,0.0,2.0,36.0,42.0,9,9,1,1.0,0.0,N489WN,N489WN-WN-1,36.0,48.0,5.0,41.0,53.0,32.0,4.0,0.0,37,42,1.0,9.28
N4901U,820.0,2019,2,5,2,4,2019-05-02,UA,UA,19977,UA,1790,,,,,UA,19977,UA,1790,12264,1226402,30852,IAD,"Washington, DC",VA,51,Virginia,38,12339,1233904,32337,IND,"Indianapolis, IN",IN,18,Indiana,42,815,5.0,5.0,0.0,0.0,0800-0859,22.0,842.0,1002.0,5.0,958,1007.0,9.0,9.0,0.0,0.0,0900-0959,0.0,,0.0,103.0,107.0,80.0,1.0,476.0,2,,,0.0,,0.0,,,,0,,,,,,,,,,,,,,,,,,,,,,,,,,,,,,,,,,,,,,,,,,,,,N,0.0,0.0,8.0,10.0,1.0,0.0,33.0,40.0,8,9,1.0,4.0,33.0,40.0,7,7,0,0.0,0.0,N4901U,N4901U-UA-0,33.0,45.0,7.0,40.0,52.0,,,0.0,33,40,0.0,0.0
N491UA,547.0,2019,2,5,2,4,2019-05-02,UA,UA,19977,UA,2108,,,,,UA,19977,UA,2108,14683,1468305,33214,SAT,"San Antonio, TX",TX,48,Texas,74,12266,1226603,31453,IAH,"Houston, TX",TX,48,Texas,74,545,2.0,2.0,0.0,0.0,0001-0559,12.0,559.0,642.0,3.0,640,645.0,5.0,5.0,0.0,0.0,0600-0659,0.0,,0.0,55.0,58.0,43.0,1.0,191.0,1,,,0.0,,0.0,,,,0,,,,,,,,,,,,,,,,,,,,,,,,,,,,,,,,,,,,,,,,,,,,,N,4.0,4.0,5.0,6.0,3.0,3.0,27.0,31.0,5,6,3.0,3.0,27.0,31.0,9,9,0,0.0,0.0,N491UA,N491UA-UA-0,27.0,39.0,4.0,31.0,43.0,,,0.0,27,31,0.0,0.0
N491WN,729.0,2019,2,5,2,4,2019-05-02,WN,WN,19393,WN,6006,,,,,WN,19393,WN,6006,11540,1154005,30615,ELP,"El Paso, TX",TX,48,Texas,74,14679,1467903,33570,SAN,"San Diego, CA",CA,6,California,91,730,-1.0,0.0,0.0,-1.0,0700-0759,13.0,742.0,814.0,3.0,825,817.0,-8.0,0.0,0.0,-1.0,0800-0859,0.0,,0.0,115.0,108.0,92.0,1.0,636.0,3,,,0.0,,0.0,,,,0,,,,,,,,,,,,,,,,,,,,,,,,,,,,,,,,,,,,,,,,,,,,,N,8.0,12.0,7.0,8.0,2.0,1.0,38.0,45.0,7,8,2.0,2.0,38.0,46.0,4,4,0,0.0,0.0,N491WN,N491WN-WN-0,38.0,50.0,7.0,45.0,57.0,,,0.0,38,45,0.0,0.0
N492SW,705.0,2019,2,5,2,4,2019-05-02,UA,UA_CODESHARE,19977,UA,5857,,,,,OO,20304,OO,5857,15919,1591904,31834,XNA,"Fayetteville, AR",AR,5,Arkansas,71,11292,1129202,30325,DEN,"Denver, CO",CO,8,Colorado,82,715,-10.0,0.0,0.0,-1.0,0700-0759,27.0,732.0,807.0,8.0,828,815.0,-13.0,0.0,0.0,-1.0,0800-0859,0.0,,0.0,133.0,130.0,95.0,1.0,616.0,3,,,0.0,,0.0,,,,0,,,,,,,,,,,,,,,,,,,,,,,,,,,,,,,,,,,,,,,,,,,,,N,4.0,8.0,7.0,8.0,0.0,1.0,32.0,41.0,7,8,1.0,2.0,33.0,42.0,5,5,0,0.0,0.0,N492SW,N492SW-UA-0,33.0,44.0,9.0,42.0,53.0,,,0.0,33,42,0.0,0.0
N492WN,531.0,2019,2,5,2,4,2019-05-02,WN,WN,19393,WN,1783,,,,,WN,19393,WN,1783,11066,1106606,31066,CMH,"Columbus, OH",OH,39,Ohio,44,10821,1082106,30852,BWI,"Baltimore, MD",MD,24,Maryland,35,515,16.0,16.0,1.0,1.0,0001-0559,13.0,544.0,632.0,3.0,630,635.0,5.0,5.0,0.0,0.0,0600-0659,0.0,,0.0,75.0,64.0,48.0,1.0,337.0,2,,,0.0,,0.0,,,,0,,,,,,,,,,,,,,,,,,,,,,,,,,,,,,,,,,,,,,,,,,,,,N,0.0,0.0,5.0,6.0,2.0,2.0,22.0,26.0,5,6,1.0,2.0,21.0,26.0,5,5,0,2.0,2.0,N492WN,N492WN-WN-0,22.0,34.0,4.0,26.0,38.0,,,0.0,22,26,0.0,0.0
N492WN,713.0,2019,2,5,2,4,2019-05-02,WN,WN,19393,WN,1783,,,,,WN,19393,WN,1783,10821,1082106,30852,BWI,"Baltimore, MD",MD,24,Maryland,35,13296,1329604,30721,MHT,"Manchester, NH",NH,33,New Hampshire,14,715,-2.0,0.0,0.0,-1.0,0700-0759,11.0,724.0,823.0,3.0,835,826.0,-9.0,0.0,0.0,-1.0,0800-0859,0.0,,0.0,80.0,73.0,59.0,1.0,377.0,2,,,0.0,,0.0,,,,0,,,,,,,,,,,,,,,,,,,,,,,,,,,,,,,,,,,,,,,,,,,,,N,0.0,0.0,7.0,8.0,1.0,2.0,29.0,34.0,7,8,1.0,2.0,29.0,34.0,8,8,1,2.0,1.0,N492WN,N492WN-WN-1,29.0,41.0,5.0,34.0,46.0,26.0,3.0,0.0,29,34,0.0,0.0
N492WN,906.0,2019,2,5,2,4,2019-05-02,WN,WN,19393,WN,1783,,,,,WN,19393,WN,1783,13296,1329604,30721,MHT,"Manchester, NH",NH,33,New Hampshire,14,15304,1530402,33195,TPA,"Tampa, FL",FL,12,Florida,33,910,-4.0,0.0,0.0,-1.0,0900-0959,7.0,913.0,1204.0,4.0,1230,1208.0,-22.0,0.0,0.0,-2.0,1200-1259,0.0,,0.0,200.0,182.0,171.0,1.0,1204.0,5,,,0.0,,0.0,,,,0,,,,,,,,,,,,,,,,,,,,,,,,,,,,,,,,,,,,,,,,,,,,,N,0.0,0.0,9.0,12.0,0.0,1.0,36.0,49.0,9,12,1.0,2.0,37.0,50.0,1,1,2,2.0,0.0,N492WN,N492WN-WN-2,37.0,48.0,13.0,50.0,61.0,34.0,2.0,0.0,37,50,0.0,0.0
N493AS,525.0,2019,2,5,2,4,2019-05-02,AS,AS,19930,AS,576,,,,,AS,19930,AS,576,14057,1405702,34057,PDX,"Portland, OR",OR,41,Oregon,92,12892,1289208,32575,LAX,"Los Angeles, CA",CA,6,California,91,530,-5.0,0.0,0.0,-1.0,0001-0559,8.0,533.0,728.0,11.0,755,739.0,-16.0,0.0,0.0,-2.0,0700-0759,0.0,,0.0,145.0,134.0,115.0,1.0,834.0,4,,,0.0,,0.0,,,,0,,,,,,,,,,,,,,,,,,,,,,,,,,,,,,,,,,,,,,,,,,,,,N,12.0,12.0,5.0,7.0,2.0,3.0,34.0,43.0,5,7,2.0,4.0,34.0,44.0,3,3,0,0.0,0.0,N493AS,N493AS-AS-0,34.0,46.0,9.0,43.0,55.0,,,0.0,34,45,2.0,7.16
N493UA,653.0,2019,2,5,2,4,2019-05-02,UA,UA,19977,UA,2089,,,,,UA,19977,UA,2089,14122,1412202,30198,PIT,"Pittsburgh, PA",PA,42,Pennsylvania,23,11292,1129202,30325,DEN,"Denver, CO",CO,8,Colorado,82,700,-7.0,0.0,0.0,-1.0,0700-0759,10.0,703.0,804.0,7.0,829,811.0,-18.0,0.0,0.0,-2.0,0800-0859,0.0,,0.0,209.0,198.0,181.0,1.0,1290.0,6,,,0.0,,0.0,,,,0,,,,,,,,,,,,,,,,,,,,,,,,,,,,,,,,,,,,,,,,,,,,,N,0.0,8.0,6.0,8.0,4.0,1.0,28.0,41.0,7,8,0.0,2.0,28.0,42.0,3,3,0,0.0,0.0,N493UA,N493UA-UA-0,28.0,40.0,13.0,41.0,53.0,,,0.0,28,41,0.0,0.0
N493WN,641.0,2019,2,5,2,4,2019-05-02,WN,WN,19393,WN,6261,,,,,WN,19393,WN,6261,14908,1490803,32575,SNA,"Santa Ana, CA",CA,6,California,91,11292,1129202,30325,DEN,"Denver, CO",CO,8,Colorado,82,645,-4.0,0.0,0.0,-1.0,0600-0659,23.0,704.0,954.0,9.0,1015,1003.0,-12.0,0.0,0.0,-1.0,1000-1059,0.0,,0.0,150.0,142.0,110.0,1.0,846.0,4,,,0.0,,0.0,,,,0,,,,,,,,,,,,,,,,,,,,,,,,,,,,,,,,,,,,,,,,,,,,,N,12.0,8.0,6.0,10.0,3.0,0.0,39.0,48.0,6,10,3.0,1.0,39.0,49.0,6,6,0,0.0,0.0,N493WN,N493WN-WN-0,39.0,51.0,9.0,48.0,60.0,,,0.0,39,48,0.0,0.0
N494CA,707.0,2019,2,5,2,4,2019-05-02,DL,DL_CODESHARE,19790,DL,3889,,,,,OO,20304,OO,3889,11823,1182304,31823,FWA,"Fort Wayne, IN",IN,18,Indiana,42,13487,1348702,31650,MSP,"Minneapolis, MN",MN,27,Minnesota,63,712,-5.0,0.0,0.0,-1.0,0700-0759,41.0,748.0,812.0,7.0,810,819.0,9.0,9.0,0.0,0.0,0800-0859,0.0,,0.0,118.0,132.0,84.0,1.0,488.0,2,,,0.0,,0.0,,,,0,,,,,,,,,,,,,,,,,,,,,,,,,,,,,,,,,,,,,,,,,,,,,N,0.0,4.0,7.0,8.0,0.0,1.0,28.0,37.0,7,8,1.0,1.0,29.0,37.0,8,8,0,0.0,0.0,N494CA,N494CA-DL-0,29.0,40.0,9.0,38.0,49.0,,,0.0,29,38,0.0,0.0
N494UA,901.0,2019,2,5,2,4,2019-05-02,UA,UA,19977,UA,609,,,,,UA,19977,UA,609,11278,1127805,30852,DCA,"Washington, DC",VA,51,Virginia,38,13930,1393007,30977,ORD,"Chicago, IL",IL,17,Illinois,41,845,16.0,16.0,1.0,1.0,0800-0859,24.0,925.0,1008.0,10.0,957,1018.0,21.0,21.0,1.0,1.0,0900-0959,0.0,,0.0,132.0,137.0,103.0,1.0,612.0,3,0.0,0.0,21.0,0.0,0.0,,,,0,,,,,,,,,,,,,,,,,,,,,,,,,,,,,,,,,,,,,,,,,,,,,N,0.0,4.0,9.0,10.0,0.0,1.0,36.0,45.0,8,9,3.0,4.0,35.0,44.0,3,3,0,0.0,0.0,N494UA,N494UA-UA-0,35.0,48.0,9.0,44.0,57.0,,,1.0,43,53,9.0,46.42
N494WN,754.0,2019,2,5,2,4,2019-05-02,WN,WN,19393,WN,1209,,,,,WN,19393,WN,1209,11618,1161802,31703,EWR,"Newark, NJ",NJ,34,New Jersey,21,15016,1501606,31123,STL,"St. Louis, MO",MO,29,Missouri,64,755,-1.0,0.0,0.0,-1.0,0700-0759,19.0,813.0,922.0,4.0,930,926.0,-4.0,0.0,0.0,-1.0,0900-0959,0.0,,0.0,155.0,152.0,129.0,1.0,872.0,4,,,0.0,,0.0,,,,0,,,,,,,,,,,,,,,,,,,,,,,,,,,,,,,,,,,,,,,,,,,,,N,0.0,4.0,7.0,9.0,4.0,2.0,32.0,42.0,7,9,4.0,2.0,32.0,42.0,8,8,0,0.0,0.0,N494WN,N494WN-WN-0,32.0,44.0,10.0,42.0,54.0,,,0.0,32,42,0.0,0.0
N495AS,625.0,2019,2,5,2,4,2019-05-02,AS,AS,19930,AS,321,,,,,AS,19930,AS,321,14831,1483106,32457,SJC,"San Jose, CA",CA,6,California,91,14747,1474703,30559,SEA,"Seattle, WA",WA,53,Washington,93,630,-5.0,0.0,0.0,-1.0,0600-0659,34.0,659.0,857.0,8.0,845,905.0,20.0,20.0,1.0,1.0,0800-0859,0.0,,0.0,135.0,160.0,118.0,1.0,696.0,3,0.0,0.0,20.0,0.0,0.0,,,,0,,,,,,,,,,,,,,,,,,,,,,,,,,,,,,,,,,,,,,,,,,,,,N,12.0,12.0,6.0,9.0,2.0,0.0,38.0,48.0,6,8,2.0,3.0,38.0,47.0,9,9,0,0.0,0.0,N495AS,N495AS-AS-0,38.0,50.0,10.0,48.0,60.0,,,1.0,38,48,0.0,0.0
N495UA,706.0,2019,2,5,2,4,2019-05-02,UA,UA,19977,UA,1504,,,,,UA,19977,UA,1504,13930,1393007,30977,ORD,"Chicago, IL",IL,17,Illinois,41,11278,1127805,30852,DCA,"Washington, DC",VA,51,Virginia,38,700,6.0,6.0,0.0,0.0,0700-0759,13.0,719.0,941.0,4.0,947,945.0,-2.0,0.0,0.0,-1.0,0900-0959,0.0,,0.0,107.0,99.0,82.0,1.0,612.0,3,,,0.0,,0.0,,,,0,,,,,,,,,,,,,,,,,,,,,,,,,,,,,,,,,,,,,,,,,,,,,N,4.0,0.0,7.0,9.0,0.0,3.0,32.0,39.0,7,9,0.0,3.0,32.0,39.0,2,2,0,0.0,0.0,N495UA,N495UA-UA-0,32.0,44.0,7.0,39.0,51.0,,,0.0,32,39,0.0,0.0
N495WN,642.0,2019,2,5,2,4,2019-05-02,WN,WN,19393,WN,1506,,,,,WN,19393,WN,1506,14307,1430705,30721,PVD,"Providence, RI",RI,44,Rhode Island,15,13204,1320402,31454,MCO,"Orlando, FL",FL,12,Florida,33,645,-3.0,0.0,0.0,-1.0,0600-0659,7.0,649.0,917.0,7.0,940,924.0,-16.0,0.0,0.0,-2.0,0900-0959,0.0,,0.0,175.0,162.0,148.0,1.0,1072.0,5,,,0.0,,0.0,,,,0,,,,,,,,,,,,,,,,,,,,,,,,,,,,,,,,,,,,,,,,,,,,,N,0.0,0.0,6.0,9.0,3.0,2.0,27.0,38.0,6,9,3.0,3.0,27.0,39.0,9,9,0,0.0,0.0,N495WN,N495WN-WN-0,27.0,39.0,11.0,38.0,50.0,,,0.0,27,38,0.0,0.0
N496CA,636.0,2019,2,5,2,4,2019-05-02,DL,DL_CODESHARE,19790,DL,7364,,,,,OO,20304,OO,7364,11921,1192102,31921,GJT,"Grand Junction, CO",CO,8,Colorado,82,14869,1486903,34614,SLC,"Salt Lake City, UT",UT,49,Utah,87,645,-9.0,0.0,0.0,-1.0,0600-0659,18.0,654.0,734.0,2.0,743,736.0,-7.0,0.0,0.0,-1.0,0700-0759,0.0,,0.0,58.0,60.0,40.0,1.0,216.0,1,,,0.0,,0.0,,,,0,,,,,,,,,,,,,,,,,,,,,,,,,,,,,,,,,,,,,,,,,,,,,N,8.0,8.0,6.0,7.0,2.0,2.0,34.0,38.0,6,7,3.0,3.0,35.0,39.0,1,1,0,0.0,0.0,N496CA,N496CA-DL-0,35.0,46.0,4.0,39.0,50.0,,,0.0,35,39,0.0,0.0
N496UA,621.0,2019,2,5,2,4,2019-05-02,UA,UA,19977,UA,504,,,,,UA,19977,UA,504,14771,1477104,32457,SFO,"San Francisco, CA",CA,6,California,91,12892,1289208,32575,LAX,"Los Angeles, CA",CA,6,California,91,630,-9.0,0.0,0.0,-1.0,0600-0659,25.0,646.0,738.0,26.0,818,804.0,-14.0,0.0,0.0,-1.0,0800-0859,0.0,,0.0,108.0,103.0,52.0,1.0,337.0,2,,,0.0,,0.0,,,,0,,,,,,,,,,,,,,,,,,,,,,,,,,,,,,,,,,,,,,,,,,,,,N,12.0,12.0,6.0,8.0,1.0,0.0,37.0,44.0,6,8,2.0,1.0,38.0,45.0,4,4,0,0.0,0.0,N496UA,N496UA-UA-0,38.0,49.0,7.0,45.0,56.0,,,0.0,38,45,0.0,0.0
N496WN,602.0,2019,2,5,2,4,2019-05-02,WN,WN,19393,WN,1671,,,,,WN,19393,WN,1671,14107,1410702,30466,PHX,"Phoenix, AZ",AZ,4,Arizona,81,13796,1379608,32457,OAK,"Oakland, CA",CA,6,California,91,530,32.0,32.0,1.0,2.0,0001-0559,16.0,618.0,801.0,5.0,730,806.0,36.0,36.0,1.0,2.0,0700-0759,0.0,,0.0,120.0,124.0,103.0,1.0,646.0,3,32.0,0.0,4.0,0.0,0.0,,,,0,,,,,,,,,,,,,,,,,,,,,,,,,,,,,,,,,,,,,,,,,,,,,N,8.0,12.0,6.0,8.0,0.0,0.0,32.0,44.0,5,7,2.0,2.0,30.0,42.0,9,9,0,0.0,0.0,N496WN,N496WN-WN-0,32.0,44.0,12.0,44.0,56.0,,,0.0,32,44,0.0,0.0
N497UA,656.0,2019,2,5,2,4,2019-05-02,UA,UA,19977,UA,2086,,,,,UA,19977,UA,2086,15096,1509602,35096,SYR,"Syracuse, NY",NY,36,New York,22,13930,1393007,30977,ORD,"Chicago, IL",IL,17,Illinois,41,700,-4.0,0.0,0.0,-1.0,0700-0759,9.0,705.0,742.0,14.0,813,756.0,-17.0,0.0,0.0,-2.0,0800-0859,0.0,,0.0,133.0,120.0,97.0,1.0,607.0,3,,,0.0,,0.0,,,,0,,,,,,,,,,,,,,,,,,,,,,,,,,,,,,,,,,,,,,,,,,,,,N,0.0,4.0,6.0,7.0,4.0,4.0,28.0,36.0,7,8,0.0,1.0,28.0,37.0,6,6,0,1.0,1.0,N497UA,N497UA-UA-0,28.0,40.0,8.0,36.0,48.0,,,0.0,28,36,0.0,0.0
N497UA,830.0,2019,2,5,2,4,2019-05-02,UA,UA,19977,UA,1778,,,,,UA,19977,UA,1778,13930,1393007,30977,ORD,"Chicago, IL",IL,17,Illinois,41,14986,1498603,34986,SRQ,"Sarasota/Bradenton, FL",FL,12,Florida,33,815,15.0,15.0,1.0,1.0,0800-0859,41.0,911.0,1226.0,2.0,1158,1228.0,30.0,30.0,1.0,2.0,1100-1159,0.0,,0.0,163.0,178.0,135.0,1.0,1050.0,5,0.0,0.0,15.0,0.0,15.0,,,,0,,,,,,,,,,,,,,,,,,,,,,,,,,,,,,,,,,,,,,,,,,,,,N,4.0,0.0,8.0,12.0,2.0,2.0,38.0,50.0,8,11,1.0,4.0,37.0,48.0,7,7,1,1.0,0.0,N497UA,N497UA-UA-1,37.0,50.0,12.0,49.0,62.0,36.0,2.0,2.0,37,49,0.0,0.0
N497WN,630.0,2019,2,5,2,4,2019-05-02,WN,WN,19393,WN,2068,,,,,WN,19393,WN,2068,10693,1069302,30693,BNA,"Nashville, TN",TN,47,Tennessee,54,13232,1323202,30977,MDW,"Chicago, IL",IL,17,Illinois,41,635,-5.0,0.0,0.0,-1.0,0600-0659,12.0,642.0,749.0,5.0,800,754.0,-6.0,0.0,0.0,-1.0,0800-0859,0.0,,0.0,85.0,84.0,67.0,1.0,395.0,2,,,0.0,,0.0,,,,0,,,,,,,,,,,,,,,,,,,,,,,,,,,,,,,,,,,,,,,,,,,,,N,4.0,4.0,6.0,7.0,2.0,4.0,30.0,36.0,6,8,2.0,0.0,30.0,36.0,4,4,0,1.0,1.0,N497WN,N497WN-WN-0,30.0,42.0,6.0,36.0,48.0,,,0.0,30,36,0.0,0.0
N497WN,914.0,2019,2,5,2,4,2019-05-02,WN,WN,19393,WN,2068,,,,,WN,19393,WN,2068,13232,1323202,30977,MDW,"Chicago, IL",IL,17,Illinois,41,10140,1014005,30140,ABQ,"Albuquerque, NM",NM,35,New Mexico,86,850,24.0,24.0,1.0,1.0,0800-0859,13.0,927.0,1115.0,5.0,1100,1120.0,20.0,20.0,1.0,1.0,1100-1159,0.0,,0.0,190.0,186.0,168.0,1.0,1121.0,5,20.0,0.0,0.0,0.0,0.0,,,,0,,,,,,,,,,,,,,,,,,,,,,,,,,,,,,,,,,,,,,,,,,,,,N,4.0,8.0,9.0,11.0,1.0,1.0,41.0,53.0,8,11,3.0,0.0,39.0,52.0,9,9,1,1.0,0.0,N497WN,N497WN-WN-1,41.0,53.0,12.0,53.0,65.0,36.0,5.0,0.0,41,53,0.0,0.0
N498CA,609.0,2019,2,5,2,4,2019-05-02,DL,DL_CODESHARE,19790,DL,4311,,,,,OO,20304,OO,4311,11122,1112205,31122,CPR,"Casper, WY",WY,56,Wyoming,88,14869,1486903,34614,SLC,"Salt Lake City, UT",UT,49,Utah,87,620,-11.0,0.0,0.0,-1.0,0600-0659,19.0,628.0,726.0,3.0,742,729.0,-13.0,0.0,0.0,-1.0,0700-0759,0.0,,0.0,82.0,80.0,58.0,1.0,320.0,2,,,0.0,,0.0,,,,0,,,,,,,,,,,,,,,,,,,,,,,,,,,,,,,,,,,,,,,,,,,,,N,8.0,8.0,6.0,7.0,1.0,2.0,33.0,38.0,6,7,1.0,3.0,33.0,39.0,3,3,0,0.0,0.0,N498CA,N498CA-DL-0,33.0,45.0,5.0,38.0,50.0,,,0.0,33,38,0.0,0.0
N498UA,751.0,2019,2,5,2,4,2019-05-02,UA,UA,19977,UA,334,,,,,UA,19977,UA,334,11298,1129806,30194,DFW,"Dallas/Fort Worth, TX",TX,48,Texas,74,11618,1161802,31703,EWR,"Newark, NJ",NJ,34,New Jersey,21,700,51.0,51.0,1.0,3.0,0700-0759,18.0,809.0,1203.0,6.0,1118,1209.0,51.0,51.0,1.0,3.0,1100-1159,0.0,,0.0,198.0,198.0,174.0,1.0,1372.0,6,0.0,51.0,0.0,0.0,0.0,,,,0,,,,,,,,,,,,,,,,,,,,,,,,,,,,,,,,,,,,,,,,,,,,,N,4.0,0.0,7.0,12.0,3.0,1.0,35.0,49.0,7,11,0.0,1.0,32.0,45.0,5,5,0,0.0,0.0,N498UA,N498UA-UA-0,35.0,47.0,14.0,49.0,61.0,,,0.0,35,49,0.0,0.0
N499WN,650.0,2019,2,5,2,4,2019-05-02,WN,WN,19393,WN,2059,,,,,WN,19393,WN,2059,13204,1320402,31454,MCO,"Orlando, FL",FL,12,Florida,33,13495,1349505,33495,MSY,"New Orleans, LA",LA,22,Louisiana,72,650,0.0,0.0,0.0,0.0,0600-0659,15.0,705.0,731.0,4.0,730,735.0,5.0,5.0,0.0,0.0,0700-0759,0.0,,0.0,100.0,105.0,86.0,1.0,551.0,3,,,0.0,,0.0,,,,0,,,,,,,,,,,,,,,,,,,,,,,,,,,,,,,,,,,,,,,,,,,,,N,0.0,4.0,6.0,7.0,3.0,2.0,27.0,34.0,6,7,3.0,2.0,27.0,34.0,8,8,0,1.0,1.0,N499WN,N499WN-WN-0,27.0,39.0,7.0,34.0,46.0,,,0.0,27,34,0.0,0.0
N499WN,809.0,2019,2,5,2,4,2019-05-02,WN,WN,19393,WN,2059,,,,,WN,19393,WN,2059,13495,1349505,33495,MSY,"New Orleans, LA",LA,22,Louisiana,72,10397,1039707,30397,ATL,"Atlanta, GA",GA,13,Georgia,34,800,9.0,9.0,0.0,0.0,0800-0859,13.0,822.0,1023.0,8.0,1025,1031.0,6.0,6.0,0.0,0.0,1000-1059,0.0,,0.0,85.0,82.0,61.0,1.0,425.0,2,,,0.0,,0.0,,,,0,,,,,,,,,,,,,,,,,,,,,,,,,,,,,,,,,,,,,,,,,,,,,N,4.0,0.0,8.0,10.0,1.0,2.0,37.0,42.0,8,10,0.0,2.0,36.0,42.0,4,4,1,1.0,0.0,N499WN,N499WN-WN-1,37.0,49.0,5.0,42.0,54.0,34.0,3.0,0.0,37,42,0.0,0.0
N5007E,744.0,2019,2,5,2,4,2019-05-02,AA,AA,19805,AA,1410,,,,,AA,19805,AA,1410,15016,1501606,31123,STL,"St. Louis, MO",MO,29,Missouri,64,11298,1129806,30194,DFW,"Dallas/Fort Worth, TX",TX,48,Texas,74,749,-5.0,0.0,0.0,-1.0,0700-0759,21.0,805.0,943.0,12.0,950,955.0,5.0,5.0,0.0,0.0,0900-0959,0.0,,0.0,121.0,131.0,98.0,1.0,550.0,3,,,0.0,,0.0,,,,0,,,,,,,,,,,,,,,,,,,,,,,,,,,,,,,,,,,,,,,,,,,,,N,4.0,4.0,7.0,9.0,3.0,4.0,35.0,44.0,7,9,3.0,3.0,35.0,43.0,6,6,0,0.0,0.0,N5007E,N5007E-AA-0,35.0,47.0,9.0,44.0,56.0,,,0.0,35,44,0.0,0.0
N500AE,553.0,2019,2,5,2,4,2019-05-02,AA,AA_CODESHARE,19805,AA,5139,,,,,OH,20397,OH,5139,11267,1126702,31267,DAY,"Dayton, OH",OH,39,Ohio,44,13930,1393007,30977,ORD,"Chicago, IL",IL,17,Illinois,41,556,-3.0,0.0,0.0,-1.0,0001-0559,15.0,608.0,601.0,12.0,619,613.0,-6.0,0.0,0.0,-1.0,0600-0659,0.0,,0.0,83.0,80.0,53.0,1.0,240.0,1,,,0.0,,0.0,,,,0,,,,,,,,,,,,,,,,,,,,,,,,,,,,,,,,,,,,,,,,,,,,,N,0.0,4.0,5.0,6.0,4.0,1.0,24.0,29.0,5,6,4.0,1.0,24.0,29.0,5,5,0,1.0,1.0,N500AE,N500AE-AA-0,24.0,36.0,5.0,29.0,41.0,,,0.0,24,29,0.0,0.0
N500AE,713.0,2019,2,5,2,4,2019-05-02,AA,AA_CODESHARE,19805,AA,5127,,,,,OH,20397,OH,5127,13930,1393007,30977,ORD,"Chicago, IL",IL,17,Illinois,41,15016,1501606,31123,STL,"St. Louis, MO",MO,29,Missouri,64,715,-2.0,0.0,0.0,-1.0,0700-0759,21.0,734.0,834.0,3.0,833,837.0,4.0,4.0,0.0,0.0,0800-0859,0.0,,0.0,78.0,84.0,60.0,1.0,258.0,2,,,0.0,,0.0,,,,0,,,,,,,,,,,,,,,,,,,,,,,,,,,,,,,,,,,,,,,,,,,,,N,4.0,4.0,7.0,8.0,1.0,2.0,33.0,38.0,7,8,1.0,2.0,33.0,38.0,1,1,1,1.0,0.0,N500AE,N500AE-AA-1,33.0,45.0,5.0,38.0,50.0,29.0,4.0,0.0,34,39,1.0,1.24
N500WR,748.0,2019,2,5,2,4,2019-05-02,WN,WN,19393,WN,2032,,,,,WN,19393,WN,2032,11042,1104205,30647,CLE,"Cleveland, OH",OH,39,Ohio,44,14107,1410702,30466,PHX,"Phoenix, AZ",AZ,4,Arizona,81,725,23.0,23.0,1.0,1.0,0700-0759,10.0,758.0,900.0,6.0,845,906.0,21.0,21.0,1.0,1.0,0800-0859,0.0,,0.0,260.0,258.0,242.0,1.0,1737.0,7,21.0,0.0,0.0,0.0,0.0,,,,0,,,,,,,,,,,,,,,,,,,,,,,,,,,,,,,,,,,,,,,,,,,,,N,0.0,8.0,7.0,9.0,3.0,0.0,31.0,44.0,7,8,2.0,3.0,30.0,43.0,4,4,0,0.0,0.0,N500WR,N500WR-WN-0,31.0,43.0,13.0,44.0,56.0,,,0.0,31,44,0.0,0.0
N501AA,456.0,2019,2,5,2,4,2019-05-02,AA,AA,19805,AA,2272,,,,,AA,19805,AA,2272,13851,1385103,33851,OKC,"Oklahoma City, OK",OK,40,Oklahoma,73,11298,1129806,30194,DFW,"Dallas/Fort Worth, TX",TX,48,Texas,74,502,-6.0,0.0,0.0,-1.0,0001-0559,25.0,521.0,556.0,6.0,603,602.0,-1.0,0.0,0.0,-1.0,0600-0659,0.0,,0.0,61.0,66.0,35.0,1.0,175.0,1,,,0.0,,0.0,,,,0,,,,,,,,,,,,,,,,,,,,,,,,,,,,,,,,,,,,,,,,,,,,,N,4.0,4.0,4.0,6.0,4.0,0.0,24.0,28.0,5,6,0.0,0.0,24.0,28.0,4,4,0,1.0,1.0,N501AA,N501AA-AA-0,24.0,36.0,4.0,28.0,40.0,,,0.0,24,28,0.0,0.0
N501AA,716.0,2019,2,5,2,4,2019-05-02,AA,AA,19805,AA,1477,,,,,AA,19805,AA,1477,11298,1129806,30194,DFW,"Dallas/Fort Worth, TX",TX,48,Texas,74,13198,1319801,33198,MCI,"Kansas City, MO",MO,29,Missouri,64,720,-4.0,0.0,0.0,-1.0,0700-0759,21.0,737.0,839.0,5.0,855,844.0,-11.0,0.0,0.0,-1.0,0800-0859,0.0,,0.0,95.0,88.0,62.0,1.0,460.0,2,,,0.0,,0.0,,,,0,,,,,,,,,,,,,,,,,,,,,,,,,,,,,,,,,,,,,,,,,,,,,N,4.0,4.0,7.0,8.0,1.0,3.0,33.0,39.0,7,8,1.0,4.0,33.0,40.0,9,9,1,1.0,0.0,N501AA,N501AA-AA-1,33.0,45.0,6.0,39.0,51.0,28.0,5.0,0.0,33,39,0.0,0.0
N501BG,544.0,2019,2,5,2,4,2019-05-02,AA,AA_CODESHARE,19805,AA,5631,,,,,OH,20397,OH,5631,14492,1449202,34492,RDU,"Raleigh/Durham, NC",NC,37,North Carolina,36,11278,1127805,30852,DCA,"Washington, DC",VA,51,Virginia,38,550,-6.0,0.0,0.0,-1.0,0001-0559,11.0,555.0,634.0,4.0,659,638.0,-21.0,0.0,0.0,-2.0,0600-0659,0.0,,0.0,69.0,54.0,39.0,1.0,227.0,1,,,0.0,,0.0,,,,0,,,,,,,,,,,,,,,,,,,,,,,,,,,,,,,,,,,,,,,,,,,,,N,0.0,0.0,5.0,6.0,3.0,3.0,23.0,27.0,5,6,3.0,4.0,23.0,28.0,2,2,0,0.0,0.0,N501BG,N501BG-AA-0,23.0,35.0,4.0,27.0,39.0,,,0.0,23,27,0.0,0.0
N502AE,1231.0,2019,2,5,2,4,2019-05-02,AA,AA_CODESHARE,19805,AA,5060,,,,,OH,20397,OH,5060,11278,1127805,30852,DCA,"Washington, DC",VA,51,Virginia,38,14122,1412202,30198,PIT,"Pittsburgh, PA",PA,42,Pennsylvania,23,835,236.0,236.0,1.0,12.0,0800-0859,16.0,1247.0,1324.0,5.0,943,1329.0,226.0,226.0,1.0,12.0,0900-0959,0.0,,0.0,68.0,58.0,37.0,1.0,204.0,1,226.0,0.0,0.0,0.0,0.0,,,,0,,,,,,,,,,,,,,,,,,,,,,,,,,,,,,,,,,,,,,,,,,,,,N,0.0,0.0,12.0,13.0,2.0,2.0,50.0,54.0,8,9,2.0,3.0,34.0,39.0,8,8,0,0.0,0.0,N502AE,N502AE-AA-0,50.0,62.0,4.0,54.0,66.0,,,0.0,50,54,0.0,0.0
N502MJ,637.0,2019,2,5,2,4,2019-05-02,UA,UA_CODESHARE,19977,UA,6378,,,,,YV,20378,YV,6378,13931,1393102,33667,ORF,"Norfolk, VA",VA,51,Virginia,38,12264,1226402,30852,IAD,"Washington, DC",VA,51,Virginia,38,630,7.0,7.0,0.0,0.0,0600-0659,18.0,655.0,736.0,5.0,726,741.0,15.0,15.0,1.0,1.0,0700-0759,0.0,,0.0,56.0,64.0,41.0,1.0,157.0,1,15.0,0.0,0.0,0.0,0.0,,,,0,,,,,,,,,,,,,,,,,,,,,,,,,,,,,,,,,,,,,,,,,,,,,N,0.0,0.0,6.0,7.0,2.0,3.0,26.0,31.0,6,7,2.0,2.0,26.0,30.0,7,7,0,1.0,1.0,N502MJ,N502MJ-UA-0,26.0,38.0,5.0,31.0,43.0,,,0.0,26,31,0.0,0.0
N502MJ,830.0,2019,2,5,2,4,2019-05-02,UA,UA_CODESHARE,19977,UA,6038,,,,,YV,20378,YV,6038,12264,1226402,30852,IAD,"Washington, DC",VA,51,Virginia,38,10792,1079206,30792,BUF,"Buffalo, NY",NY,36,New York,22,830,0.0,0.0,0.0,0.0,0800-0859,22.0,852.0,939.0,3.0,945,942.0,-3.0,0.0,0.0,-1.0,0900-0959,0.0,,0.0,75.0,72.0,47.0,1.0,283.0,2,,,0.0,,0.0,,,,0,,,,,,,,,,,,,,,,,,,,,,,,,,,,,,,,,,,,,,,,,,,,,N,0.0,0.0,8.0,9.0,2.0,3.0,34.0,39.0,8,9,2.0,3.0,34.0,39.0,4,4,1,1.0,0.0,N502MJ,N502MJ-UA-1,34.0,46.0,5.0,39.0,51.0,31.0,3.0,0.0,34,39,0.0,0.0
N502NK,649.0,2019,2,5,2,4,2019-05-02,NK,NK,20416,NK,877,,,,,NK,20416,NK,877,14100,1410005,34100,PHL,"Philadelphia, PA",PA,42,Pennsylvania,23,10397,1039707,30397,ATL,"Atlanta, GA",GA,13,Georgia,34,650,-1.0,0.0,0.0,-1.0,0600-0659,15.0,704.0,853.0,12.0,911,905.0,-6.0,0.0,0.0,-1.0,0900-0959,0.0,,0.0,141.0,136.0,109.0,1.0,666.0,3,,,0.0,,0.0,,,,0,,,,,,,,,,,,,,,,,,,,,,,,,,,,,,,,,,,,,,,,,,,,,N,0.0,0.0,6.0,9.0,3.0,0.0,27.0,36.0,6,9,3.0,1.0,27.0,37.0,3,3,0,0.0,0.0,N502NK,N502NK-NK-0,27.0,39.0,9.0,36.0,48.0,,,0.0,27,36,0.0,0.0
N503AE,741.0,2019,2,5,2,4,2019-05-02,AA,AA_CODESHARE,19805,AA,5392,,,,,OH,20397,OH,5392,14814,1481402,30476,SHV,"Shreveport, LA",LA,22,Louisiana,72,11057,1105703,31057,CLT,"Charlotte, NC",NC,37,North Carolina,36,657,44.0,44.0,1.0,2.0,0600-0659,9.0,750.0,1047.0,4.0,1021,1051.0,30.0,30.0,1.0,2.0,1000-1059,0.0,,0.0,144.0,130.0,117.0,1.0,764.0,4,0.0,30.0,0.0,0.0,0.0,,,,0,,,,,,,,,,,,,,,,,,,,,,,,,,,,,,,,,,,,,,,,,,,,,N,4.0,0.0,7.0,10.0,3.0,3.0,35.0,43.0,6,10,4.0,1.0,32.0,41.0,7,7,0,0.0,0.0,N503AE,N503AE-AA-0,35.0,47.0,8.0,43.0,55.0,,,0.0,35,43,0.0,0.0
N503MJ,606.0,2019,2,5,2,4,2019-05-02,UA,UA_CODESHARE,19977,UA,6057,,,,,YV,20378,YV,6057,14122,1412202,30198,PIT,"Pittsburgh, PA",PA,42,Pennsylvania,23,12264,1226402,30852,IAD,"Washington, DC",VA,51,Virginia,38,615,-9.0,0.0,0.0,-1.0,0600-0659,14.0,620.0,705.0,8.0,719,713.0,-6.0,0.0,0.0,-1.0,0700-0759,0.0,,0.0,64.0,67.0,45.0,1.0,182.0,1,,,0.0,,0.0,,,,0,,,,,,,,,,,,,,,,,,,,,,,,,,,,,,,,,,,,,,,,,,,,,N,0.0,0.0,6.0,7.0,0.0,1.0,24.0,29.0,6,7,1.0,1.0,25.0,29.0,9,9,0,0.0,0.0,N503MJ,N503MJ-UA-0,25.0,36.0,5.0,30.0,41.0,,,0.0,25,30,0.0,0.0
N503NK,945.0,2019,2,5,2,4,2019-05-02,NK,NK,20416,NK,659,,,,,NK,20416,NK,659,14122,1412202,30198,PIT,"Pittsburgh, PA",PA,42,Pennsylvania,23,12892,1289208,32575,LAX,"Los Angeles, CA",CA,6,California,91,950,-5.0,0.0,0.0,-1.0,0900-0959,14.0,959.0,1159.0,7.0,1203,1206.0,3.0,3.0,0.0,0.0,1200-1259,0.0,,0.0,313.0,321.0,300.0,1.0,2136.0,9,,,0.0,,0.0,,,,0,,,,,,,,,,,,,,,,,,,,,,,,,,,,,,,,,,,,,,,,,,,,,N,0.0,12.0,9.0,12.0,3.0,0.0,39.0,60.0,9,12,3.0,0.0,39.0,60.0,3,3,0,0.0,0.0,N503NK,N503NK-NK-0,39.0,51.0,21.0,60.0,72.0,,,0.0,39,60,0.0,0.0
N504AE,559.0,2019,2,5,2,4,2019-05-02,AA,AA_CODESHARE,19805,AA,5591,,,,,OH,20397,OH,5591,10599,1059904,30599,BHM,"Birmingham, AL",AL,1,Alabama,51,11057,1105703,31057,CLT,"Charlotte, NC",NC,37,North Carolina,36,602,-3.0,0.0,0.0,-1.0,0600-0659,22.0,621.0,829.0,12.0,841,841.0,0.0,0.0,0.0,0.0,0800-0859,0.0,,0.0,99.0,102.0,68.0,1.0,350.0,2,,,0.0,,0.0,,,,0,,,,,,,,,,,,,,,,,,,,,,,,,,,,,,,,,,,,,,,,,,,,,N,4.0,0.0,5.0,8.0,4.0,3.0,28.0,35.0,6,8,0.0,3.0,28.0,35.0,9,9,0,1.0,1.0,N504AE,N504AE-AA-0,28.0,40.0,7.0,35.0,47.0,,,0.0,28,35,0.0,0.0
N504AE,928.0,2019,2,5,2,4,2019-05-02,AA,AA_CODESHARE,19805,AA,5141,,,,,OH,20397,OH,5141,11057,1105703,31057,CLT,"Charlotte, NC",NC,37,North Carolina,36,10208,1020803,30208,AGS,"Augusta, GA",GA,13,Georgia,34,935,-7.0,0.0,0.0,-1.0,0900-0959,19.0,947.0,1021.0,3.0,1045,1024.0,-21.0,0.0,0.0,-2.0,1000-1059,0.0,,0.0,70.0,56.0,34.0,1.0,140.0,1,,,0.0,,0.0,,,,0,,,,,,,,,,,,,,,,,,,,,,,,,,,,,,,,,,,,,,,,,,,,,N,0.0,0.0,9.0,10.0,2.0,2.0,38.0,42.0,9,10,2.0,3.0,38.0,43.0,2,2,1,1.0,0.0,N504AE,N504AE-AA-1,38.0,50.0,4.0,42.0,54.0,35.0,3.0,0.0,38,42,0.0,0.0
N504MJ,601.0,2019,2,5,2,4,2019-05-02,UA,UA_CODESHARE,19977,UA,6320,,,,,YV,20378,YV,6320,11433,1143302,31295,DTW,"Detroit, MI",MI,26,Michigan,43,12264,1226402,30852,IAD,"Washington, DC",VA,51,Virginia,38,600,1.0,1.0,0.0,0.0,0600-0659,15.0,616.0,725.0,3.0,726,728.0,2.0,2.0,0.0,0.0,0700-0759,0.0,,0.0,86.0,87.0,69.0,1.0,383.0,2,,,0.0,,0.0,,,,0,,,,,,,,,,,,,,,,,,,,,,,,,,,,,,,,,,,,,,,,,,,,,N,0.0,0.0,6.0,7.0,0.0,2.0,24.0,30.0,6,7,0.0,2.0,24.0,30.0,4,4,0,0.0,0.0,N504MJ,N504MJ-UA-0,24.0,36.0,6.0,30.0,42.0,,,0.0,24,33,3.0,14.3
N504NK,1054.0,2019,2,5,2,4,2019-05-02,NK,NK,20416,NK,259,,,,,NK,20416,NK,259,10158,1015804,30158,ACY,"Atlantic City, NJ",NJ,34,New Jersey,21,11697,1169706,32467,FLL,"Fort Lauderdale, FL",FL,12,Florida,33,700,234.0,234.0,1.0,12.0,0700-0759,9.0,1103.0,1332.0,6.0,940,1338.0,238.0,238.0,1.0,12.0,0900-0959,0.0,,0.0,160.0,164.0,149.0,1.0,977.0,4,0.0,0.0,6.0,0.0,232.0,,,,0,,,,,,,,,,,,,,,,,,,,,,,,,,,,,,,,,,,,,,,,,,,,,N,0.0,0.0,10.0,13.0,4.0,3.0,44.0,55.0,7,9,0.0,3.0,28.0,39.0,7,7,0,0.0,0.0,N504NK,N504NK-NK-0,29.0,56.0,11.0,40.0,67.0,,,16.0,29,41,1.0,7.2
N505AE,614.0,2019,2,5,2,4,2019-05-02,AA,AA_CODESHARE,19805,AA,5546,,,,,OH,20397,OH,5546,13931,1393102,33667,ORF,"Norfolk, VA",VA,51,Virginia,38,14100,1410005,34100,PHL,"Philadelphia, PA",PA,42,Pennsylvania,23,618,-4.0,0.0,0.0,-1.0,0600-0659,70.0,724.0,810.0,9.0,725,819.0,54.0,54.0,1.0,3.0,0700-0759,0.0,,0.0,67.0,125.0,46.0,1.0,212.0,1,0.0,0.0,54.0,0.0,0.0,,,,0,,,,,,,,,,,,,,,,,,,,,,,,,,,,,,,,,,,,,,,,,,,,,N,0.0,0.0,6.0,8.0,1.0,1.0,25.0,33.0,6,7,1.0,2.0,25.0,30.0,4,4,0,1.0,1.0,N505AE,N505AE-AA-0,25.0,37.0,8.0,33.0,45.0,,,4.0,25,33,0.0,0.0
N505AE,854.0,2019,2,5,2,4,2019-05-02,AA,AA_CODESHARE,19805,AA,5543,,,,,OH,20397,OH,5543,14100,1410005,34100,PHL,"Philadelphia, PA",PA,42,Pennsylvania,23,10599,1059904,30599,BHM,"Birmingham, AL",AL,1,Alabama,51,805,49.0,49.0,1.0,3.0,0800-0859,33.0,927.0,1011.0,4.0,935,1015.0,40.0,40.0,1.0,2.0,0900-0959,0.0,,0.0,150.0,141.0,104.0,1.0,772.0,4,0.0,0.0,0.0,0.0,40.0,,,,0,,,,,,,,,,,,,,,,,,,,,,,,,,,,,,,,,,,,,,,,,,,,,N,0.0,4.0,8.0,10.0,4.0,1.0,36.0,45.0,8,9,0.0,2.0,32.0,42.0,5,5,1,1.0,0.0,N505AE,N505AE-AA-1,33.0,48.0,9.0,42.0,57.0,33.0,3.0,3.0,33,42,0.0,0.0
N505JB,921.0,2019,2,5,2,4,2019-05-02,B6,B6,20409,B6,2466,,,,,B6,20409,B6,2466,11697,1169706,32467,FLL,"Fort Lauderdale, FL",FL,12,Florida,33,10792,1079206,30792,BUF,"Buffalo, NY",NY,36,New York,22,930,-9.0,0.0,0.0,-1.0,0900-0959,20.0,941.0,1210.0,4.0,1234,1214.0,-20.0,0.0,0.0,-2.0,1200-1259,0.0,,0.0,184.0,173.0,149.0,1.0,1166.0,5,,,0.0,,0.0,,,,0,,,,,,,,,,,,,,,,,,,,,,,,,,,,,,,,,,,,,,,,,,,,,N,0.0,0.0,9.0,12.0,1.0,1.0,37.0,49.0,9,12,2.0,2.0,38.0,50.0,1,1,0,0.0,0.0,N505JB,N505JB-B6-0,38.0,49.0,12.0,50.0,61.0,,,0.0,38,50,0.0,0.0
N505MJ,824.0,2019,2,5,2,4,2019-05-02,UA,UA_CODESHARE,19977,UA,6014,,,,,YV,20378,YV,6014,12264,1226402,30852,IAD,"Washington, DC",VA,51,Virginia,38,13931,1393102,33667,ORF,"Norfolk, VA",VA,51,Virginia,38,830,-6.0,0.0,0.0,-1.0,0800-0859,22.0,846.0,922.0,2.0,933,924.0,-9.0,0.0,0.0,-1.0,0900-0959,0.0,,0.0,63.0,60.0,36.0,1.0,157.0,1,,,0.0,,0.0,,,,0,,,,,,,,,,,,,,,,,,,,,,,,,,,,,,,,,,,,,,,,,,,,,N,0.0,0.0,8.0,9.0,2.0,2.0,34.0,38.0,8,9,2.0,2.0,34.0,38.0,8,8,0,0.0,0.0,N505MJ,N505MJ-UA-0,34.0,46.0,4.0,38.0,50.0,,,0.0,34,38,0.0,0.0
N505NK,723.0,2019,2,5,2,4,2019-05-02,NK,NK,20416,NK,1858,,,,,NK,20416,NK,1858,15304,1530402,33195,TPA,"Tampa, FL",FL,12,Florida,33,10397,1039707,30397,ATL,"Atlanta, GA",GA,13,Georgia,34,737,-14.0,0.0,0.0,-1.0,0700-0759,14.0,737.0,841.0,14.0,907,855.0,-12.0,0.0,0.0,-1.0,0900-0959,0.0,,0.0,90.0,92.0,64.0,1.0,406.0,2,,,0.0,,0.0,,,,0,,,,,,,,,,,,,,,,,,,,,,,,,,,,,,,,,,,,,,,,,,,,,N,0.0,0.0,7.0,8.0,2.0,4.0,30.0,36.0,7,9,2.0,0.0,30.0,36.0,3,3,0,0.0,0.0,N505NK,N505NK-NK-0,30.0,42.0,6.0,36.0,48.0,,,0.0,31,37,1.0,3.2
N506AE,747.0,2019,2,5,2,4,2019-05-02,AA,AA_CODESHARE,19805,AA,5031,,,,,OH,20397,OH,5031,11996,1199603,31871,GSP,"Greer, SC",SC,45,South Carolina,37,11278,1127805,30852,DCA,"Washington, DC",VA,51,Virginia,38,755,-8.0,0.0,0.0,-1.0,0700-0759,12.0,759.0,904.0,3.0,924,907.0,-17.0,0.0,0.0,-2.0,0900-0959,0.0,,0.0,89.0,80.0,65.0,1.0,396.0,2,,,0.0,,0.0,,,,0,,,,,,,,,,,,,,,,,,,,,,,,,,,,,,,,,,,,,,,,,,,,,N,0.0,0.0,7.0,9.0,3.0,0.0,31.0,36.0,7,9,4.0,2.0,32.0,38.0,4,4,0,0.0,0.0,N506AE,N506AE-AA-0,32.0,43.0,5.0,37.0,48.0,,,0.0,32,37,0.0,0.0
N506CA,627.0,2019,2,5,2,4,2019-05-02,DL,DL_CODESHARE,19790,DL,4812,,,,,OO,20304,OO,4812,14696,1469608,34696,SBN,"South Bend, IN",IN,18,Indiana,42,11433,1143302,31295,DTW,"Detroit, MI",MI,26,Michigan,43,630,-3.0,0.0,0.0,-1.0,0600-0659,11.0,638.0,713.0,8.0,734,721.0,-13.0,0.0,0.0,-1.0,0700-0759,0.0,,0.0,64.0,54.0,35.0,1.0,157.0,1,,,0.0,,0.0,,,,0,,,,,,,,,,,,,,,,,,,,,,,,,,,,,,,,,,,,,,,,,,,,,N,0.0,0.0,6.0,7.0,2.0,1.0,26.0,29.0,6,7,2.0,2.0,26.0,30.0,6,6,0,1.0,1.0,N506CA,N506CA-DL-0,26.0,38.0,3.0,29.0,41.0,,,0.0,26,29,0.0,0.0
N506CA,830.0,2019,2,5,2,4,2019-05-02,DL,DL_CODESHARE,19790,DL,3689,,,,,OO,20304,OO,3689,11433,1143302,31295,DTW,"Detroit, MI",MI,26,Michigan,43,13184,1318403,33184,MBS,"Saginaw/Bay City/Midland, MI",MI,26,Michigan,43,835,-5.0,0.0,0.0,-1.0,0800-0859,25.0,855.0,925.0,4.0,928,929.0,1.0,1.0,0.0,0.0,0900-0959,0.0,,0.0,53.0,59.0,30.0,1.0,98.0,1,,,0.0,,0.0,,,,0,,,,,,,,,,,,,,,,,,,,,,,,,,,,,,,,,,,,,,,,,,,,,N,0.0,0.0,8.0,9.0,2.0,2.0,34.0,38.0,8,9,2.0,2.0,34.0,38.0,1,1,1,1.0,0.0,N506CA,N506CA-DL-1,34.0,46.0,4.0,38.0,50.0,29.0,5.0,0.0,34,38,0.0,0.0
N506JB,906.0,2019,2,5,2,4,2019-05-02,B6,B6,20409,B6,329,,,,,B6,20409,B6,329,12478,1247805,31703,JFK,"New York, NY",NY,36,New York,22,14635,1463502,31714,RSW,"Fort Myers, FL",FL,12,Florida,33,900,6.0,6.0,0.0,0.0,0900-0959,37.0,943.0,1217.0,4.0,1220,1221.0,1.0,1.0,0.0,0.0,1200-1259,0.0,,0.0,200.0,195.0,154.0,1.0,1074.0,5,,,0.0,,0.0,,,,0,,,,,,,,,,,,,,,,,,,,,,,,,,,,,,,,,,,,,,,,,,,,,N,0.0,0.0,9.0,12.0,0.0,1.0,36.0,49.0,9,12,0.0,1.0,36.0,49.0,2,2,0,0.0,0.0,N506JB,N506JB-B6-0,36.0,48.0,13.0,49.0,61.0,,,0.0,36,49,0.0,0.0
N506MJ,848.0,2019,2,5,2,4,2019-05-02,UA,UA_CODESHARE,19977,UA,6010,,,,,YV,20378,YV,6010,12264,1226402,30852,IAD,"Washington, DC",VA,51,Virginia,38,13495,1349505,33495,MSY,"New Orleans, LA",LA,22,Louisiana,72,900,-12.0,0.0,0.0,-1.0,0900-0959,16.0,904.0,1018.0,2.0,1038,1020.0,-18.0,0.0,0.0,-2.0,1000-1059,0.0,,0.0,158.0,152.0,134.0,1.0,955.0,4,,,0.0,,0.0,,,,0,,,,,,,,,,,,,,,,,,,,,,,,,,,,,,,,,,,,,,,,,,,,,N,0.0,4.0,8.0,10.0,3.0,1.0,35.0,45.0,9,10,0.0,3.0,36.0,47.0,4,4,0,0.0,0.0,N506MJ,N506MJ-UA-0,36.0,47.0,10.0,46.0,57.0,,,0.0,36,46,0.0,0.0
N507AY,839.0,2019,2,5,2,4,2019-05-02,AA,AA,19805,AA,609,,,,,AA,19805,AA,609,10821,1082106,30852,BWI,"Baltimore, MD",MD,24,Maryland,35,11057,1105703,31057,CLT,"Charlotte, NC",NC,37,North Carolina,36,842,-3.0,0.0,0.0,-1.0,0800-0859,31.0,910.0,1011.0,9.0,1026,1020.0,-6.0,0.0,0.0,-1.0,1000-1059,0.0,,0.0,104.0,101.0,61.0,1.0,361.0,2,,,0.0,,0.0,,,,0,,,,,,,,,,,,,,,,,,,,,,,,,,,,,,,,,,,,,,,,,,,,,N,0.0,0.0,8.0,10.0,3.0,1.0,35.0,41.0,8,10,3.0,2.0,35.0,42.0,9,9,0,0.0,0.0,N507AY,N507AY-AA-0,35.0,47.0,6.0,41.0,53.0,,,0.0,35,41,0.0,0.0
N507NK,558.0,2019,2,5,2,4,2019-05-02,NK,NK,20416,NK,1076,,,,,NK,20416,NK,1076,11697,1169706,32467,FLL,"Fort Lauderdale, FL",FL,12,Florida,33,10397,1039707,30397,ATL,"Atlanta, GA",GA,13,Georgia,34,600,-2.0,0.0,0.0,-1.0,0600-0659,20.0,618.0,738.0,7.0,754,745.0,-9.0,0.0,0.0,-1.0,0700-0759,0.0,,0.0,114.0,107.0,80.0,1.0,581.0,3,,,0.0,,0.0,,,,0,,,,,,,,,,,,,,,,,,,,,,,,,,,,,,,,,,,,,,,,,,,,,N,0.0,0.0,5.0,7.0,4.0,3.0,24.0,31.0,6,7,0.0,4.0,24.0,32.0,5,5,0,1.0,1.0,N507NK,N507NK-NK-0,24.0,36.0,7.0,31.0,43.0,,,0.0,24,31,0.0,0.0
N507NK,837.0,2019,2,5,2,4,2019-05-02,NK,NK,20416,NK,1077,,,,,NK,20416,NK,1077,10397,1039707,30397,ATL,"Atlanta, GA",GA,13,Georgia,34,11697,1169706,32467,FLL,"Fort Lauderdale, FL",FL,12,Florida,33,841,-4.0,0.0,0.0,-1.0,0800-0859,15.0,852.0,1018.0,27.0,1040,1045.0,5.0,5.0,0.0,0.0,1000-1059,0.0,,0.0,119.0,128.0,86.0,1.0,581.0,3,,,0.0,,0.0,,,,0,,,,,,,,,,,,,,,,,,,,,,,,,,,,,,,,,,,,,,,,,,,,,N,0.0,0.0,8.0,10.0,2.0,3.0,34.0,43.0,8,10,3.0,3.0,35.0,43.0,4,4,1,1.0,0.0,N507NK,N507NK-NK-1,35.0,46.0,9.0,44.0,55.0,31.0,3.0,0.0,35,44,0.0,0.0
N508AE,611.0,2019,2,5,2,4,2019-05-02,AA,AA_CODESHARE,19805,AA,5193,,,,,OH,20397,OH,5193,14108,1410803,34108,PIA,"Peoria, IL",IL,17,Illinois,41,11057,1105703,31057,CLT,"Charlotte, NC",NC,37,North Carolina,36,607,4.0,4.0,0.0,0.0,0600-0659,11.0,622.0,849.0,20.0,915,909.0,-6.0,0.0,0.0,-1.0,0900-0959,0.0,,0.0,128.0,118.0,87.0,1.0,607.0,3,,,0.0,,0.0,,,,0,,,,,,,,,,,,,,,,,,,,,,,,,,,,,,,,,,,,,,,,,,,,,N,4.0,0.0,6.0,9.0,1.0,1.0,29.0,37.0,6,9,0.0,1.0,28.0,37.0,5,5,0,0.0,0.0,N508AE,N508AE-AA-0,29.0,41.0,8.0,37.0,49.0,,,0.0,29,37,0.0,0.0
N508AY,730.0,2019,2,5,2,4,2019-05-02,AA,AA,19805,AA,2558,,,,,AA,19805,AA,2558,11697,1169706,32467,FLL,"Fort Lauderdale, FL",FL,12,Florida,33,11298,1129806,30194,DFW,"Dallas/Fort Worth, TX",TX,48,Texas,74,733,-3.0,0.0,0.0,-1.0,0700-0759,28.0,758.0,953.0,14.0,955,1007.0,12.0,12.0,0.0,0.0,0900-0959,0.0,,0.0,202.0,217.0,175.0,1.0,1119.0,5,,,0.0,,0.0,,,,0,,,,,,,,,,,,,,,,,,,,,,,,,,,,,,,,,,,,,,,,,,,,,N,0.0,4.0,7.0,10.0,2.0,0.0,30.0,44.0,7,9,2.0,4.0,30.0,44.0,1,1,0,0.0,0.0,N508AY,N508AY-AA-0,30.0,42.0,14.0,44.0,56.0,,,0.0,33,53,9.0,28.44
N508JL,1256.0,2019,2,5,2,4,2019-05-02,B6,B6,20409,B6,1454,,,,,B6,20409,B6,1454,14843,1484306,34819,SJU,"San Juan, PR",PR,72,Puerto Rico,3,11697,1169706,32467,FLL,"Fort Lauderdale, FL",FL,12,Florida,33,1005,171.0,171.0,1.0,11.0,1000-1059,16.0,1312.0,1541.0,5.0,1249,1546.0,177.0,177.0,1.0,11.0,1200-1259,0.0,,0.0,164.0,170.0,149.0,1.0,1046.0,5,162.0,0.0,6.0,0.0,9.0,,,,0,,,,,,,,,,,,,,,,,,,,,,,,,,,,,,,,,,,,,,,,,,,,,N,-4.0,0.0,12.0,15.0,4.0,3.0,48.0,63.0,10,12,0.0,3.0,36.0,51.0,8,8,0,0.0,0.0,N508JL,N508JL-B6-0,47.0,60.0,15.0,62.0,75.0,,,1.0,47,62,0.0,0.0
N508MJ,556.0,2019,2,5,2,4,2019-05-02,UA,UA_CODESHARE,19977,UA,6152,,,,,YV,20378,YV,6152,15096,1509602,35096,SYR,"Syracuse, NY",NY,36,New York,22,12264,1226402,30852,IAD,"Washington, DC",VA,51,Virginia,38,600,-4.0,0.0,0.0,-1.0,0600-0659,13.0,609.0,703.0,5.0,722,708.0,-14.0,0.0,0.0,-1.0,0700-0759,0.0,,0.0,82.0,72.0,54.0,1.0,296.0,2,,,0.0,,0.0,,,,0,,,,,,,,,,,,,,,,,,,,,,,,,,,,,,,,,,,,,,,,,,,,,N,0.0,0.0,5.0,7.0,4.0,1.0,24.0,29.0,6,7,0.0,1.0,24.0,29.0,8,8,0,1.0,1.0,N508MJ,N508MJ-UA-0,24.0,36.0,5.0,29.0,41.0,,,0.0,24,29,0.0,0.0
N508MJ,812.0,2019,2,5,2,4,2019-05-02,UA,UA_CODESHARE,19977,UA,6079,,,,,YV,20378,YV,6079,12264,1226402,30852,IAD,"Washington, DC",VA,51,Virginia,38,11057,1105703,31057,CLT,"Charlotte, NC",NC,37,North Carolina,36,815,-3.0,0.0,0.0,-1.0,0800-0859,28.0,840.0,935.0,11.0,943,946.0,3.0,3.0,0.0,0.0,0900-0959,0.0,,0.0,88.0,94.0,55.0,1.0,322.0,2,,,0.0,,0.0,,,,0,,,,,,,,,,,,,,,,,,,,,,,,,,,,,,,,,,,,,,,,,,,,,N,0.0,0.0,8.0,9.0,1.0,3.0,33.0,39.0,8,9,1.0,3.0,33.0,39.0,7,7,1,1.0,0.0,N508MJ,N508MJ-UA-1,33.0,45.0,6.0,39.0,51.0,29.0,4.0,0.0,33,39,0.0,0.0
N509AE,554.0,2019,2,5,2,4,2019-05-02,AA,AA_CODESHARE,19805,AA,5015,,,,,OH,20397,OH,5015,11267,1126702,31267,DAY,"Dayton, OH",OH,39,Ohio,44,14100,1410005,34100,PHL,"Philadelphia, PA",PA,42,Pennsylvania,23,556,-2.0,0.0,0.0,-1.0,0001-0559,22.0,616.0,744.0,6.0,734,750.0,16.0,16.0,1.0,1.0,0700-0759,0.0,,0.0,98.0,116.0,88.0,1.0,477.0,2,0.0,0.0,16.0,0.0,0.0,,,,0,,,,,,,,,,,,,,,,,,,,,,,,,,,,,,,,,,,,,,,,,,,,,N,0.0,0.0,5.0,7.0,4.0,3.0,24.0,31.0,5,7,4.0,2.0,24.0,30.0,6,6,0,1.0,1.0,N509AE,N509AE-AA-0,24.0,36.0,7.0,31.0,43.0,,,1.0,24,31,0.0,0.0
N509AE,836.0,2019,2,5,2,4,2019-05-02,AA,AA_CODESHARE,19805,AA,5515,,,,,OH,20397,OH,5515,14100,1410005,34100,PHL,"Philadelphia, PA",PA,42,Pennsylvania,23,14122,1412202,30198,PIT,"Pittsburgh, PA",PA,42,Pennsylvania,23,840,-4.0,0.0,0.0,-1.0,0800-0859,48.0,924.0,1025.0,6.0,1011,1031.0,20.0,20.0,1.0,1.0,1000-1059,0.0,,0.0,91.0,115.0,61.0,1.0,268.0,2,0.0,0.0,20.0,0.0,0.0,,,,0,,,,,,,,,,,,,,,,,,,,,,,,,,,,,,,,,,,,,,,,,,,,,N,0.0,0.0,8.0,10.0,2.0,2.0,34.0,42.0,8,10,3.0,1.0,35.0,41.0,8,8,1,1.0,0.0,N509AE,N509AE-AA-1,35.0,46.0,8.0,43.0,54.0,31.0,3.0,1.0,35,43,0.0,0.0
N509JB,517.0,2019,2,5,2,4,2019-05-02,B6,B6,20409,B6,2236,,,,,B6,20409,B6,2236,13487,1348702,31650,MSP,"Minneapolis, MN",MN,27,Minnesota,63,10721,1072102,30721,BOS,"Boston, MA",MA,25,Massachusetts,13,530,-13.0,0.0,0.0,-1.0,0001-0559,11.0,528.0,836.0,8.0,917,844.0,-33.0,0.0,0.0,-2.0,0900-0959,0.0,,0.0,167.0,147.0,128.0,1.0,1124.0,5,,,0.0,,0.0,,,,0,,,,,,,,,,,,,,,,,,,,,,,,,,,,,,,,,,,,,,,,,,,,,N,4.0,0.0,5.0,8.0,1.0,3.0,25.0,35.0,5,9,2.0,1.0,26.0,37.0,2,2,0,0.0,0.0,N509JB,N509JB-B6-0,26.0,37.0,10.0,36.0,47.0,,,0.0,28,38,2.0,5.08
N509MJ,836.0,2019,2,5,2,4,2019-05-02,UA,UA_CODESHARE,19977,UA,6023,,,,,YV,20378,YV,6023,13495,1349505,33495,MSY,"New Orleans, LA",LA,22,Louisiana,72,12264,1226402,30852,IAD,"Washington, DC",VA,51,Virginia,38,800,36.0,36.0,1.0,2.0,0800-0859,16.0,852.0,1159.0,4.0,1121,1203.0,42.0,42.0,1.0,2.0,1100-1159,0.0,,0.0,141.0,147.0,127.0,1.0,955.0,4,42.0,0.0,0.0,0.0,0.0,749.0,21.0,21.0,0,,,,,,,,,,,,,,,,,,,,,,,,,,,,,,,,,,,,,,,,,,,,,N,4.0,0.0,8.0,12.0,2.0,0.0,38.0,48.0,8,11,0.0,1.0,36.0,45.0,1,1,0,0.0,0.0,N509MJ,N509MJ-UA-0,38.0,50.0,10.0,48.0,60.0,,,0.0,38,49,1.0,1.24
N510AE,619.0,2019,2,5,2,4,2019-05-02,AA,AA_CODESHARE,19805,AA,5445,,,,,OH,20397,OH,5445,11193,1119302,33105,CVG,"Cincinnati, OH",KY,21,Kentucky,52,11278,1127805,30852,DCA,"Washington, DC",VA,51,Virginia,38,620,-1.0,0.0,0.0,-1.0,0600-0659,18.0,637.0,744.0,2.0,750,746.0,-4.0,0.0,0.0,-1.0,0700-0759,0.0,,0.0,90.0,87.0,67.0,1.0,411.0,2,,,0.0,,0.0,,,,0,,,,,,,,,,,,,,,,,,,,,,,,,,,,,,,,,,,,,,,,,,,,,N,0.0,0.0,6.0,7.0,1.0,3.0,25.0,31.0,6,7,1.0,3.0,25.0,31.0,6,6,0,1.0,1.0,N510AE,N510AE-AA-0,25.0,37.0,6.0,31.0,43.0,,,0.0,25,31,0.0,0.0
N510AE,826.0,2019,2,5,2,4,2019-05-02,AA,AA_CODESHARE,19805,AA,5373,,,,,OH,20397,OH,5373,11278,1127805,30852,DCA,"Washington, DC",VA,51,Virginia,38,11433,1143302,31295,DTW,"Detroit, MI",MI,26,Michigan,43,830,-4.0,0.0,0.0,-1.0,0800-0859,17.0,843.0,949.0,9.0,1010,958.0,-12.0,0.0,0.0,-1.0,1000-1059,0.0,,0.0,100.0,92.0,66.0,1.0,405.0,2,,,0.0,,0.0,,,,0,,,,,,,,,,,,,,,,,,,,,,,,,,,,,,,,,,,,,,,,,,,,,N,0.0,0.0,8.0,9.0,2.0,4.0,34.0,40.0,8,10,2.0,1.0,34.0,41.0,5,5,1,1.0,0.0,N510AE,N510AE-AA-1,34.0,46.0,6.0,40.0,52.0,31.0,3.0,0.0,34,40,0.0,0.0
N510UW,534.0,2019,2,5,2,4,2019-05-02,AA,AA,19805,AA,573,,,,,AA,19805,AA,573,11292,1129202,30325,DEN,"Denver, CO",CO,8,Colorado,82,11057,1105703,31057,CLT,"Charlotte, NC",NC,37,North Carolina,36,526,8.0,8.0,0.0,0.0,0001-0559,18.0,552.0,1042.0,10.0,1045,1052.0,7.0,7.0,0.0,0.0,1000-1059,0.0,,0.0,199.0,198.0,170.0,1.0,1337.0,6,,,0.0,,0.0,,,,0,,,,,,,,,,,,,,,,,,,,,,,,,,,,,,,,,,,,,,,,,,,,,N,8.0,0.0,5.0,10.0,2.0,3.0,30.0,43.0,5,10,2.0,3.0,30.0,43.0,8,8,0,0.0,0.0,N510UW,N510UW-AA-0,30.0,42.0,13.0,43.0,55.0,,,0.0,30,43,0.0,0.0
N511AE,519.0,2019,2,5,2,4,2019-05-02,AA,AA_CODESHARE,19805,AA,5391,,,,,OH,20397,OH,5391,13795,1379502,33795,OAJ,"Jacksonville/Camp Lejeune, NC",NC,37,North Carolina,36,11057,1105703,31057,CLT,"Charlotte, NC",NC,37,North Carolina,36,524,-5.0,0.0,0.0,-1.0,0001-0559,19.0,538.0,626.0,4.0,644,630.0,-14.0,0.0,0.0,-1.0,0600-0659,0.0,,0.0,80.0,71.0,48.0,1.0,191.0,1,,,0.0,,0.0,,,,0,,,,,,,,,,,,,,,,,,,,,,,,,,,,,,,,,,,,,,,,,,,,,N,0.0,0.0,5.0,6.0,1.0,2.0,21.0,26.0,5,6,2.0,3.0,22.0,27.0,4,4,0,1.0,1.0,N511AE,N511AE-AA-0,22.0,33.0,5.0,27.0,38.0,,,0.0,22,27,0.0,0.0
N511AE,748.0,2019,2,5,2,4,2019-05-02,AA,AA_CODESHARE,19805,AA,5526,,,,,OH,20397,OH,5526,11057,1105703,31057,CLT,"Charlotte, NC",NC,37,North Carolina,36,13230,1323002,32070,MDT,"Harrisburg, PA",PA,42,Pennsylvania,23,750,-2.0,0.0,0.0,-1.0,0700-0759,32.0,820.0,923.0,5.0,929,928.0,-1.0,0.0,0.0,-1.0,0900-0959,0.0,,0.0,99.0,100.0,63.0,1.0,413.0,2,,,0.0,,0.0,,,,0,,,,,,,,,,,,,,,,,,,,,,,,,,,,,,,,,,,,,,,,,,,,,N,0.0,0.0,7.0,9.0,3.0,2.0,31.0,38.0,7,9,3.0,2.0,31.0,38.0,7,7,1,1.0,0.0,N511AE,N511AE-AA-1,31.0,43.0,7.0,38.0,50.0,26.0,5.0,0.0,32,39,1.0,7.32
N511MJ,536.0,2019,2,5,2,4,2019-05-02,UA,UA_CODESHARE,19977,UA,6050,,,,,YV,20378,YV,6050,13296,1329604,30721,MHT,"Manchester, NH",NH,33,New Hampshire,14,12264,1226402,30852,IAD,"Washington, DC",VA,51,Virginia,38,545,-9.0,0.0,0.0,-1.0,0001-0559,8.0,544.0,700.0,5.0,726,705.0,-21.0,0.0,0.0,-2.0,0700-0759,0.0,,0.0,101.0,89.0,76.0,1.0,418.0,2,,,0.0,,0.0,,,,0,,,,,,,,,,,,,,,,,,,,,,,,,,,,,,,,,,,,,,,,,,,,,N,0.0,0.0,5.0,7.0,2.0,0.0,22.0,28.0,5,7,3.0,2.0,23.0,30.0,7,7,0,1.0,1.0,N511MJ,N511MJ-UA-0,23.0,34.0,6.0,29.0,40.0,,,0.0,23,30,1.0,7.3
N511MJ,810.0,2019,2,5,2,4,2019-05-02,UA,UA_CODESHARE,19977,UA,6130,,,,,YV,20378,YV,6130,12264,1226402,30852,IAD,"Washington, DC",VA,51,Virginia,38,11433,1143302,31295,DTW,"Detroit, MI",MI,26,Michigan,43,815,-5.0,0.0,0.0,-1.0,0800-0859,11.0,821.0,922.0,11.0,944,933.0,-11.0,0.0,0.0,-1.0,0900-0959,0.0,,0.0,89.0,83.0,61.0,1.0,383.0,2,,,0.0,,0.0,,,,0,,,,,,,,,,,,,,,,,,,,,,,,,,,,,,,,,,,,,,,,,,,,,N,0.0,0.0,8.0,9.0,1.0,2.0,33.0,38.0,8,9,1.0,3.0,33.0,39.0,6,6,1,1.0,0.0,N511MJ,N511MJ-UA-1,33.0,45.0,5.0,38.0,50.0,28.0,5.0,0.0,40,45,7.0,56.24
N512AE,825.0,2019,2,5,2,4,2019-05-02,AA,AA_CODESHARE,19805,AA,5135,,,,,OH,20397,OH,5135,11278,1127805,30852,DCA,"Washington, DC",VA,51,Virginia,38,10994,1099402,30994,CHS,"Charleston, SC",SC,45,South Carolina,37,830,-5.0,0.0,0.0,-1.0,0800-0859,21.0,846.0,1004.0,5.0,1015,1009.0,-6.0,0.0,0.0,-1.0,1000-1059,0.0,,0.0,105.0,104.0,78.0,1.0,444.0,2,,,0.0,,0.0,,,,0,,,,,,,,,,,,,,,,,,,,,,,,,,,,,,,,,,,,,,,,,,,,,N,0.0,0.0,8.0,10.0,2.0,1.0,34.0,41.0,8,10,2.0,1.0,34.0,41.0,7,7,0,0.0,0.0,N512AE,N512AE-AA-0,34.0,46.0,7.0,41.0,53.0,,,0.0,34,41,0.0,0.0
N512AS,653.0,2019,2,5,2,4,2019-05-02,AS,AS,19930,AS,941,,,,,AS,19930,AS,941,13796,1379608,32457,OAK,"Oakland, CA",CA,6,California,91,14747,1474703,30559,SEA,"Seattle, WA",WA,53,Washington,93,545,68.0,68.0,1.0,4.0,0001-0559,16.0,709.0,903.0,5.0,750,908.0,78.0,78.0,1.0,5.0,0700-0759,0.0,,0.0,125.0,135.0,114.0,1.0,672.0,3,68.0,0.0,10.0,0.0,0.0,537.0,13.0,13.0,0,,,,,,,,,,,,,,,,,,,,,,,,,,,,,,,,,,,,,,,,,,,,,N,12.0,12.0,6.0,9.0,4.0,1.0,40.0,49.0,5,7,3.0,3.0,35.0,43.0,1,1,0,0.0,0.0,N512AS,N512AS-AS-0,39.0,52.0,9.0,48.0,61.0,,,1.0,39,50,2.0,2.96
N512MJ,711.0,2019,2,5,2,4,2019-05-02,UA,UA_CODESHARE,19977,UA,6165,,,,,YV,20378,YV,6165,11066,1106606,31066,CMH,"Columbus, OH",OH,39,Ohio,44,12264,1226402,30852,IAD,"Washington, DC",VA,51,Virginia,38,600,71.0,71.0,1.0,4.0,0600-0659,14.0,725.0,823.0,10.0,725,833.0,68.0,68.0,1.0,4.0,0700-0759,0.0,,0.0,85.0,82.0,58.0,1.0,299.0,2,0.0,0.0,0.0,68.0,0.0,,,,0,,,,,,,,,,,,,,,,,,,,,,,,,,,,,,,,,,,,,,,,,,,,,N,0.0,0.0,7.0,8.0,1.0,2.0,29.0,34.0,6,7,0.0,2.0,24.0,30.0,4,4,0,1.0,1.0,N512MJ,N512MJ-UA-0,29.0,41.0,5.0,34.0,46.0,,,0.0,29,34,0.0,0.0
N512MJ,856.0,2019,2,5,2,4,2019-05-02,UA,UA_CODESHARE,19977,UA,6248,,,,,YV,20378,YV,6248,12264,1226402,30852,IAD,"Washington, DC",VA,51,Virginia,38,11066,1106606,31066,CMH,"Columbus, OH",OH,39,Ohio,44,820,36.0,36.0,1.0,2.0,0800-0859,21.0,917.0,1007.0,4.0,939,1011.0,32.0,32.0,1.0,2.0,0900-0959,0.0,,0.0,79.0,75.0,50.0,1.0,299.0,2,0.0,0.0,32.0,0.0,0.0,,,,0,,,,,,,,,,,,,,,,,,,,,,,,,,,,,,,,,,,,,,,,,,,,,N,0.0,0.0,8.0,10.0,4.0,1.0,36.0,41.0,8,9,1.0,3.0,33.0,39.0,5,5,1,1.0,0.0,N512MJ,N512MJ-UA-1,34.0,48.0,5.0,39.0,53.0,34.0,2.0,2.0,34,39,0.0,0.0
N512NK,803.0,2019,2,5,2,4,2019-05-02,NK,NK,20416,NK,675,,,,,NK,20416,NK,675,13204,1320402,31454,MCO,"Orlando, FL",FL,12,Florida,33,11697,1169706,32467,FLL,"Fort Lauderdale, FL",FL,12,Florida,33,815,-12.0,0.0,0.0,-1.0,0800-0859,16.0,819.0,900.0,6.0,920,906.0,-14.0,0.0,0.0,-1.0,0900-0959,0.0,,0.0,65.0,63.0,41.0,1.0,177.0,1,,,0.0,,0.0,,,,0,,,,,,,,,,,,,,,,,,,,,,,,,,,,,,,,,,,,,,,,,,,,,N,0.0,0.0,8.0,9.0,0.0,0.0,32.0,36.0,8,9,1.0,1.0,33.0,37.0,9,9,0,0.0,0.0,N512NK,N512NK-NK-0,33.0,44.0,4.0,37.0,48.0,,,0.0,33,37,0.0,0.0
N513AE,825.0,2019,2,5,2,4,2019-05-02,AA,AA_CODESHARE,19805,AA,5693,,,,,OH,20397,OH,5693,10792,1079206,30792,BUF,"Buffalo, NY",NY,36,New York,22,14100,1410005,34100,PHL,"Philadelphia, PA",PA,42,Pennsylvania,23,830,-5.0,0.0,0.0,-1.0,0800-0859,77.0,942.0,1039.0,5.0,955,1044.0,49.0,49.0,1.0,3.0,0900-0959,0.0,,0.0,85.0,139.0,57.0,1.0,279.0,2,0.0,0.0,49.0,0.0,0.0,,,,0,,,,,,,,,,,,,,,,,,,,,,,,,,,,,,,,,,,,,,,,,,,,,N,0.0,0.0,8.0,10.0,2.0,3.0,34.0,43.0,8,9,2.0,4.0,34.0,40.0,4,4,0,0.0,0.0,N513AE,N513AE-AA-0,34.0,46.0,9.0,43.0,55.0,,,3.0,34,43,0.0,0.0
N514AE,724.0,2019,2,5,2,4,2019-05-02,AA,AA_CODESHARE,19805,AA,5247,,,,,OH,20397,OH,5247,12448,1244807,32448,JAN,"Jackson/Vicksburg, MS",MS,28,Mississippi,53,11057,1105703,31057,CLT,"Charlotte, NC",NC,37,North Carolina,36,733,-9.0,0.0,0.0,-1.0,0700-0759,12.0,736.0,1003.0,22.0,1030,1025.0,-5.0,0.0,0.0,-1.0,1000-1059,0.0,,0.0,117.0,121.0,87.0,1.0,562.0,3,,,0.0,,0.0,,,,0,,,,,,,,,,,,,,,,,,,,,,,,,,,,,,,,,,,,,,,,,,,,,N,4.0,0.0,7.0,10.0,2.0,2.0,34.0,42.0,7,10,2.0,2.0,34.0,42.0,3,3,0,0.0,0.0,N514AE,N514AE-AA-0,34.0,46.0,8.0,42.0,54.0,,,0.0,34,42,0.0,0.0
N514AS,634.0,2019,2,5,2,4,2019-05-02,AS,AS,19930,AS,181,,,,,AS,19930,AS,181,14893,1489302,33192,SMF,"Sacramento, CA",CA,6,California,91,14747,1474703,30559,SEA,"Seattle, WA",WA,53,Washington,93,640,-6.0,0.0,0.0,-1.0,0600-0659,9.0,643.0,818.0,10.0,840,828.0,-12.0,0.0,0.0,-1.0,0800-0859,0.0,,0.0,120.0,114.0,95.0,1.0,605.0,3,,,0.0,,0.0,,,,0,,,,,,,,,,,,,,,,,,,,,,,,,,,,,,,,,,,,,,,,,,,,,N,12.0,12.0,6.0,8.0,2.0,2.0,38.0,46.0,6,8,3.0,3.0,39.0,47.0,9,9,0,0.0,0.0,N514AS,N514AS-AS-0,39.0,50.0,8.0,47.0,58.0,,,0.0,39,47,0.0,0.0
N514NK,659.0,2019,2,5,2,4,2019-05-02,NK,NK,20416,NK,1852,,,,,NK,20416,NK,1852,11292,1129202,30325,DEN,"Denver, CO",CO,8,Colorado,82,13204,1320402,31454,MCO,"Orlando, FL",FL,12,Florida,33,700,-1.0,0.0,0.0,-1.0,0700-0759,11.0,710.0,1221.0,6.0,1238,1227.0,-11.0,0.0,0.0,-1.0,1200-1259,0.0,,0.0,218.0,208.0,191.0,1.0,1546.0,7,,,0.0,,0.0,,,,0,,,,,,,,,,,,,,,,,,,,,,,,,,,,,,,,,,,,,,,,,,,,,N,8.0,0.0,6.0,12.0,4.0,2.0,36.0,50.0,7,12,0.0,3.0,36.0,51.0,9,9,0,0.0,0.0,N514NK,N514NK-NK-0,36.0,48.0,14.0,50.0,62.0,,,0.0,36,50,0.0,0.0
N515AE,654.0,2019,2,5,2,4,2019-05-02,AA,AA_CODESHARE,19805,AA,5625,,,,,OH,20397,OH,5625,14685,1468502,34685,SAV,"Savannah, GA",GA,13,Georgia,34,11278,1127805,30852,DCA,"Washington, DC",VA,51,Virginia,38,700,-6.0,0.0,0.0,-1.0,0700-0759,11.0,705.0,816.0,28.0,846,844.0,-2.0,0.0,0.0,-1.0,0800-0859,0.0,,0.0,106.0,110.0,71.0,1.0,519.0,3,,,0.0,,0.0,,,,0,,,,,,,,,,,,,,,,,,,,,,,,,,,,,,,,,,,,,,,,,,,,,N,0.0,0.0,6.0,8.0,4.0,3.0,28.0,35.0,7,8,0.0,3.0,28.0,35.0,9,9,0,1.0,1.0,N515AE,N515AE-AA-0,28.0,40.0,7.0,35.0,47.0,,,0.0,28,35,0.0,0.0
N515AE,934.0,2019,2,5,2,4,2019-05-02,AA,AA_CODESHARE,19805,AA,5457,,,,,OH,20397,OH,5457,11278,1127805,30852,DCA,"Washington, DC",VA,51,Virginia,38,12217,1221702,30255,HSV,"Huntsville, AL",AL,1,Alabama,51,932,2.0,2.0,0.0,0.0,0900-0959,11.0,945.0,1018.0,4.0,1033,1022.0,-11.0,0.0,0.0,-1.0,1000-1059,0.0,,0.0,121.0,108.0,93.0,1.0,613.0,3,,,0.0,,0.0,,,,0,,,,,,,,,,,,,,,,,,,,,,,,,,,,,,,,,,,,,,,,,,,,,N,0.0,4.0,9.0,10.0,2.0,1.0,38.0,45.0,9,10,2.0,2.0,38.0,46.0,3,3,1,1.0,0.0,N515AE,N515AE-AA-1,38.0,50.0,7.0,45.0,57.0,35.0,3.0,0.0,38,45,0.0,0.0
N515MJ,755.0,2019,2,5,2,4,2019-05-02,UA,UA_CODESHARE,19977,UA,6153,,,,,YV,20378,YV,6153,13198,1319801,33198,MCI,"Kansas City, MO",MO,29,Missouri,64,12264,1226402,30852,IAD,"Washington, DC",VA,51,Virginia,38,800,-5.0,0.0,0.0,-1.0,0800-0859,11.0,806.0,1120.0,8.0,1119,1128.0,9.0,9.0,0.0,0.0,1100-1159,0.0,,0.0,139.0,153.0,134.0,1.0,926.0,4,,,0.0,,0.0,,,,0,,,,,,,,,,,,,,,,,,,,,,,,,,,,,,,,,,,,,,,,,,,,,N,4.0,0.0,7.0,11.0,4.0,2.0,36.0,46.0,8,11,0.0,1.0,36.0,45.0,4,4,0,0.0,0.0,N515MJ,N515MJ-UA-0,36.0,48.0,10.0,46.0,58.0,,,0.0,36,46,0.0,0.0
N516AE,807.0,2019,2,5,2,4,2019-05-02,AA,AA_CODESHARE,19805,AA,5237,,,,,OH,20397,OH,5237,14193,1419306,33728,PNS,"Pensacola, FL",FL,12,Florida,33,11057,1105703,31057,CLT,"Charlotte, NC",NC,37,North Carolina,36,800,7.0,7.0,0.0,0.0,0800-0859,25.0,832.0,1047.0,8.0,1045,1055.0,10.0,10.0,0.0,0.0,1000-1059,0.0,,0.0,105.0,108.0,75.0,1.0,488.0,2,,,0.0,,0.0,,,,0,,,,,,,,,,,,,,,,,,,,,,,,,,,,,,,,,,,,,,,,,,,,,N,4.0,0.0,8.0,10.0,0.0,4.0,36.0,44.0,8,10,0.0,3.0,36.0,43.0,1,1,0,0.0,0.0,N516AE,N516AE-AA-0,36.0,48.0,8.0,44.0,56.0,,,0.0,36,52,8.0,23.6
N516JB,901.0,2019,2,5,2,4,2019-05-02,B6,B6,20409,B6,1150,,,,,B6,20409,B6,1150,13204,1320402,31454,MCO,"Orlando, FL",FL,12,Florida,33,10397,1039707,30397,ATL,"Atlanta, GA",GA,13,Georgia,34,902,-1.0,0.0,0.0,-1.0,0900-0959,13.0,914.0,1016.0,20.0,1047,1036.0,-11.0,0.0,0.0,-1.0,1000-1059,0.0,,0.0,105.0,95.0,62.0,1.0,404.0,2,,,0.0,,0.0,,,,0,,,,,,,,,,,,,,,,,,,,,,,,,,,,,,,,,,,,,,,,,,,,,N,0.0,0.0,9.0,10.0,0.0,2.0,36.0,42.0,9,10,0.0,3.0,36.0,43.0,8,8,0,0.0,0.0,N516JB,N516JB-B6-0,36.0,48.0,6.0,42.0,54.0,,,0.0,36,42,0.0,0.0
N516LR,901.0,2019,2,5,2,4,2019-05-02,UA,UA_CODESHARE,19977,UA,6022,,,,,YV,20378,YV,6022,12264,1226402,30852,IAD,"Washington, DC",VA,51,Virginia,38,13487,1348702,31650,MSP,"Minneapolis, MN",MN,27,Minnesota,63,900,1.0,1.0,0.0,0.0,0900-0959,21.0,922.0,1032.0,3.0,1035,1035.0,0.0,0.0,0.0,0.0,1000-1059,0.0,,0.0,155.0,154.0,130.0,1.0,908.0,4,,,0.0,,0.0,,,,0,,,,,,,,,,,,,,,,,,,,,,,,,,,,,,,,,,,,,,,,,,,,,N,0.0,4.0,9.0,10.0,0.0,2.0,36.0,46.0,9,10,0.0,2.0,36.0,46.0,9,9,0,0.0,0.0,N516LR,N516LR-UA-0,36.0,48.0,10.0,46.0,58.0,,,0.0,37,47,1.0,9.12
N516NK,57.0,2019,2,5,2,4,2019-05-02,NK,NK,20416,NK,214,,,,,NK,20416,NK,214,12889,1288903,32211,LAS,"Las Vegas, NV",NV,32,Nevada,85,11298,1129806,30194,DFW,"Dallas/Fort Worth, TX",TX,48,Texas,74,104,-7.0,0.0,0.0,-1.0,0001-0559,11.0,108.0,513.0,6.0,538,519.0,-19.0,0.0,0.0,-2.0,0001-0559,0.0,,0.0,154.0,142.0,125.0,1.0,1055.0,5,,,0.0,,0.0,,,,0,,,,,,,,,,,,,,,,,,,,,,,,,,,,,,,,,,,,,,,,,,,,,N,12.0,4.0,0.0,5.0,4.0,1.0,16.0,25.0,1,5,0.0,3.0,16.0,27.0,2,2,0,1.0,1.0,N516NK,N516NK-NK-0,16.0,28.0,9.0,25.0,37.0,,,0.0,16,25,0.0,0.0
N516NK,721.0,2019,2,5,2,4,2019-05-02,NK,NK,20416,NK,822,,,,,NK,20416,NK,822,11298,1129806,30194,DFW,"Dallas/Fort Worth, TX",TX,48,Texas,74,13577,1357702,31135,MYR,"Myrtle Beach, SC",SC,45,South Carolina,37,725,-4.0,0.0,0.0,-1.0,0700-0759,25.0,746.0,1100.0,6.0,1100,1106.0,6.0,6.0,0.0,0.0,1100-1159,0.0,,0.0,155.0,165.0,134.0,1.0,1048.0,5,,,0.0,,0.0,,,,0,,,,,,,,,,,,,,,,,,,,,,,,,,,,,,,,,,,,,,,,,,,,,N,4.0,0.0,7.0,11.0,1.0,0.0,33.0,44.0,7,11,2.0,0.0,34.0,44.0,1,1,1,1.0,0.0,N516NK,N516NK-NK-1,34.0,45.0,11.0,45.0,56.0,25.0,8.0,0.0,34,45,0.0,0.0
N517AE,522.0,2019,2,5,2,4,2019-05-02,AA,AA_CODESHARE,19805,AA,5362,,,,,OH,20397,OH,5362,15919,1591904,31834,XNA,"Fayetteville, AR",AR,5,Arkansas,71,11057,1105703,31057,CLT,"Charlotte, NC",NC,37,North Carolina,36,528,-6.0,0.0,0.0,-1.0,0001-0559,15.0,537.0,821.0,11.0,840,832.0,-8.0,0.0,0.0,-1.0,0800-0859,0.0,,0.0,132.0,130.0,104.0,1.0,754.0,4,,,0.0,,0.0,,,,0,,,,,,,,,,,,,,,,,,,,,,,,,,,,,,,,,,,,,,,,,,,,,N,4.0,0.0,5.0,8.0,1.0,2.0,25.0,34.0,5,8,2.0,3.0,26.0,35.0,1,1,0,1.0,1.0,N517AE,N517AE-AA-0,26.0,37.0,9.0,35.0,46.0,,,0.0,26,38,3.0,5.72
N517AE,928.0,2019,2,5,2,4,2019-05-02,AA,AA_CODESHARE,19805,AA,5337,,,,,OH,20397,OH,5337,11057,1105703,31057,CLT,"Charlotte, NC",NC,37,North Carolina,36,12197,1219702,31703,HPN,"White Plains, NY",NY,36,New York,22,930,-2.0,0.0,0.0,-1.0,0900-0959,21.0,949.0,1116.0,6.0,1129,1122.0,-7.0,0.0,0.0,-1.0,1100-1159,0.0,,0.0,119.0,114.0,87.0,1.0,564.0,3,,,0.0,,0.0,,,,0,,,,,,,,,,,,,,,,,,,,,,,,,,,,,,,,,,,,,,,,,,,,,N,0.0,0.0,9.0,11.0,2.0,1.0,38.0,45.0,9,11,2.0,2.0,38.0,46.0,1,1,1,1.0,0.0,N517AE,N517AE-AA-1,38.0,50.0,7.0,45.0,57.0,34.0,4.0,0.0,45,52,7.0,18.78
N517JB,654.0,2019,2,5,2,4,2019-05-02,B6,B6,20409,B6,737,,,,,B6,20409,B6,737,10529,1052906,30529,BDL,"Hartford, CT",CT,9,Connecticut,11,13204,1320402,31454,MCO,"Orlando, FL",FL,12,Florida,33,700,-6.0,0.0,0.0,-1.0,0700-0759,13.0,707.0,932.0,10.0,954,942.0,-12.0,0.0,0.0,-1.0,0900-0959,0.0,,0.0,174.0,168.0,145.0,1.0,1050.0,5,,,0.0,,0.0,,,,0,,,,,,,,,,,,,,,,,,,,,,,,,,,,,,,,,,,,,,,,,,,,,N,0.0,0.0,6.0,9.0,4.0,3.0,28.0,39.0,7,9,0.0,4.0,28.0,40.0,8,8,0,0.0,0.0,N517JB,N517JB-B6-0,28.0,40.0,11.0,39.0,51.0,,,0.0,28,39,0.0,0.0
N518AE,615.0,2019,2,5,2,4,2019-05-02,AA,AA_CODESHARE,19805,AA,5478,,,,,OH,20397,OH,5478,13485,1348502,33485,MSN,"Madison, WI",WI,55,Wisconsin,45,14100,1410005,34100,PHL,"Philadelphia, PA",PA,42,Pennsylvania,23,622,-7.0,0.0,0.0,-1.0,0600-0659,26.0,641.0,931.0,4.0,937,935.0,-2.0,0.0,0.0,-1.0,0900-0959,0.0,,0.0,135.0,140.0,110.0,1.0,764.0,4,,,0.0,,0.0,,,,0,,,,,,,,,,,,,,,,,,,,,,,,,,,,,,,,,,,,,,,,,,,,,N,4.0,0.0,6.0,9.0,1.0,2.0,29.0,38.0,6,9,1.0,2.0,29.0,38.0,7,7,0,0.0,0.0,N518AE,N518AE-AA-0,29.0,41.0,9.0,38.0,50.0,,,0.0,29,38,0.0,0.0
N518LR,833.0,2019,2,5,2,4,2019-05-02,UA,UA_CODESHARE,19977,UA,6110,,,,,YV,20378,YV,6110,12264,1226402,30852,IAD,"Washington, DC",VA,51,Virginia,38,14122,1412202,30198,PIT,"Pittsburgh, PA",PA,42,Pennsylvania,23,840,-7.0,0.0,0.0,-1.0,0800-0859,20.0,853.0,925.0,7.0,939,932.0,-7.0,0.0,0.0,-1.0,0900-0959,0.0,,0.0,59.0,59.0,32.0,1.0,182.0,1,,,0.0,,0.0,,,,0,,,,,,,,,,,,,,,,,,,,,,,,,,,,,,,,,,,,,,,,,,,,,N,0.0,0.0,8.0,9.0,2.0,2.0,34.0,38.0,8,9,3.0,3.0,35.0,39.0,8,8,0,0.0,0.0,N518LR,N518LR-UA-0,35.0,46.0,4.0,39.0,50.0,,,0.0,35,39,0.0,0.0
N518UA,556.0,2019,2,5,2,4,2019-05-02,UA,UA,19977,UA,1483,,,,,UA,19977,UA,1483,11618,1161802,31703,EWR,"Newark, NJ",NJ,34,New Jersey,21,14771,1477104,32457,SFO,"San Francisco, CA",CA,6,California,91,600,-4.0,0.0,0.0,-1.0,0600-0659,21.0,617.0,906.0,10.0,922,916.0,-6.0,0.0,0.0,-1.0,0900-0959,0.0,,0.0,382.0,380.0,349.0,1.0,2565.0,11,,,0.0,,0.0,,,,0,,,,,,,,,,,,,,,,,,,,,,,,,,,,,,,,,,,,,,,,,,,,,N,0.0,12.0,5.0,9.0,4.0,1.0,24.0,49.0,6,9,0.0,1.0,24.0,49.0,4,4,0,0.0,0.0,N518UA,N518UA-UA-0,24.0,36.0,25.0,49.0,61.0,,,0.0,24,49,0.0,0.0
N519LR,612.0,2019,2,5,2,4,2019-05-02,UA,UA_CODESHARE,19977,UA,6238,,,,,YV,20378,YV,6238,11057,1105703,31057,CLT,"Charlotte, NC",NC,37,North Carolina,36,12264,1226402,30852,IAD,"Washington, DC",VA,51,Virginia,38,615,-3.0,0.0,0.0,-1.0,0600-0659,15.0,627.0,729.0,6.0,735,735.0,0.0,0.0,0.0,0.0,0700-0759,0.0,,0.0,80.0,83.0,62.0,1.0,322.0,2,,,0.0,,0.0,,,,0,,,,,,,,,,,,,,,,,,,,,,,,,,,,,,,,,,,,,,,,,,,,,N,0.0,0.0,6.0,7.0,1.0,2.0,25.0,30.0,6,7,1.0,2.0,25.0,30.0,2,2,0,1.0,1.0,N519LR,N519LR-UA-0,25.0,37.0,5.0,30.0,42.0,,,0.0,25,35,5.0,15.3
N519LR,818.0,2019,2,5,2,4,2019-05-02,UA,UA_CODESHARE,19977,UA,6131,,,,,YV,20378,YV,6131,12264,1226402,30852,IAD,"Washington, DC",VA,51,Virginia,38,14576,1457606,34576,ROC,"Rochester, NY",NY,36,New York,22,825,-7.0,0.0,0.0,-1.0,0800-0859,18.0,836.0,921.0,5.0,939,926.0,-13.0,0.0,0.0,-1.0,0900-0959,0.0,,0.0,74.0,68.0,45.0,1.0,288.0,2,,,0.0,,0.0,,,,0,,,,,,,,,,,,,,,,,,,,,,,,,,,,,,,,,,,,,,,,,,,,,N,0.0,0.0,8.0,9.0,1.0,2.0,33.0,38.0,8,9,2.0,3.0,34.0,39.0,1,1,1,1.0,0.0,N519LR,N519LR-UA-1,34.0,45.0,5.0,39.0,50.0,30.0,3.0,0.0,42,47,8.0,24.26
N519NK,656.0,2019,2,5,2,4,2019-05-02,NK,NK,20416,NK,738,,,,,NK,20416,NK,738,11697,1169706,32467,FLL,"Fort Lauderdale, FL",FL,12,Florida,33,11995,1199502,31995,GSO,"Greensboro/High Point, NC",NC,37,North Carolina,36,700,-4.0,0.0,0.0,-1.0,0700-0759,15.0,711.0,849.0,8.0,850,857.0,7.0,7.0,0.0,0.0,0800-0859,0.0,,0.0,110.0,121.0,98.0,1.0,691.0,3,,,0.0,,0.0,,,,0,,,,,,,,,,,,,,,,,,,,,,,,,,,,,,,,,,,,,,,,,,,,,N,0.0,0.0,6.0,8.0,4.0,4.0,28.0,36.0,7,8,0.0,3.0,28.0,35.0,7,7,0,1.0,1.0,N519NK,N519NK-NK-0,28.0,40.0,8.0,36.0,48.0,,,0.0,28,36,0.0,0.0
N519NK,937.0,2019,2,5,2,4,2019-05-02,NK,NK,20416,NK,1119,,,,,NK,20416,NK,1119,11995,1199502,31995,GSO,"Greensboro/High Point, NC",NC,37,North Carolina,36,15304,1530402,33195,TPA,"Tampa, FL",FL,12,Florida,33,940,-3.0,0.0,0.0,-1.0,0900-0959,10.0,947.0,1112.0,8.0,1124,1120.0,-4.0,0.0,0.0,-1.0,1100-1159,0.0,,0.0,104.0,103.0,85.0,1.0,580.0,3,,,0.0,,0.0,,,,0,,,,,,,,,,,,,,,,,,,,,,,,,,,,,,,,,,,,,,,,,,,,,N,0.0,0.0,9.0,11.0,2.0,1.0,38.0,45.0,9,11,3.0,2.0,39.0,46.0,6,6,1,1.0,0.0,N519NK,N519NK-NK-1,39.0,50.0,7.0,46.0,57.0,36.0,2.0,0.0,39,46,0.0,0.0
N519UW,821.0,2019,2,5,2,4,2019-05-02,AA,AA,19805,AA,1704,,,,,AA,19805,AA,1704,15304,1530402,33195,TPA,"Tampa, FL",FL,12,Florida,33,11057,1105703,31057,CLT,"Charlotte, NC",NC,37,North Carolina,36,823,-2.0,0.0,0.0,-1.0,0800-0859,19.0,840.0,958.0,11.0,1016,1009.0,-7.0,0.0,0.0,-1.0,1000-1059,0.0,,0.0,113.0,108.0,78.0,1.0,507.0,3,,,0.0,,0.0,,,,0,,,,,,,,,,,,,,,,,,,,,,,,,,,,,,,,,,,,,,,,,,,,,N,0.0,0.0,8.0,10.0,1.0,1.0,33.0,41.0,8,10,2.0,1.0,34.0,41.0,4,4,0,0.0,0.0,N519UW,N519UW-AA-0,34.0,45.0,8.0,42.0,53.0,,,0.0,34,42,0.0,0.0
N520AS,605.0,2019,2,5,2,4,2019-05-02,AS,AS,19930,AS,530,,,,,AS,19930,AS,530,14747,1474703,30559,SEA,"Seattle, WA",WA,53,Washington,93,13891,1389101,32575,ONT,"Ontario, CA",CA,6,California,91,615,-10.0,0.0,0.0,-1.0,0600-0659,18.0,623.0,824.0,4.0,845,828.0,-17.0,0.0,0.0,-2.0,0800-0859,0.0,,0.0,150.0,143.0,121.0,1.0,956.0,4,,,0.0,,0.0,,,,0,,,,,,,,,,,,,,,,,,,,,,,,,,,,,,,,,,,,,,,,,,,,,N,12.0,12.0,6.0,8.0,0.0,2.0,36.0,46.0,6,8,1.0,3.0,37.0,47.0,3,3,0,0.0,0.0,N520AS,N520AS-AS-0,37.0,48.0,10.0,47.0,58.0,,,0.0,37,47,0.0,0.0
N520DC,711.0,2019,2,5,2,4,2019-05-02,AA,AA_CODESHARE,19805,AA,5538,,,,,OH,20397,OH,5538,11973,1197302,31973,GPT,"Gulfport/Biloxi, MS",MS,28,Mississippi,53,11057,1105703,31057,CLT,"Charlotte, NC",NC,37,North Carolina,36,716,-5.0,0.0,0.0,-1.0,0700-0759,9.0,720.0,939.0,25.0,1010,1004.0,-6.0,0.0,0.0,-1.0,1000-1059,0.0,,0.0,114.0,113.0,79.0,1.0,577.0,3,,,0.0,,0.0,,,,0,,,,,,,,,,,,,,,,,,,,,,,,,,,,,,,,,,,,,,,,,,,,,N,4.0,0.0,7.0,10.0,1.0,0.0,33.0,40.0,7,10,1.0,1.0,33.0,41.0,4,4,0,0.0,0.0,N520DC,N520DC-AA-0,33.0,45.0,7.0,40.0,52.0,,,0.0,33,40,0.0,0.0
N520JB,622.0,2019,2,5,2,4,2019-05-02,B6,B6,20409,B6,1273,,,,,B6,20409,B6,1273,12478,1247805,31703,JFK,"New York, NY",NY,36,New York,22,10994,1099402,30994,CHS,"Charleston, SC",SC,45,South Carolina,37,629,-7.0,0.0,0.0,-1.0,0600-0659,16.0,638.0,804.0,4.0,836,808.0,-28.0,0.0,0.0,-2.0,0800-0859,0.0,,0.0,127.0,106.0,86.0,1.0,636.0,3,,,0.0,,0.0,,,,0,,,,,,,,,,,,,,,,,,,,,,,,,,,,,,,,,,,,,,,,,,,,,N,0.0,0.0,6.0,8.0,1.0,1.0,25.0,33.0,6,8,2.0,2.0,26.0,34.0,3,3,0,1.0,1.0,N520JB,N520JB-B6-0,26.0,37.0,8.0,34.0,45.0,,,0.0,26,34,0.0,0.0
N520JB,924.0,2019,2,5,2,4,2019-05-02,B6,B6,20409,B6,1274,,,,,B6,20409,B6,1274,10994,1099402,30994,CHS,"Charleston, SC",SC,45,South Carolina,37,12478,1247805,31703,JFK,"New York, NY",NY,36,New York,22,934,-10.0,0.0,0.0,-1.0,0900-0959,19.0,943.0,1111.0,7.0,1129,1118.0,-11.0,0.0,0.0,-1.0,1100-1159,0.0,,0.0,115.0,114.0,88.0,1.0,636.0,3,,,0.0,,0.0,,,,0,,,,,,,,,,,,,,,,,,,,,,,,,,,,,,,,,,,,,,,,,,,,,N,0.0,0.0,9.0,11.0,2.0,1.0,38.0,45.0,9,11,2.0,2.0,38.0,46.0,7,7,1,1.0,0.0,N520JB,N520JB-B6-1,38.0,50.0,7.0,45.0,57.0,33.0,5.0,0.0,39,46,1.0,7.2
N521AE,535.0,2019,2,5,2,4,2019-05-02,AA,AA_CODESHARE,19805,AA,5130,,,,,OH,20397,OH,5130,12945,1294503,32945,LEX,"Lexington, KY",KY,21,Kentucky,52,11057,1105703,31057,CLT,"Charlotte, NC",NC,37,North Carolina,36,523,12.0,12.0,0.0,0.0,0001-0559,11.0,546.0,640.0,10.0,645,650.0,5.0,5.0,0.0,0.0,0600-0659,0.0,,0.0,82.0,75.0,54.0,1.0,281.0,2,,,0.0,,0.0,,,,0,,,,,,,,,,,,,,,,,,,,,,,,,,,,,,,,,,,,,,,,,,,,,N,0.0,0.0,5.0,6.0,2.0,3.0,22.0,27.0,5,6,2.0,3.0,22.0,27.0,1,1,0,1.0,1.0,N521AE,N521AE-AA-0,22.0,34.0,5.0,27.0,39.0,,,0.0,22,27,0.0,0.0
N521AE,801.0,2019,2,5,2,4,2019-05-02,AA,AA_CODESHARE,19805,AA,5564,,,,,OH,20397,OH,5564,11057,1105703,31057,CLT,"Charlotte, NC",NC,37,North Carolina,36,15624,1562404,31504,VPS,"Valparaiso, FL",FL,12,Florida,33,802,-1.0,0.0,0.0,-1.0,0800-0859,21.0,822.0,833.0,8.0,852,841.0,-11.0,0.0,0.0,-1.0,0800-0859,0.0,,0.0,110.0,100.0,71.0,1.0,460.0,2,,,0.0,,0.0,,,,0,,,,,,,,,,,,,,,,,,,,,,,,,,,,,,,,,,,,,,,,,,,,,N,0.0,4.0,8.0,8.0,0.0,3.0,32.0,39.0,8,8,0.0,3.0,32.0,39.0,4,4,1,1.0,0.0,N521AE,N521AE-AA-1,32.0,44.0,7.0,39.0,51.0,27.0,5.0,0.0,32,39,0.0,0.0
N521JB,831.0,2019,2,5,2,4,2019-05-02,B6,B6,20409,B6,644,,,,,B6,20409,B6,644,14027,1402702,34027,PBI,"West Palm Beach/Palm Beach, FL",FL,12,Florida,33,11618,1161802,31703,EWR,"Newark, NJ",NJ,34,New Jersey,21,833,-2.0,0.0,0.0,-1.0,0800-0859,9.0,840.0,1056.0,5.0,1122,1101.0,-21.0,0.0,0.0,-2.0,1100-1159,0.0,,0.0,169.0,150.0,136.0,1.0,1023.0,5,,,0.0,,0.0,,,,0,,,,,,,,,,,,,,,,,,,,,,,,,,,,,,,,,,,,,,,,,,,,,N,0.0,0.0,8.0,11.0,2.0,0.0,34.0,44.0,8,11,2.0,1.0,34.0,45.0,2,2,0,0.0,0.0,N521JB,N521JB-B6-0,34.0,46.0,10.0,44.0,56.0,,,0.0,34,44,0.0,0.0
N521LR,557.0,2019,2,5,2,4,2019-05-02,UA,UA_CODESHARE,19977,UA,6048,,,,,YV,20378,YV,6048,10994,1099402,30994,CHS,"Charleston, SC",SC,45,South Carolina,37,12264,1226402,30852,IAD,"Washington, DC",VA,51,Virginia,38,600,-3.0,0.0,0.0,-1.0,0600-0659,9.0,606.0,720.0,6.0,726,726.0,0.0,0.0,0.0,0.0,0700-0759,0.0,,0.0,86.0,89.0,74.0,1.0,441.0,2,,,0.0,,0.0,,,,0,,,,,,,,,,,,,,,,,,,,,,,,,,,,,,,,,,,,,,,,,,,,,N,0.0,0.0,5.0,7.0,4.0,2.0,24.0,30.0,6,7,0.0,2.0,24.0,30.0,3,3,0,1.0,1.0,N521LR,N521LR-UA-0,24.0,36.0,6.0,30.0,42.0,,,0.0,24,30,0.0,0.0
N521LR,815.0,2019,2,5,2,4,2019-05-02,UA,UA_CODESHARE,19977,UA,6206,,,,,YV,20378,YV,6206,12264,1226402,30852,IAD,"Washington, DC",VA,51,Virginia,38,15096,1509602,35096,SYR,"Syracuse, NY",NY,36,New York,22,820,-5.0,0.0,0.0,-1.0,0800-0859,15.0,830.0,916.0,6.0,938,922.0,-16.0,0.0,0.0,-2.0,0900-0959,0.0,,0.0,78.0,67.0,46.0,1.0,296.0,2,,,0.0,,0.0,,,,0,,,,,,,,,,,,,,,,,,,,,,,,,,,,,,,,,,,,,,,,,,,,,N,0.0,0.0,8.0,9.0,1.0,1.0,33.0,37.0,8,9,1.0,3.0,33.0,39.0,3,3,1,1.0,0.0,N521LR,N521LR-UA-1,33.0,45.0,4.0,37.0,49.0,30.0,3.0,0.0,33,37,0.0,0.0
N521NK,713.0,2019,2,5,2,4,2019-05-02,NK,NK,20416,NK,577,,,,,NK,20416,NK,577,14122,1412202,30198,PIT,"Pittsburgh, PA",PA,42,Pennsylvania,23,11697,1169706,32467,FLL,"Fort Lauderdale, FL",FL,12,Florida,33,720,-7.0,0.0,0.0,-1.0,0700-0759,11.0,724.0,939.0,8.0,955,947.0,-8.0,0.0,0.0,-1.0,0900-0959,0.0,,0.0,155.0,154.0,135.0,1.0,994.0,4,,,0.0,,0.0,,,,0,,,,,,,,,,,,,,,,,,,,,,,,,,,,,,,,,,,,,,,,,,,,,N,0.0,0.0,7.0,9.0,1.0,3.0,29.0,39.0,7,9,1.0,4.0,29.0,40.0,8,8,0,0.0,0.0,N521NK,N521NK-NK-0,29.0,41.0,10.0,39.0,51.0,,,0.0,29,39,0.0,0.0
N521UW,454.0,2019,2,5,2,4,2019-05-02,AA,AA,19805,AA,1669,,,,,AA,19805,AA,1669,11618,1161802,31703,EWR,"Newark, NJ",NJ,34,New Jersey,21,11057,1105703,31057,CLT,"Charlotte, NC",NC,37,North Carolina,36,501,-7.0,0.0,0.0,-1.0,0001-0559,13.0,507.0,628.0,7.0,651,635.0,-16.0,0.0,0.0,-2.0,0600-0659,0.0,,0.0,110.0,101.0,81.0,1.0,529.0,3,,,0.0,,0.0,,,,0,,,,,,,,,,,,,,,,,,,,,,,,,,,,,,,,,,,,,,,,,,,,,N,0.0,0.0,4.0,6.0,4.0,2.0,20.0,26.0,5,6,0.0,3.0,20.0,27.0,1,1,0,1.0,1.0,N521UW,N521UW-AA-0,20.0,32.0,6.0,26.0,38.0,,,0.0,20,26,0.0,0.0
N521UW,748.0,2019,2,5,2,4,2019-05-02,AA,AA,19805,AA,1979,,,,,AA,19805,AA,1979,11057,1105703,31057,CLT,"Charlotte, NC",NC,37,North Carolina,36,11298,1129806,30194,DFW,"Dallas/Fort Worth, TX",TX,48,Texas,74,750,-2.0,0.0,0.0,-1.0,0700-0759,20.0,808.0,929.0,18.0,954,947.0,-7.0,0.0,0.0,-1.0,0900-0959,0.0,,0.0,184.0,179.0,141.0,1.0,936.0,4,,,0.0,,0.0,,,,0,,,,,,,,,,,,,,,,,,,,,,,,,,,,,,,,,,,,,,,,,,,,,N,0.0,4.0,7.0,9.0,3.0,3.0,31.0,43.0,7,9,3.0,4.0,31.0,44.0,7,7,1,1.0,0.0,N521UW,N521UW-AA-1,31.0,43.0,12.0,43.0,55.0,26.0,5.0,0.0,31,43,0.0,0.0
N521VA,921.0,2019,2,5,2,4,2019-05-02,AS,AS,19930,AS,1407,,,,,AS,19930,AS,1407,12478,1247805,31703,JFK,"New York, NY",NY,36,New York,22,12892,1289208,32575,LAX,"Los Angeles, CA",CA,6,California,91,930,-9.0,0.0,0.0,-1.0,0900-0959,24.0,945.0,1244.0,4.0,1250,1248.0,-2.0,0.0,0.0,-1.0,1200-1259,0.0,,0.0,380.0,387.0,359.0,1.0,2475.0,10,,,0.0,,0.0,,,,0,,,,,,,,,,,,,,,,,,,,,,,,,,,,,,,,,,,,,,,,,,,,,N,0.0,12.0,9.0,12.0,1.0,3.0,37.0,63.0,9,12,2.0,3.0,38.0,63.0,9,9,0,0.0,0.0,N521VA,N521VA-AS-0,38.0,49.0,26.0,64.0,75.0,,,0.0,38,64,0.0,0.0
N522AE,652.0,2019,2,5,2,4,2019-05-02,AA,AA_CODESHARE,19805,AA,5092,,,,,OH,20397,OH,5092,11986,1198603,31986,GRR,"Grand Rapids, MI",MI,26,Michigan,43,11057,1105703,31057,CLT,"Charlotte, NC",NC,37,North Carolina,36,636,16.0,16.0,1.0,1.0,0600-0659,11.0,703.0,831.0,9.0,836,840.0,4.0,4.0,0.0,0.0,0800-0859,0.0,,0.0,120.0,108.0,88.0,1.0,583.0,3,,,0.0,,0.0,,,,0,,,,,,,,,,,,,,,,,,,,,,,,,,,,,,,,,,,,,,,,,,,,,N,0.0,0.0,6.0,8.0,3.0,3.0,27.0,35.0,6,8,2.0,2.0,26.0,34.0,9,9,0,1.0,1.0,N522AE,N522AE-AA-0,27.0,39.0,8.0,35.0,47.0,,,0.0,27,35,0.0,0.0
N522AE,954.0,2019,2,5,2,4,2019-05-02,AA,AA_CODESHARE,19805,AA,5641,,,,,OH,20397,OH,5641,11057,1105703,31057,CLT,"Charlotte, NC",NC,37,North Carolina,36,11986,1198603,31986,GRR,"Grand Rapids, MI",MI,26,Michigan,43,920,34.0,34.0,1.0,2.0,0900-0959,21.0,1015.0,1143.0,4.0,1119,1147.0,28.0,28.0,1.0,1.0,1100-1159,0.0,,0.0,119.0,113.0,88.0,1.0,583.0,3,28.0,0.0,0.0,0.0,0.0,,,,0,,,,,,,,,,,,,,,,,,,,,,,,,,,,,,,,,,,,,,,,,,,,,N,0.0,0.0,9.0,11.0,4.0,3.0,40.0,47.0,9,11,1.0,1.0,37.0,45.0,2,2,1,1.0,0.0,N522AE,N522AE-AA-1,40.0,52.0,7.0,47.0,59.0,35.0,5.0,0.0,40,47,0.0,0.0
N522LR,852.0,2019,2,5,2,4,2019-05-02,UA,UA_CODESHARE,19977,UA,6333,,,,,YV,20378,YV,6333,12264,1226402,30852,IAD,"Washington, DC",VA,51,Virginia,38,13198,1319801,33198,MCI,"Kansas City, MO",MO,29,Missouri,64,900,-8.0,0.0,0.0,-1.0,0900-0959,16.0,908.0,1028.0,5.0,1042,1033.0,-9.0,0.0,0.0,-1.0,1000-1059,0.0,,0.0,162.0,161.0,140.0,1.0,926.0,4,,,0.0,,0.0,,,,0,,,,,,,,,,,,,,,,,,,,,,,,,,,,,,,,,,,,,,,,,,,,,N,0.0,4.0,8.0,10.0,3.0,2.0,35.0,46.0,9,10,0.0,3.0,36.0,47.0,2,2,0,0.0,0.0,N522LR,N522LR-UA-0,36.0,47.0,11.0,47.0,58.0,,,0.0,36,47,0.0,0.0
N522VA,553.0,2019,2,5,2,4,2019-05-02,AS,AS,19930,AS,1950,,,,,AS,19930,AS,1950,14771,1477104,32457,SFO,"San Francisco, CA",CA,6,California,91,14679,1467903,33570,SAN,"San Diego, CA",CA,6,California,91,600,-7.0,0.0,0.0,-1.0,0600-0659,12.0,605.0,716.0,3.0,735,719.0,-16.0,0.0,0.0,-2.0,0700-0759,0.0,,0.0,95.0,86.0,71.0,1.0,447.0,2,,,0.0,,0.0,,,,0,,,,,,,,,,,,,,,,,,,,,,,,,,,,,,,,,,,,,,,,,,,,,N,12.0,12.0,5.0,7.0,4.0,1.0,36.0,41.0,6,7,0.0,2.0,36.0,42.0,8,8,0,0.0,0.0,N522VA,N522VA-AS-0,36.0,48.0,5.0,41.0,53.0,,,0.0,36,41,0.0,0.0
N523AE,738.0,2019,2,5,2,4,2019-05-02,AA,AA_CODESHARE,19805,AA,5486,,,,,OH,20397,OH,5486,11996,1199603,31871,GSP,"Greer, SC",SC,45,South Carolina,37,14100,1410005,34100,PHL,"Philadelphia, PA",PA,42,Pennsylvania,23,743,-5.0,0.0,0.0,-1.0,0700-0759,13.0,751.0,917.0,16.0,930,933.0,3.0,3.0,0.0,0.0,0900-0959,0.0,,0.0,107.0,115.0,86.0,1.0,515.0,3,,,0.0,,0.0,,,,0,,,,,,,,,,,,,,,,,,,,,,,,,,,,,,,,,,,,,,,,,,,,,N,0.0,0.0,7.0,9.0,3.0,2.0,31.0,38.0,7,9,3.0,2.0,31.0,38.0,9,9,0,0.0,0.0,N523AE,N523AE-AA-0,31.0,43.0,7.0,38.0,50.0,,,0.0,31,38,0.0,0.0
N523JB,527.0,2019,2,5,2,4,2019-05-02,B6,B6,20409,B6,1678,,,,,B6,20409,B6,1678,12451,1245102,31136,JAX,"Jacksonville, FL",FL,12,Florida,33,12478,1247805,31703,JFK,"New York, NY",NY,36,New York,22,530,-3.0,0.0,0.0,-1.0,0001-0559,13.0,540.0,730.0,8.0,747,738.0,-9.0,0.0,0.0,-1.0,0700-0759,0.0,,0.0,137.0,131.0,110.0,1.0,828.0,4,,,0.0,,0.0,,,,0,,,,,,,,,,,,,,,,,,,,,,,,,,,,,,,,,,,,,,,,,,,,,N,0.0,0.0,5.0,7.0,2.0,3.0,22.0,31.0,5,7,2.0,3.0,22.0,31.0,1,1,0,1.0,1.0,N523JB,N523JB-B6-0,22.0,34.0,9.0,31.0,43.0,,,0.0,22,31,0.0,0.0
N523JB,840.0,2019,2,5,2,4,2019-05-02,B6,B6,20409,B6,2639,,,,,B6,20409,B6,2639,12478,1247805,31703,JFK,"New York, NY",NY,36,New York,22,10732,1073203,30732,BQN,"Aguadilla, PR",PR,72,Puerto Rico,3,846,-6.0,0.0,0.0,-1.0,0800-0859,48.0,928.0,1246.0,9.0,1249,1255.0,6.0,6.0,0.0,0.0,1200-1259,0.0,,0.0,243.0,255.0,198.0,1.0,1576.0,7,,,0.0,,0.0,,,,0,,,,,,,,,,,,,,,,,,,,,,,,,,,,,,,,,,,,,,,,,,,,,N,0.0,-4.0,8.0,12.0,3.0,4.0,35.0,48.0,8,12,3.0,3.0,35.0,47.0,9,9,1,1.0,0.0,N523JB,N523JB-B6-1,35.0,47.0,13.0,48.0,60.0,31.0,4.0,0.0,35,48,0.0,0.0
N523UW,132.0,2019,2,5,2,4,2019-05-02,AA,AA,19805,AA,599,,,,,AA,19805,AA,599,14107,1410702,30466,PHX,"Phoenix, AZ",AZ,4,Arizona,81,11057,1105703,31057,CLT,"Charlotte, NC",NC,37,North Carolina,36,127,5.0,5.0,0.0,0.0,0001-0559,11.0,143.0,827.0,11.0,821,838.0,17.0,17.0,1.0,1.0,0800-0859,0.0,,0.0,234.0,246.0,224.0,1.0,1773.0,8,5.0,0.0,12.0,0.0,0.0,,,,0,,,,,,,,,,,,,,,,,,,,,,,,,,,,,,,,,,,,,,,,,,,,,N,8.0,0.0,1.0,8.0,2.0,3.0,14.0,35.0,1,8,2.0,1.0,14.0,33.0,4,4,0,0.0,0.0,N523UW,N523UW-AA-0,14.0,26.0,21.0,35.0,47.0,,,1.0,14,37,2.0,8.62
N523VA,558.0,2019,2,5,2,4,2019-05-02,AS,AS,19930,AS,1897,,,,,AS,19930,AS,1897,12889,1288903,32211,LAS,"Las Vegas, NV",NV,32,Nevada,85,14771,1477104,32457,SFO,"San Francisco, CA",CA,6,California,91,610,-12.0,0.0,0.0,-1.0,0600-0659,24.0,622.0,733.0,7.0,745,740.0,-5.0,0.0,0.0,-1.0,0700-0759,0.0,,0.0,95.0,102.0,71.0,1.0,414.0,2,,,0.0,,0.0,,,,0,,,,,,,,,,,,,,,,,,,,,,,,,,,,,,,,,,,,,,,,,,,,,N,12.0,12.0,5.0,7.0,4.0,3.0,36.0,43.0,6,7,1.0,3.0,37.0,43.0,2,2,0,0.0,0.0,N523VA,N523VA-AS-0,37.0,48.0,7.0,44.0,55.0,,,0.0,40,48,4.0,11.66
N524AE,655.0,2019,2,5,2,4,2019-05-02,AA,AA_CODESHARE,19805,AA,5456,,,,,OH,20397,OH,5456,11267,1126702,31267,DAY,"Dayton, OH",OH,39,Ohio,44,13930,1393007,30977,ORD,"Chicago, IL",IL,17,Illinois,41,703,-8.0,0.0,0.0,-1.0,0700-0759,14.0,709.0,702.0,18.0,734,720.0,-14.0,0.0,0.0,-1.0,0700-0759,0.0,,0.0,91.0,85.0,53.0,1.0,240.0,1,,,0.0,,0.0,,,,0,,,,,,,,,,,,,,,,,,,,,,,,,,,,,,,,,,,,,,,,,,,,,N,0.0,4.0,6.0,7.0,4.0,1.0,28.0,33.0,7,7,0.0,2.0,28.0,34.0,9,9,0,1.0,1.0,N524AE,N524AE-AA-0,28.0,40.0,5.0,33.0,45.0,,,0.0,28,33,0.0,0.0
N524AE,810.0,2019,2,5,2,4,2019-05-02,AA,AA_CODESHARE,19805,AA,5157,,,,,OH,20397,OH,5157,13930,1393007,30977,ORD,"Chicago, IL",IL,17,Illinois,41,12945,1294503,32945,LEX,"Lexington, KY",KY,21,Kentucky,52,814,-4.0,0.0,0.0,-1.0,0800-0859,27.0,837.0,1034.0,6.0,1032,1040.0,8.0,8.0,0.0,0.0,1000-1059,0.0,,0.0,78.0,90.0,57.0,1.0,323.0,2,,,0.0,,0.0,,,,0,,,,,,,,,,,,,,,,,,,,,,,,,,,,,,,,,,,,,,,,,,,,,N,4.0,0.0,8.0,10.0,1.0,3.0,37.0,43.0,8,10,1.0,2.0,37.0,42.0,8,8,1,1.0,0.0,N524AE,N524AE-AA-1,37.0,49.0,6.0,43.0,55.0,33.0,4.0,0.0,37,43,0.0,0.0
N524AS,724.0,2019,2,5,2,4,2019-05-02,AS,AS,19930,AS,341,,,,,AS,19930,AS,341,11697,1169706,32467,FLL,"Fort Lauderdale, FL",FL,12,Florida,33,14747,1474703,30559,SEA,"Seattle, WA",WA,53,Washington,93,730,-6.0,0.0,0.0,-1.0,0700-0759,14.0,738.0,1102.0,7.0,1110,1109.0,-1.0,0.0,0.0,-1.0,1100-1159,0.0,,0.0,400.0,405.0,384.0,1.0,2717.0,11,,,0.0,,0.0,,,,0,,,,,,,,,,,,,,,,,,,,,,,,,,,,,,,,,,,,,,,,,,,,,N,0.0,12.0,7.0,11.0,2.0,1.0,30.0,57.0,7,11,2.0,1.0,30.0,57.0,3,3,0,0.0,0.0,N524AS,N524AS-AS-0,30.0,42.0,27.0,57.0,69.0,,,0.0,31,58,1.0,3.18
N524NK,557.0,2019,2,5,2,4,2019-05-02,NK,NK,20416,NK,1123,,,,,NK,20416,NK,1123,12451,1245102,31136,JAX,"Jacksonville, FL",FL,12,Florida,33,11697,1169706,32467,FLL,"Fort Lauderdale, FL",FL,12,Florida,33,600,-3.0,0.0,0.0,-1.0,0600-0659,13.0,610.0,708.0,6.0,728,714.0,-14.0,0.0,0.0,-1.0,0700-0759,0.0,,0.0,88.0,77.0,58.0,1.0,319.0,2,,,0.0,,0.0,,,,0,,,,,,,,,,,,,,,,,,,,,,,,,,,,,,,,,,,,,,,,,,,,,N,0.0,0.0,5.0,7.0,4.0,1.0,24.0,29.0,6,7,0.0,2.0,24.0,30.0,4,4,0,1.0,1.0,N524NK,N524NK-NK-0,24.0,36.0,5.0,29.0,41.0,,,0.0,24,29,0.0,0.0
N524NK,809.0,2019,2,5,2,4,2019-05-02,NK,NK,20416,NK,1008,,,,,NK,20416,NK,1008,11697,1169706,32467,FLL,"Fort Lauderdale, FL",FL,12,Florida,33,14100,1410005,34100,PHL,"Philadelphia, PA",PA,42,Pennsylvania,23,813,-4.0,0.0,0.0,-1.0,0800-0859,12.0,821.0,1037.0,8.0,1053,1045.0,-8.0,0.0,0.0,-1.0,1000-1059,0.0,,0.0,160.0,156.0,136.0,1.0,992.0,4,,,0.0,,0.0,,,,0,,,,,,,,,,,,,,,,,,,,,,,,,,,,,,,,,,,,,,,,,,,,,N,0.0,0.0,8.0,10.0,1.0,3.0,33.0,43.0,8,10,1.0,4.0,33.0,44.0,3,3,1,1.0,0.0,N524NK,N524NK-NK-1,33.0,45.0,10.0,43.0,55.0,29.0,4.0,0.0,40,51,8.0,40.48
N524UW,805.0,2019,2,5,2,4,2019-05-02,AA,AA,19805,AA,461,,,,,AA,19805,AA,461,13204,1320402,31454,MCO,"Orlando, FL",FL,12,Florida,33,11057,1105703,31057,CLT,"Charlotte, NC",NC,37,North Carolina,36,811,-6.0,0.0,0.0,-1.0,0800-0859,19.0,824.0,936.0,11.0,1006,947.0,-19.0,0.0,0.0,-2.0,1000-1059,0.0,,0.0,115.0,102.0,72.0,1.0,468.0,2,,,0.0,,0.0,,,,0,,,,,,,,,,,,,,,,,,,,,,,,,,,,,,,,,,,,,,,,,,,,,N,0.0,0.0,8.0,9.0,0.0,3.0,32.0,39.0,8,10,1.0,0.0,33.0,40.0,4,4,0,0.0,0.0,N524UW,N524UW-AA-0,33.0,44.0,7.0,40.0,51.0,,,0.0,33,40,0.0,0.0
N525AS,933.0,2019,2,5,2,4,2019-05-02,AS,AS,19930,AS,625,,,,,AS,19930,AS,625,12478,1247805,31703,JFK,"New York, NY",NY,36,New York,22,14771,1477104,32457,SFO,"San Francisco, CA",CA,6,California,91,940,-7.0,0.0,0.0,-1.0,0900-0959,23.0,956.0,1314.0,27.0,1315,1341.0,26.0,26.0,1.0,1.0,1300-1359,0.0,,0.0,395.0,428.0,378.0,1.0,2586.0,11,0.0,0.0,26.0,0.0,0.0,,,,0,,,,,,,,,,,,,,,,,,,,,,,,,,,,,,,,,,,,,,,,,,,,,N,0.0,12.0,9.0,13.0,2.0,3.0,38.0,67.0,9,13,3.0,1.0,39.0,65.0,9,9,0,0.0,0.0,N525AS,N525AS-AS-0,39.0,50.0,29.0,68.0,79.0,,,2.0,39,68,0.0,0.0
N526EA,720.0,2019,2,5,2,4,2019-05-02,AA,AA_CODESHARE,19805,AA,5158,,,,,OH,20397,OH,5158,11617,1161708,31617,EWN,"New Bern/Morehead/Beaufort, NC",NC,37,North Carolina,36,11057,1105703,31057,CLT,"Charlotte, NC",NC,37,North Carolina,36,728,-8.0,0.0,0.0,-1.0,0700-0759,15.0,735.0,830.0,5.0,856,835.0,-21.0,0.0,0.0,-2.0,0800-0859,0.0,,0.0,88.0,75.0,55.0,1.0,221.0,1,,,0.0,,0.0,,,,0,,,,,,,,,,,,,,,,,,,,,,,,,,,,,,,,,,,,,,,,,,,,,N,0.0,0.0,7.0,8.0,1.0,2.0,29.0,34.0,7,8,2.0,4.0,30.0,36.0,4,4,0,1.0,1.0,N526EA,N526EA-AA-0,30.0,41.0,5.0,35.0,46.0,,,0.0,30,35,0.0,0.0
N526EA,934.0,2019,2,5,2,4,2019-05-02,AA,AA_CODESHARE,19805,AA,5257,,,,,OH,20397,OH,5257,11057,1105703,31057,CLT,"Charlotte, NC",NC,37,North Carolina,36,13139,1313902,33139,LYH,"Lynchburg, VA",VA,51,Virginia,38,940,-6.0,0.0,0.0,-1.0,0900-0959,18.0,952.0,1028.0,5.0,1053,1033.0,-20.0,0.0,0.0,-2.0,1000-1059,0.0,,0.0,73.0,59.0,36.0,1.0,175.0,1,,,0.0,,0.0,,,,0,,,,,,,,,,,,,,,,,,,,,,,,,,,,,,,,,,,,,,,,,,,,,N,0.0,0.0,9.0,10.0,2.0,2.0,38.0,42.0,9,10,3.0,4.0,39.0,44.0,4,4,1,1.0,0.0,N526EA,N526EA-AA-1,39.0,50.0,4.0,43.0,54.0,34.0,4.0,0.0,39,43,0.0,0.0
N526JL,551.0,2019,2,5,2,4,2019-05-02,B6,B6,20409,B6,573,,,,,B6,20409,B6,573,11618,1161802,31703,EWR,"Newark, NJ",NJ,34,New Jersey,21,15304,1530402,33195,TPA,"Tampa, FL",FL,12,Florida,33,600,-9.0,0.0,0.0,-1.0,0600-0659,14.0,605.0,829.0,6.0,845,835.0,-10.0,0.0,0.0,-1.0,0800-0859,0.0,,0.0,165.0,164.0,144.0,1.0,997.0,4,,,0.0,,0.0,,,,0,,,,,,,,,,,,,,,,,,,,,,,,,,,,,,,,,,,,,,,,,,,,,N,0.0,0.0,5.0,8.0,3.0,2.0,23.0,34.0,6,8,0.0,3.0,24.0,35.0,4,4,0,1.0,1.0,N526JL,N526JL-B6-0,24.0,35.0,11.0,35.0,46.0,,,0.0,24,35,0.0,0.0
N526JL,925.0,2019,2,5,2,4,2019-05-02,B6,B6,20409,B6,574,,,,,B6,20409,B6,574,15304,1530402,33195,TPA,"Tampa, FL",FL,12,Florida,33,11618,1161802,31703,EWR,"Newark, NJ",NJ,34,New Jersey,21,929,-4.0,0.0,0.0,-1.0,0900-0959,9.0,934.0,1147.0,6.0,1212,1153.0,-19.0,0.0,0.0,-2.0,1200-1259,0.0,,0.0,163.0,148.0,133.0,1.0,997.0,4,,,0.0,,0.0,,,,0,,,,,,,,,,,,,,,,,,,,,,,,,,,,,,,,,,,,,,,,,,,,,N,0.0,0.0,9.0,11.0,2.0,4.0,38.0,48.0,9,12,2.0,1.0,38.0,49.0,7,7,1,1.0,0.0,N526JL,N526JL-B6-1,38.0,50.0,10.0,48.0,60.0,34.0,4.0,0.0,39,49,1.0,7.22
N526NK,614.0,2019,2,5,2,4,2019-05-02,NK,NK,20416,NK,1891,,,,,NK,20416,NK,1891,13204,1320402,31454,MCO,"Orlando, FL",FL,12,Florida,33,10721,1072102,30721,BOS,"Boston, MA",MA,25,Massachusetts,13,615,-1.0,0.0,0.0,-1.0,0600-0659,18.0,632.0,901.0,11.0,920,912.0,-8.0,0.0,0.0,-1.0,0900-0959,0.0,,0.0,185.0,178.0,149.0,1.0,1121.0,5,,,0.0,,0.0,,,,0,,,,,,,,,,,,,,,,,,,,,,,,,,,,,,,,,,,,,,,,,,,,,N,0.0,0.0,6.0,9.0,1.0,1.0,25.0,37.0,6,9,1.0,1.0,25.0,37.0,2,2,0,0.0,0.0,N526NK,N526NK-NK-0,25.0,37.0,12.0,37.0,49.0,,,0.0,26,39,2.0,4.94
N527EA,616.0,2019,2,5,2,4,2019-05-02,AA,AA_CODESHARE,19805,AA,3613,,,,,MQ,20398,MQ,3613,11111,1111105,32474,COU,"Columbia, MO",MO,29,Missouri,64,13930,1393007,30977,ORD,"Chicago, IL",IL,17,Illinois,41,621,-5.0,0.0,0.0,-1.0,0600-0659,12.0,628.0,726.0,7.0,744,733.0,-11.0,0.0,0.0,-1.0,0700-0759,0.0,,0.0,83.0,77.0,58.0,1.0,315.0,2,,,0.0,,0.0,,,,0,,,,,,,,,,,,,,,,,,,,,,,,,,,,,,,,,,,,,,,,,,,,,N,4.0,4.0,6.0,7.0,1.0,2.0,29.0,34.0,6,7,1.0,3.0,29.0,35.0,5,5,0,0.0,0.0,N527EA,N527EA-AA-0,29.0,41.0,5.0,34.0,46.0,,,0.0,29,34,0.0,0.0
N527JL,612.0,2019,2,5,2,4,2019-05-02,B6,B6,20409,B6,655,,,,,B6,20409,B6,655,15096,1509602,35096,SYR,"Syracuse, NY",NY,36,New York,22,13204,1320402,31454,MCO,"Orlando, FL",FL,12,Florida,33,620,-8.0,0.0,0.0,-1.0,0600-0659,14.0,626.0,854.0,4.0,907,858.0,-9.0,0.0,0.0,-1.0,0900-0959,0.0,,0.0,167.0,166.0,148.0,1.0,1053.0,5,,,0.0,,0.0,,,,0,,,,,,,,,,,,,,,,,,,,,,,,,,,,,,,,,,,,,,,,,,,,,N,0.0,0.0,6.0,8.0,1.0,4.0,25.0,36.0,6,9,1.0,0.0,25.0,36.0,2,2,0,0.0,0.0,N527JL,N527JL-B6-0,25.0,37.0,11.0,36.0,48.0,,,0.0,25,36,0.0,0.0
N527NK,643.0,2019,2,5,2,4,2019-05-02,NK,NK,20416,NK,843,,,,,NK,20416,NK,843,13930,1393007,30977,ORD,"Chicago, IL",IL,17,Illinois,41,13577,1357702,31135,MYR,"Myrtle Beach, SC",SC,45,South Carolina,37,645,-2.0,0.0,0.0,-1.0,0600-0659,13.0,656.0,934.0,7.0,950,941.0,-9.0,0.0,0.0,-1.0,0900-0959,0.0,,0.0,125.0,118.0,98.0,1.0,753.0,4,,,0.0,,0.0,,,,0,,,,,,,,,,,,,,,,,,,,,,,,,,,,,,,,,,,,,,,,,,,,,N,4.0,0.0,6.0,9.0,3.0,3.0,31.0,39.0,6,9,3.0,3.0,31.0,39.0,2,2,0,0.0,0.0,N527NK,N527NK-NK-0,31.0,43.0,8.0,39.0,51.0,,,0.0,31,39,0.0,0.0
N527VA,615.0,2019,2,5,2,4,2019-05-02,AS,AS,19930,AS,1429,,,,,AS,19930,AS,1429,14831,1483106,32457,SJC,"San Jose, CA",CA,6,California,91,12892,1289208,32575,LAX,"Los Angeles, CA",CA,6,California,91,620,-5.0,0.0,0.0,-1.0,0600-0659,23.0,638.0,731.0,18.0,745,749.0,4.0,4.0,0.0,0.0,0700-0759,0.0,,0.0,85.0,94.0,53.0,1.0,308.0,2,,,0.0,,0.0,,,,0,,,,,,,,,,,,,,,,,,,,,,,,,,,,,,,,,,,,,,,,,,,,,N,12.0,12.0,6.0,7.0,1.0,3.0,37.0,43.0,6,7,1.0,3.0,37.0,43.0,9,9,0,0.0,0.0,N527VA,N527VA-AS-0,37.0,49.0,6.0,43.0,55.0,,,0.0,37,43,0.0,0.0
N528EG,721.0,2019,2,5,2,4,2019-05-02,AA,AA_CODESHARE,19805,AA,3816,,,,,MQ,20398,MQ,3816,13930,1393007,30977,ORD,"Chicago, IL",IL,17,Illinois,41,11267,1126702,31267,DAY,"Dayton, OH",OH,39,Ohio,44,720,1.0,1.0,0.0,0.0,0700-0759,32.0,753.0,941.0,3.0,930,944.0,14.0,14.0,0.0,0.0,0900-0959,0.0,,0.0,70.0,83.0,48.0,1.0,240.0,1,,,0.0,,0.0,,,,0,,,,,,,,,,,,,,,,,,,,,,,,,,,,,,,,,,,,,,,,,,,,,N,4.0,0.0,7.0,9.0,1.0,3.0,33.0,39.0,7,9,1.0,2.0,33.0,38.0,6,6,0,0.0,0.0,N528EG,N528EG-AA-0,33.0,45.0,6.0,39.0,51.0,,,0.0,33,39,0.0,0.0
N529EA,617.0,2019,2,5,2,4,2019-05-02,AA,AA_CODESHARE,19805,AA,3689,,,,,MQ,20398,MQ,3689,14576,1457606,34576,ROC,"Rochester, NY",NY,36,New York,22,13930,1393007,30977,ORD,"Chicago, IL",IL,17,Illinois,41,622,-5.0,0.0,0.0,-1.0,0600-0659,17.0,634.0,717.0,21.0,729,738.0,9.0,9.0,0.0,0.0,0700-0759,0.0,,0.0,127.0,141.0,103.0,1.0,528.0,3,,,0.0,,0.0,,,,0,,,,,,,,,,,,,,,,,,,,,,,,,,,,,,,,,,,,,,,,,,,,,N,0.0,4.0,6.0,7.0,1.0,3.0,25.0,35.0,6,7,1.0,2.0,25.0,34.0,8,8,0,1.0,1.0,N529EA,N529EA-AA-0,25.0,37.0,10.0,35.0,47.0,,,0.0,25,35,0.0,0.0
N529EA,821.0,2019,2,5,2,4,2019-05-02,AA,AA_CODESHARE,19805,AA,3838,,,,,MQ,20398,MQ,3838,13930,1393007,30977,ORD,"Chicago, IL",IL,17,Illinois,41,14576,1457606,34576,ROC,"Rochester, NY",NY,36,New York,22,825,-4.0,0.0,0.0,-1.0,0800-0859,38.0,859.0,1108.0,3.0,1107,1111.0,4.0,4.0,0.0,0.0,1100-1159,0.0,,0.0,102.0,110.0,69.0,1.0,528.0,3,,,0.0,,0.0,,,,0,,,,,,,,,,,,,,,,,,,,,,,,,,,,,,,,,,,,,,,,,,,,,N,4.0,0.0,8.0,11.0,1.0,1.0,37.0,45.0,8,11,2.0,0.0,38.0,44.0,7,7,1,1.0,0.0,N529EA,N529EA-AA-1,38.0,49.0,8.0,46.0,57.0,35.0,2.0,0.0,38,46,0.0,0.0
N529JB,557.0,2019,2,5,2,4,2019-05-02,B6,B6,20409,B6,1022,,,,,B6,20409,B6,1022,14027,1402702,34027,PBI,"West Palm Beach/Palm Beach, FL",FL,12,Florida,33,10721,1072102,30721,BOS,"Boston, MA",MA,25,Massachusetts,13,600,-3.0,0.0,0.0,-1.0,0600-0659,10.0,607.0,837.0,6.0,903,843.0,-20.0,0.0,0.0,-2.0,0900-0959,0.0,,0.0,183.0,166.0,150.0,1.0,1197.0,5,,,0.0,,0.0,,,,0,,,,,,,,,,,,,,,,,,,,,,,,,,,,,,,,,,,,,,,,,,,,,N,0.0,0.0,5.0,8.0,4.0,3.0,24.0,35.0,6,9,0.0,0.0,24.0,36.0,1,1,0,1.0,1.0,N529JB,N529JB-B6-0,24.0,36.0,11.0,35.0,47.0,,,0.0,24,35,0.0,0.0
N529JB,940.0,2019,2,5,2,4,2019-05-02,B6,B6,20409,B6,1667,,,,,B6,20409,B6,1667,10721,1072102,30721,BOS,"Boston, MA",MA,25,Massachusetts,13,10994,1099402,30994,CHS,"Charleston, SC",SC,45,South Carolina,37,940,0.0,0.0,0.0,0.0,0900-0959,27.0,1007.0,1159.0,4.0,1210,1203.0,-7.0,0.0,0.0,-1.0,1200-1259,0.0,,0.0,150.0,143.0,112.0,1.0,818.0,4,,,0.0,,0.0,,,,0,,,,,,,,,,,,,,,,,,,,,,,,,,,,,,,,,,,,,,,,,,,,,N,0.0,0.0,9.0,12.0,3.0,0.0,39.0,48.0,9,12,3.0,1.0,39.0,49.0,8,8,1,1.0,0.0,N529JB,N529JB-B6-1,39.0,51.0,9.0,48.0,60.0,35.0,4.0,0.0,39,48,0.0,0.0
N530EA,618.0,2019,2,5,2,4,2019-05-02,AA,AA_CODESHARE,19805,AA,5297,,,,,OH,20397,OH,5297,15295,1529502,35165,TOL,"Toledo, OH",OH,39,Ohio,44,11057,1105703,31057,CLT,"Charlotte, NC",NC,37,North Carolina,36,624,-6.0,0.0,0.0,-1.0,0600-0659,7.0,625.0,736.0,24.0,814,800.0,-14.0,0.0,0.0,-1.0,0800-0859,0.0,,0.0,110.0,102.0,71.0,1.0,466.0,2,,,0.0,,0.0,,,,0,,,,,,,,,,,,,,,,,,,,,,,,,,,,,,,,,,,,,,,,,,,,,N,0.0,0.0,6.0,8.0,1.0,0.0,25.0,32.0,6,8,2.0,1.0,26.0,33.0,5,5,0,1.0,1.0,N530EA,N530EA-AA-0,26.0,37.0,7.0,33.0,44.0,,,0.0,26,33,0.0,0.0
N530EA,858.0,2019,2,5,2,4,2019-05-02,AA,AA_CODESHARE,19805,AA,5676,,,,,OH,20397,OH,5676,11057,1105703,31057,CLT,"Charlotte, NC",NC,37,North Carolina,36,12217,1221702,30255,HSV,"Huntsville, AL",AL,1,Alabama,51,900,-2.0,0.0,0.0,-1.0,0900-0959,9.0,907.0,900.0,6.0,921,906.0,-15.0,0.0,0.0,-1.0,0900-0959,0.0,,0.0,81.0,68.0,53.0,1.0,333.0,2,,,0.0,,0.0,,,,0,,,,,,,,,,,,,,,,,,,,,,,,,,,,,,,,,,,,,,,,,,,,,N,0.0,4.0,8.0,9.0,4.0,0.0,36.0,40.0,9,9,0.0,1.0,36.0,41.0,9,9,1,1.0,0.0,N530EA,N530EA-AA-1,36.0,48.0,4.0,40.0,52.0,32.0,4.0,0.0,37,41,1.0,9.22
N531EG,702.0,2019,2,5,2,4,2019-05-02,AA,AA_CODESHARE,19805,AA,3347,,,,,MQ,20398,MQ,3347,10140,1014005,30140,ABQ,"Albuquerque, NM",NM,35,New Mexico,86,13930,1393007,30977,ORD,"Chicago, IL",IL,17,Illinois,41,702,0.0,0.0,0.0,0.0,0700-0759,16.0,718.0,1048.0,16.0,1049,1104.0,15.0,15.0,1.0,1.0,1000-1059,0.0,,0.0,167.0,182.0,150.0,1.0,1118.0,5,0.0,0.0,15.0,0.0,0.0,,,,0,,,,,,,,,,,,,,,,,,,,,,,,,,,,,,,,,,,,,,,,,,,,,N,8.0,4.0,7.0,11.0,0.0,0.0,36.0,48.0,7,10,0.0,3.0,36.0,47.0,8,8,0,0.0,0.0,N531EG,N531EG-AA-0,36.0,48.0,12.0,48.0,60.0,,,1.0,36,48,0.0,0.0
N531JL,723.0,2019,2,5,2,4,2019-05-02,B6,B6,20409,B6,2581,,,,,B6,20409,B6,2581,11697,1169706,32467,FLL,"Fort Lauderdale, FL",FL,12,Florida,33,10693,1069302,30693,BNA,"Nashville, TN",TN,47,Tennessee,54,720,3.0,3.0,0.0,0.0,0700-0759,24.0,747.0,836.0,5.0,839,841.0,2.0,2.0,0.0,0.0,0800-0859,0.0,,0.0,139.0,138.0,109.0,1.0,793.0,4,,,0.0,,0.0,,,,0,,,,,,,,,,,,,,,,,,,,,,,,,,,,,,,,,,,,,,,,,,,,,N,0.0,4.0,7.0,8.0,2.0,3.0,30.0,39.0,7,8,1.0,3.0,29.0,39.0,9,9,0,0.0,0.0,N531JL,N531JL-B6-0,30.0,42.0,9.0,39.0,51.0,,,0.0,30,39,0.0,0.0
N532NK,913.0,2019,2,5,2,4,2019-05-02,NK,NK,20416,NK,1736,,,,,NK,20416,NK,1736,11697,1169706,32467,FLL,"Fort Lauderdale, FL",FL,12,Florida,33,14524,1452401,34524,RIC,"Richmond, VA",VA,51,Virginia,38,922,-9.0,0.0,0.0,-1.0,0900-0959,13.0,926.0,1118.0,5.0,1136,1123.0,-13.0,0.0,0.0,-1.0,1100-1159,0.0,,0.0,134.0,130.0,112.0,1.0,805.0,4,,,0.0,,0.0,,,,0,,,,,,,,,,,,,,,,,,,,,,,,,,,,,,,,,,,,,,,,,,,,,N,0.0,0.0,9.0,11.0,1.0,2.0,37.0,46.0,9,11,1.0,2.0,37.0,46.0,2,2,0,0.0,0.0,N532NK,N532NK-NK-0,37.0,49.0,9.0,46.0,58.0,,,0.0,41,50,4.0,12.14
N533AE,703.0,2019,2,5,2,4,2019-05-02,AA,AA_CODESHARE,19805,AA,3346,,,,,MQ,20398,MQ,3346,13930,1393007,30977,ORD,"Chicago, IL",IL,17,Illinois,41,14524,1452401,34524,RIC,"Richmond, VA",VA,51,Virginia,38,705,-2.0,0.0,0.0,-1.0,0700-0759,28.0,731.0,958.0,6.0,1002,1004.0,2.0,2.0,0.0,0.0,1000-1059,0.0,,0.0,117.0,121.0,87.0,1.0,642.0,3,,,0.0,,0.0,,,,0,,,,,,,,,,,,,,,,,,,,,,,,,,,,,,,,,,,,,,,,,,,,,N,4.0,0.0,7.0,10.0,0.0,0.0,32.0,40.0,7,10,0.0,0.0,32.0,40.0,5,5,0,0.0,0.0,N533AE,N533AE-AA-0,32.0,44.0,8.0,40.0,52.0,,,0.0,32,40,0.0,0.0
N533AS,613.0,2019,2,5,2,4,2019-05-02,AS,AS,19930,AS,499,,,,,AS,19930,AS,499,14679,1467903,33570,SAN,"San Diego, CA",CA,6,California,91,14747,1474703,30559,SEA,"Seattle, WA",WA,53,Washington,93,615,-2.0,0.0,0.0,-1.0,0600-0659,22.0,635.0,917.0,7.0,920,924.0,4.0,4.0,0.0,0.0,0900-0959,0.0,,0.0,185.0,191.0,162.0,1.0,1050.0,5,,,0.0,,0.0,,,,0,,,,,,,,,,,,,,,,,,,,,,,,,,,,,,,,,,,,,,,,,,,,,N,12.0,12.0,6.0,9.0,1.0,2.0,37.0,50.0,6,9,1.0,1.0,37.0,49.0,1,1,0,0.0,0.0,N533AS,N533AS-AS-0,37.0,49.0,13.0,50.0,62.0,,,0.0,37,51,1.0,1.22
N533NK,610.0,2019,2,5,2,4,2019-05-02,NK,NK,20416,NK,296,,,,,NK,20416,NK,296,12892,1289208,32575,LAX,"Los Angeles, CA",CA,6,California,91,11298,1129806,30194,DFW,"Dallas/Fort Worth, TX",TX,48,Texas,74,615,-5.0,0.0,0.0,-1.0,0600-0659,17.0,627.0,1056.0,11.0,1122,1107.0,-15.0,0.0,0.0,-1.0,1100-1159,0.0,,0.0,187.0,177.0,149.0,1.0,1235.0,5,,,0.0,,0.0,,,,0,,,,,,,,,,,,,,,,,,,,,,,,,,,,,,,,,,,,,,,,,,,,,N,12.0,4.0,6.0,11.0,1.0,0.0,37.0,48.0,6,11,1.0,1.0,37.0,49.0,3,3,0,0.0,0.0,N533NK,N533NK-NK-0,37.0,49.0,11.0,48.0,60.0,,,0.0,37,49,1.0,3.24
N53441,614.0,2019,2,5,2,4,2019-05-02,UA,UA,19977,UA,270,,,,,UA,19977,UA,270,10821,1082106,30852,BWI,"Baltimore, MD",MD,24,Maryland,35,11292,1129202,30325,DEN,"Denver, CO",CO,8,Colorado,82,615,-1.0,0.0,0.0,-1.0,0600-0659,17.0,631.0,814.0,7.0,814,821.0,7.0,7.0,0.0,0.0,0800-0859,0.0,,0.0,239.0,247.0,223.0,1.0,1491.0,6,,,0.0,,0.0,,,,0,,,,,,,,,,,,,,,,,,,,,,,,,,,,,,,,,,,,,,,,,,,,,N,0.0,8.0,6.0,8.0,1.0,1.0,25.0,41.0,6,8,1.0,1.0,25.0,41.0,8,8,0,0.0,0.0,N53441,N53441-UA-0,25.0,37.0,16.0,41.0,53.0,,,0.0,25,41,0.0,0.0
N53442,641.0,2019,2,5,2,4,2019-05-02,UA,UA,19977,UA,2051,,,,,UA,19977,UA,2051,15304,1530402,33195,TPA,"Tampa, FL",FL,12,Florida,33,14771,1477104,32457,SFO,"San Francisco, CA",CA,6,California,91,645,-4.0,0.0,0.0,-1.0,0600-0659,15.0,656.0,926.0,9.0,941,935.0,-6.0,0.0,0.0,-1.0,0900-0959,0.0,,0.0,356.0,354.0,330.0,1.0,2393.0,10,,,0.0,,0.0,,,,0,,,,,,,,,,,,,,,,,,,,,,,,,,,,,,,,,,,,,,,,,,,,,N,0.0,12.0,6.0,9.0,3.0,2.0,27.0,50.0,6,9,3.0,3.0,27.0,51.0,5,5,0,0.0,0.0,N53442,N53442-UA-0,27.0,39.0,23.0,50.0,62.0,,,0.0,27,50,0.0,0.0
N534AE,652.0,2019,2,5,2,4,2019-05-02,AA,AA_CODESHARE,19805,AA,5410,,,,,OH,20397,OH,5410,11423,1142307,31423,DSM,"Des Moines, IA",IA,19,Iowa,61,11278,1127805,30852,DCA,"Washington, DC",VA,51,Virginia,38,700,-8.0,0.0,0.0,-1.0,0700-0759,13.0,705.0,1008.0,7.0,1026,1015.0,-11.0,0.0,0.0,-1.0,1000-1059,0.0,,0.0,146.0,143.0,123.0,1.0,897.0,4,,,0.0,,0.0,,,,0,,,,,,,,,,,,,,,,,,,,,,,,,,,,,,,,,,,,,,,,,,,,,N,4.0,0.0,6.0,10.0,3.0,1.0,31.0,41.0,7,10,0.0,2.0,32.0,42.0,9,9,0,0.0,0.0,N534AE,N534AE-AA-0,32.0,43.0,10.0,42.0,53.0,,,0.0,32,42,0.0,0.0
N535EA,650.0,2019,2,5,2,4,2019-05-02,AA,AA_CODESHARE,19805,AA,4123,,,,,MQ,20398,MQ,4123,12945,1294503,32945,LEX,"Lexington, KY",KY,21,Kentucky,52,13930,1393007,30977,ORD,"Chicago, IL",IL,17,Illinois,41,700,-10.0,0.0,0.0,-1.0,0700-0759,11.0,701.0,703.0,29.0,739,732.0,-7.0,0.0,0.0,-1.0,0700-0759,0.0,,0.0,99.0,102.0,62.0,1.0,323.0,2,,,0.0,,0.0,,,,0,,,,,,,,,,,,,,,,,,,,,,,,,,,,,,,,,,,,,,,,,,,,,N,0.0,4.0,6.0,7.0,3.0,2.0,27.0,34.0,7,7,0.0,3.0,28.0,35.0,8,8,0,0.0,0.0,N535EA,N535EA-AA-0,28.0,39.0,7.0,35.0,46.0,,,0.0,28,35,0.0,0.0
N535NK,649.0,2019,2,5,2,4,2019-05-02,NK,NK,20416,NK,1153,,,,,NK,20416,NK,1153,11618,1161802,31703,EWR,"Newark, NJ",NJ,34,New Jersey,21,13495,1349505,33495,MSY,"New Orleans, LA",LA,22,Louisiana,72,700,-11.0,0.0,0.0,-1.0,0700-0759,14.0,703.0,847.0,10.0,905,857.0,-8.0,0.0,0.0,-1.0,0900-0959,0.0,,0.0,185.0,188.0,164.0,1.0,1167.0,5,,,0.0,,0.0,,,,0,,,,,,,,,,,,,,,,,,,,,,,,,,,,,,,,,,,,,,,,,,,,,N,0.0,4.0,6.0,8.0,3.0,4.0,27.0,40.0,7,9,0.0,0.0,28.0,40.0,4,4,0,0.0,0.0,N535NK,N535NK-NK-0,28.0,39.0,13.0,41.0,52.0,,,0.0,28,41,0.0,0.0
N535US,33.0,2019,2,5,2,4,2019-05-02,DL,DL,19790,DL,485,,,,,DL,19790,DL,485,12892,1289208,32575,LAX,"Los Angeles, CA",CA,6,California,91,13487,1348702,31650,MSP,"Minneapolis, MN",MN,27,Minnesota,63,35,-2.0,0.0,0.0,-1.0,0001-0559,23.0,56.0,550.0,4.0,615,554.0,-21.0,0.0,0.0,-2.0,0600-0659,0.0,,0.0,220.0,201.0,174.0,1.0,1535.0,7,,,0.0,,0.0,,,,0,,,,,,,,,,,,,,,,,,,,,,,,,,,,,,,,,,,,,,,,,,,,,N,12.0,4.0,0.0,5.0,2.0,4.0,14.0,28.0,0,6,2.0,1.0,14.0,29.0,6,6,0,1.0,1.0,N535US,N535US-DL-0,14.0,26.0,14.0,28.0,40.0,,,0.0,14,28,0.0,0.0
N535US,729.0,2019,2,5,2,4,2019-05-02,DL,DL,19790,DL,1565,,,,,DL,19790,DL,1565,13487,1348702,31650,MSP,"Minneapolis, MN",MN,27,Minnesota,63,10397,1039707,30397,ATL,"Atlanta, GA",GA,13,Georgia,34,730,-1.0,0.0,0.0,-1.0,0700-0759,17.0,746.0,1125.0,11.0,1056,1136.0,40.0,40.0,1.0,2.0,1000-1059,0.0,,0.0,146.0,187.0,159.0,1.0,907.0,4,0.0,0.0,40.0,0.0,0.0,,,,0,,,,,,,,,,,,,,,,,,,,,,,,,,,,,,,,,,,,,,,,,,,,,N,4.0,0.0,7.0,11.0,2.0,2.0,34.0,46.0,7,10,2.0,4.0,34.0,44.0,6,6,1,1.0,0.0,N535US,N535US-DL-1,34.0,46.0,12.0,46.0,58.0,28.0,6.0,3.0,34,46,0.0,0.0
N535UW,458.0,2019,2,5,2,4,2019-05-02,AA,AA,19805,AA,2090,,,,,AA,19805,AA,2090,13204,1320402,31454,MCO,"Orlando, FL",FL,12,Florida,33,11057,1105703,31057,CLT,"Charlotte, NC",NC,37,North Carolina,36,500,-2.0,0.0,0.0,-1.0,0001-0559,18.0,516.0,634.0,9.0,638,643.0,5.0,5.0,0.0,0.0,0600-0659,0.0,,0.0,98.0,105.0,78.0,1.0,468.0,2,,,0.0,,0.0,,,,0,,,,,,,,,,,,,,,,,,,,,,,,,,,,,,,,,,,,,,,,,,,,,N,0.0,0.0,4.0,6.0,4.0,3.0,20.0,27.0,5,6,0.0,3.0,20.0,27.0,6,6,0,1.0,1.0,N535UW,N535UW-AA-0,20.0,32.0,7.0,27.0,39.0,,,0.0,20,27,0.0,0.0
N535UW,740.0,2019,2,5,2,4,2019-05-02,AA,AA,19805,AA,1786,,,,,AA,19805,AA,1786,11057,1105703,31057,CLT,"Charlotte, NC",NC,37,North Carolina,36,14027,1402702,34027,PBI,"West Palm Beach/Palm Beach, FL",FL,12,Florida,33,735,5.0,5.0,0.0,0.0,0700-0759,23.0,803.0,930.0,4.0,930,934.0,4.0,4.0,0.0,0.0,0900-0959,0.0,,0.0,115.0,114.0,87.0,1.0,590.0,3,,,0.0,,0.0,,,,0,,,,,,,,,,,,,,,,,,,,,,,,,,,,,,,,,,,,,,,,,,,,,N,0.0,0.0,7.0,9.0,3.0,2.0,31.0,38.0,7,9,2.0,2.0,30.0,38.0,4,4,1,1.0,0.0,N535UW,N535UW-AA-1,31.0,43.0,7.0,38.0,50.0,27.0,4.0,0.0,31,38,0.0,0.0
N536EA,655.0,2019,2,5,2,4,2019-05-02,AA,AA_CODESHARE,19805,AA,3651,,,,,MQ,20398,MQ,3651,10257,1025702,30257,ALB,"Albany, NY",NY,36,New York,22,13930,1393007,30977,ORD,"Chicago, IL",IL,17,Illinois,41,703,-8.0,0.0,0.0,-1.0,0700-0759,12.0,707.0,803.0,25.0,840,828.0,-12.0,0.0,0.0,-1.0,0800-0859,0.0,,0.0,157.0,153.0,116.0,1.0,723.0,3,,,0.0,,0.0,,,,0,,,,,,,,,,,,,,,,,,,,,,,,,,,,,,,,,,,,,,,,,,,,,N,0.0,4.0,6.0,8.0,4.0,2.0,28.0,38.0,7,8,0.0,3.0,28.0,39.0,1,1,0,0.0,0.0,N536EA,N536EA-AA-0,28.0,40.0,10.0,38.0,50.0,,,0.0,28,38,0.0,0.0
N536JB,551.0,2019,2,5,2,4,2019-05-02,B6,B6,20409,B6,2465,,,,,B6,20409,B6,2465,10792,1079206,30792,BUF,"Buffalo, NY",NY,36,New York,22,11697,1169706,32467,FLL,"Fort Lauderdale, FL",FL,12,Florida,33,600,-9.0,0.0,0.0,-1.0,0600-0659,11.0,602.0,841.0,6.0,901,847.0,-14.0,0.0,0.0,-1.0,0900-0959,0.0,,0.0,181.0,176.0,159.0,1.0,1166.0,5,,,0.0,,0.0,,,,0,,,,,,,,,,,,,,,,,,,,,,,,,,,,,,,,,,,,,,,,,,,,,N,0.0,0.0,5.0,8.0,3.0,3.0,23.0,35.0,6,9,0.0,0.0,24.0,36.0,6,6,0,0.0,0.0,N536JB,N536JB-B6-0,24.0,35.0,12.0,36.0,47.0,,,0.0,24,36,0.0,0.0
N536NK,746.0,2019,2,5,2,4,2019-05-02,NK,NK,20416,NK,517,,,,,NK,20416,NK,517,11697,1169706,32467,FLL,"Fort Lauderdale, FL",FL,12,Florida,33,10423,1042302,30423,AUS,"Austin, TX",TX,48,Texas,74,750,-4.0,0.0,0.0,-1.0,0700-0759,9.0,755.0,921.0,25.0,1000,946.0,-14.0,0.0,0.0,-1.0,1000-1059,0.0,,0.0,190.0,180.0,146.0,1.0,1105.0,5,,,0.0,,0.0,,,,0,,,,,,,,,,,,,,,,,,,,,,,,,,,,,,,,,,,,,,,,,,,,,N,0.0,4.0,7.0,9.0,3.0,3.0,31.0,43.0,7,10,3.0,0.0,31.0,44.0,5,5,0,0.0,0.0,N536NK,N536NK-NK-0,31.0,43.0,12.0,43.0,55.0,,,0.0,31,43,0.0,0.0
N536UW,710.0,2019,2,5,2,4,2019-05-02,AA,AA,19805,AA,2386,,,,,AA,19805,AA,2386,11298,1129806,30194,DFW,"Dallas/Fort Worth, TX",TX,48,Texas,74,13303,1330303,32467,MIA,"Miami, FL",FL,12,Florida,33,705,5.0,5.0,0.0,0.0,0700-0759,26.0,736.0,1112.0,6.0,1059,1118.0,19.0,19.0,1.0,1.0,1000-1059,0.0,,0.0,174.0,188.0,156.0,1.0,1121.0,5,5.0,0.0,14.0,0.0,0.0,,,,0,,,,,,,,,,,,,,,,,,,,,,,,,,,,,,,,,,,,,,,,,,,,,N,4.0,0.0,7.0,11.0,1.0,1.0,33.0,45.0,7,10,0.0,4.0,32.0,44.0,6,6,0,0.0,0.0,N536UW,N536UW-AA-0,32.0,45.0,12.0,44.0,57.0,,,1.0,32,44,0.0,0.0
N537EA,703.0,2019,2,5,2,4,2019-05-02,AA,AA_CODESHARE,19805,AA,5624,,,,,OH,20397,OH,5624,13485,1348502,33485,MSN,"Madison, WI",WI,55,Wisconsin,45,11057,1105703,31057,CLT,"Charlotte, NC",NC,37,North Carolina,36,713,-10.0,0.0,0.0,-1.0,0700-0759,10.0,713.0,1001.0,26.0,1035,1027.0,-8.0,0.0,0.0,-1.0,1000-1059,0.0,,0.0,142.0,144.0,108.0,1.0,708.0,3,,,0.0,,0.0,,,,0,,,,,,,,,,,,,,,,,,,,,,,,,,,,,,,,,,,,,,,,,,,,,N,4.0,0.0,7.0,10.0,0.0,2.0,32.0,42.0,7,10,1.0,2.0,33.0,42.0,1,1,0,0.0,0.0,N537EA,N537EA-AA-0,33.0,44.0,10.0,43.0,54.0,,,0.0,33,43,0.0,0.0
N538CA,804.0,2019,2,5,2,4,2019-05-02,DL,DL_CODESHARE,19790,DL,3308,,,,,9E,20363,9E,3308,10721,1072102,30721,BOS,"Boston, MA",MA,25,Massachusetts,13,13198,1319801,33198,MCI,"Kansas City, MO",MO,29,Missouri,64,810,-6.0,0.0,0.0,-1.0,0800-0859,27.0,831.0,1042.0,6.0,1047,1048.0,1.0,1.0,0.0,0.0,1000-1059,0.0,,0.0,217.0,224.0,191.0,1.0,1256.0,6,,,0.0,,0.0,,,,0,,,,,,,,,,,,,,,,,,,,,,,,,,,,,,,,,,,,,,,,,,,,,N,0.0,4.0,8.0,10.0,0.0,3.0,32.0,47.0,8,10,1.0,3.0,33.0,47.0,4,4,0,0.0,0.0,N538CA,N538CA-DL-0,33.0,44.0,15.0,48.0,59.0,,,0.0,33,48,0.0,0.0
N538EG,844.0,2019,2,5,2,4,2019-05-02,AA,AA_CODESHARE,19805,AA,3535,,,,,MQ,20398,MQ,3535,13459,1345903,33459,MQT,"Marquette, MI",MI,26,Michigan,43,13930,1393007,30977,ORD,"Chicago, IL",IL,17,Illinois,41,843,1.0,1.0,0.0,0.0,0800-0859,37.0,921.0,921.0,17.0,910,938.0,28.0,28.0,1.0,1.0,0900-0959,0.0,,0.0,87.0,114.0,60.0,1.0,303.0,2,0.0,0.0,28.0,0.0,0.0,,,,0,,,,,,,,,,,,,,,,,,,,,,,,,,,,,,,,,,,,,,,,,,,,,N,0.0,4.0,8.0,9.0,3.0,3.0,35.0,43.0,8,9,3.0,1.0,35.0,41.0,4,4,0,0.0,0.0,N538EG,N538EG-AA-0,35.0,47.0,8.0,43.0,55.0,,,2.0,35,43,0.0,0.0
N538US,39.0,2019,2,5,2,4,2019-05-02,DL,DL,19790,DL,2440,,,,,DL,19790,DL,2440,14747,1474703,30559,SEA,"Seattle, WA",WA,53,Washington,93,13487,1348702,31650,MSP,"Minneapolis, MN",MN,27,Minnesota,63,40,-1.0,0.0,0.0,-1.0,0001-0559,14.0,53.0,542.0,5.0,556,547.0,-9.0,0.0,0.0,-1.0,0001-0559,0.0,,0.0,196.0,188.0,169.0,1.0,1399.0,6,,,0.0,,0.0,,,,0,,,,,,,,,,,,,,,,,,,,,,,,,,,,,,,,,,,,,,,,,,,,,N,12.0,4.0,0.0,5.0,3.0,3.0,15.0,27.0,0,5,3.0,4.0,15.0,28.0,8,8,0,1.0,1.0,N538US,N538US-DL-0,15.0,27.0,12.0,27.0,39.0,,,0.0,15,27,0.0,0.0
N538US,709.0,2019,2,5,2,4,2019-05-02,DL,DL,19790,DL,777,,,,,DL,19790,DL,777,13487,1348702,31650,MSP,"Minneapolis, MN",MN,27,Minnesota,63,12892,1289208,32575,LAX,"Los Angeles, CA",CA,6,California,91,711,-2.0,0.0,0.0,-1.0,0700-0759,18.0,727.0,903.0,8.0,905,911.0,6.0,6.0,0.0,0.0,0900-0959,0.0,,0.0,234.0,242.0,216.0,1.0,1535.0,7,,,0.0,,0.0,,,,0,,,,,,,,,,,,,,,,,,,,,,,,,,,,,,,,,,,,,,,,,,,,,N,4.0,12.0,7.0,9.0,1.0,1.0,33.0,49.0,7,9,1.0,0.0,33.0,48.0,9,9,1,1.0,0.0,N538US,N538US-DL-1,33.0,45.0,16.0,49.0,61.0,27.0,6.0,0.0,33,49,0.0,0.0
N539EA,649.0,2019,2,5,2,4,2019-05-02,AA,AA_CODESHARE,19805,AA,5081,,,,,OH,20397,OH,5081,13139,1313902,33139,LYH,"Lynchburg, VA",VA,51,Virginia,38,11057,1105703,31057,CLT,"Charlotte, NC",NC,37,North Carolina,36,652,-3.0,0.0,0.0,-1.0,0600-0659,21.0,710.0,746.0,11.0,805,757.0,-8.0,0.0,0.0,-1.0,0800-0859,0.0,,0.0,73.0,68.0,36.0,1.0,175.0,1,,,0.0,,0.0,,,,0,,,,,,,,,,,,,,,,,,,,,,,,,,,,,,,,,,,,,,,,,,,,,N,0.0,0.0,6.0,7.0,3.0,4.0,27.0,32.0,6,8,3.0,0.0,27.0,32.0,4,4,0,1.0,1.0,N539EA,N539EA-AA-0,27.0,39.0,5.0,32.0,44.0,,,0.0,27,32,0.0,0.0
N539EA,856.0,2019,2,5,2,4,2019-05-02,AA,AA_CODESHARE,19805,AA,5177,,,,,OH,20397,OH,5177,11057,1105703,31057,CLT,"Charlotte, NC",NC,37,North Carolina,36,11953,1195302,31953,GNV,"Gainesville, FL",FL,12,Florida,33,856,0.0,0.0,0.0,0.0,0800-0859,13.0,909.0,1011.0,5.0,1018,1016.0,-2.0,0.0,0.0,-1.0,1000-1059,0.0,,0.0,82.0,80.0,62.0,1.0,388.0,2,,,0.0,,0.0,,,,0,,,,,,,,,,,,,,,,,,,,,,,,,,,,,,,,,,,,,,,,,,,,,N,0.0,0.0,8.0,10.0,4.0,1.0,36.0,41.0,8,10,4.0,1.0,36.0,41.0,4,4,1,1.0,0.0,N539EA,N539EA-AA-1,36.0,48.0,5.0,41.0,53.0,32.0,4.0,0.0,36,41,0.0,0.0
N540EA,538.0,2019,2,5,2,4,2019-05-02,AA,AA_CODESHARE,19805,AA,5575,,,,,OH,20397,OH,5575,11641,1164102,31641,FAY,"Fayetteville, NC",NC,37,North Carolina,36,11057,1105703,31057,CLT,"Charlotte, NC",NC,37,North Carolina,36,545,-7.0,0.0,0.0,-1.0,0001-0559,55.0,633.0,709.0,6.0,642,715.0,33.0,33.0,1.0,2.0,0600-0659,0.0,,0.0,57.0,97.0,36.0,1.0,118.0,1,0.0,0.0,33.0,0.0,0.0,,,,0,,,,,,,,,,,,,,,,,,,,,,,,,,,,,,,,,,,,,,,,,,,,,N,0.0,0.0,5.0,7.0,3.0,1.0,23.0,29.0,5,6,3.0,3.0,23.0,27.0,6,6,0,1.0,1.0,N540EA,N540EA-AA-0,23.0,35.0,6.0,29.0,41.0,,,2.0,23,30,1.0,6.22
N540EA,749.0,2019,2,5,2,4,2019-05-02,AA,AA_CODESHARE,19805,AA,5350,,,,,OH,20397,OH,5350,11057,1105703,31057,CLT,"Charlotte, NC",NC,37,North Carolina,36,12945,1294503,32945,LEX,"Lexington, KY",KY,21,Kentucky,52,756,-7.0,0.0,0.0,-1.0,0700-0759,27.0,816.0,900.0,4.0,920,904.0,-16.0,0.0,0.0,-2.0,0900-0959,0.0,,0.0,84.0,75.0,44.0,1.0,281.0,2,,,0.0,,0.0,,,,0,,,,,,,,,,,,,,,,,,,,,,,,,,,,,,,,,,,,,,,,,,,,,N,0.0,0.0,7.0,9.0,3.0,0.0,31.0,36.0,7,9,4.0,1.0,32.0,37.0,9,9,1,1.0,0.0,N540EA,N540EA-AA-1,32.0,43.0,5.0,37.0,48.0,29.0,2.0,0.0,32,37,0.0,0.0
N540US,605.0,2019,2,5,2,4,2019-05-02,DL,DL,19790,DL,290,,,,,DL,19790,DL,290,14747,1474703,30559,SEA,"Seattle, WA",WA,53,Washington,93,10397,1039707,30397,ATL,"Atlanta, GA",GA,13,Georgia,34,605,0.0,0.0,0.0,0.0,0600-0659,30.0,635.0,1409.0,9.0,1353,1418.0,25.0,25.0,1.0,1.0,1300-1359,0.0,,0.0,288.0,313.0,274.0,1.0,2182.0,9,0.0,0.0,25.0,0.0,0.0,,,,0,,,,,,,,,,,,,,,,,,,,,,,,,,,,,,,,,,,,,,,,,,,,,N,12.0,0.0,6.0,14.0,0.0,1.0,36.0,57.0,6,13,0.0,4.0,36.0,56.0,4,4,0,0.0,0.0,N540US,N540US-DL-0,36.0,48.0,21.0,57.0,69.0,,,2.0,36,57,0.0,0.0
N542EA,810.0,2019,2,5,2,4,2019-05-02,AA,AA_CODESHARE,19805,AA,4051,,,,,MQ,20398,MQ,4051,13930,1393007,30977,ORD,"Chicago, IL",IL,17,Illinois,41,15096,1509602,35096,SYR,"Syracuse, NY",NY,36,New York,22,815,-5.0,0.0,0.0,-1.0,0800-0859,28.0,838.0,1059.0,5.0,1100,1104.0,4.0,4.0,0.0,0.0,1100-1159,0.0,,0.0,105.0,114.0,81.0,1.0,607.0,3,,,0.0,,0.0,,,,0,,,,,,,,,,,,,,,,,,,,,,,,,,,,,,,,,,,,,,,,,,,,,N,4.0,0.0,8.0,11.0,1.0,0.0,37.0,44.0,8,11,1.0,0.0,37.0,44.0,5,5,0,0.0,0.0,N542EA,N542EA-AA-0,37.0,49.0,7.0,44.0,56.0,,,0.0,37,44,0.0,0.0
N542UW,659.0,2019,2,5,2,4,2019-05-02,AA,AA,19805,AA,553,,,,,AA,19805,AA,553,11298,1129806,30194,DFW,"Dallas/Fort Worth, TX",TX,48,Texas,74,11057,1105703,31057,CLT,"Charlotte, NC",NC,37,North Carolina,36,700,-1.0,0.0,0.0,-1.0,0700-0759,23.0,722.0,1030.0,10.0,1036,1040.0,4.0,4.0,0.0,0.0,1000-1059,0.0,,0.0,156.0,161.0,128.0,1.0,936.0,4,,,0.0,,0.0,,,,0,,,,,,,,,,,,,,,,,,,,,,,,,,,,,,,,,,,,,,,,,,,,,N,4.0,0.0,6.0,10.0,4.0,3.0,32.0,43.0,7,10,0.0,2.0,32.0,42.0,2,2,0,0.0,0.0,N542UW,N542UW-AA-0,32.0,44.0,11.0,43.0,55.0,,,0.0,32,43,0.0,0.0
N543EA,606.0,2019,2,5,2,4,2019-05-02,AA,AA_CODESHARE,19805,AA,3860,,,,,MQ,20398,MQ,3860,14524,1452401,34524,RIC,"Richmond, VA",VA,51,Virginia,38,13930,1393007,30977,ORD,"Chicago, IL",IL,17,Illinois,41,614,-8.0,0.0,0.0,-1.0,0600-0659,12.0,618.0,705.0,11.0,734,716.0,-18.0,0.0,0.0,-2.0,0700-0759,0.0,,0.0,140.0,130.0,107.0,1.0,642.0,3,,,0.0,,0.0,,,,0,,,,,,,,,,,,,,,,,,,,,,,,,,,,,,,,,,,,,,,,,,,,,N,0.0,4.0,6.0,7.0,0.0,1.0,24.0,33.0,6,7,1.0,2.0,25.0,34.0,8,8,0,0.0,0.0,N543EA,N543EA-AA-0,25.0,36.0,9.0,34.0,45.0,,,0.0,25,34,0.0,0.0
N543UW,739.0,2019,2,5,2,4,2019-05-02,AA,AA,19805,AA,1880,,,,,AA,19805,AA,1880,14107,1410702,30466,PHX,"Phoenix, AZ",AZ,4,Arizona,81,14771,1477104,32457,SFO,"San Francisco, CA",CA,6,California,91,745,-6.0,0.0,0.0,-1.0,0700-0759,28.0,807.0,948.0,4.0,957,952.0,-5.0,0.0,0.0,-1.0,0900-0959,0.0,,0.0,132.0,133.0,101.0,1.0,651.0,3,,,0.0,,0.0,,,,0,,,,,,,,,,,,,,,,,,,,,,,,,,,,,,,,,,,,,,,,,,,,,N,8.0,12.0,7.0,9.0,3.0,3.0,39.0,51.0,7,9,3.0,4.0,39.0,52.0,6,6,0,0.0,0.0,N543UW,N543UW-AA-0,39.0,51.0,12.0,51.0,63.0,,,0.0,39,51,0.0,0.0
N544EA,556.0,2019,2,5,2,4,2019-05-02,AA,AA_CODESHARE,19805,AA,5080,,,,,OH,20397,OH,5080,12217,1221702,30255,HSV,"Huntsville, AL",AL,1,Alabama,51,11057,1105703,31057,CLT,"Charlotte, NC",NC,37,North Carolina,36,600,-4.0,0.0,0.0,-1.0,0600-0659,11.0,607.0,803.0,13.0,841,816.0,-25.0,0.0,0.0,-2.0,0800-0859,0.0,,0.0,101.0,80.0,56.0,1.0,333.0,2,,,0.0,,0.0,,,,0,,,,,,,,,,,,,,,,,,,,,,,,,,,,,,,,,,,,,,,,,,,,,N,4.0,0.0,5.0,8.0,4.0,1.0,28.0,33.0,6,8,0.0,3.0,28.0,35.0,1,1,0,1.0,1.0,N544EA,N544EA-AA-0,28.0,40.0,5.0,33.0,45.0,,,0.0,28,33,0.0,0.0
N544EA,931.0,2019,2,5,2,4,2019-05-02,AA,AA_CODESHARE,19805,AA,5222,,,,,OH,20397,OH,5222,11057,1105703,31057,CLT,"Charlotte, NC",NC,37,North Carolina,36,13795,1379502,33795,OAJ,"Jacksonville/Camp Lejeune, NC",NC,37,North Carolina,36,940,-9.0,0.0,0.0,-1.0,0900-0959,41.0,1012.0,1048.0,3.0,1048,1051.0,3.0,3.0,0.0,0.0,1000-1059,0.0,,0.0,68.0,80.0,36.0,1.0,191.0,1,,,0.0,,0.0,,,,0,,,,,,,,,,,,,,,,,,,,,,,,,,,,,,,,,,,,,,,,,,,,,N,0.0,0.0,9.0,10.0,2.0,3.0,38.0,43.0,9,10,3.0,3.0,39.0,43.0,6,6,1,1.0,0.0,N544EA,N544EA-AA-1,39.0,50.0,5.0,44.0,55.0,33.0,5.0,0.0,39,44,0.0,0.0
N545PB,518.0,2019,2,5,2,4,2019-05-02,AA,AA_CODESHARE,19805,AA,5372,,,,,OH,20397,OH,5372,11953,1195302,31953,GNV,"Gainesville, FL",FL,12,Florida,33,11057,1105703,31057,CLT,"Charlotte, NC",NC,37,North Carolina,36,521,-3.0,0.0,0.0,-1.0,0001-0559,9.0,527.0,637.0,7.0,644,644.0,0.0,0.0,0.0,0.0,0600-0659,0.0,,0.0,83.0,86.0,70.0,1.0,388.0,2,,,0.0,,0.0,,,,0,,,,,,,,,,,,,,,,,,,,,,,,,,,,,,,,,,,,,,,,,,,,,N,0.0,0.0,5.0,6.0,1.0,3.0,21.0,27.0,5,6,1.0,3.0,21.0,27.0,9,9,0,2.0,2.0,N545PB,N545PB-AA-0,21.0,33.0,6.0,27.0,39.0,,,0.0,21,27,0.0,0.0
N545PB,742.0,2019,2,5,2,4,2019-05-02,AA,AA_CODESHARE,19805,AA,5559,,,,,OH,20397,OH,5559,11057,1105703,31057,CLT,"Charlotte, NC",NC,37,North Carolina,36,10431,1043105,30431,AVL,"Asheville, NC",NC,37,North Carolina,36,750,-8.0,0.0,0.0,-1.0,0700-0759,17.0,759.0,823.0,3.0,849,826.0,-23.0,0.0,0.0,-2.0,0800-0859,0.0,,0.0,59.0,44.0,24.0,1.0,91.0,1,,,0.0,,0.0,,,,0,,,,,,,,,,,,,,,,,,,,,,,,,,,,,,,,,,,,,,,,,,,,,N,0.0,0.0,7.0,8.0,3.0,2.0,31.0,34.0,7,8,3.0,3.0,31.0,35.0,8,8,1,2.0,1.0,N545PB,N545PB-AA-1,31.0,43.0,3.0,34.0,46.0,27.0,4.0,0.0,31,34,0.0,0.0
N545PB,918.0,2019,2,5,2,4,2019-05-02,AA,AA_CODESHARE,19805,AA,5559,,,,,OH,20397,OH,5559,10431,1043105,30431,AVL,"Asheville, NC",NC,37,North Carolina,36,11057,1105703,31057,CLT,"Charlotte, NC",NC,37,North Carolina,36,923,-5.0,0.0,0.0,-1.0,0900-0959,10.0,928.0,955.0,19.0,1032,1014.0,-18.0,0.0,0.0,-2.0,1000-1059,0.0,,0.0,69.0,56.0,27.0,1.0,91.0,1,,,0.0,,0.0,,,,0,,,,,,,,,,,,,,,,,,,,,,,,,,,,,,,,,,,,,,,,,,,,,N,0.0,0.0,9.0,10.0,1.0,1.0,37.0,41.0,9,10,2.0,2.0,38.0,42.0,8,8,2,2.0,0.0,N545PB,N545PB-AA-2,38.0,49.0,4.0,42.0,53.0,34.0,3.0,0.0,38,42,0.0,0.0
N545UW,626.0,2019,2,5,2,4,2019-05-02,AA,AA,19805,AA,868,,,,,AA,19805,AA,868,11618,1161802,31703,EWR,"Newark, NJ",NJ,34,New Jersey,21,11057,1105703,31057,CLT,"Charlotte, NC",NC,37,North Carolina,36,630,-4.0,0.0,0.0,-1.0,0600-0659,18.0,644.0,809.0,8.0,832,817.0,-15.0,0.0,0.0,-1.0,0800-0859,0.0,,0.0,122.0,111.0,85.0,1.0,529.0,3,,,0.0,,0.0,,,,0,,,,,,,,,,,,,,,,,,,,,,,,,,,,,,,,,,,,,,,,,,,,,N,0.0,0.0,6.0,8.0,2.0,1.0,26.0,33.0,6,8,2.0,2.0,26.0,34.0,5,5,0,1.0,1.0,N545UW,N545UW-AA-0,26.0,38.0,7.0,33.0,45.0,,,0.0,26,33,0.0,0.0
N545UW,946.0,2019,2,5,2,4,2019-05-02,AA,AA,19805,AA,2018,,,,,AA,19805,AA,2018,11057,1105703,31057,CLT,"Charlotte, NC",NC,37,North Carolina,36,14107,1410702,30466,PHX,"Phoenix, AZ",AZ,4,Arizona,81,950,-4.0,0.0,0.0,-1.0,0900-0959,16.0,1002.0,1059.0,5.0,1136,1104.0,-32.0,0.0,0.0,-2.0,1100-1159,0.0,,0.0,286.0,258.0,237.0,1.0,1773.0,8,,,0.0,,0.0,,,,0,,,,,,,,,,,,,,,,,,,,,,,,,,,,,,,,,,,,,,,,,,,,,N,0.0,8.0,9.0,11.0,3.0,0.0,39.0,52.0,9,11,3.0,2.0,39.0,54.0,6,6,1,1.0,0.0,N545UW,N545UW-AA-1,39.0,51.0,13.0,52.0,64.0,33.0,6.0,0.0,39,52,0.0,0.0
N546FF,842.0,2019,2,5,2,4,2019-05-02,AA,AA_CODESHARE,19805,AA,5250,,,,,OH,20397,OH,5250,14730,1473003,33044,SDF,"Louisville, KY",KY,21,Kentucky,52,11057,1105703,31057,CLT,"Charlotte, NC",NC,37,North Carolina,36,846,-4.0,0.0,0.0,-1.0,0800-0859,11.0,853.0,953.0,19.0,1030,1012.0,-18.0,0.0,0.0,-2.0,1000-1059,0.0,,0.0,104.0,90.0,60.0,1.0,335.0,2,,,0.0,,0.0,,,,0,,,,,,,,,,,,,,,,,,,,,,,,,,,,,,,,,,,,,,,,,,,,,N,0.0,0.0,8.0,10.0,3.0,1.0,35.0,41.0,8,10,3.0,2.0,35.0,42.0,1,1,0,0.0,0.0,N546FF,N546FF-AA-0,35.0,47.0,6.0,41.0,53.0,,,0.0,35,41,0.0,0.0
N546UW,725.0,2019,2,5,2,4,2019-05-02,AA,AA,19805,AA,1732,,,,,AA,19805,AA,1732,11057,1105703,31057,CLT,"Charlotte, NC",NC,37,North Carolina,36,14635,1463502,31714,RSW,"Fort Myers, FL",FL,12,Florida,33,730,-5.0,0.0,0.0,-1.0,0700-0759,15.0,740.0,914.0,5.0,923,919.0,-4.0,0.0,0.0,-1.0,0900-0959,0.0,,0.0,113.0,114.0,94.0,1.0,600.0,3,,,0.0,,0.0,,,,0,,,,,,,,,,,,,,,,,,,,,,,,,,,,,,,,,,,,,,,,,,,,,N,0.0,0.0,7.0,9.0,2.0,1.0,30.0,37.0,7,9,2.0,2.0,30.0,38.0,3,3,0,0.0,0.0,N546UW,N546UW-AA-0,30.0,42.0,7.0,37.0,49.0,,,0.0,30,37,0.0,0.0
N54711,809.0,2019,2,5,2,4,2019-05-02,UA,UA,19977,UA,463,,,,,UA,19977,UA,463,12953,1295304,31703,LGA,"New York, NY",NY,36,New York,22,13930,1393007,30977,ORD,"Chicago, IL",IL,17,Illinois,41,800,9.0,9.0,0.0,0.0,0800-0859,25.0,834.0,940.0,12.0,937,952.0,15.0,15.0,1.0,1.0,0900-0959,0.0,,0.0,157.0,163.0,126.0,1.0,733.0,3,0.0,0.0,6.0,0.0,9.0,,,,0,,,,,,,,,,,,,,,,,,,,,,,,,,,,,,,,,,,,,,,,,,,,,N,0.0,4.0,8.0,9.0,1.0,3.0,33.0,43.0,8,9,0.0,2.0,32.0,42.0,4,4,0,0.0,0.0,N54711,N54711-UA-0,32.0,45.0,10.0,42.0,55.0,,,1.0,33,43,1.0,4.18
N547JB,912.0,2019,2,5,2,4,2019-05-02,B6,B6,20409,B6,289,,,,,B6,20409,B6,289,12478,1247805,31703,JFK,"New York, NY",NY,36,New York,22,13204,1320402,31454,MCO,"Orlando, FL",FL,12,Florida,33,919,-7.0,0.0,0.0,-1.0,0900-0959,28.0,940.0,1154.0,10.0,1218,1204.0,-14.0,0.0,0.0,-1.0,1200-1259,0.0,,0.0,179.0,172.0,134.0,1.0,944.0,4,,,0.0,,0.0,,,,0,,,,,,,,,,,,,,,,,,,,,,,,,,,,,,,,,,,,,,,,,,,,,N,0.0,0.0,9.0,12.0,1.0,0.0,37.0,48.0,9,12,1.0,1.0,37.0,49.0,5,5,0,0.0,0.0,N547JB,N547JB-B6-0,37.0,49.0,11.0,48.0,60.0,,,0.0,37,48,0.0,0.0
N547NN,708.0,2019,2,5,2,4,2019-05-02,AA,AA_CODESHARE,19805,AA,5208,,,,,OH,20397,OH,5208,11193,1119302,33105,CVG,"Cincinnati, OH",KY,21,Kentucky,52,11057,1105703,31057,CLT,"Charlotte, NC",NC,37,North Carolina,36,716,-8.0,0.0,0.0,-1.0,0700-0759,23.0,731.0,838.0,10.0,856,848.0,-8.0,0.0,0.0,-1.0,0800-0859,0.0,,0.0,100.0,100.0,67.0,1.0,335.0,2,,,0.0,,0.0,,,,0,,,,,,,,,,,,,,,,,,,,,,,,,,,,,,,,,,,,,,,,,,,,,N,0.0,0.0,7.0,8.0,1.0,3.0,29.0,35.0,7,8,1.0,4.0,29.0,36.0,9,9,0,1.0,1.0,N547NN,N547NN-AA-0,29.0,41.0,6.0,35.0,47.0,,,0.0,29,35,0.0,0.0
N547NN,940.0,2019,2,5,2,4,2019-05-02,AA,AA_CODESHARE,19805,AA,5178,,,,,OH,20397,OH,5178,11057,1105703,31057,CLT,"Charlotte, NC",NC,37,North Carolina,36,11996,1199603,31871,GSP,"Greer, SC",SC,45,South Carolina,37,945,-5.0,0.0,0.0,-1.0,0900-0959,21.0,1001.0,1020.0,11.0,1045,1031.0,-14.0,0.0,0.0,-1.0,1000-1059,0.0,,0.0,60.0,51.0,19.0,1.0,75.0,1,,,0.0,,0.0,,,,0,,,,,,,,,,,,,,,,,,,,,,,,,,,,,,,,,,,,,,,,,,,,,N,0.0,0.0,9.0,10.0,3.0,2.0,39.0,42.0,9,10,3.0,3.0,39.0,43.0,6,6,1,1.0,0.0,N547NN,N547NN-AA-1,39.0,51.0,3.0,42.0,54.0,35.0,4.0,0.0,39,42,0.0,0.0
N547US,837.0,2019,2,5,2,4,2019-05-02,DL,DL,19790,DL,1486,,,,,DL,19790,DL,1486,13204,1320402,31454,MCO,"Orlando, FL",FL,12,Florida,33,13487,1348702,31650,MSP,"Minneapolis, MN",MN,27,Minnesota,63,805,32.0,32.0,1.0,2.0,0800-0859,14.0,851.0,1041.0,3.0,1027,1044.0,17.0,17.0,1.0,1.0,1000-1059,0.0,,0.0,202.0,187.0,170.0,1.0,1310.0,6,17.0,0.0,0.0,0.0,0.0,,,,0,,,,,,,,,,,,,,,,,,,,,,,,,,,,,,,,,,,,,,,,,,,,,N,0.0,4.0,8.0,10.0,2.0,3.0,34.0,47.0,8,10,0.0,2.0,32.0,46.0,3,3,0,0.0,0.0,N547US,N547US-DL-0,34.0,46.0,13.0,47.0,59.0,,,0.0,35,48,1.0,3.24
N548CA,600.0,2019,2,5,2,4,2019-05-02,DL,DL_CODESHARE,19790,DL,4139,,,,,OO,20304,OO,4139,12264,1226402,30852,IAD,"Washington, DC",VA,51,Virginia,38,11433,1143302,31295,DTW,"Detroit, MI",MI,26,Michigan,43,605,-5.0,0.0,0.0,-1.0,0600-0659,36.0,636.0,747.0,7.0,732,754.0,22.0,22.0,1.0,1.0,0700-0759,0.0,,0.0,87.0,114.0,71.0,1.0,383.0,2,0.0,0.0,22.0,0.0,0.0,,,,0,,,,,,,,,,,,,,,,,,,,,,,,,,,,,,,,,,,,,,,,,,,,,N,0.0,0.0,6.0,7.0,0.0,4.0,24.0,32.0,6,7,0.0,2.0,24.0,30.0,9,9,0,1.0,1.0,N548CA,N548CA-DL-0,24.0,36.0,8.0,32.0,44.0,,,1.0,24,32,0.0,0.0
N548CA,834.0,2019,2,5,2,4,2019-05-02,DL,DL_CODESHARE,19790,DL,3671,,,,,OO,20304,OO,3671,11433,1143302,31295,DTW,"Detroit, MI",MI,26,Michigan,43,12266,1226603,31453,IAH,"Houston, TX",TX,48,Texas,74,820,14.0,14.0,0.0,0.0,0800-0859,26.0,900.0,1114.0,9.0,1034,1123.0,49.0,49.0,1.0,3.0,1000-1059,0.0,,0.0,194.0,229.0,194.0,1.0,1075.0,5,0.0,0.0,35.0,0.0,14.0,,,,0,,,,,,,,,,,,,,,,,,,,,,,,,,,,,,,,,,,,,,,,,,,,,N,0.0,4.0,8.0,11.0,2.0,2.0,34.0,50.0,8,10,1.0,2.0,33.0,46.0,6,6,1,1.0,0.0,N548CA,N548CA-DL-1,33.0,46.0,16.0,49.0,62.0,32.0,2.0,3.0,33,49,0.0,0.0
N548NN,622.0,2019,2,5,2,4,2019-05-02,AA,AA_CODESHARE,19805,AA,5055,,,,,OH,20397,OH,5055,11267,1126702,31267,DAY,"Dayton, OH",OH,39,Ohio,44,11278,1127805,30852,DCA,"Washington, DC",VA,51,Virginia,38,631,-9.0,0.0,0.0,-1.0,0600-0659,24.0,646.0,747.0,3.0,755,750.0,-5.0,0.0,0.0,-1.0,0700-0759,0.0,,0.0,84.0,88.0,61.0,1.0,391.0,2,,,0.0,,0.0,,,,0,,,,,,,,,,,,,,,,,,,,,,,,,,,,,,,,,,,,,,,,,,,,,N,0.0,0.0,6.0,7.0,1.0,3.0,25.0,31.0,6,7,2.0,4.0,26.0,32.0,7,7,0,0.0,0.0,N548NN,N548NN-AA-0,26.0,37.0,6.0,32.0,43.0,,,0.0,26,33,1.0,7.24
N548US,517.0,2019,2,5,2,4,2019-05-02,DL,DL,19790,DL,2323,,,,,DL,19790,DL,2323,15304,1530402,33195,TPA,"Tampa, FL",FL,12,Florida,33,10397,1039707,30397,ATL,"Atlanta, GA",GA,13,Georgia,34,520,-3.0,0.0,0.0,-1.0,0001-0559,11.0,528.0,628.0,7.0,650,635.0,-15.0,0.0,0.0,-1.0,0600-0659,0.0,,0.0,90.0,78.0,60.0,1.0,406.0,2,,,0.0,,0.0,,,,0,,,,,,,,,,,,,,,,,,,,,,,,,,,,,,,,,,,,,,,,,,,,,N,0.0,0.0,5.0,6.0,1.0,2.0,21.0,26.0,5,6,1.0,3.0,21.0,27.0,1,1,0,1.0,1.0,N548US,N548US-DL-0,21.0,33.0,5.0,26.0,38.0,,,0.0,21,26,0.0,0.0
N548US,813.0,2019,2,5,2,4,2019-05-02,DL,DL,19790,DL,609,,,,,DL,19790,DL,609,10397,1039707,30397,ATL,"Atlanta, GA",GA,13,Georgia,34,14747,1474703,30559,SEA,"Seattle, WA",WA,53,Washington,93,810,3.0,3.0,0.0,0.0,0800-0859,13.0,826.0,1021.0,17.0,1030,1038.0,8.0,8.0,0.0,0.0,1000-1059,0.0,,0.0,320.0,325.0,295.0,1.0,2182.0,9,,,0.0,,0.0,,,,0,,,,,,,,,,,,,,,,,,,,,,,,,,,,,,,,,,,,,,,,,,,,,N,0.0,12.0,8.0,10.0,1.0,3.0,33.0,55.0,8,10,1.0,2.0,33.0,54.0,6,6,1,1.0,0.0,N548US,N548US-DL-1,33.0,45.0,22.0,55.0,67.0,26.0,7.0,0.0,33,55,0.0,0.0
N549AS,621.0,2019,2,5,2,4,2019-05-02,AS,AS,19930,AS,925,,,,,AS,19930,AS,925,12892,1289208,32575,LAX,"Los Angeles, CA",CA,6,California,91,14771,1477104,32457,SFO,"San Francisco, CA",CA,6,California,91,630,-9.0,0.0,0.0,-1.0,0600-0659,25.0,646.0,740.0,3.0,800,743.0,-17.0,0.0,0.0,-2.0,0800-0859,0.0,,0.0,90.0,82.0,54.0,1.0,337.0,2,,,0.0,,0.0,,,,0,,,,,,,,,,,,,,,,,,,,,,,,,,,,,,,,,,,,,,,,,,,,,N,12.0,12.0,6.0,7.0,1.0,3.0,37.0,43.0,6,8,2.0,0.0,38.0,44.0,7,7,0,0.0,0.0,N549AS,N549AS-AS-0,38.0,49.0,6.0,44.0,55.0,,,0.0,41,47,3.0,23.08
N549CA,631.0,2019,2,5,2,4,2019-05-02,DL,DL_CODESHARE,19790,DL,3987,,,,,OO,20304,OO,3987,10627,1062702,30627,BIS,"Bismarck/Mandan, ND",ND,38,North Dakota,66,13487,1348702,31650,MSP,"Minneapolis, MN",MN,27,Minnesota,63,641,-10.0,0.0,0.0,-1.0,0600-0659,29.0,700.0,809.0,4.0,810,813.0,3.0,3.0,0.0,0.0,0800-0859,0.0,,0.0,89.0,102.0,69.0,1.0,386.0,2,,,0.0,,0.0,,,,0,,,,,,,,,,,,,,,,,,,,,,,,,,,,,,,,,,,,,,,,,,,,,N,4.0,4.0,6.0,8.0,2.0,1.0,30.0,37.0,6,8,3.0,1.0,31.0,37.0,9,9,0,0.0,0.0,N549CA,N549CA-DL-0,31.0,42.0,7.0,38.0,49.0,,,0.0,31,38,0.0,0.0
N549NN,458.0,2019,2,5,2,4,2019-05-02,AA,AA_CODESHARE,19805,AA,5437,,,,,OH,20397,OH,5437,11042,1104205,30647,CLE,"Cleveland, OH",OH,39,Ohio,44,11057,1105703,31057,CLT,"Charlotte, NC",NC,37,North Carolina,36,507,-9.0,0.0,0.0,-1.0,0001-0559,11.0,509.0,620.0,7.0,655,627.0,-28.0,0.0,0.0,-2.0,0600-0659,0.0,,0.0,108.0,89.0,71.0,1.0,430.0,2,,,0.0,,0.0,,,,0,,,,,,,,,,,,,,,,,,,,,,,,,,,,,,,,,,,,,,,,,,,,,N,0.0,0.0,4.0,6.0,4.0,2.0,20.0,26.0,5,6,0.0,4.0,20.0,28.0,5,5,0,2.0,2.0,N549NN,N549NN-AA-0,20.0,32.0,6.0,26.0,38.0,,,0.0,20,26,0.0,0.0
N549NN,741.0,2019,2,5,2,4,2019-05-02,AA,AA_CODESHARE,19805,AA,5534,,,,,OH,20397,OH,5534,11057,1105703,31057,CLT,"Charlotte, NC",NC,37,North Carolina,36,14685,1468502,34685,SAV,"Savannah, GA",GA,13,Georgia,34,750,-9.0,0.0,0.0,-1.0,0700-0759,20.0,801.0,839.0,4.0,905,843.0,-22.0,0.0,0.0,-2.0,0900-0959,0.0,,0.0,75.0,62.0,38.0,1.0,213.0,1,,,0.0,,0.0,,,,0,,,,,,,,,,,,,,,,,,,,,,,,,,,,,,,,,,,,,,,,,,,,,N,0.0,0.0,7.0,8.0,3.0,3.0,31.0,35.0,7,9,3.0,0.0,31.0,36.0,3,3,1,2.0,1.0,N549NN,N549NN-AA-1,31.0,43.0,4.0,35.0,47.0,26.0,5.0,0.0,31,35,0.0,0.0
N549NN,930.0,2019,2,5,2,4,2019-05-02,AA,AA_CODESHARE,19805,AA,5534,,,,,OH,20397,OH,5534,14685,1468502,34685,SAV,"Savannah, GA",GA,13,Georgia,34,11057,1105703,31057,CLT,"Charlotte, NC",NC,37,North Carolina,36,935,-5.0,0.0,0.0,-1.0,0900-0959,10.0,940.0,1034.0,13.0,1055,1047.0,-8.0,0.0,0.0,-1.0,1000-1059,0.0,,0.0,80.0,77.0,54.0,1.0,213.0,1,,,0.0,,0.0,,,,0,,,,,,,,,,,,,,,,,,,,,,,,,,,,,,,,,,,,,,,,,,,,,N,0.0,0.0,9.0,10.0,2.0,3.0,38.0,43.0,9,10,2.0,4.0,38.0,44.0,4,4,2,2.0,0.0,N549NN,N549NN-AA-2,38.0,50.0,5.0,43.0,55.0,35.0,3.0,0.0,38,43,0.0,0.0
N549US,618.0,2019,2,5,2,4,2019-05-02,DL,DL,19790,DL,2881,,,,,DL,19790,DL,2881,12892,1289208,32575,LAX,"Los Angeles, CA",CA,6,California,91,10397,1039707,30397,ATL,"Atlanta, GA",GA,13,Georgia,34,615,3.0,3.0,0.0,0.0,0600-0659,18.0,636.0,1326.0,7.0,1333,1333.0,0.0,0.0,0.0,0.0,1300-1359,0.0,,0.0,258.0,255.0,230.0,1.0,1947.0,8,,,0.0,,0.0,,,,0,,,,,,,,,,,,,,,,,,,,,,,,,,,,,,,,,,,,,,,,,,,,,N,12.0,0.0,6.0,13.0,1.0,2.0,37.0,54.0,6,13,1.0,2.0,37.0,54.0,4,4,0,0.0,0.0,N549US,N549US-DL-0,37.0,49.0,17.0,54.0,66.0,,,0.0,37,54,0.0,0.0
N549UW,835.0,2019,2,5,2,4,2019-05-02,AA,AA,19805,AA,2646,,,,,AA,19805,AA,2646,11298,1129806,30194,DFW,"Dallas/Fort Worth, TX",TX,48,Texas,74,14100,1410005,34100,PHL,"Philadelphia, PA",PA,42,Pennsylvania,23,840,-5.0,0.0,0.0,-1.0,0800-0859,12.0,847.0,1238.0,3.0,1247,1241.0,-6.0,0.0,0.0,-1.0,1200-1259,0.0,,0.0,187.0,186.0,171.0,1.0,1303.0,6,,,0.0,,0.0,,,,0,,,,,,,,,,,,,,,,,,,,,,,,,,,,,,,,,,,,,,,,,,,,,N,4.0,0.0,8.0,12.0,2.0,3.0,38.0,51.0,8,12,3.0,3.0,39.0,51.0,6,6,0,0.0,0.0,N549UW,N549UW-AA-0,39.0,50.0,13.0,52.0,63.0,,,0.0,39,52,0.0,0.0
N550NN,514.0,2019,2,5,2,4,2019-05-02,AA,AA_CODESHARE,19805,AA,5034,,,,,OH,20397,OH,5034,10980,1098002,30980,CHA,"Chattanooga, TN",TN,47,Tennessee,54,11057,1105703,31057,CLT,"Charlotte, NC",NC,37,North Carolina,36,519,-5.0,0.0,0.0,-1.0,0001-0559,11.0,525.0,612.0,8.0,630,620.0,-10.0,0.0,0.0,-1.0,0600-0659,0.0,,0.0,71.0,66.0,47.0,1.0,241.0,1,,,0.0,,0.0,,,,0,,,,,,,,,,,,,,,,,,,,,,,,,,,,,,,,,,,,,,,,,,,,,N,0.0,0.0,5.0,6.0,1.0,1.0,21.0,25.0,5,6,1.0,2.0,21.0,26.0,4,4,0,2.0,2.0,N550NN,N550NN-AA-0,21.0,33.0,4.0,25.0,37.0,,,0.0,21,25,0.0,0.0
N550NN,922.0,2019,2,5,2,4,2019-05-02,AA,AA_CODESHARE,19805,AA,5209,,,,,OH,20397,OH,5209,11057,1105703,31057,CLT,"Charlotte, NC",NC,37,North Carolina,36,11193,1119302,33105,CVG,"Cincinnati, OH",KY,21,Kentucky,52,730,112.0,112.0,1.0,7.0,0700-0759,20.0,942.0,1040.0,5.0,859,1045.0,106.0,106.0,1.0,7.0,0800-0859,0.0,,0.0,89.0,83.0,58.0,1.0,335.0,2,0.0,106.0,0.0,0.0,0.0,,,,0,,,,,,,,,,,,,,,,,,,,,,,,,,,,,,,,,,,,,,,,,,,,,N,0.0,0.0,9.0,10.0,1.0,3.0,37.0,43.0,7,8,2.0,4.0,30.0,36.0,5,5,1,2.0,1.0,N550NN,N550NN-AA-1,37.0,49.0,6.0,43.0,55.0,25.0,12.0,0.0,37,43,0.0,0.0
N550NN,1115.0,2019,2,5,2,4,2019-05-02,AA,AA_CODESHARE,19805,AA,5209,,,,,OH,20397,OH,5209,11193,1119302,33105,CVG,"Cincinnati, OH",KY,21,Kentucky,52,11057,1105703,31057,CLT,"Charlotte, NC",NC,37,North Carolina,36,929,106.0,106.0,1.0,7.0,0900-0959,11.0,1126.0,1227.0,12.0,1113,1239.0,86.0,86.0,1.0,5.0,1100-1159,0.0,,0.0,104.0,84.0,61.0,1.0,335.0,2,0.0,0.0,0.0,0.0,86.0,,,,0,,,,,,,,,,,,,,,,,,,,,,,,,,,,,,,,,,,,,,,,,,,,,N,0.0,0.0,11.0,12.0,1.0,3.0,45.0,51.0,9,11,2.0,1.0,38.0,45.0,4,4,2,2.0,0.0,N550NN,N550NN-AA-2,39.0,57.0,6.0,45.0,63.0,43.0,2.0,6.0,40,47,2.0,9.18
N551AS,552.0,2019,2,5,2,4,2019-05-02,AS,AS,19930,AS,711,,,,,AS,19930,AS,711,15016,1501606,31123,STL,"St. Louis, MO",MO,29,Missouri,64,14747,1474703,30559,SEA,"Seattle, WA",WA,53,Washington,93,600,-8.0,0.0,0.0,-1.0,0600-0659,13.0,605.0,809.0,12.0,825,821.0,-4.0,0.0,0.0,-1.0,0800-0859,0.0,,0.0,265.0,269.0,244.0,1.0,1709.0,7,,,0.0,,0.0,,,,0,,,,,,,,,,,,,,,,,,,,,,,,,,,,,,,,,,,,,,,,,,,,,N,4.0,12.0,5.0,8.0,3.0,1.0,27.0,45.0,6,8,0.0,2.0,28.0,46.0,1,1,0,0.0,0.0,N551AS,N551AS-AS-0,28.0,39.0,18.0,46.0,57.0,,,0.0,28,46,0.0,0.0
N551NN,823.0,2019,2,5,2,4,2019-05-02,AA,AA_CODESHARE,19805,AA,5386,,,,,OH,20397,OH,5386,13360,1336003,33360,MLB,"Melbourne, FL",FL,12,Florida,33,11057,1105703,31057,CLT,"Charlotte, NC",NC,37,North Carolina,36,829,-6.0,0.0,0.0,-1.0,0800-0859,23.0,846.0,1013.0,18.0,1025,1031.0,6.0,6.0,0.0,0.0,1000-1059,0.0,,0.0,116.0,128.0,87.0,1.0,490.0,2,,,0.0,,0.0,,,,0,,,,,,,,,,,,,,,,,,,,,,,,,,,,,,,,,,,,,,,,,,,,,N,0.0,0.0,8.0,10.0,2.0,2.0,34.0,42.0,8,10,2.0,2.0,34.0,42.0,5,5,0,0.0,0.0,N551NN,N551NN-AA-0,34.0,46.0,8.0,42.0,54.0,,,0.0,34,42,0.0,0.0
N551NW,659.0,2019,2,5,2,4,2019-05-02,DL,DL,19790,DL,2726,,,,,DL,19790,DL,2726,11433,1143302,31295,DTW,"Detroit, MI",MI,26,Michigan,43,12892,1289208,32575,LAX,"Los Angeles, CA",CA,6,California,91,701,-2.0,0.0,0.0,-1.0,0700-0759,14.0,713.0,834.0,13.0,850,847.0,-3.0,0.0,0.0,-1.0,0800-0859,0.0,,0.0,289.0,288.0,261.0,1.0,1979.0,8,,,0.0,,0.0,,,,0,,,,,,,,,,,,,,,,,,,,,,,,,,,,,,,,,,,,,,,,,,,,,N,0.0,12.0,6.0,8.0,4.0,3.0,28.0,47.0,7,8,0.0,3.0,28.0,47.0,7,7,0,0.0,0.0,N551NW,N551NW-DL-0,28.0,40.0,19.0,47.0,59.0,,,0.0,28,47,0.0,0.0
N551UW,753.0,2019,2,5,2,4,2019-05-02,AA,AA,19805,AA,1875,,,,,AA,19805,AA,1875,14100,1410005,34100,PHL,"Philadelphia, PA",PA,42,Pennsylvania,23,15304,1530402,33195,TPA,"Tampa, FL",FL,12,Florida,33,759,-6.0,0.0,0.0,-1.0,0700-0759,21.0,814.0,1026.0,3.0,1039,1029.0,-10.0,0.0,0.0,-1.0,1000-1059,0.0,,0.0,160.0,156.0,132.0,1.0,920.0,4,,,0.0,,0.0,,,,0,,,,,,,,,,,,,,,,,,,,,,,,,,,,,,,,,,,,,,,,,,,,,N,0.0,0.0,7.0,10.0,4.0,2.0,32.0,42.0,7,10,4.0,3.0,32.0,43.0,8,8,0,0.0,0.0,N551UW,N551UW-AA-0,32.0,44.0,10.0,42.0,54.0,,,0.0,32,42,0.0,0.0
N552JB,807.0,2019,2,5,2,4,2019-05-02,B6,B6,20409,B6,1347,,,,,B6,20409,B6,1347,11278,1127805,30852,DCA,"Washington, DC",VA,51,Virginia,38,14843,1484306,34819,SJU,"San Juan, PR",PR,72,Puerto Rico,3,800,7.0,7.0,0.0,0.0,0800-0859,25.0,832.0,1147.0,2.0,1148,1149.0,1.0,1.0,0.0,0.0,1100-1159,0.0,,0.0,228.0,222.0,195.0,1.0,1554.0,7,,,0.0,,0.0,,,,0,,,,,,,,,,,,,,,,,,,,,,,,,,,,,,,,,,,,,,,,,,,,,N,0.0,-4.0,8.0,11.0,0.0,3.0,32.0,43.0,8,11,0.0,3.0,32.0,43.0,6,6,0,0.0,0.0,N552JB,N552JB-B6-0,32.0,44.0,11.0,43.0,55.0,,,0.0,32,43,0.0,0.0
N552NN,647.0,2019,2,5,2,4,2019-05-02,AA,AA_CODESHARE,19805,AA,5133,,,,,OH,20397,OH,5133,13795,1379502,33795,OAJ,"Jacksonville/Camp Lejeune, NC",NC,37,North Carolina,36,11057,1105703,31057,CLT,"Charlotte, NC",NC,37,North Carolina,36,650,-3.0,0.0,0.0,-1.0,0600-0659,32.0,719.0,807.0,13.0,810,820.0,10.0,10.0,0.0,0.0,0800-0859,0.0,,0.0,80.0,93.0,48.0,1.0,191.0,1,,,0.0,,0.0,,,,0,,,,,,,,,,,,,,,,,,,,,,,,,,,,,,,,,,,,,,,,,,,,,N,0.0,0.0,6.0,8.0,3.0,1.0,27.0,33.0,6,8,3.0,1.0,27.0,33.0,6,6,0,0.0,0.0,N552NN,N552NN-AA-0,27.0,39.0,6.0,33.0,45.0,,,0.0,27,33,0.0,0.0
N552NW,652.0,2019,2,5,2,4,2019-05-02,DL,DL,19790,DL,723,,,,,DL,19790,DL,723,10397,1039707,30397,ATL,"Atlanta, GA",GA,13,Georgia,34,13204,1320402,31454,MCO,"Orlando, FL",FL,12,Florida,33,655,-3.0,0.0,0.0,-1.0,0600-0659,11.0,703.0,805.0,7.0,820,812.0,-8.0,0.0,0.0,-1.0,0800-0859,0.0,,0.0,85.0,80.0,62.0,1.0,404.0,2,,,0.0,,0.0,,,,0,,,,,,,,,,,,,,,,,,,,,,,,,,,,,,,,,,,,,,,,,,,,,N,0.0,0.0,6.0,8.0,3.0,1.0,27.0,33.0,6,8,4.0,1.0,28.0,33.0,4,4,0,1.0,1.0,N552NW,N552NW-DL-0,28.0,39.0,6.0,34.0,45.0,,,0.0,28,34,0.0,0.0
N552NW,925.0,2019,2,5,2,4,2019-05-02,DL,DL,19790,DL,723,,,,,DL,19790,DL,723,13204,1320402,31454,MCO,"Orlando, FL",FL,12,Florida,33,10397,1039707,30397,ATL,"Atlanta, GA",GA,13,Georgia,34,925,0.0,0.0,0.0,0.0,0900-0959,14.0,939.0,1039.0,7.0,1055,1046.0,-9.0,0.0,0.0,-1.0,1000-1059,0.0,,0.0,90.0,81.0,60.0,1.0,404.0,2,,,0.0,,0.0,,,,0,,,,,,,,,,,,,,,,,,,,,,,,,,,,,,,,,,,,,,,,,,,,,N,0.0,0.0,9.0,10.0,2.0,3.0,38.0,43.0,9,10,2.0,4.0,38.0,44.0,8,8,1,1.0,0.0,N552NW,N552NW-DL-1,38.0,50.0,5.0,43.0,55.0,33.0,5.0,0.0,41,46,3.0,26.52
N552UW,709.0,2019,2,5,2,4,2019-05-02,AA,AA,19805,AA,453,,,,,AA,19805,AA,453,11298,1129806,30194,DFW,"Dallas/Fort Worth, TX",TX,48,Texas,74,12889,1288903,32211,LAS,"Las Vegas, NV",NV,32,Nevada,85,710,-1.0,0.0,0.0,-1.0,0700-0759,24.0,733.0,800.0,7.0,808,807.0,-1.0,0.0,0.0,-1.0,0800-0859,0.0,,0.0,178.0,178.0,147.0,1.0,1055.0,5,,,0.0,,0.0,,,,0,,,,,,,,,,,,,,,,,,,,,,,,,,,,,,,,,,,,,,,,,,,,,N,4.0,12.0,7.0,8.0,1.0,0.0,33.0,44.0,7,8,1.0,1.0,33.0,45.0,3,3,0,0.0,0.0,N552UW,N552UW-AA-0,33.0,45.0,11.0,44.0,56.0,,,0.0,33,44,0.0,0.0
N552WN,558.0,2019,2,5,2,4,2019-05-02,WN,WN,19393,WN,442,,,,,WN,19393,WN,442,11278,1127805,30852,DCA,"Washington, DC",VA,51,Virginia,38,10397,1039707,30397,ATL,"Atlanta, GA",GA,13,Georgia,34,600,-2.0,0.0,0.0,-1.0,0600-0659,12.0,610.0,736.0,6.0,755,742.0,-13.0,0.0,0.0,-1.0,0700-0759,0.0,,0.0,115.0,104.0,86.0,1.0,547.0,3,,,0.0,,0.0,,,,0,,,,,,,,,,,,,,,,,,,,,,,,,,,,,,,,,,,,,,,,,,,,,N,0.0,0.0,5.0,7.0,4.0,3.0,24.0,31.0,6,7,0.0,4.0,24.0,32.0,4,4,0,1.0,1.0,N552WN,N552WN-WN-0,24.0,36.0,7.0,31.0,43.0,,,0.0,24,31,0.0,0.0
N552WN,841.0,2019,2,5,2,4,2019-05-02,WN,WN,19393,WN,2133,,,,,WN,19393,WN,2133,10397,1039707,30397,ATL,"Atlanta, GA",GA,13,Georgia,34,14122,1412202,30198,PIT,"Pittsburgh, PA",PA,42,Pennsylvania,23,840,1.0,1.0,0.0,0.0,0800-0859,15.0,856.0,1015.0,5.0,1025,1020.0,-5.0,0.0,0.0,-1.0,1000-1059,0.0,,0.0,105.0,99.0,79.0,1.0,526.0,3,,,0.0,,0.0,,,,0,,,,,,,,,,,,,,,,,,,,,,,,,,,,,,,,,,,,,,,,,,,,,N,0.0,0.0,8.0,10.0,3.0,1.0,35.0,41.0,8,10,3.0,2.0,35.0,42.0,9,9,1,1.0,0.0,N552WN,N552WN-WN-1,35.0,47.0,6.0,41.0,53.0,31.0,4.0,0.0,35,41,0.0,0.0
N553NN,749.0,2019,2,5,2,4,2019-05-02,AA,AA_CODESHARE,19805,AA,5189,,,,,OH,20397,OH,5189,11057,1105703,31057,CLT,"Charlotte, NC",NC,37,North Carolina,36,12323,1232305,32323,ILM,"Wilmington, NC",NC,37,North Carolina,36,756,-7.0,0.0,0.0,-1.0,0700-0759,27.0,816.0,851.0,3.0,904,854.0,-10.0,0.0,0.0,-1.0,0900-0959,0.0,,0.0,68.0,65.0,35.0,1.0,185.0,1,,,0.0,,0.0,,,,0,,,,,,,,,,,,,,,,,,,,,,,,,,,,,,,,,,,,,,,,,,,,,N,0.0,0.0,7.0,8.0,3.0,4.0,31.0,36.0,7,9,4.0,0.0,32.0,36.0,7,7,0,1.0,1.0,N553NN,N553NN-AA-0,32.0,43.0,5.0,37.0,48.0,,,0.0,32,37,0.0,0.0
N553NN,927.0,2019,2,5,2,4,2019-05-02,AA,AA_CODESHARE,19805,AA,5189,,,,,OH,20397,OH,5189,12323,1232305,32323,ILM,"Wilmington, NC",NC,37,North Carolina,36,11057,1105703,31057,CLT,"Charlotte, NC",NC,37,North Carolina,36,934,-7.0,0.0,0.0,-1.0,0900-0959,23.0,950.0,1037.0,9.0,1055,1046.0,-9.0,0.0,0.0,-1.0,1000-1059,0.0,,0.0,81.0,79.0,47.0,1.0,185.0,1,,,0.0,,0.0,,,,0,,,,,,,,,,,,,,,,,,,,,,,,,,,,,,,,,,,,,,,,,,,,,N,0.0,0.0,9.0,10.0,2.0,3.0,38.0,43.0,9,10,2.0,4.0,38.0,44.0,5,5,1,1.0,0.0,N553NN,N553NN-AA-1,38.0,50.0,5.0,43.0,55.0,36.0,2.0,0.0,39,46,3.0,17.12
N553UW,547.0,2019,2,5,2,4,2019-05-02,AA,AA,19805,AA,1832,,,,,AA,19805,AA,1832,13204,1320402,31454,MCO,"Orlando, FL",FL,12,Florida,33,14100,1410005,34100,PHL,"Philadelphia, PA",PA,42,Pennsylvania,23,557,-10.0,0.0,0.0,-1.0,0001-0559,16.0,603.0,803.0,7.0,830,810.0,-20.0,0.0,0.0,-2.0,0800-0859,0.0,,0.0,153.0,143.0,120.0,1.0,861.0,4,,,0.0,,0.0,,,,0,,,,,,,,,,,,,,,,,,,,,,,,,,,,,,,,,,,,,,,,,,,,,N,0.0,0.0,5.0,8.0,3.0,1.0,23.0,33.0,5,8,4.0,2.0,24.0,34.0,8,8,0,1.0,1.0,N553UW,N553UW-AA-0,24.0,35.0,10.0,34.0,45.0,,,0.0,25,36,2.0,17.32
N553UW,900.0,2019,2,5,2,4,2019-05-02,AA,AA,19805,AA,1687,,,,,AA,19805,AA,1687,14100,1410005,34100,PHL,"Philadelphia, PA",PA,42,Pennsylvania,23,11057,1105703,31057,CLT,"Charlotte, NC",NC,37,North Carolina,36,843,17.0,17.0,1.0,1.0,0800-0859,30.0,930.0,1045.0,6.0,1045,1051.0,6.0,6.0,0.0,0.0,1000-1059,0.0,,0.0,122.0,111.0,75.0,1.0,449.0,2,,,0.0,,0.0,,,,0,,,,,,,,,,,,,,,,,,,,,,,,,,,,,,,,,,,,,,,,,,,,,N,0.0,0.0,9.0,10.0,0.0,3.0,36.0,43.0,8,10,3.0,3.0,35.0,43.0,3,3,1,1.0,0.0,N553UW,N553UW-AA-1,36.0,48.0,7.0,43.0,55.0,33.0,3.0,0.0,43,50,7.0,33.32
N553WN,644.0,2019,2,5,2,4,2019-05-02,WN,WN,19393,WN,1929,,,,,WN,19393,WN,1929,10721,1072102,30721,BOS,"Boston, MA",MA,25,Massachusetts,13,13232,1323202,30977,MDW,"Chicago, IL",IL,17,Illinois,41,545,59.0,59.0,1.0,3.0,0001-0559,11.0,655.0,806.0,3.0,730,809.0,39.0,39.0,1.0,2.0,0700-0759,0.0,,0.0,165.0,145.0,131.0,1.0,861.0,4,0.0,0.0,39.0,0.0,0.0,,,,0,,,,,,,,,,,,,,,,,,,,,,,,,,,,,,,,,,,,,,,,,,,,,N,0.0,4.0,6.0,8.0,3.0,1.0,27.0,37.0,5,7,3.0,2.0,23.0,34.0,4,4,0,1.0,1.0,N553WN,N553WN-WN-0,24.0,39.0,10.0,34.0,49.0,,,3.0,24,34,0.0,0.0
N553WN,905.0,2019,2,5,2,4,2019-05-02,WN,WN,19393,WN,1929,,,,,WN,19393,WN,1929,13232,1323202,30977,MDW,"Chicago, IL",IL,17,Illinois,41,10800,1080003,32575,BUR,"Burbank, CA",CA,6,California,91,825,40.0,40.0,1.0,2.0,0800-0859,8.0,913.0,1124.0,6.0,1045,1130.0,45.0,45.0,1.0,3.0,1000-1059,0.0,,0.0,260.0,265.0,251.0,1.0,1740.0,7,1.0,0.0,5.0,0.0,39.0,,,,0,,,,,,,,,,,,,,,,,,,,,,,,,,,,,,,,,,,,,,,,,,,,,N,4.0,12.0,9.0,11.0,0.0,2.0,40.0,58.0,8,10,2.0,3.0,38.0,55.0,4,4,1,1.0,0.0,N553WN,N553WN-WN-1,38.0,52.0,18.0,56.0,70.0,37.0,3.0,3.0,38,56,0.0,0.0
N554CA,844.0,2019,2,5,2,4,2019-05-02,DL,DL_CODESHARE,19790,DL,3927,,,,,OO,20304,OO,3927,11433,1143302,31295,DTW,"Detroit, MI",MI,26,Michigan,43,11003,1100303,31003,CID,"Cedar Rapids/Iowa City, IA",IA,19,Iowa,61,840,4.0,4.0,0.0,0.0,0800-0859,18.0,902.0,913.0,4.0,921,917.0,-4.0,0.0,0.0,-1.0,0900-0959,0.0,,0.0,101.0,93.0,71.0,1.0,430.0,2,,,0.0,,0.0,,,,0,,,,,,,,,,,,,,,,,,,,,,,,,,,,,,,,,,,,,,,,,,,,,N,0.0,4.0,8.0,9.0,3.0,1.0,35.0,41.0,8,9,3.0,1.0,35.0,41.0,5,5,0,0.0,0.0,N554CA,N554CA-DL-0,35.0,47.0,6.0,41.0,53.0,,,0.0,35,41,0.0,0.0
N554JB,655.0,2019,2,5,2,4,2019-05-02,B6,B6,20409,B6,1099,,,,,B6,20409,B6,1099,12953,1295304,31703,LGA,"New York, NY",NY,36,New York,22,13204,1320402,31454,MCO,"Orlando, FL",FL,12,Florida,33,700,-5.0,0.0,0.0,-1.0,0700-0759,21.0,716.0,925.0,11.0,946,936.0,-10.0,0.0,0.0,-1.0,0900-0959,0.0,,0.0,166.0,161.0,129.0,1.0,950.0,4,,,0.0,,0.0,,,,0,,,,,,,,,,,,,,,,,,,,,,,,,,,,,,,,,,,,,,,,,,,,,N,0.0,0.0,6.0,9.0,4.0,2.0,28.0,38.0,7,9,0.0,3.0,28.0,39.0,8,8,0,0.0,0.0,N554JB,N554JB-B6-0,28.0,40.0,10.0,38.0,50.0,,,0.0,28,38,0.0,0.0
N554NN,510.0,2019,2,5,2,4,2019-05-02,AA,AA_CODESHARE,19805,AA,5708,,,,,OH,20397,OH,5708,12264,1226402,30852,IAD,"Washington, DC",VA,51,Virginia,38,11057,1105703,31057,CLT,"Charlotte, NC",NC,37,North Carolina,36,513,-3.0,0.0,0.0,-1.0,0001-0559,12.0,522.0,618.0,8.0,635,626.0,-9.0,0.0,0.0,-1.0,0600-0659,0.0,,0.0,82.0,76.0,56.0,1.0,322.0,2,,,0.0,,0.0,,,,0,,,,,,,,,,,,,,,,,,,,,,,,,,,,,,,,,,,,,,,,,,,,,N,0.0,0.0,5.0,6.0,1.0,2.0,21.0,26.0,5,6,1.0,2.0,21.0,26.0,8,8,0,2.0,2.0,N554NN,N554NN-AA-0,21.0,33.0,5.0,26.0,38.0,,,0.0,21,26,0.0,0.0
N554NN,730.0,2019,2,5,2,4,2019-05-02,AA,AA_CODESHARE,19805,AA,5431,,,,,OH,20397,OH,5431,11057,1105703,31057,CLT,"Charlotte, NC",NC,37,North Carolina,36,10599,1059904,30599,BHM,"Birmingham, AL",AL,1,Alabama,51,730,0.0,0.0,0.0,0.0,0700-0759,20.0,750.0,745.0,4.0,757,749.0,-8.0,0.0,0.0,-1.0,0700-0759,0.0,,0.0,87.0,79.0,55.0,1.0,350.0,2,,,0.0,,0.0,,,,0,,,,,,,,,,,,,,,,,,,,,,,,,,,,,,,,,,,,,,,,,,,,,N,0.0,4.0,7.0,7.0,2.0,3.0,30.0,35.0,7,7,2.0,4.0,30.0,36.0,1,1,1,2.0,1.0,N554NN,N554NN-AA-1,30.0,42.0,5.0,35.0,47.0,26.0,4.0,0.0,30,35,0.0,0.0
N554NN,820.0,2019,2,5,2,4,2019-05-02,AA,AA_CODESHARE,19805,AA,5431,,,,,OH,20397,OH,5431,10599,1059904,30599,BHM,"Birmingham, AL",AL,1,Alabama,51,11057,1105703,31057,CLT,"Charlotte, NC",NC,37,North Carolina,36,828,-8.0,0.0,0.0,-1.0,0800-0859,16.0,836.0,1044.0,10.0,1103,1054.0,-9.0,0.0,0.0,-1.0,1100-1159,0.0,,0.0,95.0,94.0,68.0,1.0,350.0,2,,,0.0,,0.0,,,,0,,,,,,,,,,,,,,,,,,,,,,,,,,,,,,,,,,,,,,,,,,,,,N,4.0,0.0,8.0,10.0,1.0,4.0,37.0,44.0,8,11,2.0,0.0,38.0,44.0,9,9,2,2.0,0.0,N554NN,N554NN-AA-2,38.0,49.0,7.0,45.0,56.0,35.0,2.0,0.0,38,45,0.0,0.0
N554UW,701.0,2019,2,5,2,4,2019-05-02,AA,AA,19805,AA,1839,,,,,AA,19805,AA,1839,11278,1127805,30852,DCA,"Washington, DC",VA,51,Virginia,38,11298,1129806,30194,DFW,"Dallas/Fort Worth, TX",TX,48,Texas,74,659,2.0,2.0,0.0,0.0,0600-0659,30.0,731.0,914.0,16.0,937,930.0,-7.0,0.0,0.0,-1.0,0900-0959,0.0,,0.0,218.0,209.0,163.0,1.0,1192.0,5,,,0.0,,0.0,,,,0,,,,,,,,,,,,,,,,,,,,,,,,,,,,,,,,,,,,,,,,,,,,,N,0.0,4.0,7.0,9.0,0.0,2.0,28.0,42.0,6,9,4.0,2.0,28.0,42.0,2,2,0,0.0,0.0,N554UW,N554UW-AA-0,28.0,40.0,14.0,42.0,54.0,,,0.0,28,42,0.0,0.0
N555LV,727.0,2019,2,5,2,4,2019-05-02,WN,WN,19393,WN,333,,,,,WN,19393,WN,333,10821,1082106,30852,BWI,"Baltimore, MD",MD,24,Maryland,35,10693,1069302,30693,BNA,"Nashville, TN",TN,47,Tennessee,54,620,67.0,67.0,1.0,4.0,0600-0659,12.0,739.0,802.0,5.0,720,807.0,47.0,47.0,1.0,3.0,0700-0759,0.0,,0.0,120.0,100.0,83.0,1.0,587.0,3,47.0,0.0,0.0,0.0,0.0,,,,0,,,,,,,,,,,,,,,,,,,,,,,,,,,,,,,,,,,,,,,,,,,,,N,0.0,4.0,7.0,8.0,2.0,0.0,30.0,36.0,6,7,1.0,1.0,25.0,33.0,7,7,0,0.0,0.0,N555LV,N555LV-WN-0,30.0,42.0,6.0,36.0,48.0,,,0.0,31,37,1.0,7.24
N555NN,601.0,2019,2,5,2,4,2019-05-02,AA,AA_CODESHARE,19805,AA,5353,,,,,OH,20397,OH,5353,14193,1419306,33728,PNS,"Pensacola, FL",FL,12,Florida,33,11057,1105703,31057,CLT,"Charlotte, NC",NC,37,North Carolina,36,605,-4.0,0.0,0.0,-1.0,0600-0659,12.0,613.0,835.0,14.0,851,849.0,-2.0,0.0,0.0,-1.0,0800-0859,0.0,,0.0,106.0,108.0,82.0,1.0,488.0,2,,,0.0,,0.0,,,,0,,,,,,,,,,,,,,,,,,,,,,,,,,,,,,,,,,,,,,,,,,,,,N,4.0,0.0,6.0,8.0,0.0,3.0,28.0,35.0,6,8,0.0,3.0,28.0,35.0,9,9,0,1.0,1.0,N555NN,N555NN-AA-0,28.0,40.0,7.0,35.0,47.0,,,0.0,28,35,0.0,0.0
N555NN,946.0,2019,2,5,2,4,2019-05-02,AA,AA_CODESHARE,19805,AA,5421,,,,,OH,20397,OH,5421,11057,1105703,31057,CLT,"Charlotte, NC",NC,37,North Carolina,36,11423,1142307,31423,DSM,"Des Moines, IA",IA,19,Iowa,61,950,-4.0,0.0,0.0,-1.0,0900-0959,25.0,1011.0,1132.0,3.0,1136,1135.0,-1.0,0.0,0.0,-1.0,1100-1159,0.0,,0.0,166.0,169.0,141.0,1.0,815.0,4,,,0.0,,0.0,,,,0,,,,,,,,,,,,,,,,,,,,,,,,,,,,,,,,,,,,,,,,,,,,,N,0.0,4.0,9.0,11.0,3.0,2.0,39.0,50.0,9,11,3.0,2.0,39.0,50.0,1,1,1,1.0,0.0,N555NN,N555NN-AA-1,39.0,51.0,11.0,50.0,62.0,35.0,4.0,0.0,42,53,3.0,5.34
N555NW,618.0,2019,2,5,2,4,2019-05-02,DL,DL,19790,DL,2200,,,,,DL,19790,DL,2200,13204,1320402,31454,MCO,"Orlando, FL",FL,12,Florida,33,10397,1039707,30397,ATL,"Atlanta, GA",GA,13,Georgia,34,620,-2.0,0.0,0.0,-1.0,0600-0659,20.0,638.0,737.0,7.0,757,744.0,-13.0,0.0,0.0,-1.0,0700-0759,0.0,,0.0,97.0,86.0,59.0,1.0,404.0,2,,,0.0,,0.0,,,,0,,,,,,,,,,,,,,,,,,,,,,,,,,,,,,,,,,,,,,,,,,,,,N,0.0,0.0,6.0,7.0,1.0,3.0,25.0,31.0,6,7,1.0,4.0,25.0,32.0,3,3,0,1.0,1.0,N555NW,N555NW-DL-0,25.0,37.0,6.0,31.0,43.0,,,0.0,25,31,0.0,0.0
N555NW,857.0,2019,2,5,2,4,2019-05-02,DL,DL,19790,DL,1420,,,,,DL,19790,DL,1420,10397,1039707,30397,ATL,"Atlanta, GA",GA,13,Georgia,34,11697,1169706,32467,FLL,"Fort Lauderdale, FL",FL,12,Florida,33,900,-3.0,0.0,0.0,-1.0,0900-0959,17.0,914.0,1039.0,3.0,1054,1042.0,-12.0,0.0,0.0,-1.0,1000-1059,0.0,,0.0,114.0,105.0,85.0,1.0,581.0,3,,,0.0,,0.0,,,,0,,,,,,,,,,,,,,,,,,,,,,,,,,,,,,,,,,,,,,,,,,,,,N,0.0,0.0,8.0,10.0,4.0,3.0,36.0,43.0,9,10,0.0,4.0,36.0,44.0,6,6,1,1.0,0.0,N555NW,N555NW-DL-1,36.0,48.0,7.0,43.0,55.0,31.0,5.0,0.0,36,43,0.0,0.0
N556AS,553.0,2019,2,5,2,4,2019-05-02,AS,AS,19930,AS,959,,,,,AS,19930,AS,959,14107,1410702,30466,PHX,"Phoenix, AZ",AZ,4,Arizona,81,14057,1405702,34057,PDX,"Portland, OR",OR,41,Oregon,92,600,-7.0,0.0,0.0,-1.0,0600-0659,15.0,608.0,835.0,5.0,850,840.0,-10.0,0.0,0.0,-1.0,0800-0859,0.0,,0.0,170.0,167.0,147.0,1.0,1009.0,5,,,0.0,,0.0,,,,0,,,,,,,,,,,,,,,,,,,,,,,,,,,,,,,,,,,,,,,,,,,,,N,8.0,12.0,5.0,8.0,4.0,3.0,32.0,47.0,6,8,0.0,3.0,32.0,47.0,9,9,0,0.0,0.0,N556AS,N556AS-AS-0,32.0,44.0,15.0,47.0,59.0,,,0.0,32,47,0.0,0.0
N556JB,720.0,2019,2,5,2,4,2019-05-02,B6,B6,20409,B6,1039,,,,,B6,20409,B6,1039,10721,1072102,30721,BOS,"Boston, MA",MA,25,Massachusetts,13,10423,1042302,30423,AUS,"Austin, TX",TX,48,Texas,74,728,-8.0,0.0,0.0,-1.0,0700-0759,23.0,743.0,1034.0,4.0,1050,1038.0,-12.0,0.0,0.0,-1.0,1000-1059,0.0,,0.0,262.0,258.0,231.0,1.0,1698.0,7,,,0.0,,0.0,,,,0,,,,,,,,,,,,,,,,,,,,,,,,,,,,,,,,,,,,,,,,,,,,,N,0.0,4.0,7.0,10.0,1.0,3.0,29.0,47.0,7,10,2.0,3.0,30.0,47.0,8,8,0,0.0,0.0,N556JB,N556JB-B6-0,30.0,41.0,18.0,48.0,59.0,,,0.0,30,48,0.0,0.0
N556NN,655.0,2019,2,5,2,4,2019-05-02,AA,AA_CODESHARE,19805,AA,5234,,,,,OH,20397,OH,5234,11267,1126702,31267,DAY,"Dayton, OH",OH,39,Ohio,44,11057,1105703,31057,CLT,"Charlotte, NC",NC,37,North Carolina,36,658,-3.0,0.0,0.0,-1.0,0600-0659,17.0,712.0,814.0,13.0,841,827.0,-14.0,0.0,0.0,-1.0,0800-0859,0.0,,0.0,103.0,92.0,62.0,1.0,370.0,2,,,0.0,,0.0,,,,0,,,,,,,,,,,,,,,,,,,,,,,,,,,,,,,,,,,,,,,,,,,,,N,0.0,0.0,6.0,8.0,4.0,2.0,28.0,34.0,6,8,4.0,3.0,28.0,35.0,4,4,0,1.0,1.0,N556NN,N556NN-AA-0,28.0,40.0,6.0,34.0,46.0,,,0.0,28,34,0.0,0.0
N556NN,936.0,2019,2,5,2,4,2019-05-02,AA,AA_CODESHARE,19805,AA,5368,,,,,OH,20397,OH,5368,11057,1105703,31057,CLT,"Charlotte, NC",NC,37,North Carolina,36,10994,1099402,30994,CHS,"Charleston, SC",SC,45,South Carolina,37,940,-4.0,0.0,0.0,-1.0,0900-0959,30.0,1006.0,1039.0,7.0,1051,1046.0,-5.0,0.0,0.0,-1.0,1000-1059,0.0,,0.0,71.0,70.0,33.0,1.0,168.0,1,,,0.0,,0.0,,,,0,,,,,,,,,,,,,,,,,,,,,,,,,,,,,,,,,,,,,,,,,,,,,N,0.0,0.0,9.0,10.0,2.0,3.0,38.0,43.0,9,10,3.0,3.0,39.0,43.0,3,3,1,1.0,0.0,N556NN,N556NN-AA-1,39.0,50.0,5.0,44.0,55.0,34.0,4.0,0.0,39,44,0.0,0.0
N556NW,654.0,2019,2,5,2,4,2019-05-02,DL,DL,19790,DL,1955,,,,,DL,19790,DL,1955,13495,1349505,33495,MSY,"New Orleans, LA",LA,22,Louisiana,72,10397,1039707,30397,ATL,"Atlanta, GA",GA,13,Georgia,34,700,-6.0,0.0,0.0,-1.0,0700-0759,16.0,710.0,907.0,9.0,935,916.0,-19.0,0.0,0.0,-2.0,0900-0959,0.0,,0.0,95.0,82.0,57.0,1.0,425.0,2,,,0.0,,0.0,,,,0,,,,,,,,,,,,,,,,,,,,,,,,,,,,,,,,,,,,,,,,,,,,,N,4.0,0.0,6.0,9.0,4.0,1.0,32.0,37.0,7,9,0.0,2.0,32.0,38.0,4,4,0,0.0,0.0,N556NW,N556NW-DL-0,32.0,44.0,5.0,37.0,49.0,,,0.0,32,37,0.0,0.0
N557AS,659.0,2019,2,5,2,4,2019-05-02,AS,AS,19930,AS,7,,,,,AS,19930,AS,7,12478,1247805,31703,JFK,"New York, NY",NY,36,New York,22,14747,1474703,30559,SEA,"Seattle, WA",WA,53,Washington,93,700,-1.0,0.0,0.0,-1.0,0700-0759,22.0,721.0,1004.0,9.0,1020,1013.0,-7.0,0.0,0.0,-1.0,1000-1059,0.0,,0.0,380.0,374.0,343.0,1.0,2422.0,10,,,0.0,,0.0,,,,0,,,,,,,,,,,,,,,,,,,,,,,,,,,,,,,,,,,,,,,,,,,,,N,0.0,12.0,6.0,10.0,4.0,1.0,28.0,53.0,7,10,0.0,1.0,28.0,53.0,6,6,0,0.0,0.0,N557AS,N557AS-AS-0,28.0,40.0,25.0,53.0,65.0,,,0.0,28,53,0.0,0.0
N557NN,700.0,2019,2,5,2,4,2019-05-02,AA,AA_CODESHARE,19805,AA,5182,,,,,OH,20397,OH,5182,15919,1591904,31834,XNA,"Fayetteville, AR",AR,5,Arkansas,71,11057,1105703,31057,CLT,"Charlotte, NC",NC,37,North Carolina,36,704,-4.0,0.0,0.0,-1.0,0700-0759,17.0,717.0,1002.0,20.0,1019,1022.0,3.0,3.0,0.0,0.0,1000-1059,0.0,,0.0,135.0,142.0,105.0,1.0,754.0,4,,,0.0,,0.0,,,,0,,,,,,,,,,,,,,,,,,,,,,,,,,,,,,,,,,,,,,,,,,,,,N,4.0,0.0,7.0,10.0,0.0,1.0,32.0,41.0,7,10,0.0,1.0,32.0,41.0,5,5,0,0.0,0.0,N557NN,N557NN-AA-0,32.0,44.0,9.0,41.0,53.0,,,0.0,32,41,0.0,0.0
N557UW,131.0,2019,2,5,2,4,2019-05-02,AA,AA,19805,AA,1654,,,,,AA,19805,AA,1654,11292,1129202,30325,DEN,"Denver, CO",CO,8,Colorado,82,11057,1105703,31057,CLT,"Charlotte, NC",NC,37,North Carolina,36,125,6.0,6.0,0.0,0.0,0001-0559,16.0,147.0,632.0,7.0,629,639.0,10.0,10.0,0.0,0.0,0600-0659,0.0,,0.0,184.0,188.0,165.0,1.0,1337.0,6,,,0.0,,0.0,,,,0,,,,,,,,,,,,,,,,,,,,,,,,,,,,,,,,,,,,,,,,,,,,,N,8.0,0.0,1.0,6.0,2.0,3.0,14.0,27.0,1,6,2.0,2.0,14.0,26.0,1,1,0,1.0,1.0,N557UW,N557UW-AA-0,14.0,26.0,13.0,27.0,39.0,,,0.0,14,27,0.0,0.0
N557UW,833.0,2019,2,5,2,4,2019-05-02,AA,AA,19805,AA,1788,,,,,AA,19805,AA,1788,11057,1105703,31057,CLT,"Charlotte, NC",NC,37,North Carolina,36,12953,1295304,31703,LGA,"New York, NY",NY,36,New York,22,837,-4.0,0.0,0.0,-1.0,0800-0859,28.0,901.0,1017.0,4.0,1030,1021.0,-9.0,0.0,0.0,-1.0,1000-1059,0.0,,0.0,113.0,108.0,76.0,1.0,544.0,3,,,0.0,,0.0,,,,0,,,,,,,,,,,,,,,,,,,,,,,,,,,,,,,,,,,,,,,,,,,,,N,0.0,0.0,8.0,10.0,2.0,1.0,34.0,41.0,8,10,2.0,2.0,34.0,42.0,2,2,1,1.0,0.0,N557UW,N557UW-AA-1,34.0,46.0,7.0,41.0,53.0,27.0,7.0,0.0,36,43,2.0,4.74
N557WN,618.0,2019,2,5,2,4,2019-05-02,WN,WN,19393,WN,1574,,,,,WN,19393,WN,1574,10397,1039707,30397,ATL,"Atlanta, GA",GA,13,Georgia,34,11259,1125904,30194,DAL,"Dallas, TX",TX,48,Texas,74,620,-2.0,0.0,0.0,-1.0,0600-0659,10.0,628.0,756.0,3.0,735,759.0,24.0,24.0,1.0,1.0,0700-0759,0.0,,0.0,135.0,161.0,148.0,1.0,721.0,3,0.0,0.0,24.0,0.0,0.0,,,,0,,,,,,,,,,,,,,,,,,,,,,,,,,,,,,,,,,,,,,,,,,,,,N,0.0,4.0,6.0,7.0,1.0,4.0,25.0,36.0,6,7,1.0,2.0,25.0,34.0,2,2,0,1.0,1.0,N557WN,N557WN-WN-0,25.0,37.0,11.0,36.0,48.0,,,2.0,25,36,0.0,0.0
N557WN,839.0,2019,2,5,2,4,2019-05-02,WN,WN,19393,WN,1574,,,,,WN,19393,WN,1574,11259,1125904,30194,DAL,"Dallas, TX",TX,48,Texas,74,12892,1289208,32575,LAX,"Los Angeles, CA",CA,6,California,91,815,24.0,24.0,1.0,1.0,0800-0859,10.0,849.0,950.0,8.0,940,958.0,18.0,18.0,1.0,1.0,0900-0959,0.0,,0.0,205.0,199.0,181.0,1.0,1246.0,5,0.0,0.0,0.0,0.0,18.0,,,,0,,,,,,,,,,,,,,,,,,,,,,,,,,,,,,,,,,,,,,,,,,,,,N,4.0,12.0,8.0,9.0,3.0,4.0,39.0,52.0,8,9,1.0,3.0,37.0,51.0,9,9,1,1.0,0.0,N557WN,N557WN-WN-1,38.0,51.0,13.0,51.0,64.0,36.0,3.0,1.0,38,51,0.0,0.0
N558JB,609.0,2019,2,5,2,4,2019-05-02,B6,B6,20409,B6,1233,,,,,B6,20409,B6,1233,13204,1320402,31454,MCO,"Orlando, FL",FL,12,Florida,33,14843,1484306,34819,SJU,"San Juan, PR",PR,72,Puerto Rico,3,610,-1.0,0.0,0.0,-1.0,0600-0659,19.0,628.0,856.0,14.0,858,910.0,12.0,12.0,0.0,0.0,0800-0859,0.0,,0.0,168.0,181.0,148.0,1.0,1189.0,5,,,0.0,,0.0,,,,0,,,,,,,,,,,,,,,,,,,,,,,,,,,,,,,,,,,,,,,,,,,,,N,0.0,-4.0,6.0,9.0,1.0,1.0,25.0,33.0,6,8,1.0,4.0,25.0,32.0,2,2,0,0.0,0.0,N558JB,N558JB-B6-0,25.0,37.0,8.0,33.0,45.0,,,0.0,25,33,0.0,0.0
N558NN,539.0,2019,2,5,2,4,2019-05-02,AA,AA_CODESHARE,19805,AA,5453,,,,,OH,20397,OH,5453,13577,1357702,31135,MYR,"Myrtle Beach, SC",SC,45,South Carolina,37,11057,1105703,31057,CLT,"Charlotte, NC",NC,37,North Carolina,36,547,-8.0,0.0,0.0,-1.0,0001-0559,29.0,608.0,653.0,8.0,655,701.0,6.0,6.0,0.0,0.0,0600-0659,0.0,,0.0,68.0,82.0,45.0,1.0,157.0,1,,,0.0,,0.0,,,,0,,,,,,,,,,,,,,,,,,,,,,,,,,,,,,,,,,,,,,,,,,,,,N,0.0,0.0,5.0,7.0,3.0,0.0,23.0,28.0,5,6,3.0,4.0,23.0,28.0,9,9,0,1.0,1.0,N558NN,N558NN-AA-0,23.0,35.0,5.0,28.0,40.0,,,0.0,23,28,0.0,0.0
N558NN,737.0,2019,2,5,2,4,2019-05-02,AA,AA_CODESHARE,19805,AA,5194,,,,,OH,20397,OH,5194,11057,1105703,31057,CLT,"Charlotte, NC",NC,37,North Carolina,36,11433,1143302,31295,DTW,"Detroit, MI",MI,26,Michigan,43,740,-3.0,0.0,0.0,-1.0,0700-0759,23.0,800.0,920.0,14.0,937,934.0,-3.0,0.0,0.0,-1.0,0900-0959,0.0,,0.0,117.0,117.0,80.0,1.0,500.0,3,,,0.0,,0.0,,,,0,,,,,,,,,,,,,,,,,,,,,,,,,,,,,,,,,,,,,,,,,,,,,N,0.0,0.0,7.0,9.0,2.0,2.0,30.0,38.0,7,9,3.0,2.0,31.0,38.0,4,4,1,1.0,0.0,N558NN,N558NN-AA-1,31.0,42.0,8.0,39.0,50.0,28.0,2.0,0.0,31,39,0.0,0.0
N558UW,455.0,2019,2,5,2,4,2019-05-02,AA,AA,19805,AA,934,,,,,AA,19805,AA,934,14100,1410005,34100,PHL,"Philadelphia, PA",PA,42,Pennsylvania,23,13930,1393007,30977,ORD,"Chicago, IL",IL,17,Illinois,41,500,-5.0,0.0,0.0,-1.0,0001-0559,16.0,511.0,603.0,12.0,620,615.0,-5.0,0.0,0.0,-1.0,0600-0659,0.0,,0.0,140.0,140.0,112.0,1.0,678.0,3,,,0.0,,0.0,,,,0,,,,,,,,,,,,,,,,,,,,,,,,,,,,,,,,,,,,,,,,,,,,,N,0.0,4.0,4.0,6.0,4.0,1.0,20.0,29.0,5,6,0.0,1.0,20.0,29.0,7,7,0,1.0,1.0,N558UW,N558UW-AA-0,20.0,32.0,9.0,29.0,41.0,,,0.0,20,29,0.0,0.0
N558UW,724.0,2019,2,5,2,4,2019-05-02,AA,AA,19805,AA,2052,,,,,AA,19805,AA,2052,13930,1393007,30977,ORD,"Chicago, IL",IL,17,Illinois,41,11057,1105703,31057,CLT,"Charlotte, NC",NC,37,North Carolina,36,724,0.0,0.0,0.0,0.0,0700-0759,20.0,744.0,1006.0,9.0,1024,1015.0,-9.0,0.0,0.0,-1.0,1000-1059,0.0,,0.0,120.0,111.0,82.0,1.0,599.0,3,,,0.0,,0.0,,,,0,,,,,,,,,,,,,,,,,,,,,,,,,,,,,,,,,,,,,,,,,,,,,N,4.0,0.0,7.0,10.0,2.0,1.0,34.0,41.0,7,10,2.0,2.0,34.0,42.0,7,7,1,1.0,0.0,N558UW,N558UW-AA-1,34.0,46.0,7.0,41.0,53.0,29.0,5.0,0.0,34,41,0.0,0.0
N558WN,706.0,2019,2,5,2,4,2019-05-02,WN,WN,19393,WN,1082,,,,,WN,19393,WN,1082,12191,1219102,31453,HOU,"Houston, TX",TX,48,Texas,74,13232,1323202,30977,MDW,"Chicago, IL",IL,17,Illinois,41,650,16.0,16.0,1.0,1.0,0600-0659,14.0,720.0,943.0,6.0,920,949.0,29.0,29.0,1.0,1.0,0900-0959,0.0,,0.0,150.0,163.0,143.0,1.0,937.0,4,16.0,0.0,13.0,0.0,0.0,,,,0,,,,,,,,,,,,,,,,,,,,,,,,,,,,,,,,,,,,,,,,,,,,,N,4.0,4.0,7.0,9.0,0.0,3.0,32.0,43.0,6,9,3.0,1.0,31.0,41.0,4,4,0,0.0,0.0,N558WN,N558WN-WN-0,31.0,44.0,11.0,42.0,55.0,,,1.0,31,42,0.0,0.0
N559NN,726.0,2019,2,5,2,4,2019-05-02,AA,AA_CODESHARE,19805,AA,5577,,,,,OH,20397,OH,5577,14685,1468502,34685,SAV,"Savannah, GA",GA,13,Georgia,34,11057,1105703,31057,CLT,"Charlotte, NC",NC,37,North Carolina,36,730,-4.0,0.0,0.0,-1.0,0700-0759,18.0,744.0,839.0,6.0,851,845.0,-6.0,0.0,0.0,-1.0,0800-0859,0.0,,0.0,81.0,79.0,55.0,1.0,213.0,1,,,0.0,,0.0,,,,0,,,,,,,,,,,,,,,,,,,,,,,,,,,,,,,,,,,,,,,,,,,,,N,0.0,0.0,7.0,8.0,2.0,3.0,30.0,35.0,7,8,2.0,3.0,30.0,35.0,2,2,0,1.0,1.0,N559NN,N559NN-AA-0,30.0,42.0,5.0,35.0,47.0,,,0.0,30,35,0.0,0.0
N559NN,932.0,2019,2,5,2,4,2019-05-02,AA,AA_CODESHARE,19805,AA,5571,,,,,OH,20397,OH,5571,11057,1105703,31057,CLT,"Charlotte, NC",NC,37,North Carolina,36,13244,1324402,33244,MEM,"Memphis, TN",TN,47,Tennessee,54,935,-3.0,0.0,0.0,-1.0,0900-0959,21.0,953.0,1018.0,6.0,1038,1024.0,-14.0,0.0,0.0,-1.0,1000-1059,0.0,,0.0,123.0,112.0,85.0,1.0,511.0,3,,,0.0,,0.0,,,,0,,,,,,,,,,,,,,,,,,,,,,,,,,,,,,,,,,,,,,,,,,,,,N,0.0,4.0,9.0,10.0,2.0,2.0,38.0,46.0,9,10,2.0,3.0,38.0,47.0,8,8,1,1.0,0.0,N559NN,N559NN-AA-1,38.0,50.0,8.0,46.0,58.0,35.0,3.0,0.0,38,46,0.0,0.0
N559UW,845.0,2019,2,5,2,4,2019-05-02,AA,AA,19805,AA,1705,,,,,AA,19805,AA,1705,15304,1530402,33195,TPA,"Tampa, FL",FL,12,Florida,33,14100,1410005,34100,PHL,"Philadelphia, PA",PA,42,Pennsylvania,23,857,-12.0,0.0,0.0,-1.0,0800-0859,16.0,901.0,1105.0,6.0,1134,1111.0,-23.0,0.0,0.0,-2.0,1100-1159,0.0,,0.0,157.0,146.0,124.0,1.0,920.0,4,,,0.0,,0.0,,,,0,,,,,,,,,,,,,,,,,,,,,,,,,,,,,,,,,,,,,,,,,,,,,N,0.0,0.0,8.0,11.0,3.0,1.0,35.0,45.0,8,11,4.0,2.0,36.0,46.0,6,6,0,0.0,0.0,N559UW,N559UW-AA-0,36.0,47.0,10.0,46.0,57.0,,,0.0,37,47,1.0,6.26
N559WN,639.0,2019,2,5,2,4,2019-05-02,WN,WN,19393,WN,2039,,,,,WN,19393,WN,2039,10721,1072102,30721,BOS,"Boston, MA",MA,25,Massachusetts,13,10693,1069302,30693,BNA,"Nashville, TN",TN,47,Tennessee,54,640,-1.0,0.0,0.0,-1.0,0600-0659,12.0,651.0,805.0,4.0,830,809.0,-21.0,0.0,0.0,-2.0,0800-0859,0.0,,0.0,170.0,150.0,134.0,1.0,942.0,4,,,0.0,,0.0,,,,0,,,,,,,,,,,,,,,,,,,,,,,,,,,,,,,,,,,,,,,,,,,,,N,0.0,4.0,6.0,8.0,3.0,1.0,27.0,37.0,6,8,3.0,2.0,27.0,38.0,8,8,0,0.0,0.0,N559WN,N559WN-WN-0,27.0,39.0,10.0,37.0,49.0,,,0.0,27,37,0.0,0.0
N560AS,644.0,2019,2,5,2,4,2019-05-02,AS,AS,19930,AS,829,,,,,AS,19930,AS,829,14679,1467903,33570,SAN,"San Diego, CA",CA,6,California,91,13830,1383002,33830,OGG,"Kahului, HI",HI,15,Hawaii,2,650,-6.0,0.0,0.0,-1.0,0600-0659,25.0,709.0,1001.0,6.0,1000,1007.0,7.0,7.0,0.0,0.0,1000-1059,0.0,,0.0,370.0,383.0,352.0,1.0,2541.0,11,,,0.0,,0.0,,,,0,,,,,,,,,,,,,,,,,,,,,,,,,,,,,,,,,,,,,,,,,,,,,N,12.0,20.0,6.0,10.0,3.0,0.0,39.0,60.0,6,10,3.0,0.0,39.0,60.0,2,2,0,0.0,0.0,N560AS,N560AS-AS-0,39.0,51.0,21.0,60.0,72.0,,,0.0,39,60,0.0,0.0
N560NN,635.0,2019,2,5,2,4,2019-05-02,AA,AA_CODESHARE,19805,AA,5485,,,,,OH,20397,OH,5485,13871,1387102,33316,OMA,"Omaha, NE",NE,31,Nebraska,65,11057,1105703,31057,CLT,"Charlotte, NC",NC,37,North Carolina,36,641,-6.0,0.0,0.0,-1.0,0600-0659,10.0,645.0,1006.0,25.0,1030,1031.0,1.0,1.0,0.0,0.0,1000-1059,0.0,,0.0,169.0,176.0,141.0,1.0,913.0,4,,,0.0,,0.0,,,,0,,,,,,,,,,,,,,,,,,,,,,,,,,,,,,,,,,,,,,,,,,,,,N,4.0,0.0,6.0,10.0,2.0,2.0,30.0,42.0,6,10,3.0,2.0,31.0,42.0,9,9,0,0.0,0.0,N560NN,N560NN-AA-0,31.0,42.0,12.0,43.0,54.0,,,0.0,31,43,0.0,0.0
N560WN,718.0,2019,2,5,2,4,2019-05-02,WN,WN,19393,WN,454,,,,,WN,19393,WN,454,11433,1143302,31295,DTW,"Detroit, MI",MI,26,Michigan,43,13232,1323202,30977,MDW,"Chicago, IL",IL,17,Illinois,41,600,78.0,78.0,1.0,5.0,0600-0659,23.0,741.0,730.0,3.0,605,733.0,88.0,88.0,1.0,5.0,0600-0659,0.0,,0.0,65.0,75.0,49.0,1.0,228.0,1,0.0,0.0,88.0,0.0,0.0,,,,0,,,,,,,,,,,,,,,,,,,,,,,,,,,,,,,,,,,,,,,,,,,,,N,0.0,4.0,7.0,7.0,1.0,2.0,29.0,34.0,6,6,0.0,0.0,24.0,28.0,4,4,0,0.0,0.0,N560WN,N560WN-WN-0,24.0,41.0,5.0,29.0,46.0,,,6.0,24,29,0.0,0.0
N561JB,803.0,2019,2,5,2,4,2019-05-02,B6,B6,20409,B6,306,,,,,B6,20409,B6,306,11697,1169706,32467,FLL,"Fort Lauderdale, FL",FL,12,Florida,33,11618,1161802,31703,EWR,"Newark, NJ",NJ,34,New Jersey,21,811,-8.0,0.0,0.0,-1.0,0800-0859,10.0,813.0,1034.0,6.0,1102,1040.0,-22.0,0.0,0.0,-2.0,1100-1159,0.0,,0.0,171.0,157.0,141.0,1.0,1065.0,5,,,0.0,,0.0,,,,0,,,,,,,,,,,,,,,,,,,,,,,,,,,,,,,,,,,,,,,,,,,,,N,0.0,0.0,8.0,10.0,0.0,3.0,32.0,43.0,8,11,1.0,0.0,33.0,44.0,6,6,0,0.0,0.0,N561JB,N561JB-B6-0,33.0,44.0,11.0,44.0,55.0,,,0.0,33,44,0.0,0.0
N561NN,705.0,2019,2,5,2,4,2019-05-02,AA,AA_CODESHARE,19805,AA,5175,,,,,OH,20397,OH,5175,11252,1125203,31252,DAB,"Daytona Beach, FL",FL,12,Florida,33,11057,1105703,31057,CLT,"Charlotte, NC",NC,37,North Carolina,36,714,-9.0,0.0,0.0,-1.0,0700-0759,23.0,728.0,845.0,5.0,856,850.0,-6.0,0.0,0.0,-1.0,0800-0859,0.0,,0.0,102.0,105.0,77.0,1.0,416.0,2,,,0.0,,0.0,,,,0,,,,,,,,,,,,,,,,,,,,,,,,,,,,,,,,,,,,,,,,,,,,,N,0.0,0.0,7.0,8.0,0.0,3.0,28.0,35.0,7,8,1.0,4.0,29.0,36.0,1,1,0,0.0,0.0,N561NN,N561NN-AA-0,29.0,40.0,7.0,36.0,47.0,,,0.0,29,39,3.0,5.34
N561UW,728.0,2019,2,5,2,4,2019-05-02,AA,AA,19805,AA,1678,,,,,AA,19805,AA,1678,11057,1105703,31057,CLT,"Charlotte, NC",NC,37,North Carolina,36,14107,1410702,30466,PHX,"Phoenix, AZ",AZ,4,Arizona,81,730,-2.0,0.0,0.0,-1.0,0700-0759,14.0,742.0,843.0,19.0,915,902.0,-13.0,0.0,0.0,-1.0,0900-0959,0.0,,0.0,285.0,274.0,241.0,1.0,1773.0,8,,,0.0,,0.0,,,,0,,,,,,,,,,,,,,,,,,,,,,,,,,,,,,,,,,,,,,,,,,,,,N,0.0,8.0,7.0,9.0,2.0,0.0,30.0,44.0,7,9,2.0,1.0,30.0,45.0,2,2,0,0.0,0.0,N561UW,N561UW-AA-0,30.0,42.0,14.0,44.0,56.0,,,0.0,30,44,0.0,0.0
N562AS,555.0,2019,2,5,2,4,2019-05-02,AS,AS,19930,AS,380,,,,,AS,19930,AS,380,14747,1474703,30559,SEA,"Seattle, WA",WA,53,Washington,93,14679,1467903,33570,SAN,"San Diego, CA",CA,6,California,91,600,-5.0,0.0,0.0,-1.0,0600-0659,19.0,614.0,825.0,4.0,845,829.0,-16.0,0.0,0.0,-2.0,0800-0859,0.0,,0.0,165.0,154.0,131.0,1.0,1050.0,5,,,0.0,,0.0,,,,0,,,,,,,,,,,,,,,,,,,,,,,,,,,,,,,,,,,,,,,,,,,,,N,12.0,12.0,5.0,8.0,4.0,2.0,36.0,46.0,6,8,0.0,3.0,36.0,47.0,7,7,0,0.0,0.0,N562AS,N562AS-AS-0,36.0,48.0,10.0,46.0,58.0,,,0.0,36,46,0.0,0.0
N562NN,603.0,2019,2,5,2,4,2019-05-02,AA,AA_CODESHARE,19805,AA,5105,,,,,OH,20397,OH,5105,10135,1013505,30135,ABE,"Allentown/Bethlehem/Easton, PA",PA,42,Pennsylvania,23,11057,1105703,31057,CLT,"Charlotte, NC",NC,37,North Carolina,36,609,-6.0,0.0,0.0,-1.0,0600-0659,15.0,618.0,749.0,29.0,826,818.0,-8.0,0.0,0.0,-1.0,0800-0859,0.0,,0.0,137.0,135.0,91.0,1.0,481.0,2,,,0.0,,0.0,,,,0,,,,,,,,,,,,,,,,,,,,,,,,,,,,,,,,,,,,,,,,,,,,,N,0.0,0.0,6.0,8.0,0.0,1.0,24.0,33.0,6,8,1.0,2.0,25.0,34.0,4,4,0,1.0,1.0,N562NN,N562NN-AA-0,25.0,36.0,9.0,34.0,45.0,,,0.0,25,34,0.0,0.0
N562NN,918.0,2019,2,5,2,4,2019-05-02,AA,AA_CODESHARE,19805,AA,5314,,,,,OH,20397,OH,5314,11057,1105703,31057,CLT,"Charlotte, NC",NC,37,North Carolina,36,10135,1013505,30135,ABE,"Allentown/Bethlehem/Easton, PA",PA,42,Pennsylvania,23,920,-2.0,0.0,0.0,-1.0,0900-0959,24.0,942.0,1100.0,4.0,1103,1104.0,1.0,1.0,0.0,0.0,1100-1159,0.0,,0.0,103.0,106.0,78.0,1.0,481.0,2,,,0.0,,0.0,,,,0,,,,,,,,,,,,,,,,,,,,,,,,,,,,,,,,,,,,,,,,,,,,,N,0.0,0.0,9.0,11.0,1.0,0.0,37.0,44.0,9,11,1.0,0.0,37.0,44.0,9,9,1,1.0,0.0,N562NN,N562NN-AA-1,37.0,49.0,7.0,44.0,56.0,33.0,4.0,0.0,38,45,1.0,9.2
N562WN,542.0,2019,2,5,2,4,2019-05-02,WN,WN,19393,WN,1359,,,,,WN,19393,WN,1359,10529,1052906,30529,BDL,"Hartford, CT",CT,9,Connecticut,11,10821,1082106,30852,BWI,"Baltimore, MD",MD,24,Maryland,35,545,-3.0,0.0,0.0,-1.0,0001-0559,11.0,553.0,644.0,20.0,705,704.0,-1.0,0.0,0.0,-1.0,0700-0759,0.0,,0.0,80.0,82.0,51.0,1.0,283.0,2,,,0.0,,0.0,,,,0,,,,,,,,,,,,,,,,,,,,,,,,,,,,,,,,,,,,,,,,,,,,,N,0.0,0.0,5.0,7.0,3.0,0.0,23.0,28.0,5,7,3.0,0.0,23.0,28.0,1,1,0,0.0,0.0,N562WN,N562WN-WN-0,23.0,35.0,5.0,28.0,40.0,,,0.0,23,28,0.0,0.0
N563JB,636.0,2019,2,5,2,4,2019-05-02,B6,B6,20409,B6,375,,,,,B6,20409,B6,375,14100,1410005,34100,PHL,"Philadelphia, PA",PA,42,Pennsylvania,23,11697,1169706,32467,FLL,"Fort Lauderdale, FL",FL,12,Florida,33,640,-4.0,0.0,0.0,-1.0,0600-0659,14.0,650.0,902.0,4.0,931,906.0,-25.0,0.0,0.0,-2.0,0900-0959,0.0,,0.0,171.0,150.0,132.0,1.0,992.0,4,,,0.0,,0.0,,,,0,,,,,,,,,,,,,,,,,,,,,,,,,,,,,,,,,,,,,,,,,,,,,N,0.0,0.0,6.0,9.0,2.0,0.0,26.0,36.0,6,9,3.0,2.0,27.0,38.0,2,2,0,0.0,0.0,N563JB,N563JB-B6-0,27.0,38.0,10.0,37.0,48.0,,,0.0,27,37,0.0,0.0
N563NN,705.0,2019,2,5,2,4,2019-05-02,AA,AA_CODESHARE,19805,AA,5523,,,,,OH,20397,OH,5523,14730,1473003,33044,SDF,"Louisville, KY",KY,21,Kentucky,52,11057,1105703,31057,CLT,"Charlotte, NC",NC,37,North Carolina,36,700,5.0,5.0,0.0,0.0,0700-0759,24.0,729.0,831.0,17.0,841,848.0,7.0,7.0,0.0,0.0,0800-0859,0.0,,0.0,101.0,103.0,62.0,1.0,335.0,2,,,0.0,,0.0,,,,0,,,,,,,,,,,,,,,,,,,,,,,,,,,,,,,,,,,,,,,,,,,,,N,0.0,0.0,7.0,8.0,0.0,3.0,28.0,35.0,7,8,0.0,3.0,28.0,35.0,5,5,0,1.0,1.0,N563NN,N563NN-AA-0,28.0,40.0,7.0,35.0,47.0,,,0.0,28,35,0.0,0.0
N563NN,936.0,2019,2,5,2,4,2019-05-02,AA,AA_CODESHARE,19805,AA,5220,,,,,OH,20397,OH,5220,11057,1105703,31057,CLT,"Charlotte, NC",NC,37,North Carolina,36,13577,1357702,31135,MYR,"Myrtle Beach, SC",SC,45,South Carolina,37,940,-4.0,0.0,0.0,-1.0,0900-0959,42.0,1018.0,1047.0,16.0,1047,1103.0,16.0,16.0,1.0,1.0,1000-1059,0.0,,0.0,67.0,87.0,29.0,1.0,157.0,1,0.0,0.0,16.0,0.0,0.0,,,,0,,,,,,,,,,,,,,,,,,,,,,,,,,,,,,,,,,,,,,,,,,,,,N,0.0,0.0,9.0,11.0,2.0,0.0,38.0,44.0,9,10,3.0,3.0,39.0,43.0,6,6,1,1.0,0.0,N563NN,N563NN-AA-1,39.0,50.0,6.0,45.0,56.0,35.0,3.0,1.0,39,45,0.0,0.0
N563UW,556.0,2019,2,5,2,4,2019-05-02,AA,AA,19805,AA,1982,,,,,AA,19805,AA,1982,11697,1169706,32467,FLL,"Fort Lauderdale, FL",FL,12,Florida,33,11057,1105703,31057,CLT,"Charlotte, NC",NC,37,North Carolina,36,559,-3.0,0.0,0.0,-1.0,0001-0559,18.0,614.0,753.0,17.0,806,810.0,4.0,4.0,0.0,0.0,0800-0859,0.0,,0.0,127.0,134.0,99.0,1.0,632.0,3,,,0.0,,0.0,,,,0,,,,,,,,,,,,,,,,,,,,,,,,,,,,,,,,,,,,,,,,,,,,,N,0.0,0.0,5.0,8.0,4.0,1.0,24.0,33.0,5,8,4.0,0.0,24.0,32.0,2,2,0,1.0,1.0,N563UW,N563UW-AA-0,24.0,36.0,9.0,33.0,45.0,,,0.0,24,33,0.0,0.0
N563UW,921.0,2019,2,5,2,4,2019-05-02,AA,AA,19805,AA,764,,,,,AA,19805,AA,764,11057,1105703,31057,CLT,"Charlotte, NC",NC,37,North Carolina,36,12266,1226603,31453,IAH,"Houston, TX",TX,48,Texas,74,920,1.0,1.0,0.0,0.0,0900-0959,59.0,1020.0,1136.0,11.0,1108,1147.0,39.0,39.0,1.0,2.0,1100-1159,0.0,,0.0,168.0,206.0,136.0,1.0,912.0,4,0.0,0.0,39.0,0.0,0.0,,,,0,,,,,,,,,,,,,,,,,,,,,,,,,,,,,,,,,,,,,,,,,,,,,N,0.0,4.0,9.0,11.0,1.0,3.0,37.0,51.0,9,11,1.0,1.0,37.0,49.0,6,6,1,1.0,0.0,N563UW,N563UW-AA-1,37.0,49.0,14.0,51.0,63.0,33.0,4.0,3.0,37,51,0.0,0.0
N564NN,518.0,2019,2,5,2,4,2019-05-02,AA,AA_CODESHARE,19805,AA,5611,,,,,OH,20397,OH,5611,10994,1099402,30994,CHS,"Charleston, SC",SC,45,South Carolina,37,11057,1105703,31057,CLT,"Charlotte, NC",NC,37,North Carolina,36,520,-2.0,0.0,0.0,-1.0,0001-0559,13.0,531.0,609.0,9.0,620,618.0,-2.0,0.0,0.0,-1.0,0600-0659,0.0,,0.0,60.0,60.0,38.0,1.0,168.0,1,,,0.0,,0.0,,,,0,,,,,,,,,,,,,,,,,,,,,,,,,,,,,,,,,,,,,,,,,,,,,N,0.0,0.0,5.0,6.0,1.0,1.0,21.0,25.0,5,6,1.0,1.0,21.0,25.0,5,5,0,2.0,2.0,N564NN,N564NN-AA-0,21.0,33.0,4.0,25.0,37.0,,,0.0,21,26,1.0,5.26
N564NN,716.0,2019,2,5,2,4,2019-05-02,AA,AA_CODESHARE,19805,AA,5045,,,,,OH,20397,OH,5045,11057,1105703,31057,CLT,"Charlotte, NC",NC,37,North Carolina,36,13931,1393102,33667,ORF,"Norfolk, VA",VA,51,Virginia,38,724,-8.0,0.0,0.0,-1.0,0700-0759,14.0,730.0,819.0,3.0,835,822.0,-13.0,0.0,0.0,-1.0,0800-0859,0.0,,0.0,71.0,66.0,49.0,1.0,290.0,2,,,0.0,,0.0,,,,0,,,,,,,,,,,,,,,,,,,,,,,,,,,,,,,,,,,,,,,,,,,,,N,0.0,0.0,7.0,8.0,1.0,1.0,29.0,33.0,7,8,2.0,2.0,30.0,34.0,7,7,1,2.0,1.0,N564NN,N564NN-AA-1,30.0,41.0,4.0,34.0,45.0,25.0,4.0,0.0,30,34,0.0,0.0
N564NN,855.0,2019,2,5,2,4,2019-05-02,AA,AA_CODESHARE,19805,AA,5045,,,,,OH,20397,OH,5045,13931,1393102,33667,ORF,"Norfolk, VA",VA,51,Virginia,38,11057,1105703,31057,CLT,"Charlotte, NC",NC,37,North Carolina,36,905,-10.0,0.0,0.0,-1.0,0900-0959,31.0,926.0,1025.0,9.0,1044,1034.0,-10.0,0.0,0.0,-1.0,1000-1059,0.0,,0.0,99.0,99.0,59.0,1.0,290.0,2,,,0.0,,0.0,,,,0,,,,,,,,,,,,,,,,,,,,,,,,,,,,,,,,,,,,,,,,,,,,,N,0.0,0.0,8.0,10.0,4.0,2.0,36.0,42.0,9,10,0.0,3.0,36.0,43.0,9,9,2,2.0,0.0,N564NN,N564NN-AA-2,36.0,48.0,6.0,42.0,54.0,33.0,3.0,0.0,37,43,1.0,9.36
N564WN,526.0,2019,2,5,2,4,2019-05-02,WN,WN,19393,WN,396,,,,,WN,19393,WN,396,12889,1288903,32211,LAS,"Las Vegas, NV",NV,32,Nevada,85,13198,1319801,33198,MCI,"Kansas City, MO",MO,29,Missouri,64,530,-4.0,0.0,0.0,-1.0,0001-0559,11.0,537.0,955.0,5.0,1010,1000.0,-10.0,0.0,0.0,-1.0,1000-1059,0.0,,0.0,160.0,154.0,138.0,1.0,1139.0,5,,,0.0,,0.0,,,,0,,,,,,,,,,,,,,,,,,,,,,,,,,,,,,,,,,,,,,,,,,,,,N,12.0,4.0,5.0,10.0,2.0,0.0,34.0,44.0,5,10,2.0,1.0,34.0,45.0,5,5,0,0.0,0.0,N564WN,N564WN-WN-0,34.0,46.0,10.0,44.0,56.0,,,0.0,34,44,0.0,0.0
N565AS,638.0,2019,2,5,2,4,2019-05-02,AS,AS,19930,AS,133,,,,,AS,19930,AS,133,14747,1474703,30559,SEA,"Seattle, WA",WA,53,Washington,93,11630,1163002,31517,FAI,"Fairbanks, AK",AK,2,Alaska,1,645,-7.0,0.0,0.0,-1.0,0600-0659,9.0,647.0,911.0,4.0,935,915.0,-20.0,0.0,0.0,-2.0,0900-0959,0.0,,0.0,230.0,217.0,204.0,1.0,1533.0,7,,,0.0,,0.0,,,,0,,,,,,,,,,,,,,,,,,,,,,,,,,,,,,,,,,,,,,,,,,,,,N,12.0,16.0,6.0,9.0,3.0,1.0,39.0,53.0,6,9,3.0,2.0,39.0,54.0,9,9,0,0.0,0.0,N565AS,N565AS-AS-0,39.0,51.0,14.0,53.0,65.0,,,0.0,39,53,0.0,0.0
N565NN,636.0,2019,2,5,2,4,2019-05-02,AA,AA_CODESHARE,19805,AA,5677,,,,,OH,20397,OH,5677,11423,1142307,31423,DSM,"Des Moines, IA",IA,19,Iowa,61,11057,1105703,31057,CLT,"Charlotte, NC",NC,37,North Carolina,36,636,0.0,0.0,0.0,0.0,0600-0659,20.0,656.0,941.0,24.0,1006,1005.0,-1.0,0.0,0.0,-1.0,1000-1059,0.0,,0.0,150.0,149.0,105.0,1.0,815.0,4,,,0.0,,0.0,,,,0,,,,,,,,,,,,,,,,,,,,,,,,,,,,,,,,,,,,,,,,,,,,,N,4.0,0.0,6.0,10.0,2.0,0.0,30.0,40.0,6,10,2.0,0.0,30.0,40.0,5,5,0,0.0,0.0,N565NN,N565NN-AA-0,30.0,42.0,10.0,40.0,52.0,,,0.0,30,40,0.0,0.0
N565WN,621.0,2019,2,5,2,4,2019-05-02,WN,WN,19393,WN,1645,,,,,WN,19393,WN,1645,14100,1410005,34100,PHL,"Philadelphia, PA",PA,42,Pennsylvania,23,13204,1320402,31454,MCO,"Orlando, FL",FL,12,Florida,33,625,-4.0,0.0,0.0,-1.0,0600-0659,13.0,634.0,835.0,11.0,855,846.0,-9.0,0.0,0.0,-1.0,0800-0859,0.0,,0.0,150.0,145.0,121.0,1.0,861.0,4,,,0.0,,0.0,,,,0,,,,,,,,,,,,,,,,,,,,,,,,,,,,,,,,,,,,,,,,,,,,,N,0.0,0.0,6.0,8.0,1.0,3.0,25.0,35.0,6,8,2.0,4.0,26.0,36.0,8,8,0,1.0,1.0,N565WN,N565WN-WN-0,26.0,37.0,10.0,36.0,47.0,,,0.0,26,36,0.0,0.0
N565WN,931.0,2019,2,5,2,4,2019-05-02,WN,WN,19393,WN,1645,,,,,WN,19393,WN,1645,13204,1320402,31454,MCO,"Orlando, FL",FL,12,Florida,33,10397,1039707,30397,ATL,"Atlanta, GA",GA,13,Georgia,34,930,1.0,1.0,0.0,0.0,0900-0959,15.0,946.0,1047.0,9.0,1105,1056.0,-9.0,0.0,0.0,-1.0,1100-1159,0.0,,0.0,95.0,85.0,61.0,1.0,404.0,2,,,0.0,,0.0,,,,0,,,,,,,,,,,,,,,,,,,,,,,,,,,,,,,,,,,,,,,,,,,,,N,0.0,0.0,9.0,10.0,2.0,4.0,38.0,44.0,9,11,2.0,0.0,38.0,44.0,8,8,1,1.0,0.0,N565WN,N565WN-WN-1,38.0,50.0,6.0,44.0,56.0,35.0,3.0,0.0,39,45,1.0,8.24
N566AS,927.0,2019,2,5,2,4,2019-05-02,AS,AS,19930,AS,623,,,,,AS,19930,AS,623,12478,1247805,31703,JFK,"New York, NY",NY,36,New York,22,14771,1477104,32457,SFO,"San Francisco, CA",CA,6,California,91,745,102.0,102.0,1.0,6.0,0700-0759,25.0,952.0,1314.0,11.0,1120,1325.0,125.0,125.0,1.0,8.0,1100-1159,0.0,,0.0,395.0,418.0,382.0,1.0,2586.0,11,102.0,0.0,23.0,0.0,0.0,737.0,40.0,40.0,0,,,,,,,,,,,,,,,,,,,,,,,,,,,,,,,,,,,,,,,,,,,,,N,0.0,12.0,9.0,13.0,2.0,2.0,38.0,66.0,7,11,3.0,1.0,31.0,57.0,1,1,0,0.0,0.0,N566AS,N566AS-AS-0,36.0,50.0,28.0,64.0,78.0,,,2.0,36,64,0.0,0.0
N566NN,738.0,2019,2,5,2,4,2019-05-02,AA,AA_CODESHARE,19805,AA,5335,,,,,OH,20397,OH,5335,10599,1059904,30599,BHM,"Birmingham, AL",AL,1,Alabama,51,11057,1105703,31057,CLT,"Charlotte, NC",NC,37,North Carolina,36,742,-4.0,0.0,0.0,-1.0,0700-0759,11.0,749.0,949.0,22.0,1016,1011.0,-5.0,0.0,0.0,-1.0,1000-1059,0.0,,0.0,94.0,93.0,60.0,1.0,350.0,2,,,0.0,,0.0,,,,0,,,,,,,,,,,,,,,,,,,,,,,,,,,,,,,,,,,,,,,,,,,,,N,4.0,0.0,7.0,10.0,3.0,1.0,35.0,41.0,7,10,3.0,1.0,35.0,41.0,7,7,0,0.0,0.0,N566NN,N566NN-AA-0,35.0,47.0,6.0,41.0,53.0,,,0.0,35,41,0.0,0.0
N566WN,754.0,2019,2,5,2,4,2019-05-02,WN,WN,19393,WN,757,,,,,WN,19393,WN,757,10721,1072102,30721,BOS,"Boston, MA",MA,25,Massachusetts,13,11292,1129202,30325,DEN,"Denver, CO",CO,8,Colorado,82,755,-1.0,0.0,0.0,-1.0,0700-0759,16.0,810.0,1023.0,4.0,1040,1027.0,-13.0,0.0,0.0,-1.0,1000-1059,0.0,,0.0,285.0,273.0,253.0,1.0,1754.0,8,,,0.0,,0.0,,,,0,,,,,,,,,,,,,,,,,,,,,,,,,,,,,,,,,,,,,,,,,,,,,N,0.0,8.0,7.0,10.0,4.0,2.0,32.0,50.0,7,10,4.0,3.0,32.0,51.0,7,7,0,0.0,0.0,N566WN,N566WN-WN-0,32.0,44.0,18.0,50.0,62.0,,,0.0,32,50,0.0,0.0
N567NN,529.0,2019,2,5,2,4,2019-05-02,AA,AA_CODESHARE,19805,AA,5674,,,,,OH,20397,OH,5674,14685,1468502,34685,SAV,"Savannah, GA",GA,13,Georgia,34,11057,1105703,31057,CLT,"Charlotte, NC",NC,37,North Carolina,36,534,-5.0,0.0,0.0,-1.0,0001-0559,13.0,542.0,632.0,7.0,644,639.0,-5.0,0.0,0.0,-1.0,0600-0659,0.0,,0.0,70.0,70.0,50.0,1.0,213.0,1,,,0.0,,0.0,,,,0,,,,,,,,,,,,,,,,,,,,,,,,,,,,,,,,,,,,,,,,,,,,,N,0.0,0.0,5.0,6.0,2.0,3.0,22.0,27.0,5,6,2.0,3.0,22.0,27.0,9,9,0,1.0,1.0,N567NN,N567NN-AA-0,22.0,34.0,5.0,27.0,39.0,,,0.0,22,27,0.0,0.0
N567NN,751.0,2019,2,5,2,4,2019-05-02,AA,AA_CODESHARE,19805,AA,5306,,,,,OH,20397,OH,5306,11057,1105703,31057,CLT,"Charlotte, NC",NC,37,North Carolina,36,14730,1473003,33044,SDF,"Louisville, KY",KY,21,Kentucky,52,800,-9.0,0.0,0.0,-1.0,0800-0859,35.0,826.0,928.0,5.0,938,933.0,-5.0,0.0,0.0,-1.0,0900-0959,0.0,,0.0,98.0,102.0,62.0,1.0,335.0,2,,,0.0,,0.0,,,,0,,,,,,,,,,,,,,,,,,,,,,,,,,,,,,,,,,,,,,,,,,,,,N,0.0,0.0,7.0,9.0,3.0,2.0,31.0,38.0,8,9,0.0,3.0,32.0,39.0,2,2,1,1.0,0.0,N567NN,N567NN-AA-1,32.0,43.0,7.0,39.0,50.0,27.0,4.0,0.0,34,41,2.0,4.7
N568JB,656.0,2019,2,5,2,4,2019-05-02,B6,B6,20409,B6,493,,,,,B6,20409,B6,493,10721,1072102,30721,BOS,"Boston, MA",MA,25,Massachusetts,13,11292,1129202,30325,DEN,"Denver, CO",CO,8,Colorado,82,701,-5.0,0.0,0.0,-1.0,0700-0759,18.0,714.0,933.0,8.0,936,941.0,5.0,5.0,0.0,0.0,0900-0959,0.0,,0.0,275.0,285.0,259.0,1.0,1754.0,8,,,0.0,,0.0,,,,0,,,,,,,,,,,,,,,,,,,,,,,,,,,,,,,,,,,,,,,,,,,,,N,0.0,8.0,6.0,9.0,4.0,3.0,28.0,47.0,7,9,0.0,2.0,28.0,46.0,6,6,0,0.0,0.0,N568JB,N568JB-B6-0,28.0,40.0,19.0,47.0,59.0,,,0.0,28,47,0.0,0.0
N568NN,610.0,2019,2,5,2,4,2019-05-02,AA,AA_CODESHARE,19805,AA,5154,,,,,OH,20397,OH,5154,10785,1078502,30785,BTV,"Burlington, VT",VT,50,Vermont,16,11057,1105703,31057,CLT,"Charlotte, NC",NC,37,North Carolina,36,616,-6.0,0.0,0.0,-1.0,0600-0659,31.0,641.0,836.0,6.0,851,842.0,-9.0,0.0,0.0,-1.0,0800-0859,0.0,,0.0,155.0,152.0,115.0,1.0,761.0,4,,,0.0,,0.0,,,,0,,,,,,,,,,,,,,,,,,,,,,,,,,,,,,,,,,,,,,,,,,,,,N,0.0,0.0,6.0,8.0,1.0,3.0,25.0,35.0,6,8,1.0,3.0,25.0,35.0,2,2,0,1.0,1.0,N568NN,N568NN-AA-0,25.0,37.0,10.0,35.0,47.0,,,0.0,25,39,4.0,12.34
N568NN,933.0,2019,2,5,2,4,2019-05-02,AA,AA_CODESHARE,19805,AA,5298,,,,,OH,20397,OH,5298,11057,1105703,31057,CLT,"Charlotte, NC",NC,37,North Carolina,36,14193,1419306,33728,PNS,"Pensacola, FL",FL,12,Florida,33,940,-7.0,0.0,0.0,-1.0,0900-0959,27.0,1000.0,1012.0,4.0,1031,1016.0,-15.0,0.0,0.0,-1.0,1000-1059,0.0,,0.0,111.0,103.0,72.0,1.0,488.0,2,,,0.0,,0.0,,,,0,,,,,,,,,,,,,,,,,,,,,,,,,,,,,,,,,,,,,,,,,,,,,N,0.0,4.0,9.0,10.0,2.0,1.0,38.0,45.0,9,10,3.0,2.0,39.0,46.0,2,2,1,1.0,0.0,N568NN,N568NN-AA-1,39.0,50.0,7.0,46.0,57.0,35.0,3.0,0.0,42,49,3.0,7.56
N568UA,757.0,2019,2,5,2,4,2019-05-02,UA,UA,19977,UA,207,,,,,UA,19977,UA,207,10721,1072102,30721,BOS,"Boston, MA",MA,25,Massachusetts,13,14771,1477104,32457,SFO,"San Francisco, CA",CA,6,California,91,805,-8.0,0.0,0.0,-1.0,0800-0859,19.0,816.0,1120.0,12.0,1140,1132.0,-8.0,0.0,0.0,-1.0,1100-1159,0.0,,0.0,395.0,395.0,364.0,1.0,2704.0,11,,,0.0,,0.0,,,,0,,,,,,,,,,,,,,,,,,,,,,,,,,,,,,,,,,,,,,,,,,,,,N,0.0,12.0,7.0,11.0,4.0,2.0,32.0,58.0,8,11,0.0,3.0,32.0,59.0,7,7,0,0.0,0.0,N568UA,N568UA-UA-0,32.0,44.0,26.0,58.0,70.0,,,0.0,32,58,0.0,0.0
N568UW,700.0,2019,2,5,2,4,2019-05-02,AA,AA,19805,AA,1634,,,,,AA,19805,AA,1634,11278,1127805,30852,DCA,"Washington, DC",VA,51,Virginia,38,14107,1410702,30466,PHX,"Phoenix, AZ",AZ,4,Arizona,81,701,-1.0,0.0,0.0,-1.0,0700-0759,23.0,723.0,922.0,5.0,916,927.0,11.0,11.0,0.0,0.0,0900-0959,0.0,,0.0,315.0,327.0,299.0,1.0,1979.0,8,,,0.0,,0.0,,,,0,,,,,,,,,,,,,,,,,,,,,,,,,,,,,,,,,,,,,,,,,,,,,N,0.0,8.0,7.0,9.0,0.0,2.0,28.0,46.0,7,9,0.0,1.0,28.0,45.0,1,1,0,0.0,0.0,N568UW,N568UW-AA-0,28.0,40.0,18.0,46.0,58.0,,,0.0,30,48,2.0,3.02
N568WN,657.0,2019,2,5,2,4,2019-05-02,WN,WN,19393,WN,738,,,,,WN,19393,WN,738,11433,1143302,31295,DTW,"Detroit, MI",MI,26,Michigan,43,10397,1039707,30397,ATL,"Atlanta, GA",GA,13,Georgia,34,700,-3.0,0.0,0.0,-1.0,0700-0759,9.0,706.0,839.0,9.0,855,848.0,-7.0,0.0,0.0,-1.0,0800-0859,0.0,,0.0,115.0,111.0,93.0,1.0,594.0,3,,,0.0,,0.0,,,,0,,,,,,,,,,,,,,,,,,,,,,,,,,,,,,,,,,,,,,,,,,,,,N,0.0,0.0,6.0,8.0,4.0,3.0,28.0,35.0,7,8,0.0,4.0,28.0,36.0,2,2,0,1.0,1.0,N568WN,N568WN-WN-0,28.0,40.0,7.0,35.0,47.0,,,0.0,28,35,0.0,0.0
N568WN,933.0,2019,2,5,2,4,2019-05-02,WN,WN,19393,WN,738,,,,,WN,19393,WN,738,10397,1039707,30397,ATL,"Atlanta, GA",GA,13,Georgia,34,11292,1129202,30325,DEN,"Denver, CO",CO,8,Colorado,82,930,3.0,3.0,0.0,0.0,0900-0959,9.0,942.0,1026.0,5.0,1050,1031.0,-19.0,0.0,0.0,-2.0,1000-1059,0.0,,0.0,200.0,178.0,164.0,1.0,1199.0,5,,,0.0,,0.0,,,,0,,,,,,,,,,,,,,,,,,,,,,,,,,,,,,,,,,,,,,,,,,,,,N,0.0,8.0,9.0,10.0,2.0,2.0,38.0,50.0,9,10,2.0,3.0,38.0,51.0,8,8,1,1.0,0.0,N568WN,N568WN-WN-1,38.0,50.0,12.0,50.0,62.0,35.0,3.0,0.0,38,50,0.0,0.0
N569NN,610.0,2019,2,5,2,4,2019-05-02,AA,AA_CODESHARE,19805,AA,5474,,,,,OH,20397,OH,5474,13296,1329604,30721,MHT,"Manchester, NH",NH,33,New Hampshire,14,11057,1105703,31057,CLT,"Charlotte, NC",NC,37,North Carolina,36,620,-10.0,0.0,0.0,-1.0,0600-0659,10.0,620.0,816.0,18.0,852,834.0,-18.0,0.0,0.0,-2.0,0800-0859,0.0,,0.0,152.0,144.0,116.0,1.0,737.0,3,,,0.0,,0.0,,,,0,,,,,,,,,,,,,,,,,,,,,,,,,,,,,,,,,,,,,,,,,,,,,N,0.0,0.0,6.0,8.0,1.0,2.0,25.0,34.0,6,8,1.0,3.0,25.0,35.0,7,7,0,1.0,1.0,N569NN,N569NN-AA-0,25.0,37.0,9.0,34.0,46.0,,,0.0,25,34,0.0,0.0
N569NN,926.0,2019,2,5,2,4,2019-05-02,AA,AA_CODESHARE,19805,AA,5343,,,,,OH,20397,OH,5343,11057,1105703,31057,CLT,"Charlotte, NC",NC,37,North Carolina,36,14685,1468502,34685,SAV,"Savannah, GA",GA,13,Georgia,34,930,-4.0,0.0,0.0,-1.0,0900-0959,15.0,941.0,1019.0,6.0,1040,1025.0,-15.0,0.0,0.0,-1.0,1000-1059,0.0,,0.0,70.0,59.0,38.0,1.0,213.0,1,,,0.0,,0.0,,,,0,,,,,,,,,,,,,,,,,,,,,,,,,,,,,,,,,,,,,,,,,,,,,N,0.0,0.0,9.0,10.0,2.0,2.0,38.0,42.0,9,10,2.0,3.0,38.0,43.0,7,7,1,1.0,0.0,N569NN,N569NN-AA-1,38.0,50.0,4.0,42.0,54.0,34.0,4.0,0.0,38,42,0.0,0.0
N569WN,808.0,2019,2,5,2,4,2019-05-02,WN,WN,19393,WN,182,,,,,WN,19393,WN,182,14843,1484306,34819,SJU,"San Juan, PR",PR,72,Puerto Rico,3,11697,1169706,32467,FLL,"Fort Lauderdale, FL",FL,12,Florida,33,810,-2.0,0.0,0.0,-1.0,0800-0859,15.0,823.0,1056.0,3.0,1105,1059.0,-6.0,0.0,0.0,-1.0,1100-1159,0.0,,0.0,175.0,171.0,153.0,1.0,1046.0,5,,,0.0,,0.0,,,,0,,,,,,,,,,,,,,,,,,,,,,,,,,,,,,,,,,,,,,,,,,,,,N,-4.0,0.0,8.0,10.0,1.0,4.0,29.0,44.0,8,11,1.0,0.0,29.0,44.0,5,5,0,0.0,0.0,N569WN,N569WN-WN-0,29.0,41.0,15.0,44.0,56.0,,,0.0,29,44,0.0,0.0
N570JB,745.0,2019,2,5,2,4,2019-05-02,B6,B6,20409,B6,1992,,,,,B6,20409,B6,1992,15304,1530402,33195,TPA,"Tampa, FL",FL,12,Florida,33,10721,1072102,30721,BOS,"Boston, MA",MA,25,Massachusetts,13,752,-7.0,0.0,0.0,-1.0,0700-0759,12.0,757.0,1034.0,8.0,1053,1042.0,-11.0,0.0,0.0,-1.0,1000-1059,0.0,,0.0,181.0,177.0,157.0,1.0,1185.0,5,,,0.0,,0.0,,,,0,,,,,,,,,,,,,,,,,,,,,,,,,,,,,,,,,,,,,,,,,,,,,N,0.0,0.0,7.0,10.0,3.0,3.0,31.0,43.0,7,10,3.0,4.0,31.0,44.0,5,5,0,0.0,0.0,N570JB,N570JB-B6-0,31.0,43.0,12.0,43.0,55.0,,,0.0,31,43,0.0,0.0
N570NN,657.0,2019,2,5,2,4,2019-05-02,AA,AA_CODESHARE,19805,AA,5049,,,,,OH,20397,OH,5049,10990,1099005,30990,CHO,"Charlottesville, VA",VA,51,Virginia,38,11057,1105703,31057,CLT,"Charlotte, NC",NC,37,North Carolina,36,705,-8.0,0.0,0.0,-1.0,0700-0759,14.0,711.0,758.0,10.0,831,808.0,-23.0,0.0,0.0,-2.0,0800-0859,0.0,,0.0,86.0,71.0,47.0,1.0,245.0,1,,,0.0,,0.0,,,,0,,,,,,,,,,,,,,,,,,,,,,,,,,,,,,,,,,,,,,,,,,,,,N,0.0,0.0,6.0,8.0,4.0,1.0,28.0,33.0,7,8,0.0,2.0,28.0,34.0,2,2,0,1.0,1.0,N570NN,N570NN-AA-0,28.0,40.0,5.0,33.0,45.0,,,0.0,28,33,0.0,0.0
N570NN,943.0,2019,2,5,2,4,2019-05-02,AA,AA_CODESHARE,19805,AA,5261,,,,,OH,20397,OH,5261,11057,1105703,31057,CLT,"Charlotte, NC",NC,37,North Carolina,36,12339,1233904,32337,IND,"Indianapolis, IN",IN,18,Indiana,42,950,-7.0,0.0,0.0,-1.0,0900-0959,27.0,1010.0,1118.0,17.0,1143,1135.0,-8.0,0.0,0.0,-1.0,1100-1159,0.0,,0.0,113.0,112.0,68.0,1.0,427.0,2,,,0.0,,0.0,,,,0,,,,,,,,,,,,,,,,,,,,,,,,,,,,,,,,,,,,,,,,,,,,,N,0.0,0.0,9.0,11.0,3.0,2.0,39.0,46.0,9,11,3.0,3.0,39.0,47.0,1,1,1,1.0,0.0,N570NN,N570NN-AA-1,39.0,51.0,7.0,46.0,58.0,33.0,6.0,0.0,43,50,4.0,8.78
N57111,655.0,2019,2,5,2,4,2019-05-02,UA,UA,19977,UA,1848,,,,,UA,19977,UA,1848,11618,1161802,31703,EWR,"Newark, NJ",NJ,34,New Jersey,21,14771,1477104,32457,SFO,"San Francisco, CA",CA,6,California,91,700,-5.0,0.0,0.0,-1.0,0700-0759,33.0,728.0,1022.0,70.0,1026,1132.0,66.0,66.0,1.0,4.0,1000-1059,0.0,,0.0,386.0,457.0,354.0,1.0,2565.0,11,0.0,0.0,66.0,0.0,0.0,,,,0,,,,,,,,,,,,,,,,,,,,,,,,,,,,,,,,,,,,,,,,,,,,,N,0.0,12.0,6.0,11.0,4.0,2.0,28.0,58.0,7,10,0.0,2.0,28.0,54.0,4,4,0,0.0,0.0,N57111,N57111-UA-0,28.0,40.0,30.0,58.0,70.0,,,4.0,28,58,0.0,0.0
N571NN,840.0,2019,2,5,2,4,2019-05-02,AA,AA_CODESHARE,19805,AA,5027,,,,,OH,20397,OH,5027,11193,1119302,33105,CVG,"Cincinnati, OH",KY,21,Kentucky,52,11057,1105703,31057,CLT,"Charlotte, NC",NC,37,North Carolina,36,845,-5.0,0.0,0.0,-1.0,0800-0859,26.0,906.0,1010.0,20.0,1036,1030.0,-6.0,0.0,0.0,-1.0,1000-1059,0.0,,0.0,111.0,110.0,64.0,1.0,335.0,2,,,0.0,,0.0,,,,0,,,,,,,,,,,,,,,,,,,,,,,,,,,,,,,,,,,,,,,,,,,,,N,0.0,0.0,8.0,10.0,3.0,2.0,35.0,42.0,8,10,3.0,2.0,35.0,42.0,4,4,0,0.0,0.0,N571NN,N571NN-AA-0,35.0,47.0,7.0,42.0,54.0,,,0.0,35,42,0.0,0.0
N572NN,707.0,2019,2,5,2,4,2019-05-02,AA,AA_CODESHARE,19805,AA,5121,,,,,OH,20397,OH,5121,10868,1086803,30868,CAE,"Columbia, SC",SC,45,South Carolina,37,11057,1105703,31057,CLT,"Charlotte, NC",NC,37,North Carolina,36,713,-6.0,0.0,0.0,-1.0,0700-0759,20.0,727.0,758.0,17.0,826,815.0,-11.0,0.0,0.0,-1.0,0800-0859,0.0,,0.0,73.0,68.0,31.0,1.0,88.0,1,,,0.0,,0.0,,,,0,,,,,,,,,,,,,,,,,,,,,,,,,,,,,,,,,,,,,,,,,,,,,N,0.0,0.0,7.0,8.0,0.0,1.0,28.0,33.0,7,8,1.0,2.0,29.0,34.0,4,4,0,1.0,1.0,N572NN,N572NN-AA-0,29.0,40.0,5.0,34.0,45.0,,,0.0,29,34,0.0,0.0
N572NN,915.0,2019,2,5,2,4,2019-05-02,AA,AA_CODESHARE,19805,AA,5290,,,,,OH,20397,OH,5290,11057,1105703,31057,CLT,"Charlotte, NC",NC,37,North Carolina,36,10980,1098002,30980,CHA,"Chattanooga, TN",TN,47,Tennessee,54,919,-4.0,0.0,0.0,-1.0,0900-0959,17.0,932.0,1016.0,3.0,1030,1019.0,-11.0,0.0,0.0,-1.0,1000-1059,0.0,,0.0,71.0,64.0,44.0,1.0,241.0,1,,,0.0,,0.0,,,,0,,,,,,,,,,,,,,,,,,,,,,,,,,,,,,,,,,,,,,,,,,,,,N,0.0,0.0,9.0,10.0,1.0,1.0,37.0,41.0,9,10,1.0,2.0,37.0,42.0,4,4,1,1.0,0.0,N572NN,N572NN-AA-1,37.0,49.0,4.0,41.0,53.0,33.0,4.0,0.0,38,42,1.0,4.1
N572UW,750.0,2019,2,5,2,4,2019-05-02,AA,AA,19805,AA,325,,,,,AA,19805,AA,325,11697,1169706,32467,FLL,"Fort Lauderdale, FL",FL,12,Florida,33,14100,1410005,34100,PHL,"Philadelphia, PA",PA,42,Pennsylvania,23,755,-5.0,0.0,0.0,-1.0,0700-0759,14.0,804.0,1018.0,9.0,1045,1027.0,-18.0,0.0,0.0,-2.0,1000-1059,0.0,,0.0,170.0,157.0,134.0,1.0,992.0,4,,,0.0,,0.0,,,,0,,,,,,,,,,,,,,,,,,,,,,,,,,,,,,,,,,,,,,,,,,,,,N,0.0,0.0,7.0,10.0,3.0,2.0,31.0,42.0,7,10,4.0,3.0,32.0,43.0,2,2,0,0.0,0.0,N572UW,N572UW-AA-0,32.0,43.0,11.0,43.0,54.0,,,0.0,32,43,0.0,0.0
N573NN,658.0,2019,2,5,2,4,2019-05-02,AA,AA_CODESHARE,19805,AA,5384,,,,,OH,20397,OH,5384,11995,1199502,31995,GSO,"Greensboro/High Point, NC",NC,37,North Carolina,36,11057,1105703,31057,CLT,"Charlotte, NC",NC,37,North Carolina,36,702,-4.0,0.0,0.0,-1.0,0700-0759,10.0,708.0,729.0,18.0,820,747.0,-33.0,0.0,0.0,-2.0,0800-0859,0.0,,0.0,78.0,49.0,21.0,1.0,83.0,1,,,0.0,,0.0,,,,0,,,,,,,,,,,,,,,,,,,,,,,,,,,,,,,,,,,,,,,,,,,,,N,0.0,0.0,6.0,7.0,4.0,3.0,28.0,31.0,7,8,0.0,1.0,28.0,33.0,1,1,0,1.0,1.0,N573NN,N573NN-AA-0,28.0,40.0,3.0,31.0,43.0,,,0.0,28,31,0.0,0.0
N573NN,915.0,2019,2,5,2,4,2019-05-02,AA,AA_CODESHARE,19805,AA,5126,,,,,OH,20397,OH,5126,11057,1105703,31057,CLT,"Charlotte, NC",NC,37,North Carolina,36,10257,1025702,30257,ALB,"Albany, NY",NY,36,New York,22,920,-5.0,0.0,0.0,-1.0,0900-0959,35.0,950.0,1126.0,3.0,1123,1129.0,6.0,6.0,0.0,0.0,1100-1159,0.0,,0.0,123.0,134.0,96.0,1.0,646.0,3,,,0.0,,0.0,,,,0,,,,,,,,,,,,,,,,,,,,,,,,,,,,,,,,,,,,,,,,,,,,,N,0.0,0.0,9.0,11.0,1.0,2.0,37.0,46.0,9,11,1.0,2.0,37.0,46.0,3,3,1,1.0,0.0,N573NN,N573NN-AA-1,37.0,49.0,9.0,46.0,58.0,31.0,6.0,0.0,37,46,0.0,0.0
N574NN,858.0,2019,2,5,2,4,2019-05-02,AA,AA_CODESHARE,19805,AA,5272,,,,,OH,20397,OH,5272,11057,1105703,31057,CLT,"Charlotte, NC",NC,37,North Carolina,36,15249,1524906,35249,TLH,"Tallahassee, FL",FL,12,Florida,33,856,2.0,2.0,0.0,0.0,0800-0859,17.0,915.0,1016.0,3.0,1021,1019.0,-2.0,0.0,0.0,-1.0,1000-1059,0.0,,0.0,85.0,81.0,61.0,1.0,386.0,2,,,0.0,,0.0,,,,0,,,,,,,,,,,,,,,,,,,,,,,,,,,,,,,,,,,,,,,,,,,,,N,0.0,0.0,8.0,10.0,4.0,1.0,36.0,41.0,8,10,4.0,1.0,36.0,41.0,3,3,0,0.0,0.0,N574NN,N574NN-AA-0,36.0,48.0,5.0,41.0,53.0,,,0.0,36,41,0.0,0.0
N575UW,734.0,2019,2,5,2,4,2019-05-02,AA,AA,19805,AA,1770,,,,,AA,19805,AA,1770,11292,1129202,30325,DEN,"Denver, CO",CO,8,Colorado,82,14107,1410702,30466,PHX,"Phoenix, AZ",AZ,4,Arizona,81,740,-6.0,0.0,0.0,-1.0,0700-0759,15.0,749.0,821.0,4.0,856,825.0,-31.0,0.0,0.0,-2.0,0800-0859,0.0,,0.0,136.0,111.0,92.0,1.0,602.0,3,,,0.0,,0.0,,,,0,,,,,,,,,,,,,,,,,,,,,,,,,,,,,,,,,,,,,,,,,,,,,N,8.0,8.0,7.0,8.0,2.0,2.0,38.0,42.0,7,8,3.0,4.0,39.0,44.0,7,7,0,0.0,0.0,N575UW,N575UW-AA-0,39.0,50.0,4.0,43.0,54.0,,,0.0,39,43,0.0,0.0
N576NN,601.0,2019,2,5,2,4,2019-05-02,AA,AA_CODESHARE,19805,AA,5082,,,,,OH,20397,OH,5082,14193,1419306,33728,PNS,"Pensacola, FL",FL,12,Florida,33,11278,1127805,30852,DCA,"Washington, DC",VA,51,Virginia,38,603,-2.0,0.0,0.0,-1.0,0600-0659,10.0,611.0,859.0,3.0,920,902.0,-18.0,0.0,0.0,-2.0,0900-0959,0.0,,0.0,137.0,121.0,108.0,1.0,816.0,4,,,0.0,,0.0,,,,0,,,,,,,,,,,,,,,,,,,,,,,,,,,,,,,,,,,,,,,,,,,,,N,4.0,0.0,6.0,9.0,0.0,0.0,28.0,36.0,6,9,0.0,1.0,28.0,37.0,6,6,0,0.0,0.0,N576NN,N576NN-AA-0,28.0,40.0,8.0,36.0,48.0,,,0.0,28,36,0.0,0.0
N57864,642.0,2019,2,5,2,4,2019-05-02,UA,UA,19977,UA,403,,,,,UA,19977,UA,403,13930,1393007,30977,ORD,"Chicago, IL",IL,17,Illinois,41,11292,1129202,30325,DEN,"Denver, CO",CO,8,Colorado,82,635,7.0,7.0,0.0,0.0,0600-0659,32.0,714.0,826.0,7.0,812,833.0,21.0,21.0,1.0,1.0,0800-0859,0.0,,0.0,157.0,171.0,132.0,1.0,888.0,4,7.0,0.0,14.0,0.0,0.0,,,,0,,,,,,,,,,,,,,,,,,,,,,,,,,,,,,,,,,,,,,,,,,,,,N,4.0,8.0,6.0,8.0,3.0,2.0,31.0,42.0,6,8,2.0,1.0,30.0,41.0,5,5,0,0.0,0.0,N57864,N57864-UA-0,30.0,43.0,11.0,41.0,54.0,,,1.0,30,41,0.0,0.0
N57870,758.0,2019,2,5,2,4,2019-05-02,UA,UA,19977,UA,2395,,,,,UA,19977,UA,2395,13930,1393007,30977,ORD,"Chicago, IL",IL,17,Illinois,41,12889,1288903,32211,LAS,"Las Vegas, NV",NV,32,Nevada,85,801,-3.0,0.0,0.0,-1.0,0800-0859,28.0,826.0,949.0,10.0,955,959.0,4.0,4.0,0.0,0.0,0900-0959,0.0,,0.0,234.0,241.0,203.0,1.0,1514.0,7,,,0.0,,0.0,,,,0,,,,,,,,,,,,,,,,,,,,,,,,,,,,,,,,,,,,,,,,,,,,,N,4.0,12.0,7.0,9.0,4.0,4.0,36.0,52.0,8,9,0.0,4.0,36.0,52.0,3,3,0,0.0,0.0,N57870,N57870-UA-0,36.0,48.0,16.0,52.0,64.0,,,0.0,37,53,1.0,3.16
N578NN,720.0,2019,2,5,2,4,2019-05-02,AA,AA_CODESHARE,19805,AA,5072,,,,,OH,20397,OH,5072,15412,1541205,35412,TYS,"Knoxville, TN",TN,47,Tennessee,54,11057,1105703,31057,CLT,"Charlotte, NC",NC,37,North Carolina,36,724,-4.0,0.0,0.0,-1.0,0700-0759,33.0,753.0,834.0,14.0,841,848.0,7.0,7.0,0.0,0.0,0800-0859,0.0,,0.0,77.0,88.0,41.0,1.0,177.0,1,,,0.0,,0.0,,,,0,,,,,,,,,,,,,,,,,,,,,,,,,,,,,,,,,,,,,,,,,,,,,N,0.0,0.0,7.0,8.0,1.0,3.0,29.0,35.0,7,8,2.0,3.0,30.0,35.0,5,5,0,1.0,1.0,N578NN,N578NN-AA-0,30.0,41.0,6.0,36.0,47.0,,,0.0,30,36,0.0,0.0
N578NN,1004.0,2019,2,5,2,4,2019-05-02,AA,AA_CODESHARE,19805,AA,5366,,,,,OH,20397,OH,5366,11057,1105703,31057,CLT,"Charlotte, NC",NC,37,North Carolina,36,10693,1069302,30693,BNA,"Nashville, TN",TN,47,Tennessee,54,945,19.0,19.0,1.0,1.0,0900-0959,32.0,1036.0,1032.0,5.0,1027,1037.0,10.0,10.0,0.0,0.0,1000-1059,0.0,,0.0,102.0,93.0,56.0,1.0,328.0,2,,,0.0,,0.0,,,,0,,,,,,,,,,,,,,,,,,,,,,,,,,,,,,,,,,,,,,,,,,,,,N,0.0,4.0,10.0,10.0,0.0,2.0,40.0,46.0,9,10,3.0,2.0,39.0,46.0,9,9,1,1.0,0.0,N578NN,N578NN-AA-1,40.0,52.0,6.0,46.0,58.0,35.0,5.0,0.0,41,47,1.0,9.32
N578UW,28.0,2019,2,5,2,4,2019-05-02,AA,AA,19805,AA,1826,,,,,AA,19805,AA,1826,14771,1477104,32457,SFO,"San Francisco, CA",CA,6,California,91,11057,1105703,31057,CLT,"Charlotte, NC",NC,37,North Carolina,36,34,-6.0,0.0,0.0,-1.0,0001-0559,11.0,39.0,805.0,9.0,831,814.0,-17.0,0.0,0.0,-2.0,0800-0859,0.0,,0.0,297.0,286.0,266.0,1.0,2296.0,10,,,0.0,,0.0,,,,0,,,,,,,,,,,,,,,,,,,,,,,,,,,,,,,,,,,,,,,,,,,,,N,12.0,0.0,0.0,8.0,2.0,1.0,14.0,33.0,0,8,2.0,2.0,14.0,34.0,1,1,0,0.0,0.0,N578UW,N578UW-AA-0,14.0,26.0,19.0,33.0,45.0,,,0.0,14,33,0.0,0.0
N579NN,524.0,2019,2,5,2,4,2019-05-02,AA,AA_CODESHARE,19805,AA,5501,,,,,OH,20397,OH,5501,13342,1334207,33342,MKE,"Milwaukee, WI",WI,55,Wisconsin,45,11057,1105703,31057,CLT,"Charlotte, NC",NC,37,North Carolina,36,520,4.0,4.0,0.0,0.0,0001-0559,13.0,537.0,820.0,10.0,831,830.0,-1.0,0.0,0.0,-1.0,0800-0859,0.0,,0.0,131.0,126.0,103.0,1.0,651.0,3,,,0.0,,0.0,,,,0,,,,,,,,,,,,,,,,,,,,,,,,,,,,,,,,,,,,,,,,,,,,,N,4.0,0.0,5.0,8.0,2.0,2.0,26.0,34.0,5,8,1.0,2.0,25.0,34.0,4,4,0,1.0,1.0,N579NN,N579NN-AA-0,26.0,38.0,8.0,34.0,46.0,,,0.0,26,34,0.0,0.0
N579NN,942.0,2019,2,5,2,4,2019-05-02,AA,AA_CODESHARE,19805,AA,5232,,,,,OH,20397,OH,5232,11057,1105703,31057,CLT,"Charlotte, NC",NC,37,North Carolina,36,11641,1164102,31641,FAY,"Fayetteville, NC",NC,37,North Carolina,36,945,-3.0,0.0,0.0,-1.0,0900-0959,28.0,1010.0,1037.0,2.0,1048,1039.0,-9.0,0.0,0.0,-1.0,1000-1059,0.0,,0.0,63.0,57.0,27.0,1.0,118.0,1,,,0.0,,0.0,,,,0,,,,,,,,,,,,,,,,,,,,,,,,,,,,,,,,,,,,,,,,,,,,,N,0.0,0.0,9.0,10.0,3.0,3.0,39.0,43.0,9,10,3.0,3.0,39.0,43.0,6,6,1,1.0,0.0,N579NN,N579NN-AA-1,39.0,51.0,4.0,43.0,55.0,34.0,5.0,0.0,39,43,0.0,0.0
N579UW,745.0,2019,2,5,2,4,2019-05-02,AA,AA,19805,AA,1789,,,,,AA,19805,AA,1789,10792,1079206,30792,BUF,"Buffalo, NY",NY,36,New York,22,11057,1105703,31057,CLT,"Charlotte, NC",NC,37,North Carolina,36,749,-4.0,0.0,0.0,-1.0,0700-0759,15.0,800.0,921.0,12.0,951,933.0,-18.0,0.0,0.0,-2.0,0900-0959,0.0,,0.0,122.0,108.0,81.0,1.0,546.0,3,,,0.0,,0.0,,,,0,,,,,,,,,,,,,,,,,,,,,,,,,,,,,,,,,,,,,,,,,,,,,N,0.0,0.0,7.0,9.0,3.0,2.0,31.0,38.0,7,9,3.0,3.0,31.0,39.0,3,3,0,0.0,0.0,N579UW,N579UW-AA-0,31.0,43.0,7.0,38.0,50.0,,,0.0,31,38,0.0,0.0
N580JB,618.0,2019,2,5,2,4,2019-05-02,B6,B6,20409,B6,835,,,,,B6,20409,B6,835,10721,1072102,30721,BOS,"Boston, MA",MA,25,Massachusetts,13,13487,1348702,31650,MSP,"Minneapolis, MN",MN,27,Minnesota,63,630,-12.0,0.0,0.0,-1.0,0600-0659,20.0,638.0,823.0,5.0,844,828.0,-16.0,0.0,0.0,-2.0,0800-0859,0.0,,0.0,194.0,190.0,165.0,1.0,1124.0,5,,,0.0,,0.0,,,,0,,,,,,,,,,,,,,,,,,,,,,,,,,,,,,,,,,,,,,,,,,,,,N,0.0,4.0,6.0,8.0,1.0,2.0,25.0,38.0,6,8,2.0,3.0,26.0,39.0,2,2,0,0.0,0.0,N580JB,N580JB-B6-0,26.0,37.0,13.0,39.0,50.0,,,0.0,26,39,0.0,0.0
N580NN,623.0,2019,2,5,2,4,2019-05-02,AA,AA_CODESHARE,19805,AA,5065,,,,,OH,20397,OH,5065,12264,1226402,30852,IAD,"Washington, DC",VA,51,Virginia,38,11057,1105703,31057,CLT,"Charlotte, NC",NC,37,North Carolina,36,632,-9.0,0.0,0.0,-1.0,0600-0659,16.0,639.0,735.0,32.0,815,807.0,-8.0,0.0,0.0,-1.0,0800-0859,0.0,,0.0,103.0,104.0,56.0,1.0,322.0,2,,,0.0,,0.0,,,,0,,,,,,,,,,,,,,,,,,,,,,,,,,,,,,,,,,,,,,,,,,,,,N,0.0,0.0,6.0,8.0,2.0,0.0,26.0,32.0,6,8,2.0,1.0,26.0,33.0,9,9,0,1.0,1.0,N580NN,N580NN-AA-0,26.0,38.0,6.0,32.0,44.0,,,0.0,26,32,0.0,0.0
N580NN,914.0,2019,2,5,2,4,2019-05-02,AA,AA_CODESHARE,19805,AA,5619,,,,,OH,20397,OH,5619,11057,1105703,31057,CLT,"Charlotte, NC",NC,37,North Carolina,36,15016,1501606,31123,STL,"St. Louis, MO",MO,29,Missouri,64,919,-5.0,0.0,0.0,-1.0,0900-0959,20.0,934.0,1023.0,4.0,1022,1027.0,5.0,5.0,0.0,0.0,1000-1059,0.0,,0.0,123.0,133.0,109.0,1.0,575.0,3,,,0.0,,0.0,,,,0,,,,,,,,,,,,,,,,,,,,,,,,,,,,,,,,,,,,,,,,,,,,,N,0.0,4.0,9.0,10.0,1.0,2.0,37.0,46.0,9,10,1.0,1.0,37.0,45.0,3,3,1,1.0,0.0,N580NN,N580NN-AA-1,37.0,49.0,9.0,46.0,58.0,32.0,5.0,0.0,37,46,0.0,0.0
N581AS,547.0,2019,2,5,2,4,2019-05-02,AS,AS,19930,AS,423,,,,,AS,19930,AS,423,14057,1405702,34057,PDX,"Portland, OR",OR,41,Oregon,92,14747,1474703,30559,SEA,"Seattle, WA",WA,53,Washington,93,600,-13.0,0.0,0.0,-1.0,0600-0659,14.0,601.0,633.0,8.0,655,641.0,-14.0,0.0,0.0,-1.0,0600-0659,0.0,,0.0,55.0,54.0,32.0,1.0,129.0,1,,,0.0,,0.0,,,,0,,,,,,,,,,,,,,,,,,,,,,,,,,,,,,,,,,,,,,,,,,,,,N,12.0,12.0,5.0,6.0,3.0,3.0,35.0,39.0,6,6,0.0,4.0,36.0,40.0,9,9,0,0.0,0.0,N581AS,N581AS-AS-0,36.0,47.0,4.0,40.0,51.0,,,0.0,36,40,0.0,0.0
N581NN,510.0,2019,2,5,2,4,2019-05-02,AA,AA_CODESHARE,19805,AA,5470,,,,,OH,20397,OH,5470,15412,1541205,35412,TYS,"Knoxville, TN",TN,47,Tennessee,54,11057,1105703,31057,CLT,"Charlotte, NC",NC,37,North Carolina,36,519,-9.0,0.0,0.0,-1.0,0001-0559,14.0,524.0,602.0,15.0,620,617.0,-3.0,0.0,0.0,-1.0,0600-0659,0.0,,0.0,61.0,67.0,38.0,1.0,177.0,1,,,0.0,,0.0,,,,0,,,,,,,,,,,,,,,,,,,,,,,,,,,,,,,,,,,,,,,,,,,,,N,0.0,0.0,5.0,6.0,1.0,1.0,21.0,25.0,5,6,1.0,1.0,21.0,25.0,9,9,0,2.0,2.0,N581NN,N581NN-AA-0,21.0,33.0,4.0,25.0,37.0,,,0.0,21,26,1.0,9.2
N581NN,717.0,2019,2,5,2,4,2019-05-02,AA,AA_CODESHARE,19805,AA,5245,,,,,OH,20397,OH,5245,11057,1105703,31057,CLT,"Charlotte, NC",NC,37,North Carolina,36,12264,1226402,30852,IAD,"Washington, DC",VA,51,Virginia,38,724,-7.0,0.0,0.0,-1.0,0700-0759,15.0,732.0,830.0,7.0,844,837.0,-7.0,0.0,0.0,-1.0,0800-0859,0.0,,0.0,80.0,80.0,58.0,1.0,322.0,2,,,0.0,,0.0,,,,0,,,,,,,,,,,,,,,,,,,,,,,,,,,,,,,,,,,,,,,,,,,,,N,0.0,0.0,7.0,8.0,1.0,2.0,29.0,34.0,7,8,2.0,3.0,30.0,35.0,3,3,1,2.0,1.0,N581NN,N581NN-AA-1,30.0,41.0,5.0,35.0,46.0,25.0,4.0,0.0,30,36,1.0,3.32
N581NN,906.0,2019,2,5,2,4,2019-05-02,AA,AA_CODESHARE,19805,AA,5245,,,,,OH,20397,OH,5245,12264,1226402,30852,IAD,"Washington, DC",VA,51,Virginia,38,11057,1105703,31057,CLT,"Charlotte, NC",NC,37,North Carolina,36,916,-10.0,0.0,0.0,-1.0,0900-0959,35.0,941.0,1040.0,7.0,1059,1047.0,-12.0,0.0,0.0,-1.0,1000-1059,0.0,,0.0,103.0,101.0,59.0,1.0,322.0,2,,,0.0,,0.0,,,,0,,,,,,,,,,,,,,,,,,,,,,,,,,,,,,,,,,,,,,,,,,,,,N,0.0,0.0,9.0,10.0,0.0,3.0,36.0,43.0,9,10,1.0,4.0,37.0,44.0,5,5,2,2.0,0.0,N581NN,N581NN-AA-2,37.0,48.0,7.0,44.0,55.0,34.0,2.0,0.0,44,51,7.0,47.34
N581NW,558.0,2019,2,5,2,4,2019-05-02,DL,DL,19790,DL,1659,,,,,DL,19790,DL,1659,14771,1477104,32457,SFO,"San Francisco, CA",CA,6,California,91,10397,1039707,30397,ATL,"Atlanta, GA",GA,13,Georgia,34,600,-2.0,0.0,0.0,-1.0,0600-0659,19.0,617.0,1318.0,9.0,1346,1327.0,-19.0,0.0,0.0,-2.0,1300-1359,0.0,,0.0,286.0,269.0,241.0,1.0,2139.0,9,,,0.0,,0.0,,,,0,,,,,,,,,,,,,,,,,,,,,,,,,,,,,,,,,,,,,,,,,,,,,N,12.0,0.0,5.0,13.0,4.0,2.0,36.0,54.0,6,13,0.0,3.0,36.0,55.0,2,2,0,0.0,0.0,N581NW,N581NW-DL-0,36.0,48.0,18.0,54.0,66.0,,,0.0,36,54,0.0,0.0
N581UW,641.0,2019,2,5,2,4,2019-05-02,AA,AA,19805,AA,1896,,,,,AA,19805,AA,1896,13204,1320402,31454,MCO,"Orlando, FL",FL,12,Florida,33,11057,1105703,31057,CLT,"Charlotte, NC",NC,37,North Carolina,36,647,-6.0,0.0,0.0,-1.0,0600-0659,20.0,701.0,822.0,14.0,836,836.0,0.0,0.0,0.0,0.0,0800-0859,0.0,,0.0,109.0,115.0,81.0,1.0,468.0,2,,,0.0,,0.0,,,,0,,,,,,,,,,,,,,,,,,,,,,,,,,,,,,,,,,,,,,,,,,,,,N,0.0,0.0,6.0,8.0,3.0,2.0,27.0,34.0,6,8,3.0,2.0,27.0,34.0,7,7,0,1.0,1.0,N581UW,N581UW-AA-0,27.0,39.0,7.0,34.0,46.0,,,0.0,27,34,0.0,0.0
N581UW,940.0,2019,2,5,2,4,2019-05-02,AA,AA,19805,AA,2046,,,,,AA,19805,AA,2046,11057,1105703,31057,CLT,"Charlotte, NC",NC,37,North Carolina,36,15304,1530402,33195,TPA,"Tampa, FL",FL,12,Florida,33,930,10.0,10.0,0.0,0.0,0900-0959,18.0,958.0,1114.0,8.0,1114,1122.0,8.0,8.0,0.0,0.0,1100-1159,0.0,,0.0,104.0,102.0,76.0,1.0,507.0,3,,,0.0,,0.0,,,,0,,,,,,,,,,,,,,,,,,,,,,,,,,,,,,,,,,,,,,,,,,,,,N,0.0,0.0,9.0,11.0,3.0,1.0,39.0,45.0,9,11,2.0,1.0,38.0,45.0,3,3,1,1.0,0.0,N581UW,N581UW-AA-1,39.0,51.0,6.0,45.0,57.0,34.0,5.0,0.0,41,47,2.0,7.18
N582NN,550.0,2019,2,5,2,4,2019-05-02,AA,AA_CODESHARE,19805,AA,5344,,,,,OH,20397,OH,5344,11996,1199603,31871,GSP,"Greer, SC",SC,45,South Carolina,37,11057,1105703,31057,CLT,"Charlotte, NC",NC,37,North Carolina,36,556,-6.0,0.0,0.0,-1.0,0001-0559,23.0,613.0,647.0,7.0,659,654.0,-5.0,0.0,0.0,-1.0,0600-0659,0.0,,0.0,63.0,64.0,34.0,1.0,75.0,1,,,0.0,,0.0,,,,0,,,,,,,,,,,,,,,,,,,,,,,,,,,,,,,,,,,,,,,,,,,,,N,0.0,0.0,5.0,6.0,3.0,4.0,23.0,28.0,5,6,4.0,4.0,24.0,28.0,4,4,0,2.0,2.0,N582NN,N582NN-AA-0,24.0,35.0,5.0,29.0,40.0,,,0.0,24,29,0.0,0.0
N582NN,755.0,2019,2,5,2,4,2019-05-02,AA,AA_CODESHARE,19805,AA,5118,,,,,OH,20397,OH,5118,11057,1105703,31057,CLT,"Charlotte, NC",NC,37,North Carolina,36,11995,1199502,31995,GSO,"Greensboro/High Point, NC",NC,37,North Carolina,36,804,-9.0,0.0,0.0,-1.0,0800-0859,18.0,813.0,842.0,5.0,901,847.0,-14.0,0.0,0.0,-1.0,0900-0959,0.0,,0.0,57.0,52.0,29.0,1.0,83.0,1,,,0.0,,0.0,,,,0,,,,,,,,,,,,,,,,,,,,,,,,,,,,,,,,,,,,,,,,,,,,,N,0.0,0.0,7.0,8.0,4.0,3.0,32.0,35.0,8,9,0.0,0.0,32.0,36.0,5,5,1,2.0,1.0,N582NN,N582NN-AA-1,32.0,44.0,3.0,35.0,47.0,28.0,4.0,0.0,33,36,1.0,5.16
N582NN,919.0,2019,2,5,2,4,2019-05-02,AA,AA_CODESHARE,19805,AA,5118,,,,,OH,20397,OH,5118,11995,1199502,31995,GSO,"Greensboro/High Point, NC",NC,37,North Carolina,36,11057,1105703,31057,CLT,"Charlotte, NC",NC,37,North Carolina,36,931,-12.0,0.0,0.0,-1.0,0900-0959,49.0,1008.0,1036.0,7.0,1051,1043.0,-8.0,0.0,0.0,-1.0,1000-1059,0.0,,0.0,80.0,84.0,28.0,1.0,83.0,1,,,0.0,,0.0,,,,0,,,,,,,,,,,,,,,,,,,,,,,,,,,,,,,,,,,,,,,,,,,,,N,0.0,0.0,9.0,10.0,1.0,3.0,37.0,43.0,9,10,2.0,3.0,38.0,43.0,8,8,2,2.0,0.0,N582NN,N582NN-AA-2,38.0,49.0,6.0,44.0,55.0,35.0,2.0,0.0,38,44,0.0,0.0
N582NW,819.0,2019,2,5,2,4,2019-05-02,DL,DL,19790,DL,745,,,,,DL,19790,DL,745,11433,1143302,31295,DTW,"Detroit, MI",MI,26,Michigan,43,14771,1477104,32457,SFO,"San Francisco, CA",CA,6,California,91,820,-1.0,0.0,0.0,-1.0,0800-0859,16.0,835.0,1031.0,6.0,1027,1037.0,10.0,10.0,0.0,0.0,1000-1059,0.0,,0.0,307.0,318.0,296.0,1.0,2079.0,9,,,0.0,,0.0,,,,0,,,,,,,,,,,,,,,,,,,,,,,,,,,,,,,,,,,,,,,,,,,,,N,0.0,12.0,8.0,10.0,1.0,2.0,33.0,54.0,8,10,1.0,2.0,33.0,54.0,6,6,0,0.0,0.0,N582NW,N582NW-DL-0,33.0,45.0,21.0,54.0,66.0,,,0.0,33,54,0.0,0.0
N582UW,819.0,2019,2,5,2,4,2019-05-02,AA,AA,19805,AA,756,,,,,AA,19805,AA,756,13930,1393007,30977,ORD,"Chicago, IL",IL,17,Illinois,41,11057,1105703,31057,CLT,"Charlotte, NC",NC,37,North Carolina,36,820,-1.0,0.0,0.0,-1.0,0800-0859,40.0,859.0,1126.0,12.0,1119,1138.0,19.0,19.0,1.0,1.0,1100-1159,0.0,,0.0,119.0,139.0,87.0,1.0,599.0,3,0.0,0.0,19.0,0.0,0.0,,,,0,,,,,,,,,,,,,,,,,,,,,,,,,,,,,,,,,,,,,,,,,,,,,N,4.0,0.0,8.0,11.0,1.0,3.0,37.0,47.0,8,11,1.0,1.0,37.0,45.0,3,3,0,0.0,0.0,N582UW,N582UW-AA-0,37.0,49.0,10.0,47.0,59.0,,,1.0,38,48,1.0,3.3
N583AS,747.0,2019,2,5,2,4,2019-05-02,AS,AS,19930,AS,1,,,,,AS,19930,AS,1,11278,1127805,30852,DCA,"Washington, DC",VA,51,Virginia,38,14747,1474703,30559,SEA,"Seattle, WA",WA,53,Washington,93,800,-13.0,0.0,0.0,-1.0,0800-0859,24.0,811.0,1028.0,13.0,1100,1041.0,-19.0,0.0,0.0,-2.0,1100-1159,0.0,,0.0,360.0,354.0,317.0,1.0,2329.0,10,,,0.0,,0.0,,,,0,,,,,,,,,,,,,,,,,,,,,,,,,,,,,,,,,,,,,,,,,,,,,N,0.0,12.0,7.0,10.0,3.0,3.0,31.0,55.0,8,11,0.0,0.0,32.0,56.0,7,7,0,0.0,0.0,N583AS,N583AS-AS-0,32.0,43.0,24.0,56.0,67.0,,,0.0,32,56,0.0,0.0
N583JB,707.0,2019,2,5,2,4,2019-05-02,B6,B6,20409,B6,519,,,,,B6,20409,B6,519,12478,1247805,31703,JFK,"New York, NY",NY,36,New York,22,10397,1039707,30397,ATL,"Atlanta, GA",GA,13,Georgia,34,710,-3.0,0.0,0.0,-1.0,0700-0759,22.0,729.0,919.0,30.0,947,949.0,2.0,2.0,0.0,0.0,0900-0959,0.0,,0.0,157.0,162.0,110.0,1.0,760.0,4,,,0.0,,0.0,,,,0,,,,,,,,,,,,,,,,,,,,,,,,,,,,,,,,,,,,,,,,,,,,,N,0.0,0.0,7.0,9.0,0.0,3.0,28.0,39.0,7,9,1.0,3.0,29.0,39.0,2,2,0,0.0,0.0,N583JB,N583JB-B6-0,29.0,40.0,11.0,40.0,51.0,,,0.0,29,40,0.0,0.0
N583NN,703.0,2019,2,5,2,4,2019-05-02,AA,AA_CODESHARE,19805,AA,5229,,,,,OH,20397,OH,5229,13342,1334207,33342,MKE,"Milwaukee, WI",WI,55,Wisconsin,45,11057,1105703,31057,CLT,"Charlotte, NC",NC,37,North Carolina,36,704,-1.0,0.0,0.0,-1.0,0700-0759,16.0,719.0,1004.0,23.0,1025,1027.0,2.0,2.0,0.0,0.0,1000-1059,0.0,,0.0,141.0,144.0,105.0,1.0,651.0,3,,,0.0,,0.0,,,,0,,,,,,,,,,,,,,,,,,,,,,,,,,,,,,,,,,,,,,,,,,,,,N,4.0,0.0,7.0,10.0,0.0,2.0,32.0,42.0,7,10,0.0,2.0,32.0,42.0,2,2,0,0.0,0.0,N583NN,N583NN-AA-0,32.0,44.0,10.0,42.0,54.0,,,0.0,32,42,0.0,0.0
N583NW,659.0,2019,2,5,2,4,2019-05-02,DL,DL,19790,DL,2155,,,,,DL,19790,DL,2155,14869,1486903,34614,SLC,"Salt Lake City, UT",UT,49,Utah,87,10397,1039707,30397,ATL,"Atlanta, GA",GA,13,Georgia,34,700,-1.0,0.0,0.0,-1.0,0700-0759,21.0,720.0,1228.0,7.0,1240,1235.0,-5.0,0.0,0.0,-1.0,1200-1259,0.0,,0.0,220.0,216.0,188.0,1.0,1590.0,7,,,0.0,,0.0,,,,0,,,,,,,,,,,,,,,,,,,,,,,,,,,,,,,,,,,,,,,,,,,,,N,8.0,0.0,6.0,12.0,4.0,2.0,36.0,50.0,7,12,0.0,3.0,36.0,51.0,7,7,0,0.0,0.0,N583NW,N583NW-DL-0,36.0,48.0,14.0,50.0,62.0,,,0.0,36,50,0.0,0.0
N584NN,756.0,2019,2,5,2,4,2019-05-02,AA,AA_CODESHARE,19805,AA,5039,,,,,OH,20397,OH,5039,11193,1119302,33105,CVG,"Cincinnati, OH",KY,21,Kentucky,52,14100,1410005,34100,PHL,"Philadelphia, PA",PA,42,Pennsylvania,23,801,-5.0,0.0,0.0,-1.0,0800-0859,91.0,927.0,1053.0,6.0,944,1059.0,75.0,75.0,1.0,5.0,0900-0959,0.0,,0.0,103.0,183.0,86.0,1.0,507.0,3,0.0,0.0,75.0,0.0,0.0,,,,0,,,,,,,,,,,,,,,,,,,,,,,,,,,,,,,,,,,,,,,,,,,,,N,0.0,0.0,7.0,10.0,4.0,4.0,32.0,44.0,8,9,0.0,3.0,32.0,39.0,6,6,0,0.0,0.0,N584NN,N584NN-AA-0,32.0,44.0,12.0,44.0,56.0,,,5.0,32,44,0.0,0.0
N584NW,819.0,2019,2,5,2,4,2019-05-02,DL,DL,19790,DL,1343,,,,,DL,19790,DL,1343,11433,1143302,31295,DTW,"Detroit, MI",MI,26,Michigan,43,12892,1289208,32575,LAX,"Los Angeles, CA",CA,6,California,91,820,-1.0,0.0,0.0,-1.0,0800-0859,13.0,832.0,1006.0,12.0,1010,1018.0,8.0,8.0,0.0,0.0,1000-1059,0.0,,0.0,290.0,299.0,274.0,1.0,1979.0,8,,,0.0,,0.0,,,,0,,,,,,,,,,,,,,,,,,,,,,,,,,,,,,,,,,,,,,,,,,,,,N,0.0,12.0,8.0,10.0,1.0,1.0,33.0,53.0,8,10,1.0,1.0,33.0,53.0,5,5,0,0.0,0.0,N584NW,N584NW-DL-0,33.0,45.0,20.0,53.0,65.0,,,0.0,33,53,0.0,0.0
N584UW,739.0,2019,2,5,2,4,2019-05-02,AA,AA,19805,AA,1674,,,,,AA,19805,AA,1674,11057,1105703,31057,CLT,"Charlotte, NC",NC,37,North Carolina,36,12892,1289208,32575,LAX,"Los Angeles, CA",CA,6,California,91,739,0.0,0.0,0.0,0.0,0700-0759,13.0,752.0,938.0,22.0,1022,1000.0,-22.0,0.0,0.0,-2.0,1000-1059,0.0,,0.0,343.0,321.0,286.0,1.0,2125.0,9,,,0.0,,0.0,,,,0,,,,,,,,,,,,,,,,,,,,,,,,,,,,,,,,,,,,,,,,,,,,,N,0.0,12.0,7.0,10.0,3.0,0.0,31.0,52.0,7,10,3.0,1.0,31.0,53.0,9,9,0,0.0,0.0,N584UW,N584UW-AA-0,31.0,43.0,21.0,52.0,64.0,,,0.0,31,52,0.0,0.0
N585AS,550.0,2019,2,5,2,4,2019-05-02,AS,AS,19930,AS,403,,,,,AS,19930,AS,403,12892,1289208,32575,LAX,"Los Angeles, CA",CA,6,California,91,14747,1474703,30559,SEA,"Seattle, WA",WA,53,Washington,93,600,-10.0,0.0,0.0,-1.0,0600-0659,25.0,615.0,900.0,5.0,855,905.0,10.0,10.0,0.0,0.0,0800-0859,0.0,,0.0,175.0,195.0,165.0,1.0,954.0,4,,,0.0,,0.0,,,,0,,,,,,,,,,,,,,,,,,,,,,,,,,,,,,,,,,,,,,,,,,,,,N,12.0,12.0,5.0,9.0,3.0,0.0,35.0,48.0,6,8,0.0,4.0,36.0,48.0,6,6,0,0.0,0.0,N585AS,N585AS-AS-0,36.0,47.0,13.0,49.0,60.0,,,0.0,36,49,0.0,0.0
N585JB,551.0,2019,2,5,2,4,2019-05-02,B6,B6,20409,B6,1600,,,,,B6,20409,B6,1600,10721,1072102,30721,BOS,"Boston, MA",MA,25,Massachusetts,13,11278,1127805,30852,DCA,"Washington, DC",VA,51,Virginia,38,535,16.0,16.0,1.0,1.0,0001-0559,18.0,609.0,716.0,4.0,713,720.0,7.0,7.0,0.0,0.0,0700-0759,0.0,,0.0,98.0,89.0,67.0,1.0,399.0,2,,,0.0,,0.0,,,,0,,,,,,,,,,,,,,,,,,,,,,,,,,,,,,,,,,,,,,,,,,,,,N,0.0,0.0,5.0,7.0,3.0,1.0,23.0,29.0,5,7,2.0,1.0,22.0,29.0,8,8,0,1.0,1.0,N585JB,N585JB-B6-0,23.0,35.0,6.0,29.0,41.0,,,0.0,23,29,0.0,0.0
N585JB,754.0,2019,2,5,2,4,2019-05-02,B6,B6,20409,B6,290,,,,,B6,20409,B6,290,11278,1127805,30852,DCA,"Washington, DC",VA,51,Virginia,38,10721,1072102,30721,BOS,"Boston, MA",MA,25,Massachusetts,13,758,-4.0,0.0,0.0,-1.0,0700-0759,16.0,810.0,910.0,5.0,929,915.0,-14.0,0.0,0.0,-1.0,0900-0959,0.0,,0.0,91.0,81.0,60.0,1.0,399.0,2,,,0.0,,0.0,,,,0,,,,,,,,,,,,,,,,,,,,,,,,,,,,,,,,,,,,,,,,,,,,,N,0.0,0.0,7.0,9.0,4.0,1.0,32.0,37.0,7,9,4.0,2.0,32.0,38.0,6,6,1,1.0,0.0,N585JB,N585JB-B6-1,32.0,44.0,5.0,37.0,49.0,29.0,3.0,0.0,32,37,0.0,0.0
N585NN,1057.0,2019,2,5,2,4,2019-05-02,AA,AA_CODESHARE,19805,AA,5570,,,,,OH,20397,OH,5570,14685,1468502,34685,SAV,"Savannah, GA",GA,13,Georgia,34,14100,1410005,34100,PHL,"Philadelphia, PA",PA,42,Pennsylvania,23,748,189.0,189.0,1.0,12.0,0700-0759,13.0,1110.0,1252.0,8.0,951,1300.0,189.0,189.0,1.0,12.0,0900-0959,0.0,,0.0,123.0,123.0,102.0,1.0,629.0,3,189.0,0.0,0.0,0.0,0.0,,,,0,,,,,,,,,,,,,,,,,,,,,,,,,,,,,,,,,,,,,,,,,,,,,N,0.0,0.0,10.0,13.0,4.0,0.0,44.0,52.0,7,9,3.0,3.0,31.0,39.0,8,8,0,0.0,0.0,N585NN,N585NN-AA-0,44.0,56.0,8.0,52.0,64.0,,,0.0,44,52,0.0,0.0
N585NW,751.0,2019,2,5,2,4,2019-05-02,DL,DL,19790,DL,2813,,,,,DL,19790,DL,2813,13204,1320402,31454,MCO,"Orlando, FL",FL,12,Florida,33,10397,1039707,30397,ATL,"Atlanta, GA",GA,13,Georgia,34,745,6.0,6.0,0.0,0.0,0700-0759,14.0,805.0,905.0,9.0,924,914.0,-10.0,0.0,0.0,-1.0,0900-0959,0.0,,0.0,99.0,83.0,60.0,1.0,404.0,2,,,0.0,,0.0,,,,0,,,,,,,,,,,,,,,,,,,,,,,,,,,,,,,,,,,,,,,,,,,,,N,0.0,0.0,7.0,9.0,3.0,1.0,31.0,37.0,7,9,3.0,2.0,31.0,38.0,2,2,0,0.0,0.0,N585NW,N585NW-DL-0,31.0,43.0,6.0,37.0,49.0,,,0.0,31,37,0.0,0.0
N585UW,544.0,2019,2,5,2,4,2019-05-02,AA,AA,19805,AA,2062,,,,,AA,19805,AA,2062,14747,1474703,30559,SEA,"Seattle, WA",WA,53,Washington,93,11057,1105703,31057,CLT,"Charlotte, NC",NC,37,North Carolina,36,548,-4.0,0.0,0.0,-1.0,0001-0559,11.0,555.0,1320.0,21.0,1350,1341.0,-9.0,0.0,0.0,-1.0,1300-1359,0.0,,0.0,302.0,297.0,265.0,1.0,2279.0,10,,,0.0,,0.0,,,,0,,,,,,,,,,,,,,,,,,,,,,,,,,,,,,,,,,,,,,,,,,,,,N,12.0,0.0,5.0,13.0,3.0,3.0,35.0,55.0,5,13,3.0,3.0,35.0,55.0,9,9,0,0.0,0.0,N585UW,N585UW-AA-0,35.0,47.0,20.0,55.0,67.0,,,0.0,35,55,0.0,0.0
N586NN,846.0,2019,2,5,2,4,2019-05-02,AA,AA_CODESHARE,19805,AA,5047,,,,,OH,20397,OH,5047,11267,1126702,31267,DAY,"Dayton, OH",OH,39,Ohio,44,11057,1105703,31057,CLT,"Charlotte, NC",NC,37,North Carolina,36,851,-5.0,0.0,0.0,-1.0,0800-0859,24.0,910.0,1013.0,16.0,1036,1029.0,-7.0,0.0,0.0,-1.0,1000-1059,0.0,,0.0,105.0,103.0,63.0,1.0,370.0,2,,,0.0,,0.0,,,,0,,,,,,,,,,,,,,,,,,,,,,,,,,,,,,,,,,,,,,,,,,,,,N,0.0,0.0,8.0,10.0,3.0,2.0,35.0,42.0,8,10,3.0,2.0,35.0,42.0,9,9,0,0.0,0.0,N586NN,N586NN-AA-0,35.0,47.0,7.0,42.0,54.0,,,0.0,35,42,0.0,0.0
N586UW,750.0,2019,2,5,2,4,2019-05-02,AA,AA,19805,AA,1782,,,,,AA,19805,AA,1782,12953,1295304,31703,LGA,"New York, NY",NY,36,New York,22,11057,1105703,31057,CLT,"Charlotte, NC",NC,37,North Carolina,36,755,-5.0,0.0,0.0,-1.0,0700-0759,24.0,814.0,939.0,9.0,1005,948.0,-17.0,0.0,0.0,-2.0,1000-1059,0.0,,0.0,130.0,118.0,85.0,1.0,544.0,3,,,0.0,,0.0,,,,0,,,,,,,,,,,,,,,,,,,,,,,,,,,,,,,,,,,,,,,,,,,,,N,0.0,0.0,7.0,9.0,3.0,3.0,31.0,39.0,7,10,4.0,0.0,32.0,40.0,3,3,0,0.0,0.0,N586UW,N586UW-AA-0,32.0,43.0,8.0,40.0,51.0,,,0.0,32,41,1.0,3.28
N587AS,611.0,2019,2,5,2,4,2019-05-02,AS,AS,19930,AS,823,,,,,AS,19930,AS,823,14747,1474703,30559,SEA,"Seattle, WA",WA,53,Washington,93,14893,1489302,33192,SMF,"Sacramento, CA",CA,6,California,91,625,-14.0,0.0,0.0,-1.0,0600-0659,19.0,630.0,747.0,5.0,820,752.0,-28.0,0.0,0.0,-2.0,0800-0859,0.0,,0.0,115.0,101.0,77.0,1.0,605.0,3,,,0.0,,0.0,,,,0,,,,,,,,,,,,,,,,,,,,,,,,,,,,,,,,,,,,,,,,,,,,,N,12.0,12.0,6.0,7.0,1.0,3.0,37.0,43.0,6,8,2.0,1.0,38.0,45.0,9,9,0,0.0,0.0,N587AS,N587AS-AS-0,38.0,49.0,6.0,44.0,55.0,,,0.0,38,44,0.0,0.0
N587NN,458.0,2019,2,5,2,4,2019-05-02,AA,AA_CODESHARE,19805,AA,5071,,,,,OH,20397,OH,5071,11066,1106606,31066,CMH,"Columbus, OH",OH,39,Ohio,44,11057,1105703,31057,CLT,"Charlotte, NC",NC,37,North Carolina,36,505,-7.0,0.0,0.0,-1.0,0001-0559,13.0,511.0,608.0,12.0,633,620.0,-13.0,0.0,0.0,-1.0,0600-0659,0.0,,0.0,88.0,82.0,57.0,1.0,347.0,2,,,0.0,,0.0,,,,0,,,,,,,,,,,,,,,,,,,,,,,,,,,,,,,,,,,,,,,,,,,,,N,0.0,0.0,4.0,6.0,4.0,1.0,20.0,25.0,5,6,0.0,2.0,20.0,26.0,9,9,0,2.0,2.0,N587NN,N587NN-AA-0,20.0,32.0,5.0,25.0,37.0,,,0.0,20,25,0.0,0.0
N587NN,731.0,2019,2,5,2,4,2019-05-02,AA,AA_CODESHARE,19805,AA,5070,,,,,OH,20397,OH,5070,11057,1105703,31057,CLT,"Charlotte, NC",NC,37,North Carolina,36,10397,1039707,30397,ATL,"Atlanta, GA",GA,13,Georgia,34,736,-5.0,0.0,0.0,-1.0,0700-0759,30.0,801.0,851.0,10.0,855,901.0,6.0,6.0,0.0,0.0,0800-0859,0.0,,0.0,79.0,90.0,50.0,1.0,226.0,1,,,0.0,,0.0,,,,0,,,,,,,,,,,,,,,,,,,,,,,,,,,,,,,,,,,,,,,,,,,,,N,0.0,0.0,7.0,9.0,2.0,0.0,30.0,36.0,7,8,2.0,4.0,30.0,36.0,6,6,1,2.0,1.0,N587NN,N587NN-AA-1,30.0,42.0,6.0,36.0,48.0,25.0,5.0,0.0,30,36,0.0,0.0
N587NN,941.0,2019,2,5,2,4,2019-05-02,AA,AA_CODESHARE,19805,AA,5076,,,,,OH,20397,OH,5076,10397,1039707,30397,ATL,"Atlanta, GA",GA,13,Georgia,34,14100,1410005,34100,PHL,"Philadelphia, PA",PA,42,Pennsylvania,23,941,0.0,0.0,0.0,0.0,0900-0959,28.0,1009.0,1145.0,6.0,1149,1151.0,2.0,2.0,0.0,0.0,1100-1159,0.0,,0.0,128.0,130.0,96.0,1.0,666.0,3,,,0.0,,0.0,,,,0,,,,,,,,,,,,,,,,,,,,,,,,,,,,,,,,,,,,,,,,,,,,,N,0.0,0.0,9.0,11.0,3.0,3.0,39.0,47.0,9,11,3.0,3.0,39.0,47.0,4,4,2,2.0,0.0,N587NN,N587NN-AA-2,39.0,51.0,8.0,47.0,59.0,36.0,3.0,0.0,45,53,6.0,33.6
N587UW,627.0,2019,2,5,2,4,2019-05-02,AA,AA,19805,AA,563,,,,,AA,19805,AA,563,14100,1410005,34100,PHL,"Philadelphia, PA",PA,42,Pennsylvania,23,11057,1105703,31057,CLT,"Charlotte, NC",NC,37,North Carolina,36,629,-2.0,0.0,0.0,-1.0,0600-0659,19.0,646.0,800.0,5.0,814,805.0,-9.0,0.0,0.0,-1.0,0800-0859,0.0,,0.0,105.0,98.0,74.0,1.0,449.0,2,,,0.0,,0.0,,,,0,,,,,,,,,,,,,,,,,,,,,,,,,,,,,,,,,,,,,,,,,,,,,N,0.0,0.0,6.0,8.0,2.0,0.0,26.0,32.0,6,8,2.0,1.0,26.0,33.0,5,5,0,1.0,1.0,N587UW,N587UW-AA-0,26.0,38.0,6.0,32.0,44.0,,,0.0,26,32,0.0,0.0
N587UW,952.0,2019,2,5,2,4,2019-05-02,AA,AA,19805,AA,1852,,,,,AA,19805,AA,1852,11057,1105703,31057,CLT,"Charlotte, NC",NC,37,North Carolina,36,14843,1484306,34819,SJU,"San Juan, PR",PR,72,Puerto Rico,3,950,2.0,2.0,0.0,0.0,0900-0959,30.0,1022.0,1334.0,8.0,1337,1342.0,5.0,5.0,0.0,0.0,1300-1359,0.0,,0.0,227.0,230.0,192.0,1.0,1475.0,6,,,0.0,,0.0,,,,0,,,,,,,,,,,,,,,,,,,,,,,,,,,,,,,,,,,,,,,,,,,,,N,0.0,-4.0,9.0,13.0,3.0,3.0,39.0,51.0,9,13,3.0,2.0,39.0,50.0,4,4,1,1.0,0.0,N587UW,N587UW-AA-1,39.0,51.0,12.0,51.0,63.0,32.0,7.0,0.0,39,51,0.0,0.0
N588JB,641.0,2019,2,5,2,4,2019-05-02,B6,B6,20409,B6,2667,,,,,B6,20409,B6,2667,13204,1320402,31454,MCO,"Orlando, FL",FL,12,Florida,33,14254,1425404,34254,PSE,"Ponce, PR",PR,72,Puerto Rico,3,650,-9.0,0.0,0.0,-1.0,0600-0659,17.0,658.0,923.0,3.0,944,926.0,-18.0,0.0,0.0,-2.0,0900-0959,0.0,,0.0,174.0,165.0,145.0,1.0,1179.0,5,,,0.0,,0.0,,,,0,,,,,,,,,,,,,,,,,,,,,,,,,,,,,,,,,,,,,,,,,,,,,N,0.0,-4.0,6.0,9.0,3.0,2.0,27.0,34.0,6,9,3.0,3.0,27.0,35.0,8,8,0,1.0,1.0,N588JB,N588JB-B6-0,27.0,39.0,7.0,34.0,46.0,,,0.0,27,34,0.0,0.0
N588JB,1015.0,2019,2,5,2,4,2019-05-02,B6,B6,20409,B6,2668,,,,,B6,20409,B6,2668,14254,1425404,34254,PSE,"Ponce, PR",PR,72,Puerto Rico,3,13204,1320402,31454,MCO,"Orlando, FL",FL,12,Florida,33,1024,-9.0,0.0,0.0,-1.0,1000-1059,10.0,1025.0,1304.0,22.0,1332,1326.0,-6.0,0.0,0.0,-1.0,1300-1359,0.0,,0.0,188.0,191.0,159.0,1.0,1179.0,5,,,0.0,,0.0,,,,0,,,,,,,,,,,,,,,,,,,,,,,,,,,,,,,,,,,,,,,,,,,,,N,-4.0,0.0,10.0,13.0,1.0,2.0,37.0,54.0,10,13,2.0,2.0,38.0,54.0,2,2,1,1.0,0.0,N588JB,N588JB-B6-1,38.0,49.0,17.0,55.0,66.0,34.0,3.0,0.0,38,55,0.0,0.0
N588NN,518.0,2019,2,5,2,4,2019-05-02,AA,AA_CODESHARE,19805,AA,5449,,,,,OH,20397,OH,5449,10990,1099005,30990,CHO,"Charlottesville, VA",VA,51,Virginia,38,11057,1105703,31057,CLT,"Charlotte, NC",NC,37,North Carolina,36,527,-9.0,0.0,0.0,-1.0,0001-0559,48.0,606.0,656.0,6.0,646,702.0,16.0,16.0,1.0,1.0,0600-0659,0.0,,0.0,79.0,104.0,50.0,1.0,245.0,1,0.0,0.0,16.0,0.0,0.0,,,,0,,,,,,,,,,,,,,,,,,,,,,,,,,,,,,,,,,,,,,,,,,,,,N,0.0,0.0,5.0,7.0,1.0,0.0,21.0,28.0,5,6,2.0,3.0,22.0,27.0,8,8,0,2.0,2.0,N588NN,N588NN-AA-0,22.0,33.0,7.0,29.0,40.0,,,1.0,22,29,0.0,0.0
N588NN,745.0,2019,2,5,2,4,2019-05-02,AA,AA_CODESHARE,19805,AA,5131,,,,,OH,20397,OH,5131,11057,1105703,31057,CLT,"Charlotte, NC",NC,37,North Carolina,36,10994,1099402,30994,CHS,"Charleston, SC",SC,45,South Carolina,37,750,-5.0,0.0,0.0,-1.0,0700-0759,26.0,811.0,843.0,3.0,900,846.0,-14.0,0.0,0.0,-1.0,0900-0959,0.0,,0.0,70.0,61.0,32.0,1.0,168.0,1,,,0.0,,0.0,,,,0,,,,,,,,,,,,,,,,,,,,,,,,,,,,,,,,,,,,,,,,,,,,,N,0.0,0.0,7.0,8.0,3.0,3.0,31.0,35.0,7,9,3.0,0.0,31.0,36.0,6,6,1,2.0,1.0,N588NN,N588NN-AA-1,31.0,43.0,4.0,35.0,47.0,28.0,3.0,0.0,32,36,1.0,6.22
N588NN,924.0,2019,2,5,2,4,2019-05-02,AA,AA_CODESHARE,19805,AA,5131,,,,,OH,20397,OH,5131,10994,1099402,30994,CHS,"Charleston, SC",SC,45,South Carolina,37,11057,1105703,31057,CLT,"Charlotte, NC",NC,37,North Carolina,36,930,-6.0,0.0,0.0,-1.0,0900-0959,47.0,1011.0,1050.0,13.0,1049,1103.0,14.0,14.0,0.0,0.0,1000-1059,0.0,,0.0,79.0,99.0,39.0,1.0,168.0,1,,,0.0,,0.0,,,,0,,,,,,,,,,,,,,,,,,,,,,,,,,,,,,,,,,,,,,,,,,,,,N,0.0,0.0,9.0,11.0,2.0,0.0,38.0,44.0,9,10,2.0,3.0,38.0,43.0,5,5,2,2.0,0.0,N588NN,N588NN-AA-2,38.0,50.0,6.0,44.0,56.0,35.0,3.0,0.0,40,46,2.0,11.28
N588NW,823.0,2019,2,5,2,4,2019-05-02,DL,DL,19790,DL,581,,,,,DL,19790,DL,581,11433,1143302,31295,DTW,"Detroit, MI",MI,26,Michigan,43,14747,1474703,30559,SEA,"Seattle, WA",WA,53,Washington,93,825,-2.0,0.0,0.0,-1.0,0800-0859,21.0,844.0,1009.0,9.0,1014,1018.0,4.0,4.0,0.0,0.0,1000-1059,0.0,,0.0,289.0,295.0,265.0,1.0,1927.0,8,,,0.0,,0.0,,,,0,,,,,,,,,,,,,,,,,,,,,,,,,,,,,,,,,,,,,,,,,,,,,N,0.0,12.0,8.0,10.0,2.0,1.0,34.0,53.0,8,10,2.0,1.0,34.0,53.0,4,4,0,0.0,0.0,N588NW,N588NW-DL-0,34.0,46.0,19.0,53.0,65.0,,,0.0,34,54,1.0,4.36
N589JB,1045.0,2019,2,5,2,4,2019-05-02,B6,B6,20409,B6,1052,,,,,B6,20409,B6,1052,14843,1484306,34819,SJU,"San Juan, PR",PR,72,Puerto Rico,3,15304,1530402,33195,TPA,"Tampa, FL",FL,12,Florida,33,1033,12.0,12.0,0.0,0.0,1000-1059,9.0,1054.0,1334.0,4.0,1336,1338.0,2.0,2.0,0.0,0.0,1300-1359,0.0,,0.0,183.0,173.0,160.0,1.0,1237.0,5,,,0.0,,0.0,,,,0,,,,,,,,,,,,,,,,,,,,,,,,,,,,,,,,,,,,,,,,,,,,,N,-4.0,0.0,10.0,13.0,3.0,3.0,39.0,55.0,10,13,2.0,2.0,38.0,54.0,3,3,0,0.0,0.0,N589JB,N589JB-B6-0,39.0,51.0,16.0,55.0,67.0,,,0.0,39,55,0.0,0.0
N589NN,525.0,2019,2,5,2,4,2019-05-02,AA,AA_CODESHARE,19805,AA,5219,,,,,OH,20397,OH,5219,12323,1232305,32323,ILM,"Wilmington, NC",NC,37,North Carolina,36,11057,1105703,31057,CLT,"Charlotte, NC",NC,37,North Carolina,36,532,-7.0,0.0,0.0,-1.0,0001-0559,12.0,537.0,621.0,7.0,638,628.0,-10.0,0.0,0.0,-1.0,0600-0659,0.0,,0.0,66.0,63.0,44.0,1.0,185.0,1,,,0.0,,0.0,,,,0,,,,,,,,,,,,,,,,,,,,,,,,,,,,,,,,,,,,,,,,,,,,,N,0.0,0.0,5.0,6.0,2.0,2.0,22.0,26.0,5,6,2.0,3.0,22.0,27.0,8,8,0,1.0,1.0,N589NN,N589NN-AA-0,22.0,34.0,4.0,26.0,38.0,,,0.0,22,26,0.0,0.0
N589NN,956.0,2019,2,5,2,4,2019-05-02,AA,AA_CODESHARE,19805,AA,5496,,,,,OH,20397,OH,5496,11057,1105703,31057,CLT,"Charlotte, NC",NC,37,North Carolina,36,12339,1233904,32337,IND,"Indianapolis, IN",IN,18,Indiana,42,755,121.0,121.0,1.0,8.0,0700-0759,23.0,1019.0,1127.0,8.0,944,1135.0,111.0,111.0,1.0,7.0,0900-0959,0.0,,0.0,109.0,99.0,68.0,1.0,427.0,2,0.0,111.0,0.0,0.0,0.0,,,,0,,,,,,,,,,,,,,,,,,,,,,,,,,,,,,,,,,,,,,,,,,,,,N,0.0,0.0,9.0,11.0,4.0,2.0,40.0,46.0,7,9,4.0,3.0,32.0,39.0,7,7,1,1.0,0.0,N589NN,N589NN-AA-1,40.0,52.0,6.0,46.0,58.0,26.0,14.0,0.0,40,46,0.0,0.0
N589UA,23.0,2019,2,5,2,4,2019-05-02,UA,UA,19977,UA,1255,,,,,UA,19977,UA,1255,14771,1477104,32457,SFO,"San Francisco, CA",CA,6,California,91,11618,1161802,31703,EWR,"Newark, NJ",NJ,34,New Jersey,21,30,-7.0,0.0,0.0,-1.0,0001-0559,19.0,42.0,831.0,14.0,911,845.0,-26.0,0.0,0.0,-2.0,0900-0959,0.0,,0.0,341.0,322.0,289.0,1.0,2565.0,11,,,0.0,,0.0,,,,0,,,,,,,,,,,,,,,,,,,,,,,,,,,,,,,,,,,,,,,,,,,,,N,12.0,0.0,0.0,8.0,2.0,3.0,14.0,35.0,0,9,2.0,1.0,14.0,37.0,6,6,0,0.0,0.0,N589UA,N589UA-UA-0,14.0,26.0,21.0,35.0,47.0,,,0.0,14,35,0.0,0.0
N590JB,523.0,2019,2,5,2,4,2019-05-02,B6,B6,20409,B6,27,,,,,B6,20409,B6,27,11618,1161802,31703,EWR,"Newark, NJ",NJ,34,New Jersey,21,13204,1320402,31454,MCO,"Orlando, FL",FL,12,Florida,33,530,-7.0,0.0,0.0,-1.0,0001-0559,17.0,540.0,747.0,6.0,805,753.0,-12.0,0.0,0.0,-1.0,0800-0859,0.0,,0.0,155.0,150.0,127.0,1.0,937.0,4,,,0.0,,0.0,,,,0,,,,,,,,,,,,,,,,,,,,,,,,,,,,,,,,,,,,,,,,,,,,,N,0.0,0.0,5.0,7.0,2.0,4.0,22.0,32.0,5,8,2.0,0.0,22.0,32.0,1,1,0,1.0,1.0,N590JB,N590JB-B6-0,22.0,34.0,10.0,32.0,44.0,,,0.0,22,32,0.0,0.0
N590JB,922.0,2019,2,5,2,4,2019-05-02,B6,B6,20409,B6,2890,,,,,B6,20409,B6,2890,13204,1320402,31454,MCO,"Orlando, FL",FL,12,Florida,33,12478,1247805,31703,JFK,"New York, NY",NY,36,New York,22,930,-8.0,0.0,0.0,-1.0,0900-0959,10.0,932.0,1133.0,7.0,1203,1140.0,-23.0,0.0,0.0,-2.0,1200-1259,0.0,,0.0,153.0,138.0,121.0,1.0,944.0,4,,,0.0,,0.0,,,,0,,,,,,,,,,,,,,,,,,,,,,,,,,,,,,,,,,,,,,,,,,,,,N,0.0,0.0,9.0,11.0,1.0,3.0,37.0,47.0,9,12,2.0,0.0,38.0,48.0,4,4,1,1.0,0.0,N590JB,N590JB-B6-1,38.0,49.0,10.0,48.0,59.0,32.0,5.0,0.0,38,48,0.0,0.0
N590NN,641.0,2019,2,5,2,4,2019-05-02,AA,AA_CODESHARE,19805,AA,5032,,,,,OH,20397,OH,5032,10434,1043405,30434,AVP,"Scranton/Wilkes-Barre, PA",PA,42,Pennsylvania,23,11057,1105703,31057,CLT,"Charlotte, NC",NC,37,North Carolina,36,647,-6.0,0.0,0.0,-1.0,0600-0659,13.0,654.0,821.0,8.0,846,829.0,-17.0,0.0,0.0,-2.0,0800-0859,0.0,,0.0,119.0,108.0,87.0,1.0,509.0,3,,,0.0,,0.0,,,,0,,,,,,,,,,,,,,,,,,,,,,,,,,,,,,,,,,,,,,,,,,,,,N,0.0,0.0,6.0,8.0,3.0,2.0,27.0,34.0,6,8,3.0,3.0,27.0,35.0,8,8,0,1.0,1.0,N590NN,N590NN-AA-0,27.0,39.0,7.0,34.0,46.0,,,0.0,27,34,0.0,0.0
N590NN,932.0,2019,2,5,2,4,2019-05-02,AA,AA_CODESHARE,19805,AA,5522,,,,,OH,20397,OH,5522,11057,1105703,31057,CLT,"Charlotte, NC",NC,37,North Carolina,36,13871,1387102,33316,OMA,"Omaha, NE",NE,31,Nebraska,65,935,-3.0,0.0,0.0,-1.0,0900-0959,27.0,959.0,1111.0,4.0,1134,1115.0,-19.0,0.0,0.0,-2.0,1100-1159,0.0,,0.0,179.0,163.0,132.0,1.0,913.0,4,,,0.0,,0.0,,,,0,,,,,,,,,,,,,,,,,,,,,,,,,,,,,,,,,,,,,,,,,,,,,N,0.0,4.0,9.0,11.0,2.0,1.0,38.0,49.0,9,11,2.0,2.0,38.0,50.0,9,9,1,1.0,0.0,N590NN,N590NN-AA-1,38.0,50.0,11.0,49.0,61.0,34.0,4.0,0.0,38,49,0.0,0.0
N590UA,559.0,2019,2,5,2,4,2019-05-02,UA,UA,19977,UA,433,,,,,UA,19977,UA,433,10721,1072102,30721,BOS,"Boston, MA",MA,25,Massachusetts,13,14771,1477104,32457,SFO,"San Francisco, CA",CA,6,California,91,600,-1.0,0.0,0.0,-1.0,0600-0659,18.0,617.0,922.0,23.0,935,945.0,10.0,10.0,0.0,0.0,0900-0959,0.0,,0.0,395.0,406.0,365.0,1.0,2704.0,11,,,0.0,,0.0,,,,0,,,,,,,,,,,,,,,,,,,,,,,,,,,,,,,,,,,,,,,,,,,,,N,0.0,12.0,5.0,9.0,4.0,3.0,24.0,51.0,6,9,0.0,2.0,24.0,50.0,2,2,0,0.0,0.0,N590UA,N590UA-UA-0,24.0,36.0,27.0,51.0,63.0,,,0.0,24,54,3.0,7.98
N591JB,839.0,2019,2,5,2,4,2019-05-02,B6,B6,20409,B6,861,,,,,B6,20409,B6,861,10721,1072102,30721,BOS,"Boston, MA",MA,25,Massachusetts,13,14843,1484306,34819,SJU,"San Juan, PR",PR,72,Puerto Rico,3,827,12.0,12.0,0.0,0.0,0800-0859,18.0,857.0,1227.0,5.0,1227,1232.0,5.0,5.0,0.0,0.0,1200-1259,0.0,,0.0,240.0,233.0,210.0,1.0,1674.0,7,,,0.0,,0.0,,,,0,,,,,,,,,,,,,,,,,,,,,,,,,,,,,,,,,,,,,,,,,,,,,N,0.0,-4.0,8.0,12.0,3.0,2.0,35.0,46.0,8,12,2.0,2.0,34.0,46.0,6,6,0,0.0,0.0,N591JB,N591JB-B6-0,35.0,47.0,11.0,46.0,58.0,,,0.0,35,46,0.0,0.0
N591NW,734.0,2019,2,5,2,4,2019-05-02,DL,DL,19790,DL,2705,,,,,DL,19790,DL,2705,10397,1039707,30397,ATL,"Atlanta, GA",GA,13,Georgia,34,12892,1289208,32575,LAX,"Los Angeles, CA",CA,6,California,91,725,9.0,9.0,0.0,0.0,0700-0759,13.0,747.0,905.0,8.0,910,913.0,3.0,3.0,0.0,0.0,0900-0959,0.0,,0.0,285.0,279.0,258.0,1.0,1947.0,8,,,0.0,,0.0,,,,0,,,,,,,,,,,,,,,,,,,,,,,,,,,,,,,,,,,,,,,,,,,,,N,0.0,12.0,7.0,9.0,2.0,1.0,30.0,49.0,7,9,2.0,1.0,30.0,49.0,9,9,0,0.0,0.0,N591NW,N591NW-DL-0,30.0,42.0,19.0,49.0,61.0,,,0.0,30,49,0.0,0.0
N592NN,601.0,2019,2,5,2,4,2019-05-02,AA,AA_CODESHARE,19805,AA,5167,,,,,OH,20397,OH,5167,10980,1098002,30980,CHA,"Chattanooga, TN",TN,47,Tennessee,54,11057,1105703,31057,CLT,"Charlotte, NC",NC,37,North Carolina,36,605,-4.0,0.0,0.0,-1.0,0600-0659,13.0,614.0,658.0,8.0,722,706.0,-16.0,0.0,0.0,-2.0,0700-0759,0.0,,0.0,77.0,65.0,44.0,1.0,241.0,1,,,0.0,,0.0,,,,0,,,,,,,,,,,,,,,,,,,,,,,,,,,,,,,,,,,,,,,,,,,,,N,0.0,0.0,6.0,7.0,0.0,0.0,24.0,28.0,6,7,0.0,1.0,24.0,29.0,8,8,0,2.0,2.0,N592NN,N592NN-AA-0,24.0,36.0,4.0,28.0,40.0,,,0.0,24,28,0.0,0.0
N592NN,800.0,2019,2,5,2,4,2019-05-02,AA,AA_CODESHARE,19805,AA,5360,,,,,OH,20397,OH,5360,11057,1105703,31057,CLT,"Charlotte, NC",NC,37,North Carolina,36,11996,1199603,31871,GSP,"Greer, SC",SC,45,South Carolina,37,805,-5.0,0.0,0.0,-1.0,0800-0859,30.0,830.0,852.0,4.0,858,856.0,-2.0,0.0,0.0,-1.0,0800-0859,0.0,,0.0,53.0,56.0,22.0,1.0,75.0,1,,,0.0,,0.0,,,,0,,,,,,,,,,,,,,,,,,,,,,,,,,,,,,,,,,,,,,,,,,,,,N,0.0,0.0,8.0,8.0,0.0,4.0,32.0,36.0,8,8,0.0,4.0,32.0,36.0,4,4,1,2.0,1.0,N592NN,N592NN-AA-1,32.0,44.0,4.0,36.0,48.0,28.0,4.0,0.0,32,36,0.0,0.0
N592NN,924.0,2019,2,5,2,4,2019-05-02,AA,AA_CODESHARE,19805,AA,5360,,,,,OH,20397,OH,5360,11996,1199603,31871,GSP,"Greer, SC",SC,45,South Carolina,37,11057,1105703,31057,CLT,"Charlotte, NC",NC,37,North Carolina,36,928,-4.0,0.0,0.0,-1.0,0900-0959,20.0,944.0,1025.0,13.0,1043,1038.0,-5.0,0.0,0.0,-1.0,1000-1059,0.0,,0.0,75.0,74.0,41.0,1.0,75.0,1,,,0.0,,0.0,,,,0,,,,,,,,,,,,,,,,,,,,,,,,,,,,,,,,,,,,,,,,,,,,,N,0.0,0.0,9.0,10.0,2.0,3.0,38.0,43.0,9,10,2.0,3.0,38.0,43.0,3,3,2,2.0,0.0,N592NN,N592NN-AA-2,38.0,50.0,5.0,43.0,55.0,36.0,2.0,0.0,38,43,0.0,0.0
N592NW,816.0,2019,2,5,2,4,2019-05-02,DL,DL,19790,DL,1692,,,,,DL,19790,DL,1692,10397,1039707,30397,ATL,"Atlanta, GA",GA,13,Georgia,34,14679,1467903,33570,SAN,"San Diego, CA",CA,6,California,91,815,1.0,1.0,0.0,0.0,0800-0859,18.0,834.0,945.0,3.0,950,948.0,-2.0,0.0,0.0,-1.0,0900-0959,0.0,,0.0,275.0,272.0,251.0,1.0,1892.0,8,,,0.0,,0.0,,,,0,,,,,,,,,,,,,,,,,,,,,,,,,,,,,,,,,,,,,,,,,,,,,N,0.0,12.0,8.0,9.0,1.0,3.0,33.0,51.0,8,9,1.0,3.0,33.0,51.0,5,5,0,0.0,0.0,N592NW,N592NW-DL-0,33.0,45.0,18.0,51.0,63.0,,,0.0,33,51,0.0,0.0
N593JB,812.0,2019,2,5,2,4,2019-05-02,B6,B6,20409,B6,677,,,,,B6,20409,B6,677,12478,1247805,31703,JFK,"New York, NY",NY,36,New York,22,12451,1245102,31136,JAX,"Jacksonville, FL",FL,12,Florida,33,810,2.0,2.0,0.0,0.0,0800-0859,20.0,832.0,1038.0,7.0,1055,1045.0,-10.0,0.0,0.0,-1.0,1000-1059,0.0,,0.0,165.0,153.0,126.0,1.0,828.0,4,,,0.0,,0.0,,,,0,,,,,,,,,,,,,,,,,,,,,,,,,,,,,,,,,,,,,,,,,,,,,N,0.0,0.0,8.0,10.0,1.0,3.0,33.0,43.0,8,10,1.0,4.0,33.0,44.0,8,8,0,0.0,0.0,N593JB,N593JB-B6-0,33.0,45.0,10.0,43.0,55.0,,,0.0,33,43,0.0,0.0
N593NN,654.0,2019,2,5,2,4,2019-05-02,AA,AA_CODESHARE,19805,AA,5429,,,,,OH,20397,OH,5429,12992,1299206,32600,LIT,"Little Rock, AR",AR,5,Arkansas,71,11057,1105703,31057,CLT,"Charlotte, NC",NC,37,North Carolina,36,658,-4.0,0.0,0.0,-1.0,0600-0659,12.0,706.0,934.0,12.0,1011,946.0,-25.0,0.0,0.0,-2.0,1000-1059,0.0,,0.0,133.0,112.0,88.0,1.0,640.0,3,,,0.0,,0.0,,,,0,,,,,,,,,,,,,,,,,,,,,,,,,,,,,,,,,,,,,,,,,,,,,N,4.0,0.0,6.0,9.0,4.0,3.0,32.0,39.0,6,10,4.0,1.0,32.0,41.0,2,2,0,0.0,0.0,N593NN,N593NN-AA-0,32.0,44.0,7.0,39.0,51.0,,,0.0,32,39,0.0,0.0
N593NW,807.0,2019,2,5,2,4,2019-05-02,DL,DL,19790,DL,2049,,,,,DL,19790,DL,2049,10397,1039707,30397,ATL,"Atlanta, GA",GA,13,Georgia,34,14771,1477104,32457,SFO,"San Francisco, CA",CA,6,California,91,810,-3.0,0.0,0.0,-1.0,0800-0859,24.0,831.0,1014.0,18.0,1022,1032.0,10.0,10.0,0.0,0.0,1000-1059,0.0,,0.0,312.0,325.0,283.0,1.0,2139.0,9,,,0.0,,0.0,,,,0,,,,,,,,,,,,,,,,,,,,,,,,,,,,,,,,,,,,,,,,,,,,,N,0.0,12.0,8.0,10.0,0.0,2.0,32.0,54.0,8,10,1.0,1.0,33.0,53.0,7,7,0,0.0,0.0,N593NW,N593NW-DL-0,33.0,44.0,22.0,55.0,66.0,,,0.0,33,55,0.0,0.0
N594NN,616.0,2019,2,5,2,4,2019-05-02,AA,AA_CODESHARE,19805,AA,5623,,,,,OH,20397,OH,5623,15624,1562404,31504,VPS,"Valparaiso, FL",FL,12,Florida,33,11057,1105703,31057,CLT,"Charlotte, NC",NC,37,North Carolina,36,620,-4.0,0.0,0.0,-1.0,0600-0659,13.0,629.0,847.0,19.0,905,906.0,1.0,1.0,0.0,0.0,0900-0959,0.0,,0.0,105.0,110.0,78.0,1.0,460.0,2,,,0.0,,0.0,,,,0,,,,,,,,,,,,,,,,,,,,,,,,,,,,,,,,,,,,,,,,,,,,,N,4.0,0.0,6.0,9.0,1.0,0.0,29.0,36.0,6,9,1.0,0.0,29.0,36.0,6,6,0,0.0,0.0,N594NN,N594NN-AA-0,29.0,41.0,7.0,36.0,48.0,,,0.0,29,36,0.0,0.0
N594NW,829.0,2019,2,5,2,4,2019-05-02,DL,DL,19790,DL,1118,,,,,DL,19790,DL,1118,10397,1039707,30397,ATL,"Atlanta, GA",GA,13,Georgia,34,12892,1289208,32575,LAX,"Los Angeles, CA",CA,6,California,91,830,-1.0,0.0,0.0,-1.0,0800-0859,22.0,851.0,1004.0,13.0,1021,1017.0,-4.0,0.0,0.0,-1.0,1000-1059,0.0,,0.0,291.0,288.0,253.0,1.0,1947.0,8,,,0.0,,0.0,,,,0,,,,,,,,,,,,,,,,,,,,,,,,,,,,,,,,,,,,,,,,,,,,,N,0.0,12.0,8.0,10.0,2.0,1.0,34.0,53.0,8,10,2.0,1.0,34.0,53.0,1,1,0,0.0,0.0,N594NW,N594NW-DL-0,34.0,46.0,19.0,53.0,65.0,,,0.0,34,55,2.0,2.88
N595JB,716.0,2019,2,5,2,4,2019-05-02,B6,B6,20409,B6,891,,,,,B6,20409,B6,891,10721,1072102,30721,BOS,"Boston, MA",MA,25,Massachusetts,13,15304,1530402,33195,TPA,"Tampa, FL",FL,12,Florida,33,720,-4.0,0.0,0.0,-1.0,0700-0759,22.0,738.0,1034.0,5.0,1035,1039.0,4.0,4.0,0.0,0.0,1000-1059,0.0,,0.0,195.0,203.0,176.0,1.0,1185.0,5,,,0.0,,0.0,,,,0,,,,,,,,,,,,,,,,,,,,,,,,,,,,,,,,,,,,,,,,,,,,,N,0.0,0.0,7.0,10.0,1.0,3.0,29.0,43.0,7,10,1.0,2.0,29.0,42.0,5,5,0,0.0,0.0,N595JB,N595JB-B6-0,29.0,41.0,14.0,43.0,55.0,,,0.0,29,43,0.0,0.0
N595NN,720.0,2019,2,5,2,4,2019-05-02,AA,AA_CODESHARE,19805,AA,5058,,,,,OH,20397,OH,5058,11996,1199603,31871,GSP,"Greer, SC",SC,45,South Carolina,37,11057,1105703,31057,CLT,"Charlotte, NC",NC,37,North Carolina,36,724,-4.0,0.0,0.0,-1.0,0700-0759,10.0,730.0,801.0,16.0,836,817.0,-19.0,0.0,0.0,-2.0,0800-0859,0.0,,0.0,72.0,57.0,31.0,1.0,75.0,1,,,0.0,,0.0,,,,0,,,,,,,,,,,,,,,,,,,,,,,,,,,,,,,,,,,,,,,,,,,,,N,0.0,0.0,7.0,8.0,1.0,1.0,29.0,33.0,7,8,2.0,2.0,30.0,34.0,8,8,0,1.0,1.0,N595NN,N595NN-AA-0,30.0,41.0,4.0,34.0,45.0,,,0.0,30,34,0.0,0.0
N595NN,914.0,2019,2,5,2,4,2019-05-02,AA,AA_CODESHARE,19805,AA,5228,,,,,OH,20397,OH,5228,11057,1105703,31057,CLT,"Charlotte, NC",NC,37,North Carolina,36,15919,1591904,31834,XNA,"Fayetteville, AR",AR,5,Arkansas,71,920,-6.0,0.0,0.0,-1.0,0900-0959,16.0,930.0,1017.0,6.0,1044,1023.0,-21.0,0.0,0.0,-2.0,1000-1059,0.0,,0.0,144.0,129.0,107.0,1.0,754.0,4,,,0.0,,0.0,,,,0,,,,,,,,,,,,,,,,,,,,,,,,,,,,,,,,,,,,,,,,,,,,,N,0.0,4.0,9.0,10.0,1.0,2.0,37.0,46.0,9,10,1.0,3.0,37.0,47.0,1,1,1,1.0,0.0,N595NN,N595NN-AA-1,37.0,49.0,9.0,46.0,58.0,33.0,4.0,0.0,38,47,1.0,1.28
N596NN,531.0,2019,2,5,2,4,2019-05-02,AA,AA_CODESHARE,19805,AA,5348,,,,,OH,20397,OH,5348,10431,1043105,30431,AVL,"Asheville, NC",NC,37,North Carolina,36,11057,1105703,31057,CLT,"Charlotte, NC",NC,37,North Carolina,36,537,-6.0,0.0,0.0,-1.0,0001-0559,44.0,615.0,644.0,6.0,632,650.0,18.0,18.0,1.0,1.0,0600-0659,0.0,,0.0,55.0,79.0,29.0,1.0,91.0,1,0.0,0.0,18.0,0.0,0.0,,,,0,,,,,,,,,,,,,,,,,,,,,,,,,,,,,,,,,,,,,,,,,,,,,N,0.0,0.0,5.0,6.0,2.0,3.0,22.0,27.0,5,6,2.0,2.0,22.0,26.0,4,4,0,2.0,2.0,N596NN,N596NN-AA-0,22.0,34.0,5.0,27.0,39.0,,,1.0,22,27,0.0,0.0
N596NN,727.0,2019,2,5,2,4,2019-05-02,AA,AA_CODESHARE,19805,AA,5291,,,,,OH,20397,OH,5291,11057,1105703,31057,CLT,"Charlotte, NC",NC,37,North Carolina,36,10980,1098002,30980,CHA,"Chattanooga, TN",TN,47,Tennessee,54,729,-2.0,0.0,0.0,-1.0,0700-0759,19.0,746.0,829.0,4.0,841,833.0,-8.0,0.0,0.0,-1.0,0800-0859,0.0,,0.0,72.0,66.0,43.0,1.0,241.0,1,,,0.0,,0.0,,,,0,,,,,,,,,,,,,,,,,,,,,,,,,,,,,,,,,,,,,,,,,,,,,N,0.0,0.0,7.0,8.0,2.0,2.0,30.0,34.0,7,8,2.0,3.0,30.0,35.0,4,4,1,2.0,1.0,N596NN,N596NN-AA-1,30.0,42.0,4.0,34.0,46.0,27.0,3.0,0.0,30,34,0.0,0.0
N596NN,922.0,2019,2,5,2,4,2019-05-02,AA,AA_CODESHARE,19805,AA,5291,,,,,OH,20397,OH,5291,10980,1098002,30980,CHA,"Chattanooga, TN",TN,47,Tennessee,54,11057,1105703,31057,CLT,"Charlotte, NC",NC,37,North Carolina,36,929,-7.0,0.0,0.0,-1.0,0900-0959,8.0,930.0,1020.0,13.0,1046,1033.0,-13.0,0.0,0.0,-1.0,1000-1059,0.0,,0.0,77.0,71.0,50.0,1.0,241.0,1,,,0.0,,0.0,,,,0,,,,,,,,,,,,,,,,,,,,,,,,,,,,,,,,,,,,,,,,,,,,,N,0.0,0.0,9.0,10.0,1.0,2.0,37.0,42.0,9,10,2.0,3.0,38.0,43.0,3,3,2,2.0,0.0,N596NN,N596NN-AA-2,38.0,49.0,5.0,43.0,54.0,34.0,3.0,0.0,38,43,0.0,0.0
N596NW,615.0,2019,2,5,2,4,2019-05-02,DL,DL,19790,DL,1335,,,,,DL,19790,DL,1335,12892,1289208,32575,LAX,"Los Angeles, CA",CA,6,California,91,13487,1348702,31650,MSP,"Minneapolis, MN",MN,27,Minnesota,63,615,0.0,0.0,0.0,0.0,0600-0659,15.0,630.0,1130.0,4.0,1150,1134.0,-16.0,0.0,0.0,-2.0,1100-1159,0.0,,0.0,215.0,199.0,180.0,1.0,1535.0,7,,,0.0,,0.0,,,,0,,,,,,,,,,,,,,,,,,,,,,,,,,,,,,,,,,,,,,,,,,,,,N,12.0,4.0,6.0,11.0,1.0,2.0,37.0,50.0,6,11,1.0,3.0,37.0,51.0,9,9,0,0.0,0.0,N596NW,N596NW-DL-0,37.0,49.0,13.0,50.0,62.0,,,0.0,37,50,0.0,0.0
N597JB,229.0,2019,2,5,2,4,2019-05-02,B6,B6,20409,B6,668,,,,,B6,20409,B6,668,14254,1425404,34254,PSE,"Ponce, PR",PR,72,Puerto Rico,3,13204,1320402,31454,MCO,"Orlando, FL",FL,12,Florida,33,153,36.0,36.0,1.0,2.0,0001-0559,12.0,241.0,516.0,4.0,454,520.0,26.0,26.0,1.0,1.0,0001-0559,0.0,,0.0,181.0,171.0,155.0,1.0,1179.0,5,0.0,0.0,0.0,0.0,26.0,,,,0,,,,,,,,,,,,,,,,,,,,,,,,,,,,,,,,,,,,,,,,,,,,,N,-4.0,0.0,2.0,5.0,2.0,1.0,6.0,21.0,1,4,4.0,4.0,4.0,20.0,9,9,0,1.0,1.0,N597JB,N597JB-B6-0,4.0,18.0,15.0,19.0,33.0,,,2.0,4,19,0.0,0.0
N597JB,728.0,2019,2,5,2,4,2019-05-02,B6,B6,20409,B6,2028,,,,,B6,20409,B6,2028,13204,1320402,31454,MCO,"Orlando, FL",FL,12,Florida,33,11618,1161802,31703,EWR,"Newark, NJ",NJ,34,New Jersey,21,730,-2.0,0.0,0.0,-1.0,0700-0759,15.0,743.0,949.0,9.0,1005,958.0,-7.0,0.0,0.0,-1.0,1000-1059,0.0,,0.0,155.0,150.0,126.0,1.0,937.0,4,,,0.0,,0.0,,,,0,,,,,,,,,,,,,,,,,,,,,,,,,,,,,,,,,,,,,,,,,,,,,N,0.0,0.0,7.0,9.0,2.0,4.0,30.0,40.0,7,10,2.0,0.0,30.0,40.0,7,7,1,1.0,0.0,N597JB,N597JB-B6-1,30.0,42.0,10.0,40.0,52.0,21.0,9.0,0.0,30,40,0.0,0.0
N597NN,818.0,2019,2,5,2,4,2019-05-02,AA,AA_CODESHARE,19805,AA,5545,,,,,OH,20397,OH,5545,11057,1105703,31057,CLT,"Charlotte, NC",NC,37,North Carolina,36,11252,1125203,31252,DAB,"Daytona Beach, FL",FL,12,Florida,33,823,-5.0,0.0,0.0,-1.0,0800-0859,10.0,828.0,933.0,4.0,950,937.0,-13.0,0.0,0.0,-1.0,0900-0959,0.0,,0.0,87.0,79.0,65.0,1.0,416.0,2,,,0.0,,0.0,,,,0,,,,,,,,,,,,,,,,,,,,,,,,,,,,,,,,,,,,,,,,,,,,,N,0.0,0.0,8.0,9.0,1.0,2.0,33.0,38.0,8,9,2.0,3.0,34.0,39.0,6,6,0,0.0,0.0,N597NN,N597NN-AA-0,34.0,45.0,5.0,39.0,50.0,,,0.0,35,40,1.0,6.2
N597UA,557.0,2019,2,5,2,4,2019-05-02,UA,UA,19977,UA,2396,,,,,UA,19977,UA,2396,14771,1477104,32457,SFO,"San Francisco, CA",CA,6,California,91,10721,1072102,30721,BOS,"Boston, MA",MA,25,Massachusetts,13,605,-8.0,0.0,0.0,-1.0,0600-0659,13.0,610.0,1403.0,8.0,1450,1411.0,-39.0,0.0,0.0,-2.0,1400-1459,0.0,,0.0,345.0,314.0,293.0,1.0,2704.0,11,,,0.0,,0.0,,,,0,,,,,,,,,,,,,,,,,,,,,,,,,,,,,,,,,,,,,,,,,,,,,N,12.0,0.0,5.0,14.0,4.0,1.0,36.0,57.0,6,14,0.0,3.0,36.0,59.0,9,9,0,0.0,0.0,N597UA,N597UA-UA-0,36.0,48.0,21.0,57.0,69.0,,,0.0,36,57,0.0,0.0
N598NN,609.0,2019,2,5,2,4,2019-05-02,AA,AA_CODESHARE,19805,AA,5069,,,,,OH,20397,OH,5069,11433,1143302,31295,DTW,"Detroit, MI",MI,26,Michigan,43,11278,1127805,30852,DCA,"Washington, DC",VA,51,Virginia,38,611,-2.0,0.0,0.0,-1.0,0600-0659,11.0,620.0,727.0,3.0,744,730.0,-14.0,0.0,0.0,-1.0,0700-0759,0.0,,0.0,93.0,81.0,67.0,1.0,405.0,2,,,0.0,,0.0,,,,0,,,,,,,,,,,,,,,,,,,,,,,,,,,,,,,,,,,,,,,,,,,,,N,0.0,0.0,6.0,7.0,1.0,2.0,25.0,30.0,6,7,1.0,3.0,25.0,31.0,2,2,0,1.0,1.0,N598NN,N598NN-AA-0,25.0,37.0,5.0,30.0,42.0,,,0.0,25,30,0.0,0.0
N598NN,825.0,2019,2,5,2,4,2019-05-02,AA,AA_CODESHARE,19805,AA,5511,,,,,OH,20397,OH,5511,11278,1127805,30852,DCA,"Washington, DC",VA,51,Virginia,38,13495,1349505,33495,MSY,"New Orleans, LA",LA,22,Louisiana,72,830,-5.0,0.0,0.0,-1.0,0800-0859,25.0,850.0,1002.0,2.0,1024,1004.0,-20.0,0.0,0.0,-2.0,1000-1059,0.0,,0.0,174.0,159.0,132.0,1.0,969.0,4,,,0.0,,0.0,,,,0,,,,,,,,,,,,,,,,,,,,,,,,,,,,,,,,,,,,,,,,,,,,,N,0.0,4.0,8.0,10.0,2.0,0.0,34.0,44.0,8,10,2.0,2.0,34.0,46.0,6,6,1,1.0,0.0,N598NN,N598NN-AA-1,34.0,46.0,10.0,44.0,56.0,30.0,4.0,0.0,34,44,0.0,0.0
N598UA,623.0,2019,2,5,2,4,2019-05-02,UA,UA,19977,UA,687,,,,,UA,19977,UA,687,14771,1477104,32457,SFO,"San Francisco, CA",CA,6,California,91,11618,1161802,31703,EWR,"Newark, NJ",NJ,34,New Jersey,21,630,-7.0,0.0,0.0,-1.0,0600-0659,18.0,641.0,1422.0,8.0,1510,1430.0,-40.0,0.0,0.0,-2.0,1500-1559,0.0,,0.0,340.0,307.0,281.0,1.0,2565.0,11,,,0.0,,0.0,,,,0,,,,,,,,,,,,,,,,,,,,,,,,,,,,,,,,,,,,,,,,,,,,,N,12.0,0.0,6.0,14.0,2.0,2.0,38.0,58.0,6,15,2.0,1.0,38.0,61.0,2,2,0,0.0,0.0,N598UA,N598UA-UA-0,38.0,50.0,20.0,58.0,70.0,,,0.0,39,59,1.0,2.28
N599JB,533.0,2019,2,5,2,4,2019-05-02,B6,B6,20409,B6,1569,,,,,B6,20409,B6,1569,10721,1072102,30721,BOS,"Boston, MA",MA,25,Massachusetts,13,11697,1169706,32467,FLL,"Fort Lauderdale, FL",FL,12,Florida,33,535,-2.0,0.0,0.0,-1.0,0001-0559,20.0,553.0,840.0,13.0,854,853.0,-1.0,0.0,0.0,-1.0,0800-0859,0.0,,0.0,199.0,200.0,167.0,1.0,1237.0,5,,,0.0,,0.0,,,,0,,,,,,,,,,,,,,,,,,,,,,,,,,,,,,,,,,,,,,,,,,,,,N,0.0,0.0,5.0,8.0,2.0,4.0,22.0,36.0,5,8,2.0,4.0,22.0,36.0,3,3,0,1.0,1.0,N599JB,N599JB-B6-0,22.0,34.0,14.0,36.0,48.0,,,0.0,22,36,0.0,0.0
N599JB,947.0,2019,2,5,2,4,2019-05-02,B6,B6,20409,B6,2570,,,,,B6,20409,B6,2570,11697,1169706,32467,FLL,"Fort Lauderdale, FL",FL,12,Florida,33,10721,1072102,30721,BOS,"Boston, MA",MA,25,Massachusetts,13,948,-1.0,0.0,0.0,-1.0,0900-0959,14.0,1001.0,1241.0,6.0,1301,1247.0,-14.0,0.0,0.0,-1.0,1300-1359,0.0,,0.0,193.0,180.0,160.0,1.0,1237.0,5,,,0.0,,0.0,,,,0,,,,,,,,,,,,,,,,,,,,,,,,,,,,,,,,,,,,,,,,,,,,,N,0.0,0.0,9.0,12.0,3.0,3.0,39.0,51.0,9,13,3.0,0.0,39.0,52.0,3,3,1,1.0,0.0,N599JB,N599JB-B6-1,39.0,51.0,12.0,51.0,63.0,36.0,3.0,0.0,39,51,0.0,0.0
N599NN,739.0,2019,2,5,2,4,2019-05-02,AA,AA_CODESHARE,19805,AA,5243,,,,,OH,20397,OH,5243,11057,1105703,31057,CLT,"Charlotte, NC",NC,37,North Carolina,36,13577,1357702,31135,MYR,"Myrtle Beach, SC",SC,45,South Carolina,37,744,-5.0,0.0,0.0,-1.0,0700-0759,10.0,749.0,819.0,4.0,851,823.0,-28.0,0.0,0.0,-2.0,0800-0859,0.0,,0.0,67.0,44.0,30.0,1.0,157.0,1,,,0.0,,0.0,,,,0,,,,,,,,,,,,,,,,,,,,,,,,,,,,,,,,,,,,,,,,,,,,,N,0.0,0.0,7.0,8.0,3.0,2.0,31.0,34.0,7,8,3.0,3.0,31.0,35.0,1,1,0,1.0,1.0,N599NN,N599NN-AA-0,31.0,43.0,3.0,34.0,46.0,,,0.0,31,34,0.0,0.0
N599NN,920.0,2019,2,5,2,4,2019-05-02,AA,AA_CODESHARE,19805,AA,5243,,,,,OH,20397,OH,5243,13577,1357702,31135,MYR,"Myrtle Beach, SC",SC,45,South Carolina,37,11057,1105703,31057,CLT,"Charlotte, NC",NC,37,North Carolina,36,931,-11.0,0.0,0.0,-1.0,0900-0959,17.0,937.0,1021.0,13.0,1051,1034.0,-17.0,0.0,0.0,-2.0,1000-1059,0.0,,0.0,80.0,74.0,44.0,1.0,157.0,1,,,0.0,,0.0,,,,0,,,,,,,,,,,,,,,,,,,,,,,,,,,,,,,,,,,,,,,,,,,,,N,0.0,0.0,9.0,10.0,1.0,2.0,37.0,42.0,9,10,2.0,3.0,38.0,43.0,2,2,1,1.0,0.0,N599NN,N599NN-AA-1,38.0,49.0,5.0,43.0,54.0,34.0,3.0,0.0,38,43,0.0,0.0
N600BP,603.0,2019,2,5,2,4,2019-05-02,AA,AA_CODESHARE,19805,AA,4980,,,,,PT,20427,PT,4980,14704,1470405,34704,SBY,"Salisbury, MD",MD,24,Maryland,35,14100,1410005,34100,PHL,"Philadelphia, PA",PA,42,Pennsylvania,23,612,-9.0,0.0,0.0,-1.0,0600-0659,15.0,618.0,650.0,10.0,704,700.0,-4.0,0.0,0.0,-1.0,0700-0759,0.0,,0.0,52.0,57.0,32.0,1.0,107.0,1,,,0.0,,0.0,,,,0,,,,,,,,,,,,,,,,,,,,,,,,,,,,,,,,,,,,,,,,,,,,,N,0.0,0.0,6.0,7.0,0.0,0.0,24.0,28.0,6,7,1.0,0.0,25.0,28.0,1,1,0,1.0,1.0,N600BP,N600BP-AA-0,25.0,36.0,4.0,29.0,40.0,,,0.0,25,30,1.0,1.2
N600BP,850.0,2019,2,5,2,4,2019-05-02,AA,AA_CODESHARE,19805,AA,4987,,,,,PT,20427,PT,4987,14100,1410005,34100,PHL,"Philadelphia, PA",PA,42,Pennsylvania,23,12397,1239702,32397,ITH,"Ithaca/Cortland, NY",NY,36,New York,22,855,-5.0,0.0,0.0,-1.0,0800-0859,44.0,934.0,1039.0,6.0,1022,1045.0,23.0,23.0,1.0,1.0,1000-1059,0.0,,0.0,87.0,115.0,65.0,1.0,192.0,1,0.0,0.0,23.0,0.0,0.0,,,,0,,,,,,,,,,,,,,,,,,,,,,,,,,,,,,,,,,,,,,,,,,,,,N,0.0,0.0,8.0,10.0,3.0,3.0,35.0,43.0,8,10,4.0,1.0,36.0,41.0,2,2,1,1.0,0.0,N600BP,N600BP-AA-1,36.0,47.0,8.0,44.0,55.0,28.0,7.0,2.0,36,44,0.0,0.0
N600LR,551.0,2019,2,5,2,4,2019-05-02,DL,DL_CODESHARE,19790,DL,3377,,,,,9E,20363,9E,3377,14814,1481402,30476,SHV,"Shreveport, LA",LA,22,Louisiana,72,10397,1039707,30397,ATL,"Atlanta, GA",GA,13,Georgia,34,600,-9.0,0.0,0.0,-1.0,0600-0659,12.0,603.0,818.0,12.0,850,830.0,-20.0,0.0,0.0,-2.0,0800-0859,0.0,,0.0,110.0,99.0,75.0,1.0,551.0,3,,,0.0,,0.0,,,,0,,,,,,,,,,,,,,,,,,,,,,,,,,,,,,,,,,,,,,,,,,,,,N,4.0,0.0,5.0,8.0,3.0,2.0,27.0,34.0,6,8,0.0,3.0,28.0,35.0,1,1,0,1.0,1.0,N600LR,N600LR-DL-0,28.0,39.0,7.0,35.0,46.0,,,0.0,28,35,0.0,0.0
N600LR,937.0,2019,2,5,2,4,2019-05-02,DL,DL_CODESHARE,19790,DL,5408,,,,,9E,20363,9E,5408,10397,1039707,30397,ATL,"Atlanta, GA",GA,13,Georgia,34,11721,1172105,31721,FNT,"Flint, MI",MI,26,Michigan,43,940,-3.0,0.0,0.0,-1.0,0900-0959,18.0,955.0,1121.0,2.0,1134,1123.0,-11.0,0.0,0.0,-1.0,1100-1159,0.0,,0.0,114.0,106.0,86.0,1.0,645.0,3,,,0.0,,0.0,,,,0,,,,,,,,,,,,,,,,,,,,,,,,,,,,,,,,,,,,,,,,,,,,,N,0.0,0.0,9.0,11.0,2.0,2.0,38.0,46.0,9,11,3.0,2.0,39.0,46.0,6,6,1,1.0,0.0,N600LR,N600LR-DL-1,39.0,50.0,8.0,47.0,58.0,34.0,4.0,0.0,39,47,0.0,0.0
N600NN,707.0,2019,2,5,2,4,2019-05-02,AA,AA_CODESHARE,19805,AA,5489,,,,,OH,20397,OH,5489,10431,1043105,30431,AVL,"Asheville, NC",NC,37,North Carolina,36,11057,1105703,31057,CLT,"Charlotte, NC",NC,37,North Carolina,36,713,-6.0,0.0,0.0,-1.0,0700-0759,12.0,719.0,746.0,22.0,826,808.0,-18.0,0.0,0.0,-2.0,0800-0859,0.0,,0.0,73.0,61.0,27.0,1.0,91.0,1,,,0.0,,0.0,,,,0,,,,,,,,,,,,,,,,,,,,,,,,,,,,,,,,,,,,,,,,,,,,,N,0.0,0.0,7.0,8.0,0.0,1.0,28.0,33.0,7,8,1.0,2.0,29.0,34.0,4,4,0,1.0,1.0,N600NN,N600NN-AA-0,29.0,40.0,5.0,34.0,45.0,,,0.0,29,34,0.0,0.0
N600NN,900.0,2019,2,5,2,4,2019-05-02,AA,AA_CODESHARE,19805,AA,5324,,,,,OH,20397,OH,5324,11057,1105703,31057,CLT,"Charlotte, NC",NC,37,North Carolina,36,10874,1087402,30647,CAK,"Akron, OH",OH,39,Ohio,44,906,-6.0,0.0,0.0,-1.0,0900-0959,17.0,917.0,1023.0,5.0,1034,1028.0,-6.0,0.0,0.0,-1.0,1000-1059,0.0,,0.0,88.0,88.0,66.0,1.0,394.0,2,,,0.0,,0.0,,,,0,,,,,,,,,,,,,,,,,,,,,,,,,,,,,,,,,,,,,,,,,,,,,N,0.0,0.0,9.0,10.0,0.0,2.0,36.0,42.0,9,10,0.0,2.0,36.0,42.0,3,3,1,1.0,0.0,N600NN,N600NN-AA-1,36.0,48.0,6.0,42.0,54.0,33.0,3.0,0.0,37,43,1.0,3.18
N601LR,651.0,2019,2,5,2,4,2019-05-02,DL,DL_CODESHARE,19790,DL,3479,,,,,9E,20363,9E,3479,12478,1247805,31703,JFK,"New York, NY",NY,36,New York,22,11433,1143302,31295,DTW,"Detroit, MI",MI,26,Michigan,43,659,-8.0,0.0,0.0,-1.0,0600-0659,16.0,707.0,830.0,8.0,908,838.0,-30.0,0.0,0.0,-2.0,0900-0959,0.0,,0.0,129.0,107.0,83.0,1.0,509.0,3,,,0.0,,0.0,,,,0,,,,,,,,,,,,,,,,,,,,,,,,,,,,,,,,,,,,,,,,,,,,,N,0.0,0.0,6.0,8.0,3.0,3.0,27.0,35.0,6,9,4.0,1.0,28.0,37.0,8,8,0,0.0,0.0,N601LR,N601LR-DL-0,28.0,39.0,8.0,36.0,47.0,,,0.0,28,36,0.0,0.0
N601XJ,715.0,2019,2,5,2,4,2019-05-02,DL,DL_CODESHARE,19790,DL,3570,,,,,OO,20304,OO,3570,14814,1481402,30476,SHV,"Shreveport, LA",LA,22,Louisiana,72,10397,1039707,30397,ATL,"Atlanta, GA",GA,13,Georgia,34,700,15.0,15.0,1.0,1.0,0700-0759,8.0,723.0,946.0,14.0,950,1000.0,10.0,10.0,0.0,0.0,0900-0959,0.0,,0.0,110.0,105.0,83.0,1.0,551.0,3,,,0.0,,0.0,,,,0,,,,,,,,,,,,,,,,,,,,,,,,,,,,,,,,,,,,,,,,,,,,,N,4.0,0.0,7.0,10.0,1.0,0.0,33.0,40.0,7,9,0.0,3.0,32.0,39.0,6,6,0,0.0,0.0,N601XJ,N601XJ-DL-0,33.0,45.0,7.0,40.0,52.0,,,0.0,33,40,0.0,0.0
N602AE,516.0,2019,2,5,2,4,2019-05-02,AA,AA_CODESHARE,19805,AA,4892,,,,,PT,20427,PT,4892,13139,1313902,33139,LYH,"Lynchburg, VA",VA,51,Virginia,38,11057,1105703,31057,CLT,"Charlotte, NC",NC,37,North Carolina,36,521,-5.0,0.0,0.0,-1.0,0001-0559,30.0,546.0,622.0,9.0,633,631.0,-2.0,0.0,0.0,-1.0,0600-0659,0.0,,0.0,72.0,75.0,36.0,1.0,175.0,1,,,0.0,,0.0,,,,0,,,,,,,,,,,,,,,,,,,,,,,,,,,,,,,,,,,,,,,,,,,,,N,0.0,0.0,5.0,6.0,1.0,2.0,21.0,26.0,5,6,1.0,2.0,21.0,26.0,2,2,0,2.0,2.0,N602AE,N602AE-AA-0,21.0,33.0,5.0,26.0,38.0,,,0.0,21,26,0.0,0.0
N602AE,738.0,2019,2,5,2,4,2019-05-02,AA,AA_CODESHARE,19805,AA,4979,,,,,PT,20427,PT,4979,11057,1105703,31057,CLT,"Charlotte, NC",NC,37,North Carolina,36,13139,1313902,33139,LYH,"Lynchburg, VA",VA,51,Virginia,38,724,14.0,14.0,0.0,0.0,0700-0759,31.0,809.0,846.0,7.0,833,853.0,20.0,20.0,1.0,1.0,0800-0859,0.0,,0.0,69.0,75.0,37.0,1.0,175.0,1,14.0,0.0,6.0,0.0,0.0,,,,0,,,,,,,,,,,,,,,,,,,,,,,,,,,,,,,,,,,,,,,,,,,,,N,0.0,0.0,7.0,8.0,3.0,4.0,31.0,36.0,7,8,2.0,2.0,30.0,34.0,3,3,1,2.0,1.0,N602AE,N602AE-AA-1,31.0,43.0,5.0,36.0,48.0,26.0,5.0,0.0,31,36,0.0,0.0
N602AE,909.0,2019,2,5,2,4,2019-05-02,AA,AA_CODESHARE,19805,AA,4979,,,,,PT,20427,PT,4979,13139,1313902,33139,LYH,"Lynchburg, VA",VA,51,Virginia,38,11057,1105703,31057,CLT,"Charlotte, NC",NC,37,North Carolina,36,902,7.0,7.0,0.0,0.0,0900-0959,10.0,919.0,959.0,9.0,1031,1008.0,-23.0,0.0,0.0,-2.0,1000-1059,0.0,,0.0,89.0,59.0,40.0,1.0,175.0,1,,,0.0,,0.0,,,,0,,,,,,,,,,,,,,,,,,,,,,,,,,,,,,,,,,,,,,,,,,,,,N,0.0,0.0,9.0,10.0,1.0,1.0,37.0,41.0,9,10,0.0,2.0,36.0,42.0,4,4,2,2.0,0.0,N602AE,N602AE-AA-2,37.0,49.0,4.0,41.0,53.0,36.0,1.0,0.0,37,41,0.0,0.0
N602CZ,617.0,2019,2,5,2,4,2019-05-02,DL,DL_CODESHARE,19790,DL,5723,,,,,CP,21167,CP,5723,14683,1468305,33214,SAT,"San Antonio, TX",TX,48,Texas,74,12892,1289208,32575,LAX,"Los Angeles, CA",CA,6,California,91,620,-3.0,0.0,0.0,-1.0,0600-0659,8.0,625.0,716.0,12.0,725,728.0,3.0,3.0,0.0,0.0,0700-0759,0.0,,0.0,185.0,191.0,171.0,1.0,1211.0,5,,,0.0,,0.0,,,,0,,,,,,,,,,,,,,,,,,,,,,,,,,,,,,,,,,,,,,,,,,,,,N,4.0,12.0,6.0,7.0,1.0,2.0,29.0,42.0,6,7,1.0,2.0,29.0,42.0,9,9,0,0.0,0.0,N602CZ,N602CZ-DL-0,29.0,41.0,13.0,42.0,54.0,,,0.0,29,42,0.0,0.0
N602LR,705.0,2019,2,5,2,4,2019-05-02,DL,DL_CODESHARE,19790,DL,3414,,,,,9E,20363,9E,3414,10781,1078105,30781,BTR,"Baton Rouge, LA",LA,22,Louisiana,72,10397,1039707,30397,ATL,"Atlanta, GA",GA,13,Georgia,34,710,-5.0,0.0,0.0,-1.0,0700-0759,11.0,716.0,920.0,10.0,949,930.0,-19.0,0.0,0.0,-2.0,0900-0959,0.0,,0.0,99.0,85.0,64.0,1.0,448.0,2,,,0.0,,0.0,,,,0,,,,,,,,,,,,,,,,,,,,,,,,,,,,,,,,,,,,,,,,,,,,,N,4.0,0.0,7.0,9.0,0.0,2.0,32.0,38.0,7,9,1.0,3.0,33.0,39.0,5,5,0,0.0,0.0,N602LR,N602LR-DL-0,33.0,44.0,6.0,39.0,50.0,,,0.0,33,39,0.0,0.0
N602NK,704.0,2019,2,5,2,4,2019-05-02,NK,NK,20416,NK,520,,,,,NK,20416,NK,520,15304,1530402,33195,TPA,"Tampa, FL",FL,12,Florida,33,13495,1349505,33495,MSY,"New Orleans, LA",LA,22,Louisiana,72,710,-6.0,0.0,0.0,-1.0,0700-0759,16.0,720.0,735.0,3.0,745,738.0,-7.0,0.0,0.0,-1.0,0700-0759,0.0,,0.0,95.0,94.0,75.0,1.0,488.0,2,,,0.0,,0.0,,,,0,,,,,,,,,,,,,,,,,,,,,,,,,,,,,,,,,,,,,,,,,,,,,N,0.0,4.0,7.0,7.0,0.0,3.0,28.0,35.0,7,7,1.0,3.0,29.0,35.0,8,8,0,1.0,1.0,N602NK,N602NK-NK-0,29.0,40.0,7.0,36.0,47.0,,,0.0,29,36,0.0,0.0
N602NK,931.0,2019,2,5,2,4,2019-05-02,NK,NK,20416,NK,520,,,,,NK,20416,NK,520,13495,1349505,33495,MSY,"New Orleans, LA",LA,22,Louisiana,72,12266,1226603,31453,IAH,"Houston, TX",TX,48,Texas,74,845,46.0,46.0,1.0,3.0,0800-0859,12.0,943.0,1046.0,10.0,1007,1056.0,49.0,49.0,1.0,3.0,1000-1059,0.0,,0.0,82.0,85.0,63.0,1.0,305.0,2,0.0,0.0,49.0,0.0,0.0,,,,0,,,,,,,,,,,,,,,,,,,,,,,,,,,,,,,,,,,,,,,,,,,,,N,4.0,4.0,9.0,10.0,2.0,4.0,42.0,48.0,8,10,3.0,0.0,39.0,44.0,6,6,1,1.0,0.0,N602NK,N602NK-NK-1,39.0,54.0,6.0,45.0,60.0,35.0,7.0,3.0,40,50,5.0,35.68
N602XJ,632.0,2019,2,5,2,4,2019-05-02,DL,DL_CODESHARE,19790,DL,3544,,,,,OO,20304,OO,3544,11337,1133703,31337,DLH,"Duluth, MN",MN,27,Minnesota,63,13487,1348702,31650,MSP,"Minneapolis, MN",MN,27,Minnesota,63,642,-10.0,0.0,0.0,-1.0,0600-0659,58.0,730.0,814.0,4.0,754,818.0,24.0,24.0,1.0,1.0,0700-0759,0.0,,0.0,72.0,106.0,44.0,1.0,144.0,1,0.0,0.0,24.0,0.0,0.0,,,,0,,,,,,,,,,,,,,,,,,,,,,,,,,,,,,,,,,,,,,,,,,,,,N,4.0,4.0,6.0,8.0,2.0,1.0,30.0,37.0,6,7,3.0,4.0,31.0,36.0,6,6,0,0.0,0.0,N602XJ,N602XJ-DL-0,31.0,42.0,7.0,38.0,49.0,,,2.0,31,38,0.0,0.0
N603AT,639.0,2019,2,5,2,4,2019-05-02,DL,DL,19790,DL,1717,,,,,DL,19790,DL,1717,11977,1197705,31977,GRB,"Green Bay, WI",WI,55,Wisconsin,45,11433,1143302,31295,DTW,"Detroit, MI",MI,26,Michigan,43,650,-11.0,0.0,0.0,-1.0,0600-0659,47.0,726.0,915.0,6.0,908,921.0,13.0,13.0,0.0,0.0,0900-0959,0.0,,0.0,78.0,102.0,49.0,1.0,287.0,2,,,0.0,,0.0,,,,0,,,,,,,,,,,,,,,,,,,,,,,,,,,,,,,,,,,,,,,,,,,,,N,4.0,0.0,6.0,9.0,3.0,1.0,31.0,37.0,6,9,3.0,1.0,31.0,37.0,8,8,0,0.0,0.0,N603AT,N603AT-DL-0,31.0,43.0,6.0,37.0,49.0,,,0.0,31,37,0.0,0.0
N603NK,757.0,2019,2,5,2,4,2019-05-02,NK,NK,20416,NK,1669,,,,,NK,20416,NK,1669,11066,1106606,31066,CMH,"Columbus, OH",OH,39,Ohio,44,13204,1320402,31454,MCO,"Orlando, FL",FL,12,Florida,33,800,-3.0,0.0,0.0,-1.0,0800-0859,12.0,809.0,955.0,13.0,1011,1008.0,-3.0,0.0,0.0,-1.0,1000-1059,0.0,,0.0,131.0,131.0,106.0,1.0,802.0,4,,,0.0,,0.0,,,,0,,,,,,,,,,,,,,,,,,,,,,,,,,,,,,,,,,,,,,,,,,,,,N,0.0,0.0,7.0,10.0,4.0,1.0,32.0,41.0,8,10,0.0,1.0,32.0,41.0,2,2,0,0.0,0.0,N603NK,N603NK-NK-0,32.0,44.0,9.0,41.0,53.0,,,0.0,32,41,0.0,0.0
N603SK,645.0,2019,2,5,2,4,2019-05-02,DL,DL_CODESHARE,19790,DL,3515,,,,,OO,20304,OO,3515,11003,1100303,31003,CID,"Cedar Rapids/Iowa City, IA",IA,19,Iowa,61,13487,1348702,31650,MSP,"Minneapolis, MN",MN,27,Minnesota,63,645,0.0,0.0,0.0,0.0,0600-0659,28.0,713.0,757.0,6.0,805,803.0,-2.0,0.0,0.0,-1.0,0800-0859,0.0,,0.0,80.0,78.0,44.0,1.0,220.0,1,,,0.0,,0.0,,,,0,,,,,,,,,,,,,,,,,,,,,,,,,,,,,,,,,,,,,,,,,,,,,N,4.0,4.0,6.0,8.0,3.0,0.0,31.0,36.0,6,8,3.0,0.0,31.0,36.0,7,7,0,1.0,1.0,N603SK,N603SK-DL-0,31.0,43.0,5.0,36.0,48.0,,,0.0,31,36,0.0,0.0
N603SK,848.0,2019,2,5,2,4,2019-05-02,DL,DL_CODESHARE,19790,DL,3688,,,,,OO,20304,OO,3688,13487,1348702,31650,MSP,"Minneapolis, MN",MN,27,Minnesota,63,14457,1445702,34457,RAP,"Rapid City, SD",SD,46,South Dakota,67,850,-2.0,0.0,0.0,-1.0,0800-0859,11.0,859.0,916.0,3.0,934,919.0,-15.0,0.0,0.0,-1.0,0900-0959,0.0,,0.0,104.0,91.0,77.0,1.0,489.0,2,,,0.0,,0.0,,,,0,,,,,,,,,,,,,,,,,,,,,,,,,,,,,,,,,,,,,,,,,,,,,N,4.0,8.0,8.0,9.0,3.0,1.0,39.0,45.0,8,9,3.0,2.0,39.0,46.0,5,5,1,1.0,0.0,N603SK,N603SK-DL-1,39.0,51.0,6.0,45.0,57.0,36.0,3.0,0.0,39,45,0.0,0.0
N604AE,534.0,2019,2,5,2,4,2019-05-02,AA,AA_CODESHARE,19805,AA,4810,,,,,PT,20427,PT,4810,11986,1198603,31986,GRR,"Grand Rapids, MI",MI,26,Michigan,43,14100,1410005,34100,PHL,"Philadelphia, PA",PA,42,Pennsylvania,23,538,-4.0,0.0,0.0,-1.0,0001-0559,13.0,547.0,727.0,8.0,730,735.0,5.0,5.0,0.0,0.0,0700-0759,0.0,,0.0,112.0,121.0,100.0,1.0,573.0,3,,,0.0,,0.0,,,,0,,,,,,,,,,,,,,,,,,,,,,,,,,,,,,,,,,,,,,,,,,,,,N,0.0,0.0,5.0,7.0,2.0,2.0,22.0,30.0,5,7,3.0,2.0,23.0,30.0,6,6,0,2.0,2.0,N604AE,N604AE-AA-0,23.0,34.0,8.0,31.0,42.0,,,0.0,23,31,0.0,0.0
N604AE,811.0,2019,2,5,2,4,2019-05-02,AA,AA_CODESHARE,19805,AA,4989,,,,,PT,20427,PT,4989,14100,1410005,34100,PHL,"Philadelphia, PA",PA,42,Pennsylvania,23,10135,1013505,30135,ABE,"Allentown/Bethlehem/Easton, PA",PA,42,Pennsylvania,23,815,-4.0,0.0,0.0,-1.0,0800-0859,25.0,836.0,900.0,4.0,912,904.0,-8.0,0.0,0.0,-1.0,0900-0959,0.0,,0.0,57.0,53.0,24.0,1.0,55.0,1,,,0.0,,0.0,,,,0,,,,,,,,,,,,,,,,,,,,,,,,,,,,,,,,,,,,,,,,,,,,,N,0.0,0.0,8.0,9.0,1.0,0.0,33.0,36.0,8,9,1.0,1.0,33.0,37.0,3,3,1,2.0,1.0,N604AE,N604AE-AA-1,33.0,45.0,3.0,36.0,48.0,30.0,3.0,0.0,34,37,1.0,3.18
N604AE,921.0,2019,2,5,2,4,2019-05-02,AA,AA_CODESHARE,19805,AA,4989,,,,,PT,20427,PT,4989,10135,1013505,30135,ABE,"Allentown/Bethlehem/Easton, PA",PA,42,Pennsylvania,23,14100,1410005,34100,PHL,"Philadelphia, PA",PA,42,Pennsylvania,23,937,-16.0,0.0,0.0,-2.0,0900-0959,12.0,933.0,953.0,9.0,1022,1002.0,-20.0,0.0,0.0,-2.0,1000-1059,0.0,,0.0,45.0,41.0,20.0,1.0,55.0,1,,,0.0,,0.0,,,,0,,,,,,,,,,,,,,,,,,,,,,,,,,,,,,,,,,,,,,,,,,,,,N,0.0,0.0,9.0,10.0,1.0,0.0,37.0,40.0,9,10,2.0,1.0,38.0,41.0,3,3,2,2.0,0.0,N604AE,N604AE-AA-2,38.0,49.0,3.0,41.0,52.0,36.0,1.0,0.0,39,42,1.0,3.28
N604AW,849.0,2019,2,5,2,4,2019-05-02,AA,AA,19805,AA,2101,,,,,AA,19805,AA,2101,11278,1127805,30852,DCA,"Washington, DC",VA,51,Virginia,38,11298,1129806,30194,DFW,"Dallas/Fort Worth, TX",TX,48,Texas,74,845,4.0,4.0,0.0,0.0,0800-0859,39.0,928.0,1114.0,19.0,1122,1133.0,11.0,11.0,0.0,0.0,1100-1159,0.0,,0.0,217.0,224.0,166.0,1.0,1192.0,5,,,0.0,,0.0,,,,0,,,,,,,,,,,,,,,,,,,,,,,,,,,,,,,,,,,,,,,,,,,,,N,0.0,4.0,8.0,11.0,3.0,2.0,35.0,50.0,8,11,3.0,1.0,35.0,49.0,6,6,0,0.0,0.0,N604AW,N604AW-AA-0,35.0,47.0,15.0,50.0,62.0,,,0.0,35,50,0.0,0.0
N604LR,623.0,2019,2,5,2,4,2019-05-02,DL,DL_CODESHARE,19790,DL,5053,,,,,9E,20363,9E,5053,10721,1072102,30721,BOS,"Boston, MA",MA,25,Massachusetts,13,14122,1412202,30198,PIT,"Pittsburgh, PA",PA,42,Pennsylvania,23,635,-12.0,0.0,0.0,-1.0,0600-0659,20.0,643.0,804.0,6.0,833,810.0,-23.0,0.0,0.0,-2.0,0800-0859,0.0,,0.0,118.0,107.0,81.0,1.0,496.0,2,,,0.0,,0.0,,,,0,,,,,,,,,,,,,,,,,,,,,,,,,,,,,,,,,,,,,,,,,,,,,N,0.0,0.0,6.0,8.0,2.0,1.0,26.0,33.0,6,8,2.0,2.0,26.0,34.0,8,8,0,1.0,1.0,N604LR,N604LR-DL-0,26.0,38.0,7.0,33.0,45.0,,,0.0,26,33,0.0,0.0
N604LR,927.0,2019,2,5,2,4,2019-05-02,DL,DL_CODESHARE,19790,DL,5262,,,,,9E,20363,9E,5262,14122,1412202,30198,PIT,"Pittsburgh, PA",PA,42,Pennsylvania,23,13487,1348702,31650,MSP,"Minneapolis, MN",MN,27,Minnesota,63,929,-2.0,0.0,0.0,-1.0,0900-0959,14.0,941.0,1026.0,4.0,1045,1030.0,-15.0,0.0,0.0,-1.0,1000-1059,0.0,,0.0,136.0,123.0,105.0,1.0,726.0,3,,,0.0,,0.0,,,,0,,,,,,,,,,,,,,,,,,,,,,,,,,,,,,,,,,,,,,,,,,,,,N,0.0,4.0,9.0,10.0,2.0,2.0,38.0,46.0,9,10,2.0,3.0,38.0,47.0,7,7,1,1.0,0.0,N604LR,N604LR-DL-1,38.0,50.0,8.0,46.0,58.0,33.0,5.0,0.0,38,46,0.0,0.0
N604SK,618.0,2019,2,5,2,4,2019-05-02,DL,DL_CODESHARE,19790,DL,4009,,,,,OO,20304,OO,4009,12278,1227805,30928,ICT,"Wichita, KS",KS,20,Kansas,62,13487,1348702,31650,MSP,"Minneapolis, MN",MN,27,Minnesota,63,625,-7.0,0.0,0.0,-1.0,0600-0659,16.0,634.0,750.0,6.0,815,756.0,-19.0,0.0,0.0,-2.0,0800-0859,0.0,,0.0,110.0,98.0,76.0,1.0,545.0,3,,,0.0,,0.0,,,,0,,,,,,,,,,,,,,,,,,,,,,,,,,,,,,,,,,,,,,,,,,,,,N,4.0,4.0,6.0,7.0,1.0,4.0,29.0,36.0,6,8,2.0,1.0,30.0,37.0,9,9,0,0.0,0.0,N604SK,N604SK-DL-0,30.0,41.0,7.0,37.0,48.0,,,0.0,30,37,0.0,0.0
N605JB,818.0,2019,2,5,2,4,2019-05-02,B6,B6,20409,B6,970,,,,,B6,20409,B6,970,13204,1320402,31454,MCO,"Orlando, FL",FL,12,Florida,33,14524,1452401,34524,RIC,"Richmond, VA",VA,51,Virginia,38,827,-9.0,0.0,0.0,-1.0,0800-0859,15.0,833.0,1004.0,6.0,1021,1010.0,-11.0,0.0,0.0,-1.0,1000-1059,0.0,,0.0,114.0,112.0,91.0,1.0,667.0,3,,,0.0,,0.0,,,,0,,,,,,,,,,,,,,,,,,,,,,,,,,,,,,,,,,,,,,,,,,,,,N,0.0,0.0,8.0,10.0,1.0,1.0,33.0,41.0,8,10,2.0,1.0,34.0,41.0,5,5,0,0.0,0.0,N605JB,N605JB-B6-0,34.0,45.0,8.0,42.0,53.0,,,0.0,34,42,0.0,0.0
N605KS,610.0,2019,2,5,2,4,2019-05-02,AA,AA_CODESHARE,19805,AA,3401,,,,,MQ,20398,MQ,3401,13367,1336705,33367,MLI,"Moline, IL",IL,17,Illinois,41,13930,1393007,30977,ORD,"Chicago, IL",IL,17,Illinois,41,611,-1.0,0.0,0.0,-1.0,0600-0659,15.0,625.0,656.0,11.0,720,707.0,-13.0,0.0,0.0,-1.0,0700-0759,0.0,,0.0,69.0,57.0,31.0,1.0,139.0,1,,,0.0,,0.0,,,,0,,,,,,,,,,,,,,,,,,,,,,,,,,,,,,,,,,,,,,,,,,,,,N,4.0,4.0,6.0,7.0,1.0,0.0,29.0,32.0,6,7,1.0,1.0,29.0,33.0,4,4,0,1.0,1.0,N605KS,N605KS-AA-0,29.0,41.0,3.0,32.0,44.0,,,0.0,29,32,0.0,0.0
N605KS,829.0,2019,2,5,2,4,2019-05-02,AA,AA_CODESHARE,19805,AA,3358,,,,,MQ,20398,MQ,3358,13930,1393007,30977,ORD,"Chicago, IL",IL,17,Illinois,41,11986,1198603,31986,GRR,"Grand Rapids, MI",MI,26,Michigan,43,835,-6.0,0.0,0.0,-1.0,0800-0859,21.0,850.0,1017.0,6.0,1035,1023.0,-12.0,0.0,0.0,-1.0,1000-1059,0.0,,0.0,60.0,54.0,27.0,1.0,137.0,1,,,0.0,,0.0,,,,0,,,,,,,,,,,,,,,,,,,,,,,,,,,,,,,,,,,,,,,,,,,,,N,4.0,0.0,8.0,10.0,2.0,2.0,38.0,42.0,8,10,2.0,2.0,38.0,42.0,1,1,1,1.0,0.0,N605KS,N605KS-AA-1,38.0,50.0,4.0,42.0,54.0,32.0,6.0,0.0,38,42,0.0,0.0
N605LR,555.0,2019,2,5,2,4,2019-05-02,DL,DL_CODESHARE,19790,DL,5027,,,,,9E,20363,9E,5027,11193,1119302,33105,CVG,"Cincinnati, OH",KY,21,Kentucky,52,11433,1143302,31295,DTW,"Detroit, MI",MI,26,Michigan,43,600,-5.0,0.0,0.0,-1.0,0600-0659,23.0,618.0,702.0,9.0,710,711.0,1.0,1.0,0.0,0.0,0700-0759,0.0,,0.0,70.0,76.0,44.0,1.0,229.0,1,,,0.0,,0.0,,,,0,,,,,,,,,,,,,,,,,,,,,,,,,,,,,,,,,,,,,,,,,,,,,N,0.0,0.0,5.0,7.0,4.0,1.0,24.0,29.0,6,7,0.0,1.0,24.0,29.0,6,6,0,2.0,2.0,N605LR,N605LR-DL-0,24.0,36.0,5.0,29.0,41.0,,,0.0,24,29,0.0,0.0
N605LR,746.0,2019,2,5,2,4,2019-05-02,DL,DL_CODESHARE,19790,DL,5443,,,,,9E,20363,9E,5443,11433,1143302,31295,DTW,"Detroit, MI",MI,26,Michigan,43,11193,1119302,33105,CVG,"Cincinnati, OH",KY,21,Kentucky,52,750,-4.0,0.0,0.0,-1.0,0700-0759,23.0,809.0,848.0,7.0,902,855.0,-7.0,0.0,0.0,-1.0,0900-0959,0.0,,0.0,72.0,69.0,39.0,1.0,229.0,1,,,0.0,,0.0,,,,0,,,,,,,,,,,,,,,,,,,,,,,,,,,,,,,,,,,,,,,,,,,,,N,0.0,0.0,7.0,8.0,3.0,4.0,31.0,36.0,7,9,3.0,0.0,31.0,36.0,9,9,1,2.0,1.0,N605LR,N605LR-DL-1,31.0,43.0,5.0,36.0,48.0,29.0,2.0,0.0,31,36,0.0,0.0
N605LR,935.0,2019,2,5,2,4,2019-05-02,DL,DL_CODESHARE,19790,DL,5052,,,,,9E,20363,9E,5052,11193,1119302,33105,CVG,"Cincinnati, OH",KY,21,Kentucky,52,13487,1348702,31650,MSP,"Minneapolis, MN",MN,27,Minnesota,63,940,-5.0,0.0,0.0,-1.0,0900-0959,17.0,952.0,1021.0,4.0,1026,1025.0,-1.0,0.0,0.0,-1.0,1000-1059,0.0,,0.0,106.0,110.0,89.0,1.0,596.0,3,,,0.0,,0.0,,,,0,,,,,,,,,,,,,,,,,,,,,,,,,,,,,,,,,,,,,,,,,,,,,N,0.0,4.0,9.0,10.0,2.0,2.0,38.0,46.0,9,10,3.0,2.0,39.0,46.0,4,4,2,2.0,0.0,N605LR,N605LR-DL-2,39.0,50.0,8.0,47.0,58.0,36.0,2.0,0.0,39,47,0.0,0.0
N605NK,603.0,2019,2,5,2,4,2019-05-02,NK,NK,20416,NK,241,,,,,NK,20416,NK,241,11042,1104205,30647,CLE,"Cleveland, OH",OH,39,Ohio,44,10397,1039707,30397,ATL,"Atlanta, GA",GA,13,Georgia,34,605,-2.0,0.0,0.0,-1.0,0600-0659,10.0,613.0,740.0,7.0,756,747.0,-9.0,0.0,0.0,-1.0,0700-0759,0.0,,0.0,111.0,104.0,87.0,1.0,554.0,3,,,0.0,,0.0,,,,0,,,,,,,,,,,,,,,,,,,,,,,,,,,,,,,,,,,,,,,,,,,,,N,0.0,0.0,6.0,7.0,0.0,3.0,24.0,31.0,6,7,0.0,4.0,24.0,32.0,3,3,0,1.0,1.0,N605NK,N605NK-NK-0,24.0,36.0,7.0,31.0,43.0,,,0.0,24,32,1.0,3.24
N605NK,856.0,2019,2,5,2,4,2019-05-02,NK,NK,20416,NK,242,,,,,NK,20416,NK,242,10397,1039707,30397,ATL,"Atlanta, GA",GA,13,Georgia,34,11042,1104205,30647,CLE,"Cleveland, OH",OH,39,Ohio,44,846,10.0,10.0,0.0,0.0,0800-0859,13.0,909.0,1028.0,6.0,1035,1034.0,-1.0,0.0,0.0,-1.0,1000-1059,0.0,,0.0,109.0,98.0,79.0,1.0,554.0,3,,,0.0,,0.0,,,,0,,,,,,,,,,,,,,,,,,,,,,,,,,,,,,,,,,,,,,,,,,,,,N,0.0,0.0,8.0,10.0,4.0,2.0,36.0,42.0,8,10,3.0,2.0,35.0,42.0,3,3,1,1.0,0.0,N605NK,N605NK-NK-1,36.0,48.0,6.0,42.0,54.0,31.0,5.0,0.0,38,44,2.0,6.96
N606AE,749.0,2019,2,5,2,4,2019-05-02,AA,AA_CODESHARE,19805,AA,4125,,,,,MQ,20398,MQ,4125,11995,1199502,31995,GSO,"Greensboro/High Point, NC",NC,37,North Carolina,36,13930,1393007,30977,ORD,"Chicago, IL",IL,17,Illinois,41,742,7.0,7.0,0.0,0.0,0700-0759,47.0,836.0,917.0,12.0,910,929.0,19.0,19.0,1.0,1.0,0900-0959,0.0,,0.0,148.0,160.0,101.0,1.0,589.0,3,0.0,7.0,12.0,0.0,0.0,,,,0,,,,,,,,,,,,,,,,,,,,,,,,,,,,,,,,,,,,,,,,,,,,,N,0.0,4.0,7.0,9.0,3.0,2.0,31.0,42.0,7,9,3.0,1.0,31.0,41.0,5,5,0,0.0,0.0,N606AE,N606AE-AA-0,31.0,43.0,11.0,42.0,54.0,,,1.0,31,42,0.0,0.0
N606CZ,735.0,2019,2,5,2,4,2019-05-02,DL,DL_CODESHARE,19790,DL,5751,,,,,CP,21167,CP,5751,14107,1410702,30466,PHX,"Phoenix, AZ",AZ,4,Arizona,81,14869,1486903,34614,SLC,"Salt Lake City, UT",UT,49,Utah,87,740,-5.0,0.0,0.0,-1.0,0700-0759,13.0,748.0,1006.0,5.0,1028,1011.0,-17.0,0.0,0.0,-2.0,1000-1059,0.0,,0.0,108.0,96.0,78.0,1.0,507.0,3,,,0.0,,0.0,,,,0,,,,,,,,,,,,,,,,,,,,,,,,,,,,,,,,,,,,,,,,,,,,,N,8.0,8.0,7.0,10.0,2.0,1.0,38.0,49.0,7,10,3.0,2.0,39.0,50.0,1,1,0,0.0,0.0,N606CZ,N606CZ-DL-0,39.0,50.0,11.0,50.0,61.0,,,0.0,39,54,4.0,7.86
N606JB,620.0,2019,2,5,2,4,2019-05-02,B6,B6,20409,B6,198,,,,,B6,20409,B6,198,13204,1320402,31454,MCO,"Orlando, FL",FL,12,Florida,33,12953,1295304,31703,LGA,"New York, NY",NY,36,New York,22,625,-5.0,0.0,0.0,-1.0,0600-0659,16.0,636.0,844.0,1.0,855,845.0,-10.0,0.0,0.0,-1.0,0800-0859,0.0,,0.0,150.0,145.0,128.0,1.0,950.0,4,,,0.0,,0.0,,,,0,,,,,,,,,,,,,,,,,,,,,,,,,,,,,,,,,,,,,,,,,,,,,N,0.0,0.0,6.0,8.0,1.0,3.0,25.0,35.0,6,8,2.0,4.0,26.0,36.0,2,2,0,1.0,1.0,N606JB,N606JB-B6-0,26.0,37.0,10.0,36.0,47.0,,,0.0,26,36,0.0,0.0
N606JB,935.0,2019,2,5,2,4,2019-05-02,B6,B6,20409,B6,199,,,,,B6,20409,B6,199,12953,1295304,31703,LGA,"New York, NY",NY,36,New York,22,13204,1320402,31454,MCO,"Orlando, FL",FL,12,Florida,33,937,-2.0,0.0,0.0,-1.0,0900-0959,27.0,1002.0,1213.0,8.0,1234,1221.0,-13.0,0.0,0.0,-1.0,1200-1259,0.0,,0.0,177.0,166.0,131.0,1.0,950.0,4,,,0.0,,0.0,,,,0,,,,,,,,,,,,,,,,,,,,,,,,,,,,,,,,,,,,,,,,,,,,,N,0.0,0.0,9.0,12.0,2.0,1.0,38.0,49.0,9,12,2.0,2.0,38.0,50.0,9,9,1,1.0,0.0,N606JB,N606JB-B6-1,38.0,50.0,11.0,49.0,61.0,35.0,3.0,0.0,39,50,1.0,9.32
N606LR,551.0,2019,2,5,2,4,2019-05-02,DL,DL_CODESHARE,19790,DL,5453,,,,,9E,20363,9E,5453,13367,1336705,33367,MLI,"Moline, IL",IL,17,Illinois,41,10397,1039707,30397,ATL,"Atlanta, GA",GA,13,Georgia,34,600,-9.0,0.0,0.0,-1.0,0600-0659,13.0,604.0,832.0,9.0,913,841.0,-32.0,0.0,0.0,-2.0,0900-0959,0.0,,0.0,133.0,110.0,88.0,1.0,633.0,3,,,0.0,,0.0,,,,0,,,,,,,,,,,,,,,,,,,,,,,,,,,,,,,,,,,,,,,,,,,,,N,4.0,0.0,5.0,8.0,3.0,3.0,27.0,35.0,6,9,0.0,1.0,28.0,37.0,3,3,0,0.0,0.0,N606LR,N606LR-DL-0,28.0,39.0,8.0,36.0,47.0,,,0.0,28,36,0.0,0.0
N606SK,541.0,2019,2,5,2,4,2019-05-02,DL,DL_CODESHARE,19790,DL,4459,,,,,OO,20304,OO,4459,13851,1385103,33851,OKC,"Oklahoma City, OK",OK,40,Oklahoma,73,11433,1143302,31295,DTW,"Detroit, MI",MI,26,Michigan,43,550,-9.0,0.0,0.0,-1.0,0001-0559,14.0,555.0,908.0,7.0,921,915.0,-6.0,0.0,0.0,-1.0,0900-0959,0.0,,0.0,151.0,154.0,133.0,1.0,900.0,4,,,0.0,,0.0,,,,0,,,,,,,,,,,,,,,,,,,,,,,,,,,,,,,,,,,,,,,,,,,,,N,4.0,0.0,5.0,9.0,3.0,1.0,27.0,37.0,5,9,3.0,1.0,27.0,37.0,1,1,0,0.0,0.0,N606SK,N606SK-DL-0,27.0,39.0,10.0,37.0,49.0,,,0.0,27,41,4.0,8.32
N607AT,657.0,2019,2,5,2,4,2019-05-02,DL,DL,19790,DL,1969,,,,,DL,19790,DL,1969,12953,1295304,31703,LGA,"New York, NY",NY,36,New York,22,10721,1072102,30721,BOS,"Boston, MA",MA,25,Massachusetts,13,700,-3.0,0.0,0.0,-1.0,0700-0759,20.0,717.0,804.0,10.0,820,814.0,-6.0,0.0,0.0,-1.0,0800-0859,0.0,,0.0,80.0,77.0,47.0,1.0,184.0,1,,,0.0,,0.0,,,,0,,,,,,,,,,,,,,,,,,,,,,,,,,,,,,,,,,,,,,,,,,,,,N,0.0,0.0,6.0,8.0,4.0,1.0,28.0,33.0,7,8,0.0,1.0,28.0,33.0,4,4,0,1.0,1.0,N607AT,N607AT-DL-0,28.0,40.0,5.0,33.0,45.0,,,0.0,28,33,0.0,0.0
N607AT,859.0,2019,2,5,2,4,2019-05-02,DL,DL,19790,DL,683,,,,,DL,19790,DL,683,10721,1072102,30721,BOS,"Boston, MA",MA,25,Massachusetts,13,14492,1449202,34492,RDU,"Raleigh/Durham, NC",NC,37,North Carolina,36,903,-4.0,0.0,0.0,-1.0,0900-0959,38.0,937.0,1109.0,6.0,1107,1115.0,8.0,8.0,0.0,0.0,1100-1159,0.0,,0.0,124.0,136.0,92.0,1.0,612.0,3,,,0.0,,0.0,,,,0,,,,,,,,,,,,,,,,,,,,,,,,,,,,,,,,,,,,,,,,,,,,,N,0.0,0.0,8.0,11.0,4.0,1.0,36.0,45.0,9,11,0.0,0.0,36.0,44.0,5,5,1,1.0,0.0,N607AT,N607AT-DL-1,36.0,48.0,9.0,45.0,57.0,33.0,3.0,0.0,36,45,0.0,0.0
N607LR,658.0,2019,2,5,2,4,2019-05-02,DL,DL_CODESHARE,19790,DL,5099,,,,,9E,20363,9E,5099,11193,1119302,33105,CVG,"Cincinnati, OH",KY,21,Kentucky,52,13487,1348702,31650,MSP,"Minneapolis, MN",MN,27,Minnesota,63,700,-2.0,0.0,0.0,-1.0,0700-0759,39.0,737.0,819.0,6.0,802,825.0,23.0,23.0,1.0,1.0,0800-0859,0.0,,0.0,122.0,147.0,102.0,1.0,596.0,3,0.0,0.0,23.0,0.0,0.0,,,,0,,,,,,,,,,,,,,,,,,,,,,,,,,,,,,,,,,,,,,,,,,,,,N,0.0,4.0,6.0,8.0,4.0,2.0,28.0,38.0,7,8,0.0,0.0,28.0,36.0,5,5,0,1.0,1.0,N607LR,N607LR-DL-0,28.0,40.0,10.0,38.0,50.0,,,2.0,28,38,0.0,0.0
N607LR,902.0,2019,2,5,2,4,2019-05-02,DL,DL_CODESHARE,19790,DL,5514,,,,,9E,20363,9E,5514,13487,1348702,31650,MSP,"Minneapolis, MN",MN,27,Minnesota,63,11066,1106606,31066,CMH,"Columbus, OH",OH,39,Ohio,44,850,12.0,12.0,0.0,0.0,0800-0859,33.0,935.0,1202.0,3.0,1155,1205.0,10.0,10.0,0.0,0.0,1100-1159,0.0,,0.0,125.0,123.0,87.0,1.0,626.0,3,,,0.0,,0.0,,,,0,,,,,,,,,,,,,,,,,,,,,,,,,,,,,,,,,,,,,,,,,,,,,N,4.0,0.0,9.0,12.0,0.0,0.0,40.0,48.0,8,11,3.0,4.0,39.0,48.0,3,3,1,1.0,0.0,N607LR,N607LR-DL-1,40.0,52.0,8.0,48.0,60.0,38.0,2.0,0.0,40,48,0.0,0.0
N607NK,734.0,2019,2,5,2,4,2019-05-02,NK,NK,20416,NK,1025,,,,,NK,20416,NK,1025,10721,1072102,30721,BOS,"Boston, MA",MA,25,Massachusetts,13,10821,1082106,30852,BWI,"Baltimore, MD",MD,24,Maryland,35,735,-1.0,0.0,0.0,-1.0,0700-0759,20.0,754.0,859.0,5.0,910,904.0,-6.0,0.0,0.0,-1.0,0900-0959,0.0,,0.0,95.0,90.0,65.0,1.0,369.0,2,,,0.0,,0.0,,,,0,,,,,,,,,,,,,,,,,,,,,,,,,,,,,,,,,,,,,,,,,,,,,N,0.0,0.0,7.0,9.0,2.0,0.0,30.0,36.0,7,9,2.0,1.0,30.0,37.0,2,2,0,0.0,0.0,N607NK,N607NK-NK-0,30.0,42.0,6.0,36.0,48.0,,,0.0,30,36,0.0,0.0
N607SK,720.0,2019,2,5,2,4,2019-05-02,DL,DL_CODESHARE,19790,DL,3652,,,,,OO,20304,OO,3652,10372,1037205,30372,ASE,"Aspen, CO",CO,8,Colorado,82,14869,1486903,34614,SLC,"Salt Lake City, UT",UT,49,Utah,87,725,-5.0,0.0,0.0,-1.0,0700-0759,26.0,746.0,840.0,9.0,834,849.0,15.0,15.0,1.0,1.0,0800-0859,0.0,,0.0,69.0,89.0,54.0,1.0,292.0,2,0.0,0.0,15.0,0.0,0.0,,,,0,,,,,,,,,,,,,,,,,,,,,,,,,,,,,,,,,,,,,,,,,,,,,N,8.0,8.0,7.0,8.0,1.0,3.0,37.0,43.0,7,8,2.0,2.0,38.0,42.0,7,7,0,0.0,0.0,N607SK,N607SK-DL-0,38.0,49.0,6.0,44.0,55.0,,,1.0,38,44,0.0,0.0
N608JB,653.0,2019,2,5,2,4,2019-05-02,B6,B6,20409,B6,657,,,,,B6,20409,B6,657,11042,1104205,30647,CLE,"Cleveland, OH",OH,39,Ohio,44,11697,1169706,32467,FLL,"Fort Lauderdale, FL",FL,12,Florida,33,700,-7.0,0.0,0.0,-1.0,0700-0759,17.0,710.0,936.0,5.0,947,941.0,-6.0,0.0,0.0,-1.0,0900-0959,0.0,,0.0,167.0,168.0,146.0,1.0,1062.0,5,,,0.0,,0.0,,,,0,,,,,,,,,,,,,,,,,,,,,,,,,,,,,,,,,,,,,,,,,,,,,N,0.0,0.0,6.0,9.0,4.0,3.0,28.0,39.0,7,9,0.0,3.0,28.0,39.0,5,5,0,0.0,0.0,N608JB,N608JB-B6-0,28.0,40.0,11.0,39.0,51.0,,,0.0,28,39,0.0,0.0
N608LM,552.0,2019,2,5,2,4,2019-05-02,AA,AA_CODESHARE,19805,AA,4880,,,,,PT,20427,PT,4880,14576,1457606,34576,ROC,"Rochester, NY",NY,36,New York,22,14100,1410005,34100,PHL,"Philadelphia, PA",PA,42,Pennsylvania,23,600,-8.0,0.0,0.0,-1.0,0600-0659,14.0,606.0,724.0,7.0,727,731.0,4.0,4.0,0.0,0.0,0700-0759,0.0,,0.0,87.0,99.0,78.0,1.0,257.0,2,,,0.0,,0.0,,,,0,,,,,,,,,,,,,,,,,,,,,,,,,,,,,,,,,,,,,,,,,,,,,N,0.0,0.0,5.0,7.0,3.0,2.0,23.0,30.0,6,7,0.0,2.0,24.0,30.0,3,3,0,1.0,1.0,N608LM,N608LM-AA-0,24.0,35.0,7.0,31.0,42.0,,,0.0,24,31,0.0,0.0
N608LM,838.0,2019,2,5,2,4,2019-05-02,AA,AA_CODESHARE,19805,AA,4993,,,,,PT,20427,PT,4993,14100,1410005,34100,PHL,"Philadelphia, PA",PA,42,Pennsylvania,23,15096,1509602,35096,SYR,"Syracuse, NY",NY,36,New York,22,845,-7.0,0.0,0.0,-1.0,0800-0859,41.0,919.0,1006.0,3.0,1016,1009.0,-7.0,0.0,0.0,-1.0,1000-1059,0.0,,0.0,91.0,91.0,47.0,1.0,228.0,1,,,0.0,,0.0,,,,0,,,,,,,,,,,,,,,,,,,,,,,,,,,,,,,,,,,,,,,,,,,,,N,0.0,0.0,8.0,10.0,3.0,1.0,35.0,41.0,8,10,3.0,1.0,35.0,41.0,6,6,1,1.0,0.0,N608LM,N608LM-AA-1,35.0,47.0,6.0,41.0,53.0,30.0,5.0,0.0,36,42,1.0,6.42
N608NK,640.0,2019,2,5,2,4,2019-05-02,NK,NK,20416,NK,863,,,,,NK,20416,NK,863,12898,1289806,32898,LBE,"Latrobe, PA",PA,42,Pennsylvania,23,13204,1320402,31454,MCO,"Orlando, FL",FL,12,Florida,33,700,-20.0,0.0,0.0,-2.0,0700-0759,10.0,650.0,844.0,10.0,920,854.0,-26.0,0.0,0.0,-2.0,0900-0959,0.0,,0.0,140.0,134.0,114.0,1.0,823.0,4,,,0.0,,0.0,,,,0,,,,,,,,,,,,,,,,,,,,,,,,,,,,,,,,,,,,,,,,,,,,,N,0.0,0.0,6.0,8.0,3.0,4.0,27.0,36.0,7,9,0.0,1.0,28.0,37.0,2,2,0,0.0,0.0,N608NK,N608NK-NK-0,28.0,39.0,9.0,37.0,48.0,,,0.0,28,37,0.0,0.0
N608SK,819.0,2019,2,5,2,4,2019-05-02,DL,DL_CODESHARE,19790,DL,3565,,,,,OO,20304,OO,3565,11433,1143302,31295,DTW,"Detroit, MI",MI,26,Michigan,43,13232,1323202,30977,MDW,"Chicago, IL",IL,17,Illinois,41,820,-1.0,0.0,0.0,-1.0,0800-0859,11.0,830.0,818.0,4.0,835,822.0,-13.0,0.0,0.0,-1.0,0800-0859,0.0,,0.0,75.0,63.0,48.0,1.0,228.0,1,,,0.0,,0.0,,,,0,,,,,,,,,,,,,,,,,,,,,,,,,,,,,,,,,,,,,,,,,,,,,N,0.0,4.0,8.0,8.0,1.0,1.0,33.0,37.0,8,8,1.0,2.0,33.0,38.0,1,1,0,0.0,0.0,N608SK,N608SK-DL-0,33.0,45.0,4.0,37.0,49.0,,,0.0,33,37,0.0,0.0
N609DP,557.0,2019,2,5,2,4,2019-05-02,AA,AA_CODESHARE,19805,AA,4782,,,,,PT,20427,PT,4782,11577,1157706,31577,ERI,"Erie, PA",PA,42,Pennsylvania,23,14100,1410005,34100,PHL,"Philadelphia, PA",PA,42,Pennsylvania,23,600,-3.0,0.0,0.0,-1.0,0600-0659,13.0,610.0,712.0,11.0,726,723.0,-3.0,0.0,0.0,-1.0,0700-0759,0.0,,0.0,86.0,86.0,62.0,1.0,300.0,2,,,0.0,,0.0,,,,0,,,,,,,,,,,,,,,,,,,,,,,,,,,,,,,,,,,,,,,,,,,,,N,0.0,0.0,5.0,7.0,4.0,2.0,24.0,30.0,6,7,0.0,2.0,24.0,30.0,2,2,0,1.0,1.0,N609DP,N609DP-AA-0,24.0,36.0,6.0,30.0,42.0,,,0.0,24,30,0.0,0.0
N609DP,859.0,2019,2,5,2,4,2019-05-02,AA,AA_CODESHARE,19805,AA,4867,,,,,PT,20427,PT,4867,14100,1410005,34100,PHL,"Philadelphia, PA",PA,42,Pennsylvania,23,14321,1432105,34321,PWM,"Portland, ME",ME,23,Maine,12,845,14.0,14.0,0.0,0.0,0800-0859,41.0,940.0,1040.0,4.0,1030,1044.0,14.0,14.0,0.0,0.0,1000-1059,0.0,,0.0,105.0,105.0,60.0,1.0,364.0,2,,,0.0,,0.0,,,,0,,,,,,,,,,,,,,,,,,,,,,,,,,,,,,,,,,,,,,,,,,,,,N,0.0,0.0,8.0,10.0,4.0,3.0,36.0,43.0,8,10,3.0,2.0,35.0,42.0,6,6,1,1.0,0.0,N609DP,N609DP-AA-1,36.0,48.0,7.0,43.0,55.0,30.0,6.0,0.0,36,43,0.0,0.0
N609NK,602.0,2019,2,5,2,4,2019-05-02,NK,NK,20416,NK,1245,,,,,NK,20416,NK,1245,10821,1082106,30852,BWI,"Baltimore, MD",MD,24,Maryland,35,10423,1042302,30423,AUS,"Austin, TX",TX,48,Texas,74,600,2.0,2.0,0.0,0.0,0600-0659,19.0,621.0,840.0,8.0,833,848.0,15.0,15.0,1.0,1.0,0800-0859,0.0,,0.0,213.0,226.0,199.0,1.0,1342.0,6,2.0,0.0,13.0,0.0,0.0,,,,0,,,,,,,,,,,,,,,,,,,,,,,,,,,,,,,,,,,,,,,,,,,,,N,0.0,4.0,6.0,8.0,0.0,3.0,24.0,39.0,6,8,0.0,2.0,24.0,38.0,9,9,0,0.0,0.0,N609NK,N609NK-NK-0,24.0,36.0,15.0,39.0,51.0,,,1.0,24,39,0.0,0.0
N609SK,559.0,2019,2,5,2,4,2019-05-02,DL,DL_CODESHARE,19790,DL,3822,,,,,OO,20304,OO,3822,11267,1126702,31267,DAY,"Dayton, OH",OH,39,Ohio,44,11433,1143302,31295,DTW,"Detroit, MI",MI,26,Michigan,43,600,-1.0,0.0,0.0,-1.0,0600-0659,11.0,610.0,645.0,7.0,709,652.0,-17.0,0.0,0.0,-2.0,0700-0759,0.0,,0.0,69.0,53.0,35.0,1.0,166.0,1,,,0.0,,0.0,,,,0,,,,,,,,,,,,,,,,,,,,,,,,,,,,,,,,,,,,,,,,,,,,,N,0.0,0.0,5.0,6.0,4.0,3.0,24.0,27.0,6,7,0.0,1.0,24.0,29.0,8,8,0,1.0,1.0,N609SK,N609SK-DL-0,24.0,36.0,3.0,27.0,39.0,,,0.0,24,27,0.0,0.0
N609SK,749.0,2019,2,5,2,4,2019-05-02,DL,DL_CODESHARE,19790,DL,3713,,,,,OO,20304,OO,3713,11433,1143302,31295,DTW,"Detroit, MI",MI,26,Michigan,43,10257,1025702,30257,ALB,"Albany, NY",NY,36,New York,22,749,0.0,0.0,0.0,0.0,0700-0759,13.0,802.0,908.0,3.0,918,911.0,-7.0,0.0,0.0,-1.0,0900-0959,0.0,,0.0,89.0,82.0,66.0,1.0,489.0,2,,,0.0,,0.0,,,,0,,,,,,,,,,,,,,,,,,,,,,,,,,,,,,,,,,,,,,,,,,,,,N,0.0,0.0,7.0,9.0,3.0,1.0,31.0,37.0,7,9,3.0,1.0,31.0,37.0,9,9,1,1.0,0.0,N609SK,N609SK-DL-1,31.0,43.0,6.0,37.0,49.0,27.0,4.0,0.0,31,37,0.0,0.0
N611AE,651.0,2019,2,5,2,4,2019-05-02,AA,AA_CODESHARE,19805,AA,4099,,,,,MQ,20398,MQ,4099,10599,1059904,30599,BHM,"Birmingham, AL",AL,1,Alabama,51,13930,1393007,30977,ORD,"Chicago, IL",IL,17,Illinois,41,651,0.0,0.0,0.0,0.0,0600-0659,24.0,715.0,902.0,9.0,915,911.0,-4.0,0.0,0.0,-1.0,0900-0959,0.0,,0.0,144.0,140.0,107.0,1.0,583.0,3,,,0.0,,0.0,,,,0,,,,,,,,,,,,,,,,,,,,,,,,,,,,,,,,,,,,,,,,,,,,,N,4.0,4.0,6.0,9.0,3.0,1.0,31.0,41.0,6,9,3.0,1.0,31.0,41.0,8,8,0,0.0,0.0,N611AE,N611AE-AA-0,31.0,43.0,10.0,41.0,53.0,,,0.0,31,41,0.0,0.0
N611NK,841.0,2019,2,5,2,4,2019-05-02,NK,NK,20416,NK,1953,,,,,NK,20416,NK,1953,11433,1143302,31295,DTW,"Detroit, MI",MI,26,Michigan,43,13577,1357702,31135,MYR,"Myrtle Beach, SC",SC,45,South Carolina,37,845,-4.0,0.0,0.0,-1.0,0800-0859,26.0,907.0,1039.0,3.0,1034,1042.0,8.0,8.0,0.0,0.0,1000-1059,0.0,,0.0,109.0,121.0,92.0,1.0,636.0,3,,,0.0,,0.0,,,,0,,,,,,,,,,,,,,,,,,,,,,,,,,,,,,,,,,,,,,,,,,,,,N,0.0,0.0,8.0,10.0,3.0,3.0,35.0,43.0,8,10,3.0,2.0,35.0,42.0,5,5,0,0.0,0.0,N611NK,N611NK-NK-0,35.0,47.0,8.0,43.0,55.0,,,0.0,35,43,0.0,0.0
N611SK,558.0,2019,2,5,2,4,2019-05-02,DL,DL_CODESHARE,19790,DL,4624,,,,,OO,20304,OO,4624,11638,1163807,31638,FAT,"Fresno, CA",CA,6,California,91,14869,1486903,34614,SLC,"Salt Lake City, UT",UT,49,Utah,87,600,-2.0,0.0,0.0,-1.0,0600-0659,19.0,617.0,833.0,18.0,847,851.0,4.0,4.0,0.0,0.0,0800-0859,0.0,,0.0,107.0,113.0,76.0,1.0,501.0,3,,,0.0,,0.0,,,,0,,,,,,,,,,,,,,,,,,,,,,,,,,,,,,,,,,,,,,,,,,,,,N,12.0,8.0,5.0,8.0,4.0,3.0,36.0,43.0,6,8,0.0,3.0,36.0,43.0,5,5,0,0.0,0.0,N611SK,N611SK-DL-0,36.0,48.0,7.0,43.0,55.0,,,0.0,36,43,0.0,0.0
N612CZ,637.0,2019,2,5,2,4,2019-05-02,DL,DL_CODESHARE,19790,DL,5750,,,,,CP,21167,CP,5750,13198,1319801,33198,MCI,"Kansas City, MO",MO,29,Missouri,64,14747,1474703,30559,SEA,"Seattle, WA",WA,53,Washington,93,640,-3.0,0.0,0.0,-1.0,0600-0659,14.0,651.0,831.0,13.0,837,844.0,7.0,7.0,0.0,0.0,0800-0859,0.0,,0.0,237.0,247.0,220.0,1.0,1489.0,6,,,0.0,,0.0,,,,0,,,,,,,,,,,,,,,,,,,,,,,,,,,,,,,,,,,,,,,,,,,,,N,4.0,12.0,6.0,8.0,2.0,3.0,30.0,47.0,6,8,3.0,2.0,31.0,46.0,9,9,0,0.0,0.0,N612CZ,N612CZ-DL-0,31.0,42.0,17.0,48.0,59.0,,,0.0,31,48,0.0,0.0
N612JB,753.0,2019,2,5,2,4,2019-05-02,B6,B6,20409,B6,163,,,,,B6,20409,B6,163,12478,1247805,31703,JFK,"New York, NY",NY,36,New York,22,14986,1498603,34986,SRQ,"Sarasota/Bradenton, FL",FL,12,Florida,33,800,-7.0,0.0,0.0,-1.0,0800-0859,12.0,805.0,1034.0,3.0,1102,1037.0,-25.0,0.0,0.0,-2.0,1100-1159,0.0,,0.0,182.0,164.0,149.0,1.0,1041.0,5,,,0.0,,0.0,,,,0,,,,,,,,,,,,,,,,,,,,,,,,,,,,,,,,,,,,,,,,,,,,,N,0.0,0.0,7.0,10.0,4.0,2.0,32.0,42.0,8,11,0.0,0.0,32.0,44.0,2,2,0,0.0,0.0,N612JB,N612JB-B6-0,32.0,44.0,10.0,42.0,54.0,,,0.0,32,42,0.0,0.0
N613NK,556.0,2019,2,5,2,4,2019-05-02,NK,NK,20416,NK,768,,,,,NK,20416,NK,768,13204,1320402,31454,MCO,"Orlando, FL",FL,12,Florida,33,10397,1039707,30397,ATL,"Atlanta, GA",GA,13,Georgia,34,600,-4.0,0.0,0.0,-1.0,0600-0659,12.0,608.0,710.0,7.0,725,717.0,-8.0,0.0,0.0,-1.0,0700-0759,0.0,,0.0,85.0,81.0,62.0,1.0,404.0,2,,,0.0,,0.0,,,,0,,,,,,,,,,,,,,,,,,,,,,,,,,,,,,,,,,,,,,,,,,,,,N,0.0,0.0,5.0,7.0,4.0,1.0,24.0,29.0,6,7,0.0,2.0,24.0,30.0,2,2,0,1.0,1.0,N613NK,N613NK-NK-0,24.0,36.0,5.0,29.0,41.0,,,0.0,24,29,0.0,0.0
N613NK,814.0,2019,2,5,2,4,2019-05-02,NK,NK,20416,NK,768,,,,,NK,20416,NK,768,10397,1039707,30397,ATL,"Atlanta, GA",GA,13,Georgia,34,11433,1143302,31295,DTW,"Detroit, MI",MI,26,Michigan,43,815,-1.0,0.0,0.0,-1.0,0800-0859,16.0,830.0,1000.0,10.0,1017,1010.0,-7.0,0.0,0.0,-1.0,1000-1059,0.0,,0.0,122.0,116.0,90.0,1.0,594.0,3,,,0.0,,0.0,,,,0,,,,,,,,,,,,,,,,,,,,,,,,,,,,,,,,,,,,,,,,,,,,,N,0.0,0.0,8.0,10.0,1.0,1.0,33.0,41.0,8,10,1.0,1.0,33.0,41.0,9,9,1,1.0,0.0,N613NK,N613NK-NK-1,33.0,45.0,8.0,41.0,53.0,29.0,4.0,0.0,33,41,0.0,0.0
N614AE,608.0,2019,2,5,2,4,2019-05-02,AA,AA_CODESHARE,19805,AA,4852,,,,,PT,20427,PT,4852,14711,1471105,34711,SCE,"State College, PA",PA,42,Pennsylvania,23,14100,1410005,34100,PHL,"Philadelphia, PA",PA,42,Pennsylvania,23,611,-3.0,0.0,0.0,-1.0,0600-0659,75.0,723.0,755.0,12.0,708,807.0,59.0,59.0,1.0,3.0,0700-0759,0.0,,0.0,57.0,119.0,32.0,1.0,153.0,1,0.0,0.0,59.0,0.0,0.0,,,,0,,,,,,,,,,,,,,,,,,,,,,,,,,,,,,,,,,,,,,,,,,,,,N,0.0,0.0,6.0,8.0,1.0,0.0,25.0,32.0,6,7,1.0,1.0,25.0,29.0,4,4,0,2.0,2.0,N614AE,N614AE-AA-0,25.0,37.0,7.0,32.0,44.0,,,4.0,25,33,1.0,4.28
N614AE,840.0,2019,2,5,2,4,2019-05-02,AA,AA_CODESHARE,19805,AA,4969,,,,,PT,20427,PT,4969,14100,1410005,34100,PHL,"Philadelphia, PA",PA,42,Pennsylvania,23,10434,1043405,30434,AVP,"Scranton/Wilkes-Barre, PA",PA,42,Pennsylvania,23,820,20.0,20.0,1.0,1.0,0800-0859,48.0,928.0,1004.0,5.0,926,1009.0,43.0,43.0,1.0,2.0,0900-0959,0.0,,0.0,66.0,89.0,36.0,1.0,104.0,1,0.0,0.0,23.0,0.0,20.0,,,,0,,,,,,,,,,,,,,,,,,,,,,,,,,,,,,,,,,,,,,,,,,,,,N,0.0,0.0,8.0,10.0,3.0,1.0,35.0,41.0,8,9,1.0,2.0,33.0,38.0,6,6,1,2.0,1.0,N614AE,N614AE-AA-1,33.0,47.0,6.0,39.0,53.0,32.0,3.0,3.0,33,39,0.0,0.0
N614AE,1033.0,2019,2,5,2,4,2019-05-02,AA,AA_CODESHARE,19805,AA,4969,,,,,PT,20427,PT,4969,10434,1043405,30434,AVP,"Scranton/Wilkes-Barre, PA",PA,42,Pennsylvania,23,14100,1410005,34100,PHL,"Philadelphia, PA",PA,42,Pennsylvania,23,951,42.0,42.0,1.0,2.0,0900-0959,12.0,1045.0,1113.0,6.0,1042,1119.0,37.0,37.0,1.0,2.0,1000-1059,0.0,,0.0,51.0,46.0,28.0,1.0,104.0,1,0.0,0.0,0.0,0.0,37.0,,,,0,,,,,,,,,,,,,,,,,,,,,,,,,,,,,,,,,,,,,,,,,,,,,N,0.0,0.0,10.0,11.0,2.0,1.0,42.0,45.0,9,10,3.0,3.0,39.0,43.0,7,7,2,2.0,0.0,N614AE,N614AE-AA-2,40.0,54.0,3.0,43.0,57.0,41.0,1.0,2.0,40,43,0.0,0.0
N614NK,758.0,2019,2,5,2,4,2019-05-02,NK,NK,20416,NK,162,,,,,NK,20416,NK,162,11697,1169706,32467,FLL,"Fort Lauderdale, FL",FL,12,Florida,33,10529,1052906,30529,BDL,"Hartford, CT",CT,9,Connecticut,11,800,-2.0,0.0,0.0,-1.0,0800-0859,9.0,807.0,1040.0,6.0,1052,1046.0,-6.0,0.0,0.0,-1.0,1000-1059,0.0,,0.0,172.0,168.0,153.0,1.0,1173.0,5,,,0.0,,0.0,,,,0,,,,,,,,,,,,,,,,,,,,,,,,,,,,,,,,,,,,,,,,,,,,,N,0.0,0.0,7.0,10.0,4.0,3.0,32.0,43.0,8,10,0.0,3.0,32.0,43.0,5,5,0,0.0,0.0,N614NK,N614NK-NK-0,32.0,44.0,11.0,43.0,55.0,,,0.0,32,43,0.0,0.0
N614SK,514.0,2019,2,5,2,4,2019-05-02,DL,DL_CODESHARE,19790,DL,3719,,,,,OO,20304,OO,3719,14633,1463303,32547,RST,"Rochester, MN",MN,27,Minnesota,63,13487,1348702,31650,MSP,"Minneapolis, MN",MN,27,Minnesota,63,515,-1.0,0.0,0.0,-1.0,0001-0559,13.0,527.0,552.0,5.0,618,557.0,-21.0,0.0,0.0,-2.0,0600-0659,0.0,,0.0,63.0,43.0,25.0,1.0,76.0,1,,,0.0,,0.0,,,,0,,,,,,,,,,,,,,,,,,,,,,,,,,,,,,,,,,,,,,,,,,,,,N,4.0,4.0,5.0,5.0,1.0,4.0,25.0,28.0,5,6,1.0,1.0,25.0,29.0,1,1,0,1.0,1.0,N614SK,N614SK-DL-0,25.0,37.0,3.0,28.0,40.0,,,0.0,25,28,0.0,0.0
N614SK,654.0,2019,2,5,2,4,2019-05-02,DL,DL_CODESHARE,19790,DL,3678,,,,,OO,20304,OO,3678,13487,1348702,31650,MSP,"Minneapolis, MN",MN,27,Minnesota,63,13232,1323202,30977,MDW,"Chicago, IL",IL,17,Illinois,41,659,-5.0,0.0,0.0,-1.0,0600-0659,21.0,715.0,812.0,5.0,838,817.0,-21.0,0.0,0.0,-2.0,0800-0859,0.0,,0.0,99.0,83.0,57.0,1.0,349.0,2,,,0.0,,0.0,,,,0,,,,,,,,,,,,,,,,,,,,,,,,,,,,,,,,,,,,,,,,,,,,,N,4.0,4.0,6.0,8.0,4.0,1.0,32.0,37.0,6,8,4.0,3.0,32.0,39.0,8,8,1,1.0,0.0,N614SK,N614SK-DL-1,32.0,44.0,5.0,37.0,49.0,28.0,4.0,0.0,32,37,0.0,0.0
N615AE,730.0,2019,2,5,2,4,2019-05-02,AA,AA_CODESHARE,19805,AA,3828,,,,,MQ,20398,MQ,3828,10135,1013505,30135,ABE,"Allentown/Bethlehem/Easton, PA",PA,42,Pennsylvania,23,13930,1393007,30977,ORD,"Chicago, IL",IL,17,Illinois,41,740,-10.0,0.0,0.0,-1.0,0700-0759,12.0,742.0,838.0,15.0,859,853.0,-6.0,0.0,0.0,-1.0,0800-0859,0.0,,0.0,139.0,143.0,116.0,1.0,654.0,3,,,0.0,,0.0,,,,0,,,,,,,,,,,,,,,,,,,,,,,,,,,,,,,,,,,,,,,,,,,,,N,0.0,4.0,7.0,8.0,2.0,4.0,30.0,40.0,7,8,3.0,4.0,31.0,40.0,2,2,0,1.0,1.0,N615AE,N615AE-AA-0,31.0,42.0,10.0,41.0,52.0,,,0.0,31,41,0.0,0.0
N615AE,949.0,2019,2,5,2,4,2019-05-02,AA,AA_CODESHARE,19805,AA,4082,,,,,MQ,20398,MQ,4082,13930,1393007,30977,ORD,"Chicago, IL",IL,17,Illinois,41,11193,1119302,33105,CVG,"Cincinnati, OH",KY,21,Kentucky,52,825,84.0,84.0,1.0,5.0,0800-0859,24.0,1013.0,1200.0,16.0,1039,1216.0,97.0,97.0,1.0,6.0,1000-1059,0.0,,0.0,74.0,87.0,47.0,1.0,264.0,2,21.0,0.0,13.0,0.0,63.0,,,,0,,,,,,,,,,,,,,,,,,,,,,,,,,,,,,,,,,,,,,,,,,,,,N,4.0,0.0,9.0,12.0,3.0,1.0,43.0,49.0,8,10,2.0,3.0,38.0,43.0,9,9,1,1.0,0.0,N615AE,N615AE-AA-1,38.0,55.0,6.0,44.0,61.0,40.0,3.0,5.0,39,45,1.0,9.24
N615AS,212.0,2019,2,5,2,4,2019-05-02,AS,AS,19930,AS,114,,,,,AS,19930,AS,114,10299,1029906,30299,ANC,"Anchorage, AK",AK,2,Alaska,1,14747,1474703,30559,SEA,"Seattle, WA",WA,53,Washington,93,225,-13.0,0.0,0.0,-1.0,0001-0559,12.0,224.0,611.0,8.0,655,619.0,-36.0,0.0,0.0,-2.0,0600-0659,0.0,,0.0,210.0,187.0,167.0,1.0,1448.0,6,,,0.0,,0.0,,,,0,,,,,,,,,,,,,,,,,,,,,,,,,,,,,,,,,,,,,,,,,,,,,N,16.0,12.0,2.0,6.0,1.0,1.0,25.0,37.0,2,6,2.0,4.0,26.0,40.0,4,4,0,0.0,0.0,N615AS,N615AS-AS-0,26.0,37.0,12.0,38.0,49.0,,,0.0,26,38,0.0,0.0
N615CZ,622.0,2019,2,5,2,4,2019-05-02,DL,DL_CODESHARE,19790,DL,5853,,,,,CP,21167,CP,5853,14831,1483106,32457,SJC,"San Jose, CA",CA,6,California,91,14747,1474703,30559,SEA,"Seattle, WA",WA,53,Washington,93,630,-8.0,0.0,0.0,-1.0,0600-0659,31.0,653.0,851.0,7.0,856,858.0,2.0,2.0,0.0,0.0,0800-0859,0.0,,0.0,146.0,156.0,118.0,1.0,696.0,3,,,0.0,,0.0,,,,0,,,,,,,,,,,,,,,,,,,,,,,,,,,,,,,,,,,,,,,,,,,,,N,12.0,12.0,6.0,8.0,1.0,4.0,37.0,48.0,6,8,2.0,4.0,38.0,48.0,3,3,0,0.0,0.0,N615CZ,N615CZ-DL-0,38.0,49.0,11.0,49.0,60.0,,,0.0,38,50,1.0,3.22
N615JB,951.0,2019,2,5,2,4,2019-05-02,B6,B6,20409,B6,795,,,,,B6,20409,B6,795,12478,1247805,31703,JFK,"New York, NY",NY,36,New York,22,10423,1042302,30423,AUS,"Austin, TX",TX,48,Texas,74,935,16.0,16.0,1.0,1.0,0900-0959,24.0,1015.0,1241.0,7.0,1242,1248.0,6.0,6.0,0.0,0.0,1200-1259,0.0,,0.0,247.0,237.0,206.0,1.0,1521.0,7,,,0.0,,0.0,,,,0,,,,,,,,,,,,,,,,,,,,,,,,,,,,,,,,,,,,,,,,,,,,,N,0.0,4.0,9.0,12.0,3.0,3.0,39.0,55.0,9,12,2.0,3.0,38.0,55.0,3,3,0,0.0,0.0,N615JB,N615JB-B6-0,39.0,51.0,16.0,55.0,67.0,,,0.0,39,55,0.0,0.0
N615NK,730.0,2019,2,5,2,4,2019-05-02,NK,NK,20416,NK,535,,,,,NK,20416,NK,535,11042,1104205,30647,CLE,"Cleveland, OH",OH,39,Ohio,44,13204,1320402,31454,MCO,"Orlando, FL",FL,12,Florida,33,720,10.0,10.0,0.0,0.0,0700-0759,16.0,746.0,945.0,12.0,951,957.0,6.0,6.0,0.0,0.0,0900-0959,0.0,,0.0,151.0,147.0,119.0,1.0,895.0,4,,,0.0,,0.0,,,,0,,,,,,,,,,,,,,,,,,,,,,,,,,,,,,,,,,,,,,,,,,,,,N,0.0,0.0,7.0,9.0,2.0,4.0,30.0,40.0,7,9,1.0,3.0,29.0,39.0,2,2,0,1.0,1.0,N615NK,N615NK-NK-0,30.0,42.0,10.0,40.0,52.0,,,0.0,30,40,0.0,0.0
N615NK,1047.0,2019,2,5,2,4,2019-05-02,NK,NK,20416,NK,358,,,,,NK,20416,NK,358,13204,1320402,31454,MCO,"Orlando, FL",FL,12,Florida,33,14100,1410005,34100,PHL,"Philadelphia, PA",PA,42,Pennsylvania,23,942,65.0,65.0,1.0,4.0,0900-0959,16.0,1103.0,1300.0,7.0,1211,1307.0,56.0,56.0,1.0,3.0,1200-1259,0.0,,0.0,149.0,140.0,117.0,1.0,861.0,4,0.0,0.0,0.0,0.0,56.0,,,,0,,,,,,,,,,,,,,,,,,,,,,,,,,,,,,,,,,,,,,,,,,,,,N,0.0,0.0,10.0,13.0,3.0,0.0,43.0,52.0,9,12,3.0,1.0,39.0,49.0,4,4,1,1.0,0.0,N615NK,N615NK-NK-1,39.0,55.0,9.0,48.0,64.0,40.0,3.0,4.0,40,49,1.0,4.44
N616AE,557.0,2019,2,5,2,4,2019-05-02,AA,AA_CODESHARE,19805,AA,3865,,,,,MQ,20398,MQ,3865,13076,1307605,33076,LSE,"La Crosse, WI",WI,55,Wisconsin,45,13930,1393007,30977,ORD,"Chicago, IL",IL,17,Illinois,41,601,-4.0,0.0,0.0,-1.0,0600-0659,12.0,609.0,652.0,17.0,719,709.0,-10.0,0.0,0.0,-1.0,0700-0759,0.0,,0.0,78.0,72.0,43.0,1.0,215.0,1,,,0.0,,0.0,,,,0,,,,,,,,,,,,,,,,,,,,,,,,,,,,,,,,,,,,,,,,,,,,,N,4.0,4.0,5.0,7.0,4.0,1.0,28.0,33.0,6,7,0.0,1.0,28.0,33.0,4,4,0,1.0,1.0,N616AE,N616AE-AA-0,28.0,40.0,5.0,33.0,45.0,,,0.0,28,34,1.0,4.28
N616AE,832.0,2019,2,5,2,4,2019-05-02,AA,AA_CODESHARE,19805,AA,4025,,,,,MQ,20398,MQ,4025,13930,1393007,30977,ORD,"Chicago, IL",IL,17,Illinois,41,13076,1307605,33076,LSE,"La Crosse, WI",WI,55,Wisconsin,45,825,7.0,7.0,0.0,0.0,0800-0859,35.0,907.0,952.0,4.0,935,956.0,21.0,21.0,1.0,1.0,0900-0959,0.0,,0.0,70.0,84.0,45.0,1.0,215.0,1,7.0,0.0,14.0,0.0,0.0,,,,0,,,,,,,,,,,,,,,,,,,,,,,,,,,,,,,,,,,,,,,,,,,,,N,4.0,4.0,8.0,9.0,2.0,4.0,38.0,44.0,8,9,2.0,2.0,38.0,42.0,9,9,1,1.0,0.0,N616AE,N616AE-AA-1,38.0,50.0,6.0,44.0,56.0,33.0,5.0,1.0,38,44,0.0,0.0
N616NK,556.0,2019,2,5,2,4,2019-05-02,NK,NK,20416,NK,316,,,,,NK,20416,NK,316,11433,1143302,31295,DTW,"Detroit, MI",MI,26,Michigan,43,12953,1295304,31703,LGA,"New York, NY",NY,36,New York,22,600,-4.0,0.0,0.0,-1.0,0600-0659,9.0,605.0,718.0,8.0,740,726.0,-14.0,0.0,0.0,-1.0,0700-0759,0.0,,0.0,100.0,90.0,73.0,1.0,502.0,3,,,0.0,,0.0,,,,0,,,,,,,,,,,,,,,,,,,,,,,,,,,,,,,,,,,,,,,,,,,,,N,0.0,0.0,5.0,7.0,4.0,2.0,24.0,30.0,6,7,0.0,3.0,24.0,31.0,9,9,0,1.0,1.0,N616NK,N616NK-NK-0,24.0,36.0,6.0,30.0,42.0,,,0.0,24,31,1.0,9.28
N616NK,822.0,2019,2,5,2,4,2019-05-02,NK,NK,20416,NK,475,,,,,NK,20416,NK,475,12953,1295304,31703,LGA,"New York, NY",NY,36,New York,22,11433,1143302,31295,DTW,"Detroit, MI",MI,26,Michigan,43,830,-8.0,0.0,0.0,-1.0,0800-0859,13.0,835.0,954.0,11.0,1034,1005.0,-29.0,0.0,0.0,-2.0,1000-1059,0.0,,0.0,124.0,103.0,79.0,1.0,502.0,3,,,0.0,,0.0,,,,0,,,,,,,,,,,,,,,,,,,,,,,,,,,,,,,,,,,,,,,,,,,,,N,0.0,0.0,8.0,10.0,1.0,0.0,33.0,40.0,8,10,2.0,2.0,34.0,42.0,9,9,1,1.0,0.0,N616NK,N616NK-NK-1,34.0,45.0,7.0,41.0,52.0,30.0,3.0,0.0,34,42,1.0,9.28
N617AE,529.0,2019,2,5,2,4,2019-05-02,AA,AA_CODESHARE,19805,AA,4896,,,,,PT,20427,PT,4896,14092,1409205,34092,PGV,"Greenville, NC",NC,37,North Carolina,36,11057,1105703,31057,CLT,"Charlotte, NC",NC,37,North Carolina,36,537,-8.0,0.0,0.0,-1.0,0001-0559,19.0,548.0,636.0,11.0,650,647.0,-3.0,0.0,0.0,-1.0,0600-0659,0.0,,0.0,73.0,78.0,48.0,1.0,203.0,1,,,0.0,,0.0,,,,0,,,,,,,,,,,,,,,,,,,,,,,,,,,,,,,,,,,,,,,,,,,,,N,0.0,0.0,5.0,6.0,2.0,3.0,22.0,27.0,5,6,2.0,3.0,22.0,27.0,8,8,0,1.0,1.0,N617AE,N617AE-AA-0,22.0,34.0,5.0,27.0,39.0,,,0.0,22,27,0.0,0.0
N617AE,750.0,2019,2,5,2,4,2019-05-02,AA,AA_CODESHARE,19805,AA,4911,,,,,PT,20427,PT,4911,11057,1105703,31057,CLT,"Charlotte, NC",NC,37,North Carolina,36,13422,1342202,30562,MOB,"Mobile, AL",AL,1,Alabama,51,759,-9.0,0.0,0.0,-1.0,0700-0759,33.0,823.0,843.0,3.0,858,846.0,-12.0,0.0,0.0,-1.0,0800-0859,0.0,,0.0,119.0,116.0,80.0,1.0,526.0,3,,,0.0,,0.0,,,,0,,,,,,,,,,,,,,,,,,,,,,,,,,,,,,,,,,,,,,,,,,,,,N,0.0,4.0,7.0,8.0,3.0,3.0,31.0,39.0,7,8,4.0,4.0,32.0,40.0,5,5,1,1.0,0.0,N617AE,N617AE-AA-1,32.0,43.0,8.0,40.0,51.0,27.0,4.0,0.0,32,40,0.0,0.0
N617CZ,612.0,2019,2,5,2,4,2019-05-02,DL,DL_CODESHARE,19790,DL,5832,,,,,CP,21167,CP,5832,14679,1467903,33570,SAN,"San Diego, CA",CA,6,California,91,12892,1289208,32575,LAX,"Los Angeles, CA",CA,6,California,91,621,-9.0,0.0,0.0,-1.0,0600-0659,25.0,637.0,708.0,17.0,725,725.0,0.0,0.0,0.0,0.0,0700-0759,0.0,,0.0,64.0,73.0,31.0,1.0,109.0,1,,,0.0,,0.0,,,,0,,,,,,,,,,,,,,,,,,,,,,,,,,,,,,,,,,,,,,,,,,,,,N,12.0,12.0,6.0,7.0,1.0,2.0,37.0,42.0,6,7,1.0,2.0,37.0,42.0,6,6,0,0.0,0.0,N617CZ,N617CZ-DL-0,37.0,49.0,5.0,42.0,54.0,,,0.0,37,42,0.0,0.0
N617NK,617.0,2019,2,5,2,4,2019-05-02,NK,NK,20416,NK,341,,,,,NK,20416,NK,341,10158,1015804,30158,ACY,"Atlantic City, NJ",NJ,34,New Jersey,21,15304,1530402,33195,TPA,"Tampa, FL",FL,12,Florida,33,625,-8.0,0.0,0.0,-1.0,0600-0659,11.0,628.0,840.0,6.0,848,846.0,-2.0,0.0,0.0,-1.0,0800-0859,0.0,,0.0,143.0,149.0,132.0,1.0,913.0,4,,,0.0,,0.0,,,,0,,,,,,,,,,,,,,,,,,,,,,,,,,,,,,,,,,,,,,,,,,,,,N,0.0,0.0,6.0,8.0,1.0,3.0,25.0,35.0,6,8,2.0,3.0,26.0,35.0,3,3,0,0.0,0.0,N617NK,N617NK-NK-0,26.0,37.0,10.0,36.0,47.0,,,0.0,26,36,0.0,0.0
N61886,746.0,2019,2,5,2,4,2019-05-02,UA,UA,19977,UA,1291,,,,,UA,19977,UA,1291,11292,1129202,30325,DEN,"Denver, CO",CO,8,Colorado,82,14635,1463502,31714,RSW,"Fort Myers, FL",FL,12,Florida,33,750,-4.0,0.0,0.0,-1.0,0700-0759,14.0,800.0,1326.0,4.0,1324,1330.0,6.0,6.0,0.0,0.0,1300-1359,0.0,,0.0,214.0,224.0,206.0,1.0,1607.0,7,,,0.0,,0.0,,,,0,,,,,,,,,,,,,,,,,,,,,,,,,,,,,,,,,,,,,,,,,,,,,N,8.0,0.0,7.0,13.0,3.0,2.0,39.0,54.0,7,13,3.0,2.0,39.0,54.0,5,5,0,0.0,0.0,N61886,N61886-UA-0,39.0,51.0,15.0,54.0,66.0,,,0.0,40,55,1.0,5.16
N61887,610.0,2019,2,5,2,4,2019-05-02,UA,UA,19977,UA,2235,,,,,UA,19977,UA,2235,14679,1467903,33570,SAN,"San Diego, CA",CA,6,California,91,14771,1477104,32457,SFO,"San Francisco, CA",CA,6,California,91,615,-5.0,0.0,0.0,-1.0,0600-0659,21.0,631.0,736.0,4.0,758,740.0,-18.0,0.0,0.0,-2.0,0700-0759,0.0,,0.0,103.0,90.0,65.0,1.0,447.0,2,,,0.0,,0.0,,,,0,,,,,,,,,,,,,,,,,,,,,,,,,,,,,,,,,,,,,,,,,,,,,N,12.0,12.0,6.0,7.0,1.0,3.0,37.0,43.0,6,7,1.0,4.0,37.0,44.0,8,8,0,0.0,0.0,N61887,N61887-UA-0,37.0,49.0,6.0,43.0,55.0,,,0.0,37,43,0.0,0.0
N61898,558.0,2019,2,5,2,4,2019-05-02,UA,UA,19977,UA,342,,,,,UA,19977,UA,342,13930,1393007,30977,ORD,"Chicago, IL",IL,17,Illinois,41,10721,1072102,30721,BOS,"Boston, MA",MA,25,Massachusetts,13,600,-2.0,0.0,0.0,-1.0,0600-0659,21.0,619.0,911.0,6.0,918,917.0,-1.0,0.0,0.0,-1.0,0900-0959,0.0,,0.0,138.0,139.0,112.0,1.0,867.0,4,,,0.0,,0.0,,,,0,,,,,,,,,,,,,,,,,,,,,,,,,,,,,,,,,,,,,,,,,,,,,N,4.0,0.0,5.0,9.0,4.0,1.0,28.0,37.0,6,9,0.0,1.0,28.0,37.0,2,2,0,0.0,0.0,N61898,N61898-UA-0,28.0,40.0,9.0,37.0,49.0,,,0.0,28,37,0.0,0.0
N618AE,651.0,2019,2,5,2,4,2019-05-02,AA,AA_CODESHARE,19805,AA,3446,,,,,MQ,20398,MQ,3446,11996,1199603,31871,GSP,"Greer, SC",SC,45,South Carolina,37,13303,1330303,32467,MIA,"Miami, FL",FL,12,Florida,33,653,-2.0,0.0,0.0,-1.0,0600-0659,12.0,703.0,836.0,5.0,855,841.0,-14.0,0.0,0.0,-1.0,0800-0859,0.0,,0.0,122.0,110.0,93.0,1.0,637.0,3,,,0.0,,0.0,,,,0,,,,,,,,,,,,,,,,,,,,,,,,,,,,,,,,,,,,,,,,,,,,,N,0.0,0.0,6.0,8.0,3.0,3.0,27.0,35.0,6,8,4.0,4.0,28.0,36.0,4,4,0,1.0,1.0,N618AE,N618AE-AA-0,28.0,39.0,8.0,36.0,47.0,,,0.0,28,36,0.0,0.0
N618AE,928.0,2019,2,5,2,4,2019-05-02,AA,AA_CODESHARE,19805,AA,3663,,,,,MQ,20398,MQ,3663,13303,1330303,32467,MIA,"Miami, FL",FL,12,Florida,33,15249,1524906,35249,TLH,"Tallahassee, FL",FL,12,Florida,33,930,-2.0,0.0,0.0,-1.0,0900-0959,14.0,942.0,1049.0,5.0,1056,1054.0,-2.0,0.0,0.0,-1.0,1000-1059,0.0,,0.0,86.0,86.0,67.0,1.0,402.0,2,,,0.0,,0.0,,,,0,,,,,,,,,,,,,,,,,,,,,,,,,,,,,,,,,,,,,,,,,,,,,N,0.0,0.0,9.0,10.0,2.0,4.0,38.0,44.0,9,10,2.0,4.0,38.0,44.0,7,7,1,1.0,0.0,N618AE,N618AE-AA-1,38.0,50.0,6.0,44.0,56.0,35.0,3.0,0.0,39,45,1.0,7.3
N618NK,808.0,2019,2,5,2,4,2019-05-02,NK,NK,20416,NK,478,,,,,NK,20416,NK,478,11697,1169706,32467,FLL,"Fort Lauderdale, FL",FL,12,Florida,33,13930,1393007,30977,ORD,"Chicago, IL",IL,17,Illinois,41,811,-3.0,0.0,0.0,-1.0,0800-0859,10.0,818.0,1005.0,14.0,1029,1019.0,-10.0,0.0,0.0,-1.0,1000-1059,0.0,,0.0,198.0,191.0,167.0,1.0,1182.0,5,,,0.0,,0.0,,,,0,,,,,,,,,,,,,,,,,,,,,,,,,,,,,,,,,,,,,,,,,,,,,N,0.0,4.0,8.0,10.0,1.0,1.0,33.0,45.0,8,10,1.0,2.0,33.0,46.0,5,5,0,0.0,0.0,N618NK,N618NK-NK-0,33.0,45.0,12.0,45.0,57.0,,,0.0,33,45,0.0,0.0
N619AE,601.0,2019,2,5,2,4,2019-05-02,AA,AA_CODESHARE,19805,AA,3944,,,,,MQ,20398,MQ,3944,14952,1495203,34952,SPI,"Springfield, IL",IL,17,Illinois,41,11298,1129806,30194,DFW,"Dallas/Fort Worth, TX",TX,48,Texas,74,600,1.0,1.0,0.0,0.0,0600-0659,92.0,733.0,924.0,16.0,810,940.0,90.0,90.0,1.0,6.0,0800-0859,0.0,,0.0,130.0,219.0,111.0,1.0,630.0,3,0.0,0.0,90.0,0.0,0.0,,,,0,,,,,,,,,,,,,,,,,,,,,,,,,,,,,,,,,,,,,,,,,,,,,N,4.0,4.0,6.0,9.0,0.0,3.0,28.0,43.0,6,8,0.0,1.0,28.0,37.0,6,6,0,1.0,1.0,N619AE,N619AE-AA-0,28.0,40.0,15.0,43.0,55.0,,,6.0,28,43,0.0,0.0
N619AE,1050.0,2019,2,5,2,4,2019-05-02,AA,AA_CODESHARE,19805,AA,3833,,,,,MQ,20398,MQ,3833,11298,1129806,30194,DFW,"Dallas/Fort Worth, TX",TX,48,Texas,74,14842,1484202,34842,SJT,"San Angelo, TX",TX,48,Texas,74,850,120.0,120.0,1.0,8.0,0800-0859,17.0,1107.0,1150.0,3.0,956,1153.0,117.0,117.0,1.0,7.0,0900-0959,0.0,,0.0,66.0,63.0,43.0,1.0,229.0,1,0.0,34.0,0.0,0.0,83.0,,,,0,,,,,,,,,,,,,,,,,,,,,,,,,,,,,,,,,,,,,,,,,,,,,N,4.0,4.0,10.0,11.0,3.0,4.0,47.0,52.0,8,9,3.0,4.0,39.0,44.0,6,6,1,1.0,0.0,N619AE,N619AE-AA-1,41.0,59.0,5.0,46.0,64.0,43.0,4.0,6.0,41,46,0.0,0.0
N619AS,36.0,2019,2,5,2,4,2019-05-02,AS,AS,19930,AS,121,,,,,AS,19930,AS,121,14747,1474703,30559,SEA,"Seattle, WA",WA,53,Washington,93,10299,1029906,30299,ANC,"Anchorage, AK",AK,2,Alaska,1,40,-4.0,0.0,0.0,-1.0,0001-0559,11.0,47.0,309.0,4.0,315,313.0,-2.0,0.0,0.0,-1.0,0001-0559,0.0,,0.0,215.0,217.0,202.0,1.0,1448.0,6,,,0.0,,0.0,,,,0,,,,,,,,,,,,,,,,,,,,,,,,,,,,,,,,,,,,,,,,,,,,,N,12.0,16.0,0.0,3.0,2.0,1.0,14.0,29.0,0,3,3.0,1.0,15.0,29.0,4,4,0,1.0,1.0,N619AS,N619AS-AS-0,15.0,26.0,15.0,30.0,41.0,,,0.0,15,30,0.0,0.0
N619AS,447.0,2019,2,5,2,4,2019-05-02,AS,AS,19930,AS,730,,,,,AS,19930,AS,730,10299,1029906,30299,ANC,"Anchorage, AK",AK,2,Alaska,1,14747,1474703,30559,SEA,"Seattle, WA",WA,53,Washington,93,500,-13.0,0.0,0.0,-1.0,0001-0559,9.0,456.0,902.0,4.0,930,906.0,-24.0,0.0,0.0,-2.0,0900-0959,0.0,,0.0,210.0,199.0,186.0,1.0,1448.0,6,,,0.0,,0.0,,,,0,,,,,,,,,,,,,,,,,,,,,,,,,,,,,,,,,,,,,,,,,,,,,N,16.0,12.0,4.0,9.0,3.0,0.0,35.0,48.0,5,9,0.0,2.0,36.0,50.0,8,8,1,1.0,0.0,N619AS,N619AS-AS-1,36.0,47.0,13.0,49.0,60.0,29.0,6.0,0.0,36,49,0.0,0.0
N619NK,658.0,2019,2,5,2,4,2019-05-02,NK,NK,20416,NK,111,,,,,NK,20416,NK,111,11433,1143302,31295,DTW,"Detroit, MI",MI,26,Michigan,43,12889,1288903,32211,LAS,"Las Vegas, NV",NV,32,Nevada,85,605,53.0,53.0,1.0,3.0,0600-0659,10.0,708.0,818.0,5.0,727,823.0,56.0,56.0,1.0,3.0,0700-0759,0.0,,0.0,262.0,265.0,250.0,1.0,1749.0,7,53.0,0.0,3.0,0.0,0.0,,,,0,,,,,,,,,,,,,,,,,,,,,,,,,,,,,,,,,,,,,,,,,,,,,N,0.0,12.0,6.0,8.0,4.0,2.0,28.0,46.0,6,7,0.0,2.0,24.0,42.0,2,2,0,0.0,0.0,N619NK,N619NK-NK-0,28.0,40.0,18.0,46.0,58.0,,,0.0,28,47,1.0,2.3
N620AE,537.0,2019,2,5,2,4,2019-05-02,AA,AA_CODESHARE,19805,AA,4908,,,,,PT,20427,PT,4908,12223,1222305,32223,HTS,"Ashland, WV",WV,54,West Virginia,39,11057,1105703,31057,CLT,"Charlotte, NC",NC,37,North Carolina,36,539,-2.0,0.0,0.0,-1.0,0001-0559,11.0,548.0,635.0,9.0,650,644.0,-6.0,0.0,0.0,-1.0,0600-0659,0.0,,0.0,71.0,67.0,47.0,1.0,235.0,1,,,0.0,,0.0,,,,0,,,,,,,,,,,,,,,,,,,,,,,,,,,,,,,,,,,,,,,,,,,,,N,0.0,0.0,5.0,6.0,2.0,3.0,22.0,27.0,5,6,3.0,3.0,23.0,27.0,3,3,0,2.0,2.0,N620AE,N620AE-AA-0,23.0,34.0,5.0,28.0,39.0,,,0.0,23,28,0.0,0.0
N620AE,742.0,2019,2,5,2,4,2019-05-02,AA,AA_CODESHARE,19805,AA,4940,,,,,PT,20427,PT,4940,11057,1105703,31057,CLT,"Charlotte, NC",NC,37,North Carolina,36,13795,1379502,33795,OAJ,"Jacksonville/Camp Lejeune, NC",NC,37,North Carolina,36,750,-8.0,0.0,0.0,-1.0,0700-0759,17.0,759.0,834.0,3.0,900,837.0,-23.0,0.0,0.0,-2.0,0900-0959,0.0,,0.0,70.0,55.0,35.0,1.0,191.0,1,,,0.0,,0.0,,,,0,,,,,,,,,,,,,,,,,,,,,,,,,,,,,,,,,,,,,,,,,,,,,N,0.0,0.0,7.0,8.0,3.0,2.0,31.0,34.0,7,9,3.0,0.0,31.0,36.0,8,8,1,2.0,1.0,N620AE,N620AE-AA-1,31.0,43.0,3.0,34.0,46.0,27.0,4.0,0.0,32,35,1.0,8.28
N620AE,920.0,2019,2,5,2,4,2019-05-02,AA,AA_CODESHARE,19805,AA,4940,,,,,PT,20427,PT,4940,13795,1379502,33795,OAJ,"Jacksonville/Camp Lejeune, NC",NC,37,North Carolina,36,11057,1105703,31057,CLT,"Charlotte, NC",NC,37,North Carolina,36,925,-5.0,0.0,0.0,-1.0,0900-0959,15.0,935.0,1026.0,12.0,1048,1038.0,-10.0,0.0,0.0,-1.0,1000-1059,0.0,,0.0,83.0,78.0,51.0,1.0,191.0,1,,,0.0,,0.0,,,,0,,,,,,,,,,,,,,,,,,,,,,,,,,,,,,,,,,,,,,,,,,,,,N,0.0,0.0,9.0,10.0,1.0,3.0,37.0,43.0,9,10,2.0,3.0,38.0,43.0,1,1,2,2.0,0.0,N620AE,N620AE-AA-2,38.0,49.0,6.0,44.0,55.0,34.0,3.0,0.0,38,48,4.0,8.82
N620CZ,705.0,2019,2,5,2,4,2019-05-02,DL,DL_CODESHARE,19790,DL,5682,,,,,CP,21167,CP,5682,10140,1014005,30140,ABQ,"Albuquerque, NM",NM,35,New Mexico,86,12892,1289208,32575,LAX,"Los Angeles, CA",CA,6,California,91,712,-7.0,0.0,0.0,-1.0,0700-0759,16.0,721.0,804.0,12.0,820,816.0,-4.0,0.0,0.0,-1.0,0800-0859,0.0,,0.0,128.0,131.0,103.0,1.0,677.0,3,,,0.0,,0.0,,,,0,,,,,,,,,,,,,,,,,,,,,,,,,,,,,,,,,,,,,,,,,,,,,N,8.0,12.0,7.0,8.0,0.0,1.0,36.0,45.0,7,8,1.0,1.0,37.0,45.0,4,4,0,0.0,0.0,N620CZ,N620CZ-DL-0,37.0,48.0,9.0,46.0,57.0,,,0.0,37,46,0.0,0.0
N620NK,600.0,2019,2,5,2,4,2019-05-02,NK,NK,20416,NK,1071,,,,,NK,20416,NK,1071,13495,1349505,33495,MSY,"New Orleans, LA",LA,22,Louisiana,72,11292,1129202,30325,DEN,"Denver, CO",CO,8,Colorado,82,600,0.0,0.0,0.0,0.0,0600-0659,13.0,613.0,755.0,9.0,809,804.0,-5.0,0.0,0.0,-1.0,0800-0859,0.0,,0.0,189.0,184.0,162.0,1.0,1062.0,5,,,0.0,,0.0,,,,0,,,,,,,,,,,,,,,,,,,,,,,,,,,,,,,,,,,,,,,,,,,,,N,4.0,8.0,6.0,8.0,0.0,0.0,28.0,40.0,6,8,0.0,1.0,28.0,41.0,2,2,0,0.0,0.0,N620NK,N620NK-NK-0,28.0,40.0,12.0,40.0,52.0,,,0.0,28,40,0.0,0.0
N621JB,645.0,2019,2,5,2,4,2019-05-02,B6,B6,20409,B6,467,,,,,B6,20409,B6,467,10397,1039707,30397,ATL,"Atlanta, GA",GA,13,Georgia,34,11697,1169706,32467,FLL,"Fort Lauderdale, FL",FL,12,Florida,33,645,0.0,0.0,0.0,0.0,0600-0659,13.0,658.0,824.0,6.0,837,830.0,-7.0,0.0,0.0,-1.0,0800-0859,0.0,,0.0,112.0,105.0,86.0,1.0,581.0,3,,,0.0,,0.0,,,,0,,,,,,,,,,,,,,,,,,,,,,,,,,,,,,,,,,,,,,,,,,,,,N,0.0,0.0,6.0,8.0,3.0,2.0,27.0,34.0,6,8,3.0,2.0,27.0,34.0,2,2,0,0.0,0.0,N621JB,N621JB-B6-0,27.0,39.0,7.0,34.0,46.0,,,0.0,27,34,0.0,0.0
N621NK,604.0,2019,2,5,2,4,2019-05-02,NK,NK,20416,NK,607,,,,,NK,20416,NK,607,10821,1082106,30852,BWI,"Baltimore, MD",MD,24,Maryland,35,14492,1449202,34492,RDU,"Raleigh/Durham, NC",NC,37,North Carolina,36,610,-6.0,0.0,0.0,-1.0,0600-0659,11.0,615.0,701.0,8.0,713,709.0,-4.0,0.0,0.0,-1.0,0700-0759,0.0,,0.0,63.0,65.0,46.0,1.0,255.0,2,,,0.0,,0.0,,,,0,,,,,,,,,,,,,,,,,,,,,,,,,,,,,,,,,,,,,,,,,,,,,N,0.0,0.0,6.0,7.0,0.0,1.0,24.0,29.0,6,7,1.0,1.0,25.0,29.0,1,1,0,1.0,1.0,N621NK,N621NK-NK-0,25.0,36.0,5.0,30.0,41.0,,,0.0,25,30,0.0,0.0
N621NK,753.0,2019,2,5,2,4,2019-05-02,NK,NK,20416,NK,288,,,,,NK,20416,NK,288,14492,1449202,34492,RDU,"Raleigh/Durham, NC",NC,37,North Carolina,36,11433,1143302,31295,DTW,"Detroit, MI",MI,26,Michigan,43,758,-5.0,0.0,0.0,-1.0,0700-0759,25.0,818.0,940.0,8.0,945,948.0,3.0,3.0,0.0,0.0,0900-0959,0.0,,0.0,107.0,115.0,82.0,1.0,501.0,3,,,0.0,,0.0,,,,0,,,,,,,,,,,,,,,,,,,,,,,,,,,,,,,,,,,,,,,,,,,,,N,0.0,0.0,7.0,9.0,4.0,3.0,32.0,39.0,7,9,4.0,3.0,32.0,39.0,7,7,1,1.0,0.0,N621NK,N621NK-NK-1,32.0,44.0,7.0,39.0,51.0,29.0,3.0,0.0,33,40,1.0,7.2
N622AE,656.0,2019,2,5,2,4,2019-05-02,AA,AA_CODESHARE,19805,AA,3997,,,,,MQ,20398,MQ,3997,13930,1393007,30977,ORD,"Chicago, IL",IL,17,Illinois,41,11996,1199603,31871,GSP,"Greer, SC",SC,45,South Carolina,37,655,1.0,1.0,0.0,0.0,0600-0659,25.0,721.0,941.0,5.0,941,946.0,5.0,5.0,0.0,0.0,0900-0959,0.0,,0.0,106.0,110.0,80.0,1.0,577.0,3,,,0.0,,0.0,,,,0,,,,,,,,,,,,,,,,,,,,,,,,,,,,,,,,,,,,,,,,,,,,,N,4.0,0.0,6.0,9.0,4.0,3.0,32.0,39.0,6,9,4.0,3.0,32.0,39.0,2,2,0,0.0,0.0,N622AE,N622AE-AA-0,32.0,44.0,7.0,39.0,51.0,,,0.0,32,39,0.0,0.0
N622NK,636.0,2019,2,5,2,4,2019-05-02,NK,NK,20416,NK,884,,,,,NK,20416,NK,884,14843,1484306,34819,SJU,"San Juan, PR",PR,72,Puerto Rico,3,13204,1320402,31454,MCO,"Orlando, FL",FL,12,Florida,33,640,-4.0,0.0,0.0,-1.0,0600-0659,12.0,648.0,924.0,11.0,948,935.0,-13.0,0.0,0.0,-1.0,0900-0959,0.0,,0.0,188.0,179.0,156.0,1.0,1189.0,5,,,0.0,,0.0,,,,0,,,,,,,,,,,,,,,,,,,,,,,,,,,,,,,,,,,,,,,,,,,,,N,-4.0,0.0,6.0,9.0,2.0,2.0,22.0,38.0,6,9,3.0,3.0,23.0,39.0,9,9,0,0.0,0.0,N622NK,N622NK-NK-0,23.0,34.0,16.0,39.0,50.0,,,0.0,23,39,0.0,0.0
N623AE,739.0,2019,2,5,2,4,2019-05-02,AA,AA_CODESHARE,19805,AA,3342,,,,,MQ,20398,MQ,3342,10434,1043405,30434,AVP,"Scranton/Wilkes-Barre, PA",PA,42,Pennsylvania,23,13930,1393007,30977,ORD,"Chicago, IL",IL,17,Illinois,41,743,-4.0,0.0,0.0,-1.0,0700-0759,14.0,753.0,846.0,15.0,910,901.0,-9.0,0.0,0.0,-1.0,0900-0959,0.0,,0.0,147.0,142.0,113.0,1.0,632.0,3,,,0.0,,0.0,,,,0,,,,,,,,,,,,,,,,,,,,,,,,,,,,,,,,,,,,,,,,,,,,,N,0.0,4.0,7.0,9.0,3.0,0.0,31.0,40.0,7,9,3.0,1.0,31.0,41.0,5,5,0,0.0,0.0,N623AE,N623AE-AA-0,31.0,43.0,9.0,40.0,52.0,,,0.0,31,40,0.0,0.0
N623CZ,600.0,2019,2,5,2,4,2019-05-02,DL,DL_CODESHARE,19790,DL,5705,,,,,CP,21167,CP,5705,14107,1410702,30466,PHX,"Phoenix, AZ",AZ,4,Arizona,81,14869,1486903,34614,SLC,"Salt Lake City, UT",UT,49,Utah,87,610,-10.0,0.0,0.0,-1.0,0600-0659,12.0,612.0,828.0,26.0,856,854.0,-2.0,0.0,0.0,-1.0,0800-0859,0.0,,0.0,106.0,114.0,76.0,1.0,507.0,3,,,0.0,,0.0,,,,0,,,,,,,,,,,,,,,,,,,,,,,,,,,,,,,,,,,,,,,,,,,,,N,8.0,8.0,6.0,8.0,0.0,4.0,32.0,44.0,6,8,1.0,4.0,33.0,44.0,4,4,0,0.0,0.0,N623CZ,N623CZ-DL-0,33.0,44.0,12.0,45.0,56.0,,,0.0,33,45,0.0,0.0
N623NK,822.0,2019,2,5,2,4,2019-05-02,NK,NK,20416,NK,346,,,,,NK,20416,NK,346,12266,1226603,31453,IAH,"Houston, TX",TX,48,Texas,74,13487,1348702,31650,MSP,"Minneapolis, MN",MN,27,Minnesota,63,830,-8.0,0.0,0.0,-1.0,0800-0859,26.0,848.0,1055.0,7.0,1114,1102.0,-12.0,0.0,0.0,-1.0,1100-1159,0.0,,0.0,164.0,160.0,127.0,1.0,1034.0,5,,,0.0,,0.0,,,,0,,,,,,,,,,,,,,,,,,,,,,,,,,,,,,,,,,,,,,,,,,,,,N,4.0,4.0,8.0,11.0,1.0,0.0,37.0,48.0,8,11,2.0,1.0,38.0,49.0,4,4,0,0.0,0.0,N623NK,N623NK-NK-0,38.0,49.0,11.0,49.0,60.0,,,0.0,38,49,0.0,0.0
N624AE,627.0,2019,2,5,2,4,2019-05-02,AA,AA_CODESHARE,19805,AA,4875,,,,,PT,20427,PT,4875,10135,1013505,30135,ABE,"Allentown/Bethlehem/Easton, PA",PA,42,Pennsylvania,23,14100,1410005,34100,PHL,"Philadelphia, PA",PA,42,Pennsylvania,23,630,-3.0,0.0,0.0,-1.0,0600-0659,57.0,724.0,748.0,12.0,716,800.0,44.0,44.0,1.0,2.0,0700-0759,0.0,,0.0,46.0,93.0,24.0,1.0,55.0,1,0.0,0.0,44.0,0.0,0.0,,,,0,,,,,,,,,,,,,,,,,,,,,,,,,,,,,,,,,,,,,,,,,,,,,N,0.0,0.0,6.0,8.0,2.0,0.0,26.0,32.0,6,7,2.0,1.0,26.0,29.0,5,5,0,1.0,1.0,N624AE,N624AE-AA-0,26.0,38.0,6.0,32.0,44.0,,,3.0,26,32,0.0,0.0
N624AE,825.0,2019,2,5,2,4,2019-05-02,AA,AA_CODESHARE,19805,AA,4949,,,,,PT,20427,PT,4949,14100,1410005,34100,PHL,"Philadelphia, PA",PA,42,Pennsylvania,23,11986,1198603,31986,GRR,"Grand Rapids, MI",MI,26,Michigan,43,815,10.0,10.0,0.0,0.0,0800-0859,44.0,909.0,1043.0,6.0,1031,1049.0,18.0,18.0,1.0,1.0,1000-1059,0.0,,0.0,136.0,144.0,94.0,1.0,573.0,3,0.0,0.0,8.0,0.0,10.0,,,,0,,,,,,,,,,,,,,,,,,,,,,,,,,,,,,,,,,,,,,,,,,,,,N,0.0,0.0,8.0,10.0,2.0,3.0,34.0,43.0,8,10,1.0,2.0,33.0,42.0,8,8,1,1.0,0.0,N624AE,N624AE-AA-1,33.0,46.0,9.0,42.0,55.0,32.0,2.0,1.0,33,42,0.0,0.0
N624AG,945.0,2019,2,5,2,4,2019-05-02,DL,DL,19790,DL,490,,,,,DL,19790,DL,490,12478,1247805,31703,JFK,"New York, NY",NY,36,New York,22,14771,1477104,32457,SFO,"San Francisco, CA",CA,6,California,91,950,-5.0,0.0,0.0,-1.0,0900-0959,21.0,1006.0,1305.0,35.0,1325,1340.0,15.0,15.0,1.0,1.0,1300-1359,0.0,,0.0,395.0,415.0,359.0,1.0,2586.0,11,0.0,0.0,15.0,0.0,0.0,,,,0,,,,,,,,,,,,,,,,,,,,,,,,,,,,,,,,,,,,,,,,,,,,,N,0.0,12.0,9.0,13.0,3.0,3.0,39.0,67.0,9,13,3.0,2.0,39.0,66.0,1,1,0,0.0,0.0,N624AG,N624AG-DL-0,39.0,51.0,28.0,67.0,79.0,,,1.0,41,69,2.0,3.02
N624JB,722.0,2019,2,5,2,4,2019-05-02,B6,B6,20409,B6,1053,,,,,B6,20409,B6,1053,11697,1169706,32467,FLL,"Fort Lauderdale, FL",FL,12,Florida,33,14843,1484306,34819,SJU,"San Juan, PR",PR,72,Puerto Rico,3,727,-5.0,0.0,0.0,-1.0,0700-0759,12.0,734.0,950.0,4.0,1002,954.0,-8.0,0.0,0.0,-1.0,1000-1059,0.0,,0.0,155.0,152.0,136.0,1.0,1046.0,5,,,0.0,,0.0,,,,0,,,,,,,,,,,,,,,,,,,,,,,,,,,,,,,,,,,,,,,,,,,,,N,0.0,-4.0,7.0,9.0,1.0,4.0,29.0,36.0,7,10,2.0,0.0,30.0,36.0,5,5,0,1.0,1.0,N624JB,N624JB-B6-0,30.0,41.0,7.0,37.0,48.0,,,0.0,30,37,0.0,0.0
N624JB,1051.0,2019,2,5,2,4,2019-05-02,B6,B6,20409,B6,2434,,,,,B6,20409,B6,2434,14843,1484306,34819,SJU,"San Juan, PR",PR,72,Puerto Rico,3,13204,1320402,31454,MCO,"Orlando, FL",FL,12,Florida,33,1047,4.0,4.0,0.0,0.0,1000-1059,11.0,1102.0,1344.0,3.0,1355,1347.0,-8.0,0.0,0.0,-1.0,1300-1359,0.0,,0.0,188.0,176.0,162.0,1.0,1189.0,5,,,0.0,,0.0,,,,0,,,,,,,,,,,,,,,,,,,,,,,,,,,,,,,,,,,,,,,,,,,,,N,-4.0,0.0,10.0,13.0,3.0,3.0,39.0,55.0,10,13,3.0,4.0,39.0,56.0,1,1,1,1.0,0.0,N624JB,N624JB-B6-1,39.0,51.0,16.0,55.0,67.0,36.0,3.0,0.0,40,56,1.0,1.36
N625CA,625.0,2019,2,5,2,4,2019-05-02,DL,DL_CODESHARE,19790,DL,3989,,,,,OO,20304,OO,3989,14457,1445702,34457,RAP,"Rapid City, SD",SD,46,South Dakota,67,13487,1348702,31650,MSP,"Minneapolis, MN",MN,27,Minnesota,63,620,5.0,5.0,0.0,0.0,0600-0659,21.0,646.0,852.0,5.0,905,857.0,-8.0,0.0,0.0,-1.0,0900-0959,0.0,,0.0,105.0,92.0,66.0,1.0,489.0,2,,,0.0,,0.0,,,,0,,,,,,,,,,,,,,,,,,,,,,,,,,,,,,,,,,,,,,,,,,,,,N,8.0,4.0,6.0,8.0,2.0,4.0,34.0,40.0,6,9,1.0,0.0,33.0,40.0,3,3,0,0.0,0.0,N625CA,N625CA-DL-0,34.0,46.0,6.0,40.0,52.0,,,0.0,34,40,0.0,0.0
N625CZ,706.0,2019,2,5,2,4,2019-05-02,DL,DL_CODESHARE,19790,DL,5756,,,,,CP,21167,CP,5756,14869,1486903,34614,SLC,"Salt Lake City, UT",UT,49,Utah,87,14747,1474703,30559,SEA,"Seattle, WA",WA,53,Washington,93,710,-4.0,0.0,0.0,-1.0,0700-0759,16.0,722.0,812.0,11.0,829,823.0,-6.0,0.0,0.0,-1.0,0800-0859,0.0,,0.0,139.0,137.0,110.0,1.0,689.0,3,,,0.0,,0.0,,,,0,,,,,,,,,,,,,,,,,,,,,,,,,,,,,,,,,,,,,,,,,,,,,N,8.0,12.0,7.0,8.0,0.0,2.0,36.0,46.0,7,8,1.0,2.0,37.0,46.0,9,9,0,0.0,0.0,N625CZ,N625CZ-DL-0,37.0,48.0,10.0,47.0,58.0,,,0.0,37,47,0.0,0.0
N625JB,556.0,2019,2,5,2,4,2019-05-02,B6,B6,20409,B6,794,,,,,B6,20409,B6,794,10423,1042302,30423,AUS,"Austin, TX",TX,48,Texas,74,12478,1247805,31703,JFK,"New York, NY",NY,36,New York,22,600,-4.0,0.0,0.0,-1.0,0600-0659,17.0,613.0,1040.0,7.0,1043,1047.0,4.0,4.0,0.0,0.0,1000-1059,0.0,,0.0,223.0,231.0,207.0,1.0,1521.0,7,,,0.0,,0.0,,,,0,,,,,,,,,,,,,,,,,,,,,,,,,,,,,,,,,,,,,,,,,,,,,N,4.0,0.0,5.0,10.0,4.0,3.0,28.0,43.0,6,10,0.0,3.0,28.0,43.0,8,8,0,0.0,0.0,N625JB,N625JB-B6-0,28.0,40.0,15.0,43.0,55.0,,,0.0,28,43,0.0,0.0
N625NK,559.0,2019,2,5,2,4,2019-05-02,NK,NK,20416,NK,445,,,,,NK,20416,NK,445,11066,1106606,31066,CMH,"Columbus, OH",OH,39,Ohio,44,11697,1169706,32467,FLL,"Fort Lauderdale, FL",FL,12,Florida,33,600,-1.0,0.0,0.0,-1.0,0600-0659,12.0,611.0,821.0,7.0,837,828.0,-9.0,0.0,0.0,-1.0,0800-0859,0.0,,0.0,157.0,149.0,130.0,1.0,973.0,4,,,0.0,,0.0,,,,0,,,,,,,,,,,,,,,,,,,,,,,,,,,,,,,,,,,,,,,,,,,,,N,0.0,0.0,5.0,8.0,4.0,2.0,24.0,34.0,6,8,0.0,2.0,24.0,34.0,9,9,0,1.0,1.0,N625NK,N625NK-NK-0,24.0,36.0,10.0,34.0,46.0,,,0.0,24,34,0.0,0.0
N625NK,925.0,2019,2,5,2,4,2019-05-02,NK,NK,20416,NK,404,,,,,NK,20416,NK,404,11697,1169706,32467,FLL,"Fort Lauderdale, FL",FL,12,Florida,33,10397,1039707,30397,ATL,"Atlanta, GA",GA,13,Georgia,34,930,-5.0,0.0,0.0,-1.0,0900-0959,12.0,937.0,1059.0,14.0,1127,1113.0,-14.0,0.0,0.0,-1.0,1100-1159,0.0,,0.0,117.0,108.0,82.0,1.0,581.0,3,,,0.0,,0.0,,,,0,,,,,,,,,,,,,,,,,,,,,,,,,,,,,,,,,,,,,,,,,,,,,N,0.0,0.0,9.0,11.0,2.0,1.0,38.0,45.0,9,11,2.0,2.0,38.0,46.0,3,3,1,1.0,0.0,N625NK,N625NK-NK-1,38.0,50.0,7.0,45.0,57.0,34.0,4.0,0.0,38,46,1.0,3.18
N625VA,658.0,2019,2,5,2,4,2019-05-02,AS,AS,19930,AS,1089,,,,,AS,19930,AS,1089,12264,1226402,30852,IAD,"Washington, DC",VA,51,Virginia,38,12892,1289208,32575,LAX,"Los Angeles, CA",CA,6,California,91,700,-2.0,0.0,0.0,-1.0,0700-0759,19.0,717.0,1002.0,11.0,945,1013.0,28.0,28.0,1.0,1.0,0900-0959,0.0,,0.0,345.0,375.0,345.0,1.0,2288.0,10,0.0,0.0,28.0,0.0,0.0,,,,0,,,,,,,,,,,,,,,,,,,,,,,,,,,,,,,,,,,,,,,,,,,,,N,0.0,12.0,6.0,10.0,4.0,1.0,28.0,53.0,7,9,0.0,3.0,28.0,51.0,6,6,0,0.0,0.0,N625VA,N625VA-AS-0,28.0,40.0,25.0,53.0,65.0,,,2.0,28,53,0.0,0.0
N626AE,549.0,2019,2,5,2,4,2019-05-02,AA,AA_CODESHARE,19805,AA,5007,,,,,PT,20427,PT,5007,11699,1169902,31699,FLO,"Florence, SC",SC,45,South Carolina,37,11057,1105703,31057,CLT,"Charlotte, NC",NC,37,North Carolina,36,550,-1.0,0.0,0.0,-1.0,0001-0559,16.0,605.0,639.0,7.0,647,646.0,-1.0,0.0,0.0,-1.0,0600-0659,0.0,,0.0,57.0,57.0,34.0,1.0,99.0,1,,,0.0,,0.0,,,,0,,,,,,,,,,,,,,,,,,,,,,,,,,,,,,,,,,,,,,,,,,,,,N,0.0,0.0,5.0,6.0,3.0,3.0,23.0,27.0,5,6,3.0,3.0,23.0,27.0,6,6,0,2.0,2.0,N626AE,N626AE-AA-0,23.0,35.0,4.0,27.0,39.0,,,0.0,23,27,0.0,0.0
N626AE,722.0,2019,2,5,2,4,2019-05-02,AA,AA_CODESHARE,19805,AA,4809,,,,,PT,20427,PT,4809,11057,1105703,31057,CLT,"Charlotte, NC",NC,37,North Carolina,36,14098,1409803,33667,PHF,"Newport News/Williamsburg, VA",VA,51,Virginia,38,728,-6.0,0.0,0.0,-1.0,0700-0759,14.0,736.0,824.0,3.0,848,827.0,-21.0,0.0,0.0,-2.0,0800-0859,0.0,,0.0,80.0,65.0,48.0,1.0,282.0,2,,,0.0,,0.0,,,,0,,,,,,,,,,,,,,,,,,,,,,,,,,,,,,,,,,,,,,,,,,,,,N,0.0,0.0,7.0,8.0,1.0,2.0,29.0,34.0,7,8,2.0,3.0,30.0,35.0,5,5,1,2.0,1.0,N626AE,N626AE-AA-1,30.0,41.0,5.0,35.0,46.0,27.0,2.0,0.0,30,35,0.0,0.0
N626AE,903.0,2019,2,5,2,4,2019-05-02,AA,AA_CODESHARE,19805,AA,4809,,,,,PT,20427,PT,4809,14098,1409803,33667,PHF,"Newport News/Williamsburg, VA",VA,51,Virginia,38,11057,1105703,31057,CLT,"Charlotte, NC",NC,37,North Carolina,36,913,-10.0,0.0,0.0,-1.0,0900-0959,21.0,924.0,1019.0,13.0,1050,1032.0,-18.0,0.0,0.0,-2.0,1000-1059,0.0,,0.0,97.0,89.0,55.0,1.0,282.0,2,,,0.0,,0.0,,,,0,,,,,,,,,,,,,,,,,,,,,,,,,,,,,,,,,,,,,,,,,,,,,N,0.0,0.0,9.0,10.0,0.0,2.0,36.0,42.0,9,10,1.0,3.0,37.0,43.0,9,9,2,2.0,0.0,N626AE,N626AE-AA-2,37.0,48.0,6.0,43.0,54.0,34.0,2.0,0.0,37,43,0.0,0.0
N626CZ,555.0,2019,2,5,2,4,2019-05-02,DL,DL_CODESHARE,19790,DL,5689,,,,,CP,21167,CP,5689,13264,1326403,33264,MFR,"Medford, OR",OR,41,Oregon,92,14869,1486903,34614,SLC,"Salt Lake City, UT",UT,49,Utah,87,600,-5.0,0.0,0.0,-1.0,0600-0659,11.0,606.0,823.0,39.0,854,902.0,8.0,8.0,0.0,0.0,0800-0859,0.0,,0.0,114.0,127.0,77.0,1.0,575.0,3,,,0.0,,0.0,,,,0,,,,,,,,,,,,,,,,,,,,,,,,,,,,,,,,,,,,,,,,,,,,,N,12.0,8.0,5.0,9.0,4.0,0.0,36.0,44.0,6,8,0.0,4.0,36.0,44.0,6,6,0,0.0,0.0,N626CZ,N626CZ-DL-0,36.0,48.0,8.0,44.0,56.0,,,0.0,36,44,0.0,0.0
N626NK,655.0,2019,2,5,2,4,2019-05-02,NK,NK,20416,NK,249,,,,,NK,20416,NK,249,13930,1393007,30977,ORD,"Chicago, IL",IL,17,Illinois,41,12451,1245102,31136,JAX,"Jacksonville, FL",FL,12,Florida,33,700,-5.0,0.0,0.0,-1.0,0700-0759,15.0,710.0,1008.0,8.0,1031,1016.0,-15.0,0.0,0.0,-1.0,1000-1059,0.0,,0.0,151.0,141.0,118.0,1.0,864.0,4,,,0.0,,0.0,,,,0,,,,,,,,,,,,,,,,,,,,,,,,,,,,,,,,,,,,,,,,,,,,,N,4.0,0.0,6.0,10.0,4.0,1.0,32.0,41.0,7,10,0.0,2.0,32.0,42.0,8,8,0,0.0,0.0,N626NK,N626NK-NK-0,32.0,44.0,9.0,41.0,53.0,,,0.0,32,41,0.0,0.0
N626VA,41.0,2019,2,5,2,4,2019-05-02,AS,AS,19930,AS,1010,,,,,AS,19930,AS,1010,14747,1474703,30559,SEA,"Seattle, WA",WA,53,Washington,93,13930,1393007,30977,ORD,"Chicago, IL",IL,17,Illinois,41,45,-4.0,0.0,0.0,-1.0,0001-0559,24.0,105.0,631.0,18.0,650,649.0,-1.0,0.0,0.0,-1.0,0600-0659,0.0,,0.0,245.0,248.0,206.0,1.0,1721.0,7,,,0.0,,0.0,,,,0,,,,,,,,,,,,,,,,,,,,,,,,,,,,,,,,,,,,,,,,,,,,,N,12.0,4.0,0.0,6.0,3.0,3.0,15.0,31.0,0,6,3.0,3.0,15.0,31.0,7,7,0,1.0,1.0,N626VA,N626VA-AS-0,15.0,27.0,16.0,31.0,43.0,,,0.0,16,32,1.0,7.18
N626VA,753.0,2019,2,5,2,4,2019-05-02,AS,AS,19930,AS,1011,,,,,AS,19930,AS,1011,13930,1393007,30977,ORD,"Chicago, IL",IL,17,Illinois,41,14747,1474703,30559,SEA,"Seattle, WA",WA,53,Washington,93,800,-7.0,0.0,0.0,-1.0,0800-0859,29.0,822.0,1018.0,9.0,1040,1027.0,-13.0,0.0,0.0,-1.0,1000-1059,0.0,,0.0,280.0,274.0,236.0,1.0,1721.0,7,,,0.0,,0.0,,,,0,,,,,,,,,,,,,,,,,,,,,,,,,,,,,,,,,,,,,,,,,,,,,N,4.0,12.0,7.0,10.0,4.0,2.0,36.0,54.0,8,10,0.0,3.0,36.0,55.0,2,2,1,1.0,0.0,N626VA,N626VA-AS-1,36.0,48.0,18.0,54.0,66.0,31.0,5.0,0.0,45,63,9.0,34.7
N627AE,559.0,2019,2,5,2,4,2019-05-02,AA,AA_CODESHARE,19805,AA,4894,,,,,PT,20427,PT,4894,14098,1409803,33667,PHF,"Newport News/Williamsburg, VA",VA,51,Virginia,38,14100,1410005,34100,PHL,"Philadelphia, PA",PA,42,Pennsylvania,23,600,-1.0,0.0,0.0,-1.0,0600-0659,32.0,631.0,738.0,11.0,705,749.0,44.0,44.0,1.0,2.0,0700-0759,0.0,,0.0,65.0,110.0,67.0,1.0,201.0,1,0.0,0.0,44.0,0.0,0.0,,,,0,,,,,,,,,,,,,,,,,,,,,,,,,,,,,,,,,,,,,,,,,,,,,N,0.0,0.0,5.0,7.0,4.0,3.0,24.0,31.0,6,7,0.0,0.0,24.0,28.0,2,2,0,2.0,2.0,N627AE,N627AE-AA-0,24.0,36.0,7.0,31.0,43.0,,,3.0,24,31,0.0,0.0
N627AE,821.0,2019,2,5,2,4,2019-05-02,AA,AA_CODESHARE,19805,AA,5013,,,,,PT,20427,PT,5013,14100,1410005,34100,PHL,"Philadelphia, PA",PA,42,Pennsylvania,23,10257,1025702,30257,ALB,"Albany, NY",NY,36,New York,22,800,21.0,21.0,1.0,1.0,0800-0859,35.0,856.0,943.0,5.0,916,948.0,32.0,32.0,1.0,2.0,0900-0959,0.0,,0.0,76.0,87.0,47.0,1.0,212.0,1,0.0,0.0,11.0,0.0,21.0,,,,0,,,,,,,,,,,,,,,,,,,,,,,,,,,,,,,,,,,,,,,,,,,,,N,0.0,0.0,8.0,9.0,1.0,3.0,33.0,39.0,8,9,0.0,1.0,32.0,37.0,7,7,1,2.0,1.0,N627AE,N627AE-AA-1,32.0,45.0,6.0,38.0,51.0,31.0,2.0,2.0,32,38,0.0,0.0
N627AE,1007.0,2019,2,5,2,4,2019-05-02,AA,AA_CODESHARE,19805,AA,5013,,,,,PT,20427,PT,5013,10257,1025702,30257,ALB,"Albany, NY",NY,36,New York,22,14100,1410005,34100,PHL,"Philadelphia, PA",PA,42,Pennsylvania,23,951,16.0,16.0,1.0,1.0,0900-0959,11.0,1018.0,1110.0,9.0,1107,1119.0,12.0,12.0,0.0,0.0,1100-1159,0.0,,0.0,76.0,72.0,52.0,1.0,212.0,1,,,0.0,,0.0,,,,0,,,,,,,,,,,,,,,,,,,,,,,,,,,,,,,,,,,,,,,,,,,,,N,0.0,0.0,10.0,11.0,0.0,1.0,40.0,45.0,9,11,3.0,0.0,39.0,44.0,2,2,2,2.0,0.0,N627AE,N627AE-AA-2,40.0,52.0,5.0,45.0,57.0,39.0,1.0,0.0,40,45,0.0,0.0
N627CZ,558.0,2019,2,5,2,4,2019-05-02,DL,DL_CODESHARE,19790,DL,5725,,,,,CP,21167,CP,5725,14252,1425202,34252,PSC,"Pasco/Kennewick/Richland, WA",WA,53,Washington,93,14747,1474703,30559,SEA,"Seattle, WA",WA,53,Washington,93,600,-2.0,0.0,0.0,-1.0,0600-0659,12.0,610.0,652.0,11.0,710,703.0,-7.0,0.0,0.0,-1.0,0700-0759,0.0,,0.0,70.0,65.0,42.0,1.0,172.0,1,,,0.0,,0.0,,,,0,,,,,,,,,,,,,,,,,,,,,,,,,,,,,,,,,,,,,,,,,,,,,N,12.0,12.0,5.0,7.0,4.0,0.0,36.0,40.0,6,7,0.0,1.0,36.0,41.0,5,5,0,0.0,0.0,N627CZ,N627CZ-DL-0,36.0,48.0,4.0,40.0,52.0,,,0.0,36,40,0.0,0.0
N627JB,645.0,2019,2,5,2,4,2019-05-02,B6,B6,20409,B6,215,,,,,B6,20409,B6,215,10721,1072102,30721,BOS,"Boston, MA",MA,25,Massachusetts,13,11298,1129806,30194,DFW,"Dallas/Fort Worth, TX",TX,48,Texas,74,650,-5.0,0.0,0.0,-1.0,0600-0659,16.0,701.0,1004.0,10.0,1001,1014.0,13.0,13.0,0.0,0.0,1000-1059,0.0,,0.0,251.0,269.0,243.0,1.0,1562.0,7,,,0.0,,0.0,,,,0,,,,,,,,,,,,,,,,,,,,,,,,,,,,,,,,,,,,,,,,,,,,,N,0.0,4.0,6.0,10.0,3.0,1.0,27.0,45.0,6,10,3.0,0.0,27.0,44.0,5,5,0,0.0,0.0,N627JB,N627JB-B6-0,27.0,39.0,18.0,45.0,57.0,,,0.0,27,46,1.0,5.24
N627QX,659.0,2019,2,5,2,4,2019-05-02,AS,AS_CODESHARE,19930,AS,2455,,,,,QX,19687,QX,2455,10849,1084905,30849,BZN,"Bozeman, MT",MT,30,Montana,84,14747,1474703,30559,SEA,"Seattle, WA",WA,53,Washington,93,700,-1.0,0.0,0.0,-1.0,0700-0759,12.0,711.0,740.0,7.0,755,747.0,-8.0,0.0,0.0,-1.0,0700-0759,0.0,,0.0,115.0,108.0,89.0,1.0,543.0,3,,,0.0,,0.0,,,,0,,,,,,,,,,,,,,,,,,,,,,,,,,,,,,,,,,,,,,,,,,,,,N,8.0,12.0,6.0,7.0,4.0,3.0,36.0,43.0,7,7,0.0,4.0,36.0,44.0,3,3,0,0.0,0.0,N627QX,N627QX-AS-0,36.0,48.0,7.0,43.0,55.0,,,0.0,36,44,1.0,3.18
N627VA,552.0,2019,2,5,2,4,2019-05-02,AS,AS,19930,AS,1890,,,,,AS,19930,AS,1890,14771,1477104,32457,SFO,"San Francisco, CA",CA,6,California,91,12892,1289208,32575,LAX,"Los Angeles, CA",CA,6,California,91,600,-8.0,0.0,0.0,-1.0,0600-0659,15.0,607.0,707.0,15.0,735,722.0,-13.0,0.0,0.0,-1.0,0700-0759,0.0,,0.0,95.0,90.0,60.0,1.0,337.0,2,,,0.0,,0.0,,,,0,,,,,,,,,,,,,,,,,,,,,,,,,,,,,,,,,,,,,,,,,,,,,N,12.0,12.0,5.0,7.0,3.0,1.0,35.0,41.0,6,7,0.0,2.0,36.0,42.0,2,2,0,0.0,0.0,N627VA,N627VA-AS-0,36.0,47.0,6.0,42.0,53.0,,,0.0,42,49,7.0,26.9
N62849,604.0,2019,2,5,2,4,2019-05-02,UA,UA,19977,UA,2214,,,,,UA,19977,UA,2214,10721,1072102,30721,BOS,"Boston, MA",MA,25,Massachusetts,13,11292,1129202,30325,DEN,"Denver, CO",CO,8,Colorado,82,610,-6.0,0.0,0.0,-1.0,0600-0659,16.0,620.0,830.0,4.0,845,834.0,-11.0,0.0,0.0,-1.0,0800-0859,0.0,,0.0,275.0,270.0,250.0,1.0,1754.0,8,,,0.0,,0.0,,,,0,,,,,,,,,,,,,,,,,,,,,,,,,,,,,,,,,,,,,,,,,,,,,N,0.0,8.0,6.0,8.0,0.0,2.0,24.0,42.0,6,8,1.0,3.0,25.0,43.0,8,8,0,0.0,0.0,N62849,N62849-UA-0,25.0,36.0,18.0,43.0,54.0,,,0.0,27,45,2.0,16.94
N62884,625.0,2019,2,5,2,4,2019-05-02,UA,UA,19977,UA,740,,,,,UA,19977,UA,740,14893,1489302,33192,SMF,"Sacramento, CA",CA,6,California,91,11292,1129202,30325,DEN,"Denver, CO",CO,8,Colorado,82,631,-6.0,0.0,0.0,-1.0,0600-0659,13.0,638.0,928.0,11.0,950,939.0,-11.0,0.0,0.0,-1.0,0900-0959,0.0,,0.0,139.0,134.0,110.0,1.0,909.0,4,,,0.0,,0.0,,,,0,,,,,,,,,,,,,,,,,,,,,,,,,,,,,,,,,,,,,,,,,,,,,N,12.0,8.0,6.0,9.0,2.0,3.0,38.0,47.0,6,9,2.0,3.0,38.0,47.0,7,7,0,0.0,0.0,N62884,N62884-UA-0,38.0,50.0,9.0,47.0,59.0,,,0.0,38,47,0.0,0.0
N62889,32.0,2019,2,5,2,4,2019-05-02,UA,UA,19977,UA,680,,,,,UA,19977,UA,680,14771,1477104,32457,SFO,"San Francisco, CA",CA,6,California,91,13930,1393007,30977,ORD,"Chicago, IL",IL,17,Illinois,41,39,-7.0,0.0,0.0,-1.0,0001-0559,16.0,48.0,610.0,14.0,650,624.0,-26.0,0.0,0.0,-2.0,0600-0659,0.0,,0.0,251.0,232.0,202.0,1.0,1846.0,8,,,0.0,,0.0,,,,0,,,,,,,,,,,,,,,,,,,,,,,,,,,,,,,,,,,,,,,,,,,,,N,12.0,4.0,0.0,6.0,2.0,2.0,14.0,30.0,0,6,3.0,3.0,15.0,31.0,6,6,0,1.0,1.0,N62889,N62889-UA-0,15.0,26.0,16.0,31.0,42.0,,,0.0,15,31,0.0,0.0
N62889,751.0,2019,2,5,2,4,2019-05-02,UA,UA,19977,UA,1996,,,,,UA,19977,UA,1996,13930,1393007,30977,ORD,"Chicago, IL",IL,17,Illinois,41,14843,1484306,34819,SJU,"San Juan, PR",PR,72,Puerto Rico,3,751,0.0,0.0,0.0,0.0,0700-0759,40.0,831.0,1338.0,4.0,1335,1342.0,7.0,7.0,0.0,0.0,1300-1359,0.0,,0.0,284.0,291.0,247.0,1.0,2072.0,9,,,0.0,,0.0,,,,0,,,,,,,,,,,,,,,,,,,,,,,,,,,,,,,,,,,,,,,,,,,,,N,4.0,-4.0,7.0,13.0,3.0,3.0,35.0,51.0,7,13,3.0,2.0,35.0,50.0,4,4,1,1.0,0.0,N62889,N62889-UA-1,35.0,47.0,16.0,51.0,63.0,30.0,5.0,0.0,36,52,1.0,4.24
N62892,603.0,2019,2,5,2,4,2019-05-02,UA,UA,19977,UA,814,,,,,UA,19977,UA,814,13930,1393007,30977,ORD,"Chicago, IL",IL,17,Illinois,41,11042,1104205,30647,CLE,"Cleveland, OH",OH,39,Ohio,44,610,-7.0,0.0,0.0,-1.0,0600-0659,23.0,626.0,812.0,5.0,825,817.0,-8.0,0.0,0.0,-1.0,0800-0859,0.0,,0.0,75.0,74.0,46.0,1.0,315.0,2,,,0.0,,0.0,,,,0,,,,,,,,,,,,,,,,,,,,,,,,,,,,,,,,,,,,,,,,,,,,,N,4.0,0.0,6.0,8.0,0.0,1.0,28.0,33.0,6,8,1.0,2.0,29.0,34.0,8,8,0,1.0,1.0,N62892,N62892-UA-0,29.0,40.0,5.0,34.0,45.0,,,0.0,29,34,0.0,0.0
N62892,927.0,2019,2,5,2,4,2019-05-02,UA,UA,19977,UA,2079,,,,,UA,19977,UA,2079,11042,1104205,30647,CLE,"Cleveland, OH",OH,39,Ohio,44,13204,1320402,31454,MCO,"Orlando, FL",FL,12,Florida,33,930,-3.0,0.0,0.0,-1.0,0900-0959,18.0,945.0,1144.0,6.0,1155,1150.0,-5.0,0.0,0.0,-1.0,1100-1159,0.0,,0.0,145.0,143.0,119.0,1.0,895.0,4,,,0.0,,0.0,,,,0,,,,,,,,,,,,,,,,,,,,,,,,,,,,,,,,,,,,,,,,,,,,,N,0.0,0.0,9.0,11.0,2.0,3.0,38.0,47.0,9,11,2.0,4.0,38.0,48.0,7,7,1,1.0,0.0,N62892,N62892-UA-1,38.0,50.0,9.0,47.0,59.0,33.0,5.0,0.0,39,48,1.0,7.14
N62894,924.0,2019,2,5,2,4,2019-05-02,UA,UA,19977,UA,525,,,,,UA,19977,UA,525,10721,1072102,30721,BOS,"Boston, MA",MA,25,Massachusetts,13,12264,1226402,30852,IAD,"Washington, DC",VA,51,Virginia,38,930,-6.0,0.0,0.0,-1.0,0900-0959,24.0,948.0,1057.0,3.0,1107,1100.0,-7.0,0.0,0.0,-1.0,1100-1159,0.0,,0.0,97.0,96.0,69.0,1.0,413.0,2,,,0.0,,0.0,,,,0,,,,,,,,,,,,,,,,,,,,,,,,,,,,,,,,,,,,,,,,,,,,,N,0.0,0.0,9.0,11.0,2.0,0.0,38.0,44.0,9,11,2.0,0.0,38.0,44.0,8,8,0,0.0,0.0,N62894,N62894-UA-0,38.0,50.0,6.0,44.0,56.0,,,0.0,38,44,0.0,0.0
N628AE,734.0,2019,2,5,2,4,2019-05-02,AA,AA_CODESHARE,19805,AA,4868,,,,,PT,20427,PT,4868,13277,1327702,33277,MGM,"Montgomery, AL",AL,1,Alabama,51,11057,1105703,31057,CLT,"Charlotte, NC",NC,37,North Carolina,36,744,-10.0,0.0,0.0,-1.0,0700-0759,9.0,743.0,945.0,23.0,1020,1008.0,-12.0,0.0,0.0,-1.0,1000-1059,0.0,,0.0,96.0,94.0,62.0,1.0,372.0,2,,,0.0,,0.0,,,,0,,,,,,,,,,,,,,,,,,,,,,,,,,,,,,,,,,,,,,,,,,,,,N,4.0,0.0,7.0,10.0,2.0,1.0,34.0,41.0,7,10,3.0,1.0,35.0,41.0,2,2,0,0.0,0.0,N628AE,N628AE-AA-0,35.0,46.0,7.0,42.0,53.0,,,0.0,35,42,0.0,0.0
N628NK,611.0,2019,2,5,2,4,2019-05-02,NK,NK,20416,NK,110,,,,,NK,20416,NK,110,11433,1143302,31295,DTW,"Detroit, MI",MI,26,Michigan,43,10721,1072102,30721,BOS,"Boston, MA",MA,25,Massachusetts,13,615,-4.0,0.0,0.0,-1.0,0600-0659,11.0,622.0,752.0,10.0,808,802.0,-6.0,0.0,0.0,-1.0,0800-0859,0.0,,0.0,113.0,111.0,90.0,1.0,632.0,3,,,0.0,,0.0,,,,0,,,,,,,,,,,,,,,,,,,,,,,,,,,,,,,,,,,,,,,,,,,,,N,0.0,0.0,6.0,8.0,1.0,0.0,25.0,32.0,6,8,1.0,1.0,25.0,33.0,4,4,0,1.0,1.0,N628NK,N628NK-NK-0,25.0,37.0,7.0,32.0,44.0,,,0.0,25,32,0.0,0.0
N628NK,854.0,2019,2,5,2,4,2019-05-02,NK,NK,20416,NK,419,,,,,NK,20416,NK,419,10721,1072102,30721,BOS,"Boston, MA",MA,25,Massachusetts,13,11042,1104205,30647,CLE,"Cleveland, OH",OH,39,Ohio,44,900,-6.0,0.0,0.0,-1.0,0900-0959,26.0,920.0,1056.0,5.0,1100,1101.0,1.0,1.0,0.0,0.0,1100-1159,0.0,,0.0,120.0,127.0,96.0,1.0,563.0,3,,,0.0,,0.0,,,,0,,,,,,,,,,,,,,,,,,,,,,,,,,,,,,,,,,,,,,,,,,,,,N,0.0,0.0,8.0,11.0,4.0,0.0,36.0,44.0,9,11,0.0,0.0,36.0,44.0,1,1,1,1.0,0.0,N628NK,N628NK-NK-1,36.0,48.0,8.0,44.0,56.0,32.0,4.0,0.0,36,44,0.0,0.0
N628QX,545.0,2019,2,5,2,4,2019-05-02,AS,AS_CODESHARE,19930,AS,2445,,,,,QX,19687,QX,2445,11884,1188402,31884,GEG,"Spokane, WA",WA,53,Washington,93,14747,1474703,30559,SEA,"Seattle, WA",WA,53,Washington,93,550,-5.0,0.0,0.0,-1.0,0001-0559,16.0,601.0,645.0,10.0,700,655.0,-5.0,0.0,0.0,-1.0,0700-0759,0.0,,0.0,70.0,70.0,44.0,1.0,224.0,1,,,0.0,,0.0,,,,0,,,,,,,,,,,,,,,,,,,,,,,,,,,,,,,,,,,,,,,,,,,,,N,12.0,12.0,5.0,6.0,3.0,4.0,35.0,40.0,5,7,3.0,0.0,35.0,40.0,7,7,0,0.0,0.0,N628QX,N628QX-AS-0,35.0,47.0,5.0,40.0,52.0,,,0.0,35,40,0.0,0.0
N629AE,518.0,2019,2,5,2,4,2019-05-02,AA,AA_CODESHARE,19805,AA,4881,,,,,PT,20427,PT,4881,10581,1058102,30581,BGR,"Bangor, ME",ME,23,Maine,12,14100,1410005,34100,PHL,"Philadelphia, PA",PA,42,Pennsylvania,23,525,-7.0,0.0,0.0,-1.0,0001-0559,13.0,531.0,714.0,10.0,719,724.0,5.0,5.0,0.0,0.0,0700-0759,0.0,,0.0,114.0,126.0,103.0,1.0,473.0,2,,,0.0,,0.0,,,,0,,,,,,,,,,,,,,,,,,,,,,,,,,,,,,,,,,,,,,,,,,,,,N,0.0,0.0,5.0,7.0,1.0,2.0,21.0,30.0,5,7,2.0,1.0,22.0,29.0,1,1,0,1.0,1.0,N629AE,N629AE-AA-0,22.0,33.0,9.0,31.0,42.0,,,0.0,22,31,0.0,0.0
N629AE,823.0,2019,2,5,2,4,2019-05-02,AA,AA_CODESHARE,19805,AA,4977,,,,,PT,20427,PT,4977,14100,1410005,34100,PHL,"Philadelphia, PA",PA,42,Pennsylvania,23,14576,1457606,34576,ROC,"Rochester, NY",NY,36,New York,22,830,-7.0,0.0,0.0,-1.0,0800-0859,36.0,859.0,950.0,5.0,1005,955.0,-10.0,0.0,0.0,-1.0,1000-1059,0.0,,0.0,95.0,92.0,51.0,1.0,257.0,2,,,0.0,,0.0,,,,0,,,,,,,,,,,,,,,,,,,,,,,,,,,,,,,,,,,,,,,,,,,,,N,0.0,0.0,8.0,9.0,2.0,4.0,34.0,40.0,8,10,2.0,0.0,34.0,40.0,6,6,1,1.0,0.0,N629AE,N629AE-AA-1,34.0,46.0,6.0,40.0,52.0,30.0,4.0,0.0,35,41,1.0,6.32
N629BR,620.0,2019,2,5,2,4,2019-05-02,DL,DL_CODESHARE,19790,DL,3986,,,,,OO,20304,OO,3986,10146,1014602,30146,ABY,"Albany, GA",GA,13,Georgia,34,10397,1039707,30397,ATL,"Atlanta, GA",GA,13,Georgia,34,630,-10.0,0.0,0.0,-1.0,0600-0659,14.0,634.0,707.0,5.0,729,712.0,-17.0,0.0,0.0,-2.0,0700-0759,0.0,,0.0,59.0,52.0,33.0,1.0,145.0,1,,,0.0,,0.0,,,,0,,,,,,,,,,,,,,,,,,,,,,,,,,,,,,,,,,,,,,,,,,,,,N,0.0,0.0,6.0,7.0,1.0,1.0,25.0,29.0,6,7,2.0,2.0,26.0,30.0,8,8,0,1.0,1.0,N629BR,N629BR-DL-0,26.0,37.0,4.0,30.0,41.0,,,0.0,26,30,0.0,0.0
N629BR,909.0,2019,2,5,2,4,2019-05-02,DL,DL_CODESHARE,19790,DL,4798,,,,,OO,20304,OO,4798,10397,1039707,30397,ATL,"Atlanta, GA",GA,13,Georgia,34,13377,1337702,33377,MLU,"Monroe, LA",LA,22,Louisiana,72,912,-3.0,0.0,0.0,-1.0,0900-0959,15.0,924.0,934.0,4.0,953,938.0,-15.0,0.0,0.0,-1.0,0900-0959,0.0,,0.0,101.0,89.0,70.0,1.0,448.0,2,,,0.0,,0.0,,,,0,,,,,,,,,,,,,,,,,,,,,,,,,,,,,,,,,,,,,,,,,,,,,N,0.0,4.0,9.0,9.0,1.0,3.0,37.0,43.0,9,9,1.0,4.0,37.0,44.0,6,6,1,1.0,0.0,N629BR,N629BR-DL-1,37.0,49.0,6.0,43.0,55.0,29.0,8.0,0.0,38,44,1.0,6.44
N629JB,719.0,2019,2,5,2,4,2019-05-02,B6,B6,20409,B6,2051,,,,,B6,20409,B6,2051,10721,1072102,30721,BOS,"Boston, MA",MA,25,Massachusetts,13,13204,1320402,31454,MCO,"Orlando, FL",FL,12,Florida,33,729,-10.0,0.0,0.0,-1.0,0700-0759,26.0,745.0,1023.0,19.0,1040,1042.0,2.0,2.0,0.0,0.0,1000-1059,0.0,,0.0,191.0,203.0,158.0,1.0,1121.0,5,,,0.0,,0.0,,,,0,,,,,,,,,,,,,,,,,,,,,,,,,,,,,,,,,,,,,,,,,,,,,N,0.0,0.0,7.0,10.0,1.0,3.0,29.0,43.0,7,10,2.0,3.0,30.0,43.0,5,5,0,0.0,0.0,N629JB,N629JB-B6-0,30.0,41.0,14.0,44.0,55.0,,,0.0,30,44,0.0,0.0
N629NK,603.0,2019,2,5,2,4,2019-05-02,NK,NK,20416,NK,1940,,,,,NK,20416,NK,1940,13204,1320402,31454,MCO,"Orlando, FL",FL,12,Florida,33,11697,1169706,32467,FLL,"Fort Lauderdale, FL",FL,12,Florida,33,600,3.0,3.0,0.0,0.0,0600-0659,11.0,614.0,654.0,16.0,700,710.0,10.0,10.0,0.0,0.0,0700-0759,0.0,,0.0,60.0,67.0,40.0,1.0,177.0,1,,,0.0,,0.0,,,,0,,,,,,,,,,,,,,,,,,,,,,,,,,,,,,,,,,,,,,,,,,,,,N,0.0,0.0,6.0,7.0,0.0,1.0,24.0,29.0,6,7,0.0,0.0,24.0,28.0,2,2,0,1.0,1.0,N629NK,N629NK-NK-0,24.0,36.0,5.0,29.0,41.0,,,0.0,24,29,0.0,0.0
N629NK,813.0,2019,2,5,2,4,2019-05-02,NK,NK,20416,NK,610,,,,,NK,20416,NK,610,11697,1169706,32467,FLL,"Fort Lauderdale, FL",FL,12,Florida,33,10721,1072102,30721,BOS,"Boston, MA",MA,25,Massachusetts,13,805,8.0,8.0,0.0,0.0,0800-0859,12.0,825.0,1106.0,9.0,1115,1115.0,0.0,0.0,0.0,0.0,1100-1159,0.0,,0.0,190.0,182.0,161.0,1.0,1237.0,5,,,0.0,,0.0,,,,0,,,,,,,,,,,,,,,,,,,,,,,,,,,,,,,,,,,,,,,,,,,,,N,0.0,0.0,8.0,11.0,1.0,1.0,33.0,45.0,8,11,0.0,1.0,32.0,45.0,4,4,1,1.0,0.0,N629NK,N629NK-NK-1,33.0,45.0,12.0,45.0,57.0,29.0,4.0,0.0,33,45,0.0,0.0
N629QX,814.0,2019,2,5,2,4,2019-05-02,AS,AS_CODESHARE,19930,AS,2025,,,,,QX,19687,QX,2025,11259,1125904,30194,DAL,"Dallas, TX",TX,48,Texas,74,14747,1474703,30559,SEA,"Seattle, WA",WA,53,Washington,93,815,-1.0,0.0,0.0,-1.0,0800-0859,11.0,825.0,1038.0,9.0,1050,1047.0,-3.0,0.0,0.0,-1.0,1000-1059,0.0,,0.0,275.0,273.0,253.0,1.0,1670.0,7,,,0.0,,0.0,,,,0,,,,,,,,,,,,,,,,,,,,,,,,,,,,,,,,,,,,,,,,,,,,,N,4.0,12.0,8.0,10.0,1.0,3.0,37.0,55.0,8,10,1.0,3.0,37.0,55.0,3,3,0,0.0,0.0,N629QX,N629QX-AS-0,37.0,49.0,18.0,55.0,67.0,,,0.0,37,55,0.0,0.0
N629VA,549.0,2019,2,5,2,4,2019-05-02,AS,AS,19930,AS,1116,,,,,AS,19930,AS,1116,14747,1474703,30559,SEA,"Seattle, WA",WA,53,Washington,93,12889,1288903,32211,LAS,"Las Vegas, NV",NV,32,Nevada,85,550,-1.0,0.0,0.0,-1.0,0001-0559,12.0,601.0,749.0,4.0,815,753.0,-22.0,0.0,0.0,-2.0,0800-0859,0.0,,0.0,145.0,124.0,108.0,1.0,867.0,4,,,0.0,,0.0,,,,0,,,,,,,,,,,,,,,,,,,,,,,,,,,,,,,,,,,,,,,,,,,,,N,12.0,12.0,5.0,7.0,3.0,4.0,35.0,44.0,5,8,3.0,1.0,35.0,45.0,8,8,0,0.0,0.0,N629VA,N629VA-AS-0,35.0,47.0,9.0,44.0,56.0,,,0.0,35,44,0.0,0.0
N630AE,903.0,2019,2,5,2,4,2019-05-02,AA,AA_CODESHARE,19805,AA,4802,,,,,PT,20427,PT,4802,14524,1452401,34524,RIC,"Richmond, VA",VA,51,Virginia,38,14100,1410005,34100,PHL,"Philadelphia, PA",PA,42,Pennsylvania,23,852,11.0,11.0,0.0,0.0,0800-0859,20.0,923.0,1003.0,9.0,1005,1012.0,7.0,7.0,0.0,0.0,1000-1059,0.0,,0.0,73.0,69.0,40.0,1.0,198.0,1,,,0.0,,0.0,,,,0,,,,,,,,,,,,,,,,,,,,,,,,,,,,,,,,,,,,,,,,,,,,,N,0.0,0.0,9.0,10.0,0.0,1.0,36.0,41.0,8,10,3.0,0.0,35.0,40.0,9,9,0,0.0,0.0,N630AE,N630AE-AA-0,36.0,48.0,5.0,41.0,53.0,,,0.0,36,41,0.0,0.0
N630CZ,551.0,2019,2,5,2,4,2019-05-02,DL,DL_CODESHARE,19790,DL,5703,,,,,CP,21167,CP,5703,11603,1160302,31603,EUG,"Eugene, OR",OR,41,Oregon,92,14869,1486903,34614,SLC,"Salt Lake City, UT",UT,49,Utah,87,600,-9.0,0.0,0.0,-1.0,0600-0659,16.0,607.0,830.0,33.0,900,903.0,3.0,3.0,0.0,0.0,0900-0959,0.0,,0.0,120.0,132.0,83.0,1.0,618.0,3,,,0.0,,0.0,,,,0,,,,,,,,,,,,,,,,,,,,,,,,,,,,,,,,,,,,,,,,,,,,,N,12.0,8.0,5.0,9.0,3.0,0.0,35.0,44.0,6,9,0.0,0.0,36.0,44.0,7,7,0,0.0,0.0,N630CZ,N630CZ-DL-0,36.0,47.0,9.0,45.0,56.0,,,0.0,36,45,0.0,0.0
N630NK,749.0,2019,2,5,2,4,2019-05-02,NK,NK,20416,NK,804,,,,,NK,20416,NK,804,13204,1320402,31454,MCO,"Orlando, FL",FL,12,Florida,33,11433,1143302,31295,DTW,"Detroit, MI",MI,26,Michigan,43,747,2.0,2.0,0.0,0.0,0700-0759,19.0,808.0,1017.0,8.0,1028,1025.0,-3.0,0.0,0.0,-1.0,1000-1059,0.0,,0.0,161.0,156.0,129.0,1.0,957.0,4,,,0.0,,0.0,,,,0,,,,,,,,,,,,,,,,,,,,,,,,,,,,,,,,,,,,,,,,,,,,,N,0.0,0.0,7.0,10.0,3.0,2.0,31.0,42.0,7,10,3.0,2.0,31.0,42.0,3,3,0,0.0,0.0,N630NK,N630NK-NK-0,31.0,43.0,11.0,42.0,54.0,,,0.0,31,42,0.0,0.0
N630SK,606.0,2019,2,5,2,4,2019-05-02,DL,DL_CODESHARE,19790,DL,3954,,,,,OO,20304,OO,3954,10599,1059904,30599,BHM,"Birmingham, AL",AL,1,Alabama,51,11433,1143302,31295,DTW,"Detroit, MI",MI,26,Michigan,43,610,-4.0,0.0,0.0,-1.0,0600-0659,18.0,624.0,857.0,8.0,911,905.0,-6.0,0.0,0.0,-1.0,0900-0959,0.0,,0.0,121.0,119.0,93.0,1.0,625.0,3,,,0.0,,0.0,,,,0,,,,,,,,,,,,,,,,,,,,,,,,,,,,,,,,,,,,,,,,,,,,,N,4.0,0.0,6.0,9.0,0.0,0.0,28.0,36.0,6,9,1.0,1.0,29.0,37.0,8,8,0,0.0,0.0,N630SK,N630SK-DL-0,29.0,40.0,8.0,37.0,48.0,,,0.0,29,37,0.0,0.0
N630VA,547.0,2019,2,5,2,4,2019-05-02,AS,AS,19930,AS,1039,,,,,AS,19930,AS,1039,12889,1288903,32211,LAS,"Las Vegas, NV",NV,32,Nevada,85,14747,1474703,30559,SEA,"Seattle, WA",WA,53,Washington,93,600,-13.0,0.0,0.0,-1.0,0600-0659,16.0,603.0,820.0,9.0,850,829.0,-21.0,0.0,0.0,-2.0,0800-0859,0.0,,0.0,170.0,162.0,137.0,1.0,867.0,4,,,0.0,,0.0,,,,0,,,,,,,,,,,,,,,,,,,,,,,,,,,,,,,,,,,,,,,,,,,,,N,12.0,12.0,5.0,8.0,3.0,2.0,35.0,46.0,6,8,0.0,3.0,36.0,47.0,8,8,0,0.0,0.0,N630VA,N630VA-AS-0,36.0,47.0,11.0,47.0,58.0,,,0.0,37,48,1.0,8.28
N631NK,559.0,2019,2,5,2,4,2019-05-02,NK,NK,20416,NK,675,,,,,NK,20416,NK,675,10397,1039707,30397,ATL,"Atlanta, GA",GA,13,Georgia,34,13204,1320402,31454,MCO,"Orlando, FL",FL,12,Florida,33,600,-1.0,0.0,0.0,-1.0,0600-0659,15.0,614.0,716.0,9.0,727,725.0,-2.0,0.0,0.0,-1.0,0700-0759,0.0,,0.0,87.0,86.0,62.0,1.0,404.0,2,,,0.0,,0.0,,,,0,,,,,,,,,,,,,,,,,,,,,,,,,,,,,,,,,,,,,,,,,,,,,N,0.0,0.0,5.0,7.0,4.0,2.0,24.0,30.0,6,7,0.0,2.0,24.0,30.0,2,2,0,1.0,1.0,N631NK,N631NK-NK-0,24.0,36.0,6.0,30.0,42.0,,,0.0,24,30,0.0,0.0
N631NK,902.0,2019,2,5,2,4,2019-05-02,NK,NK,20416,NK,198,,,,,NK,20416,NK,198,13204,1320402,31454,MCO,"Orlando, FL",FL,12,Florida,33,13198,1319801,33198,MCI,"Kansas City, MO",MO,29,Missouri,64,905,-3.0,0.0,0.0,-1.0,0900-0959,18.0,920.0,1045.0,8.0,1056,1053.0,-3.0,0.0,0.0,-1.0,1000-1059,0.0,,0.0,171.0,171.0,145.0,1.0,1072.0,5,,,0.0,,0.0,,,,0,,,,,,,,,,,,,,,,,,,,,,,,,,,,,,,,,,,,,,,,,,,,,N,0.0,4.0,9.0,10.0,0.0,4.0,36.0,48.0,9,10,0.0,4.0,36.0,48.0,8,8,1,1.0,0.0,N631NK,N631NK-NK-1,36.0,48.0,12.0,48.0,60.0,30.0,6.0,0.0,36,48,0.0,0.0
N631RW,700.0,2019,2,5,2,4,2019-05-02,UA,UA_CODESHARE,19977,UA,3438,,,,,YX,20452,YX,3438,14730,1473003,33044,SDF,"Louisville, KY",KY,21,Kentucky,52,12266,1226603,31453,IAH,"Houston, TX",TX,48,Texas,74,700,0.0,0.0,0.0,0.0,0700-0759,18.0,718.0,855.0,11.0,839,906.0,27.0,27.0,1.0,1.0,0800-0859,0.0,,0.0,159.0,186.0,157.0,1.0,788.0,4,0.0,0.0,27.0,0.0,0.0,,,,0,,,,,,,,,,,,,,,,,,,,,,,,,,,,,,,,,,,,,,,,,,,,,N,0.0,4.0,7.0,9.0,0.0,0.0,28.0,40.0,7,8,0.0,3.0,28.0,39.0,5,5,0,0.0,0.0,N631RW,N631RW-UA-0,28.0,40.0,12.0,40.0,52.0,,,2.0,28,40,0.0,0.0
N631SK,454.0,2019,2,5,2,4,2019-05-02,DL,DL_CODESHARE,19790,DL,4767,,,,,OO,20304,OO,4767,11898,1189802,31898,GFK,"Grand Forks, ND",ND,38,North Dakota,66,13487,1348702,31650,MSP,"Minneapolis, MN",MN,27,Minnesota,63,500,-6.0,0.0,0.0,-1.0,0001-0559,14.0,508.0,558.0,6.0,613,604.0,-9.0,0.0,0.0,-1.0,0600-0659,0.0,,0.0,73.0,70.0,50.0,1.0,284.0,2,,,0.0,,0.0,,,,0,,,,,,,,,,,,,,,,,,,,,,,,,,,,,,,,,,,,,,,,,,,,,N,4.0,4.0,4.0,6.0,4.0,0.0,24.0,28.0,5,6,0.0,1.0,24.0,29.0,1,1,0,1.0,1.0,N631SK,N631SK-DL-0,24.0,36.0,4.0,28.0,40.0,,,0.0,24,28,0.0,0.0
N631SK,655.0,2019,2,5,2,4,2019-05-02,DL,DL_CODESHARE,19790,DL,3875,,,,,OO,20304,OO,3875,13487,1348702,31650,MSP,"Minneapolis, MN",MN,27,Minnesota,63,11618,1161802,31703,EWR,"Newark, NJ",NJ,34,New Jersey,21,655,0.0,0.0,0.0,0.0,0600-0659,40.0,735.0,1042.0,5.0,1045,1047.0,2.0,2.0,0.0,0.0,1000-1059,0.0,,0.0,170.0,172.0,127.0,1.0,1008.0,5,,,0.0,,0.0,,,,0,,,,,,,,,,,,,,,,,,,,,,,,,,,,,,,,,,,,,,,,,,,,,N,4.0,0.0,6.0,10.0,4.0,3.0,32.0,43.0,6,10,4.0,3.0,32.0,43.0,1,1,1,1.0,0.0,N631SK,N631SK-DL-1,32.0,44.0,11.0,43.0,55.0,28.0,4.0,0.0,32,43,0.0,0.0
N631VA,609.0,2019,2,5,2,4,2019-05-02,AS,AS,19930,AS,1163,,,,,AS,19930,AS,1163,10423,1042302,30423,AUS,"Austin, TX",TX,48,Texas,74,14747,1474703,30559,SEA,"Seattle, WA",WA,53,Washington,93,620,-11.0,0.0,0.0,-1.0,0600-0659,23.0,632.0,843.0,9.0,850,852.0,2.0,2.0,0.0,0.0,0800-0859,0.0,,0.0,270.0,283.0,251.0,1.0,1770.0,8,,,0.0,,0.0,,,,0,,,,,,,,,,,,,,,,,,,,,,,,,,,,,,,,,,,,,,,,,,,,,N,4.0,12.0,6.0,8.0,1.0,3.0,29.0,47.0,6,8,1.0,3.0,29.0,47.0,5,5,0,0.0,0.0,N631VA,N631VA-AS-0,29.0,41.0,18.0,47.0,59.0,,,0.0,29,47,0.0,0.0
N632AE,808.0,2019,2,5,2,4,2019-05-02,AA,AA_CODESHARE,19805,AA,4922,,,,,PT,20427,PT,4922,15096,1509602,35096,SYR,"Syracuse, NY",NY,36,New York,22,14100,1410005,34100,PHL,"Philadelphia, PA",PA,42,Pennsylvania,23,812,-4.0,0.0,0.0,-1.0,0800-0859,74.0,922.0,1010.0,9.0,930,1019.0,49.0,49.0,1.0,3.0,0900-0959,0.0,,0.0,78.0,131.0,48.0,1.0,228.0,1,0.0,0.0,49.0,0.0,0.0,,,,0,,,,,,,,,,,,,,,,,,,,,,,,,,,,,,,,,,,,,,,,,,,,,N,0.0,0.0,8.0,10.0,1.0,1.0,33.0,41.0,8,9,1.0,2.0,33.0,38.0,9,9,0,0.0,0.0,N632AE,N632AE-AA-0,33.0,45.0,8.0,41.0,53.0,,,3.0,33,41,0.0,0.0
N632CZ,526.0,2019,2,5,2,4,2019-05-02,DL,DL_CODESHARE,19790,DL,5693,,,,,CP,21167,CP,5693,13264,1326403,33264,MFR,"Medford, OR",OR,41,Oregon,92,14747,1474703,30559,SEA,"Seattle, WA",WA,53,Washington,93,534,-8.0,0.0,0.0,-1.0,0001-0559,11.0,537.0,639.0,4.0,710,643.0,-27.0,0.0,0.0,-2.0,0700-0759,0.0,,0.0,96.0,77.0,62.0,1.0,352.0,2,,,0.0,,0.0,,,,0,,,,,,,,,,,,,,,,,,,,,,,,,,,,,,,,,,,,,,,,,,,,,N,12.0,12.0,5.0,6.0,2.0,3.0,34.0,39.0,5,7,2.0,1.0,34.0,41.0,3,3,0,0.0,0.0,N632CZ,N632CZ-DL-0,34.0,46.0,5.0,39.0,51.0,,,0.0,34,40,1.0,3.16
N632NK,602.0,2019,2,5,2,4,2019-05-02,NK,NK,20416,NK,815,,,,,NK,20416,NK,815,10821,1082106,30852,BWI,"Baltimore, MD",MD,24,Maryland,35,13930,1393007,30977,ORD,"Chicago, IL",IL,17,Illinois,41,605,-3.0,0.0,0.0,-1.0,0600-0659,22.0,624.0,709.0,32.0,718,741.0,23.0,23.0,1.0,1.0,0700-0759,0.0,,0.0,133.0,159.0,105.0,1.0,621.0,3,0.0,0.0,23.0,0.0,0.0,,,,0,,,,,,,,,,,,,,,,,,,,,,,,,,,,,,,,,,,,,,,,,,,,,N,0.0,4.0,6.0,7.0,0.0,3.0,24.0,35.0,6,7,0.0,1.0,24.0,33.0,8,8,0,1.0,1.0,N632NK,N632NK-NK-0,24.0,36.0,11.0,35.0,47.0,,,2.0,24,35,0.0,0.0
N632NK,831.0,2019,2,5,2,4,2019-05-02,NK,NK,20416,NK,1315,,,,,NK,20416,NK,1315,13930,1393007,30977,ORD,"Chicago, IL",IL,17,Illinois,41,13495,1349505,33495,MSY,"New Orleans, LA",LA,22,Louisiana,72,808,23.0,23.0,1.0,1.0,0800-0859,31.0,902.0,1114.0,6.0,1030,1120.0,50.0,50.0,1.0,3.0,1000-1059,0.0,,0.0,142.0,169.0,132.0,1.0,836.0,4,0.0,0.0,50.0,0.0,0.0,,,,0,,,,,,,,,,,,,,,,,,,,,,,,,,,,,,,,,,,,,,,,,,,,,N,4.0,4.0,8.0,11.0,2.0,1.0,38.0,49.0,8,10,1.0,2.0,37.0,46.0,4,4,1,1.0,0.0,N632NK,N632NK-NK-1,37.0,50.0,11.0,48.0,61.0,35.0,3.0,3.0,37,48,0.0,0.0
N632RW,555.0,2019,2,5,2,4,2019-05-02,UA,UA_CODESHARE,19977,UA,3721,,,,,YX,20452,YX,3721,13342,1334207,33342,MKE,"Milwaukee, WI",WI,55,Wisconsin,45,11618,1161802,31703,EWR,"Newark, NJ",NJ,34,New Jersey,21,600,-5.0,0.0,0.0,-1.0,0600-0659,20.0,615.0,852.0,9.0,918,901.0,-17.0,0.0,0.0,-2.0,0900-0959,0.0,,0.0,138.0,126.0,97.0,1.0,725.0,3,,,0.0,,0.0,,,,0,,,,,,,,,,,,,,,,,,,,,,,,,,,,,,,,,,,,,,,,,,,,,N,4.0,0.0,5.0,9.0,4.0,0.0,28.0,36.0,6,9,0.0,1.0,28.0,37.0,2,2,0,0.0,0.0,N632RW,N632RW-UA-0,28.0,40.0,8.0,36.0,48.0,,,0.0,28,36,0.0,0.0
N633NK,555.0,2019,2,5,2,4,2019-05-02,NK,NK,20416,NK,169,,,,,NK,20416,NK,169,13487,1348702,31650,MSP,"Minneapolis, MN",MN,27,Minnesota,63,12889,1288903,32211,LAS,"Las Vegas, NV",NV,32,Nevada,85,600,-5.0,0.0,0.0,-1.0,0600-0659,13.0,608.0,724.0,5.0,730,729.0,-1.0,0.0,0.0,-1.0,0700-0759,0.0,,0.0,210.0,214.0,196.0,1.0,1299.0,6,,,0.0,,0.0,,,,0,,,,,,,,,,,,,,,,,,,,,,,,,,,,,,,,,,,,,,,,,,,,,N,4.0,12.0,5.0,7.0,4.0,2.0,28.0,42.0,6,7,0.0,2.0,28.0,42.0,4,4,0,0.0,0.0,N633NK,N633NK-NK-0,28.0,40.0,14.0,42.0,54.0,,,0.0,28,42,0.0,0.0
N633QX,642.0,2019,2,5,2,4,2019-05-02,AS,AS_CODESHARE,19930,AS,2294,,,,,QX,19687,QX,2294,14489,1448902,34489,RDM,"Bend/Redmond, OR",OR,41,Oregon,92,14747,1474703,30559,SEA,"Seattle, WA",WA,53,Washington,93,645,-3.0,0.0,0.0,-1.0,0600-0659,10.0,652.0,739.0,5.0,755,744.0,-11.0,0.0,0.0,-1.0,0700-0759,0.0,,0.0,70.0,62.0,47.0,1.0,228.0,1,,,0.0,,0.0,,,,0,,,,,,,,,,,,,,,,,,,,,,,,,,,,,,,,,,,,,,,,,,,,,N,12.0,12.0,6.0,7.0,3.0,3.0,39.0,43.0,6,7,3.0,4.0,39.0,44.0,7,7,0,0.0,0.0,N633QX,N633QX-AS-0,39.0,51.0,4.0,43.0,55.0,,,0.0,39,43,0.0,0.0
N633RW,638.0,2019,2,5,2,4,2019-05-02,UA,UA_CODESHARE,19977,UA,3452,,,,,YX,20452,YX,3452,14122,1412202,30198,PIT,"Pittsburgh, PA",PA,42,Pennsylvania,23,11618,1161802,31703,EWR,"Newark, NJ",NJ,34,New Jersey,21,645,-7.0,0.0,0.0,-1.0,0600-0659,11.0,649.0,755.0,14.0,815,809.0,-6.0,0.0,0.0,-1.0,0800-0859,0.0,,0.0,90.0,91.0,66.0,1.0,319.0,2,,,0.0,,0.0,,,,0,,,,,,,,,,,,,,,,,,,,,,,,,,,,,,,,,,,,,,,,,,,,,N,0.0,0.0,6.0,8.0,3.0,1.0,27.0,33.0,6,8,3.0,1.0,27.0,33.0,4,4,0,1.0,1.0,N633RW,N633RW-UA-0,27.0,39.0,6.0,33.0,45.0,,,0.0,27,33,0.0,0.0
N633RW,853.0,2019,2,5,2,4,2019-05-02,UA,UA_CODESHARE,19977,UA,3564,,,,,YX,20452,YX,3564,11618,1161802,31703,EWR,"Newark, NJ",NJ,34,New Jersey,21,13931,1393102,33667,ORF,"Norfolk, VA",VA,51,Virginia,38,900,-7.0,0.0,0.0,-1.0,0900-0959,36.0,929.0,1018.0,5.0,1028,1023.0,-5.0,0.0,0.0,-1.0,1000-1059,0.0,,0.0,88.0,90.0,49.0,1.0,284.0,2,,,0.0,,0.0,,,,0,,,,,,,,,,,,,,,,,,,,,,,,,,,,,,,,,,,,,,,,,,,,,N,0.0,0.0,8.0,10.0,4.0,2.0,36.0,42.0,9,10,0.0,2.0,36.0,42.0,1,1,1,1.0,0.0,N633RW,N633RW-UA-1,36.0,48.0,6.0,42.0,54.0,33.0,3.0,0.0,47,53,11.0,40.46
N633SK,822.0,2019,2,5,2,4,2019-05-02,DL,DL_CODESHARE,19790,DL,3660,,,,,OO,20304,OO,3660,15370,1537002,34653,TUL,"Tulsa, OK",OK,40,Oklahoma,73,14869,1486903,34614,SLC,"Salt Lake City, UT",UT,49,Utah,87,830,-8.0,0.0,0.0,-1.0,0800-0859,21.0,843.0,1009.0,8.0,1015,1017.0,2.0,2.0,0.0,0.0,1000-1059,0.0,,0.0,165.0,175.0,146.0,1.0,926.0,4,,,0.0,,0.0,,,,0,,,,,,,,,,,,,,,,,,,,,,,,,,,,,,,,,,,,,,,,,,,,,N,4.0,8.0,8.0,10.0,1.0,1.0,37.0,49.0,8,10,2.0,1.0,38.0,49.0,9,9,0,0.0,0.0,N633SK,N633SK-DL-0,38.0,49.0,12.0,50.0,61.0,,,0.0,38,50,0.0,0.0
N633VA,550.0,2019,2,5,2,4,2019-05-02,AS,AS,19930,AS,1264,,,,,AS,19930,AS,1264,14057,1405702,34057,PDX,"Portland, OR",OR,41,Oregon,92,14771,1477104,32457,SFO,"San Francisco, CA",CA,6,California,91,600,-10.0,0.0,0.0,-1.0,0600-0659,17.0,607.0,729.0,6.0,750,735.0,-15.0,0.0,0.0,-1.0,0700-0759,0.0,,0.0,110.0,105.0,82.0,1.0,550.0,3,,,0.0,,0.0,,,,0,,,,,,,,,,,,,,,,,,,,,,,,,,,,,,,,,,,,,,,,,,,,,N,12.0,12.0,5.0,7.0,3.0,2.0,35.0,42.0,6,7,0.0,3.0,36.0,43.0,9,9,0,0.0,0.0,N633VA,N633VA-AS-0,36.0,47.0,7.0,43.0,54.0,,,0.0,36,43,0.0,0.0
N634AE,859.0,2019,2,5,2,4,2019-05-02,AA,AA_CODESHARE,19805,AA,4843,,,,,PT,20427,PT,4843,11641,1164102,31641,FAY,"Fayetteville, NC",NC,37,North Carolina,36,11057,1105703,31057,CLT,"Charlotte, NC",NC,37,North Carolina,36,900,-1.0,0.0,0.0,-1.0,0900-0959,8.0,907.0,941.0,25.0,1020,1006.0,-14.0,0.0,0.0,-1.0,1000-1059,0.0,,0.0,80.0,67.0,34.0,1.0,118.0,1,,,0.0,,0.0,,,,0,,,,,,,,,,,,,,,,,,,,,,,,,,,,,,,,,,,,,,,,,,,,,N,0.0,0.0,8.0,10.0,4.0,0.0,36.0,40.0,9,10,0.0,1.0,36.0,41.0,4,4,0,0.0,0.0,N634AE,N634AE-AA-0,36.0,48.0,4.0,40.0,52.0,,,0.0,36,40,0.0,0.0
N634CZ,556.0,2019,2,5,2,4,2019-05-02,DL,DL_CODESHARE,19790,DL,5809,,,,,CP,21167,CP,5809,14107,1410702,30466,PHX,"Phoenix, AZ",AZ,4,Arizona,81,12892,1289208,32575,LAX,"Los Angeles, CA",CA,6,California,91,600,-4.0,0.0,0.0,-1.0,0600-0659,15.0,611.0,717.0,10.0,740,727.0,-13.0,0.0,0.0,-1.0,0700-0759,0.0,,0.0,100.0,91.0,66.0,1.0,370.0,2,,,0.0,,0.0,,,,0,,,,,,,,,,,,,,,,,,,,,,,,,,,,,,,,,,,,,,,,,,,,,N,8.0,12.0,5.0,7.0,4.0,2.0,32.0,42.0,6,7,0.0,3.0,32.0,43.0,1,1,0,0.0,0.0,N634CZ,N634CZ-DL-0,32.0,44.0,10.0,42.0,54.0,,,0.0,32,42,0.0,0.0
N634QX,737.0,2019,2,5,2,4,2019-05-02,AS,AS_CODESHARE,19930,AS,2433,,,,,QX,19687,QX,2433,10620,1062003,30620,BIL,"Billings, MT",MT,30,Montana,84,14747,1474703,30559,SEA,"Seattle, WA",WA,53,Washington,93,745,-8.0,0.0,0.0,-1.0,0700-0759,33.0,810.0,906.0,3.0,850,909.0,19.0,19.0,1.0,1.0,0800-0859,0.0,,0.0,125.0,152.0,116.0,1.0,664.0,3,0.0,0.0,19.0,0.0,0.0,,,,0,,,,,,,,,,,,,,,,,,,,,,,,,,,,,,,,,,,,,,,,,,,,,N,8.0,12.0,7.0,9.0,2.0,1.0,38.0,49.0,7,8,3.0,3.0,39.0,47.0,3,3,0,0.0,0.0,N634QX,N634QX-AS-0,39.0,50.0,11.0,50.0,61.0,,,1.0,39,53,3.0,11.9
N635AE,736.0,2019,2,5,2,4,2019-05-02,AA,AA_CODESHARE,19805,AA,4898,,,,,PT,20427,PT,4898,14524,1452401,34524,RIC,"Richmond, VA",VA,51,Virginia,38,14100,1410005,34100,PHL,"Philadelphia, PA",PA,42,Pennsylvania,23,702,34.0,34.0,1.0,2.0,0700-0759,12.0,748.0,833.0,13.0,810,846.0,36.0,36.0,1.0,2.0,0800-0859,0.0,,0.0,68.0,70.0,45.0,1.0,198.0,1,0.0,0.0,36.0,0.0,0.0,,,,0,,,,,,,,,,,,,,,,,,,,,,,,,,,,,,,,,,,,,,,,,,,,,N,0.0,0.0,7.0,8.0,2.0,3.0,30.0,35.0,7,8,0.0,1.0,28.0,33.0,5,5,0,1.0,1.0,N635AE,N635AE-AA-0,28.0,42.0,5.0,33.0,47.0,,,2.0,29,35,2.0,11.2
N635AE,913.0,2019,2,5,2,4,2019-05-02,AA,AA_CODESHARE,19805,AA,4999,,,,,PT,20427,PT,4999,14100,1410005,34100,PHL,"Philadelphia, PA",PA,42,Pennsylvania,23,12365,1236504,32365,IPT,"Williamsport, PA",PA,42,Pennsylvania,23,905,8.0,8.0,0.0,0.0,0900-0959,33.0,946.0,1017.0,5.0,1021,1022.0,1.0,1.0,0.0,0.0,1000-1059,0.0,,0.0,76.0,69.0,31.0,1.0,129.0,1,,,0.0,,0.0,,,,0,,,,,,,,,,,,,,,,,,,,,,,,,,,,,,,,,,,,,,,,,,,,,N,0.0,0.0,9.0,10.0,1.0,1.0,37.0,41.0,9,10,0.0,1.0,36.0,41.0,9,9,1,1.0,0.0,N635AE,N635AE-AA-1,37.0,49.0,4.0,41.0,53.0,35.0,2.0,0.0,37,41,0.0,0.0
N635RW,608.0,2019,2,5,2,4,2019-05-02,UA,UA_CODESHARE,19977,UA,3600,,,,,YX,20452,YX,3600,11618,1161802,31703,EWR,"Newark, NJ",NJ,34,New Jersey,21,14122,1412202,30198,PIT,"Pittsburgh, PA",PA,42,Pennsylvania,23,615,-7.0,0.0,0.0,-1.0,0600-0659,42.0,650.0,746.0,5.0,744,751.0,7.0,7.0,0.0,0.0,0700-0759,0.0,,0.0,89.0,103.0,56.0,1.0,319.0,2,,,0.0,,0.0,,,,0,,,,,,,,,,,,,,,,,,,,,,,,,,,,,,,,,,,,,,,,,,,,,N,0.0,0.0,6.0,7.0,1.0,3.0,25.0,31.0,6,7,1.0,3.0,25.0,31.0,8,8,0,1.0,1.0,N635RW,N635RW-UA-0,25.0,37.0,6.0,31.0,43.0,,,0.0,25,31,0.0,0.0
N635RW,815.0,2019,2,5,2,4,2019-05-02,UA,UA_CODESHARE,19977,UA,3609,,,,,YX,20452,YX,3609,14122,1412202,30198,PIT,"Pittsburgh, PA",PA,42,Pennsylvania,23,11618,1161802,31703,EWR,"Newark, NJ",NJ,34,New Jersey,21,825,-10.0,0.0,0.0,-1.0,0800-0859,21.0,836.0,934.0,6.0,946,940.0,-6.0,0.0,0.0,-1.0,0900-0959,0.0,,0.0,81.0,85.0,58.0,1.0,319.0,2,,,0.0,,0.0,,,,0,,,,,,,,,,,,,,,,,,,,,,,,,,,,,,,,,,,,,,,,,,,,,N,0.0,0.0,8.0,9.0,1.0,3.0,33.0,39.0,8,9,2.0,3.0,34.0,39.0,5,5,1,1.0,0.0,N635RW,N635RW-UA-1,34.0,45.0,6.0,40.0,51.0,31.0,2.0,0.0,34,40,0.0,0.0
N635VA,548.0,2019,2,5,2,4,2019-05-02,AS,AS,19930,AS,1280,,,,,AS,19930,AS,1280,14747,1474703,30559,SEA,"Seattle, WA",WA,53,Washington,93,14908,1490803,32575,SNA,"Santa Ana, CA",CA,6,California,91,545,3.0,3.0,0.0,0.0,0001-0559,18.0,606.0,819.0,5.0,835,824.0,-11.0,0.0,0.0,-1.0,0800-0859,0.0,,0.0,170.0,156.0,133.0,1.0,978.0,4,,,0.0,,0.0,,,,0,,,,,,,,,,,,,,,,,,,,,,,,,,,,,,,,,,,,,,,,,,,,,N,12.0,12.0,5.0,8.0,3.0,2.0,35.0,46.0,5,8,3.0,2.0,35.0,46.0,7,7,0,0.0,0.0,N635VA,N635VA-AS-0,35.0,47.0,11.0,46.0,58.0,,,0.0,35,46,0.0,0.0
N636AE,658.0,2019,2,5,2,4,2019-05-02,AA,AA_CODESHARE,19805,AA,4788,,,,,PT,20427,PT,4788,15323,1532305,35323,TRI,"Bristol/Johnson City/Kingsport, TN",TN,47,Tennessee,54,11057,1105703,31057,CLT,"Charlotte, NC",NC,37,North Carolina,36,704,-6.0,0.0,0.0,-1.0,0700-0759,17.0,715.0,744.0,30.0,816,814.0,-2.0,0.0,0.0,-1.0,0800-0859,0.0,,0.0,72.0,76.0,29.0,1.0,119.0,1,,,0.0,,0.0,,,,0,,,,,,,,,,,,,,,,,,,,,,,,,,,,,,,,,,,,,,,,,,,,,N,0.0,0.0,6.0,8.0,4.0,1.0,28.0,33.0,7,8,0.0,1.0,28.0,33.0,6,6,0,1.0,1.0,N636AE,N636AE-AA-0,28.0,40.0,5.0,33.0,45.0,,,0.0,28,33,0.0,0.0
N636AE,920.0,2019,2,5,2,4,2019-05-02,AA,AA_CODESHARE,19805,AA,4831,,,,,PT,20427,PT,4831,11057,1105703,31057,CLT,"Charlotte, NC",NC,37,North Carolina,36,14092,1409205,34092,PGV,"Greenville, NC",NC,37,North Carolina,36,926,-6.0,0.0,0.0,-1.0,0900-0959,33.0,953.0,1029.0,7.0,1037,1036.0,-1.0,0.0,0.0,-1.0,1000-1059,0.0,,0.0,71.0,76.0,36.0,1.0,203.0,1,,,0.0,,0.0,,,,0,,,,,,,,,,,,,,,,,,,,,,,,,,,,,,,,,,,,,,,,,,,,,N,0.0,0.0,9.0,10.0,1.0,2.0,37.0,42.0,9,10,2.0,2.0,38.0,42.0,8,8,1,1.0,0.0,N636AE,N636AE-AA-1,38.0,49.0,5.0,43.0,54.0,33.0,4.0,0.0,38,43,0.0,0.0
N636CZ,547.0,2019,2,5,2,4,2019-05-02,DL,DL_CODESHARE,19790,DL,5807,,,,,CP,21167,CP,5807,14489,1448902,34489,RDM,"Bend/Redmond, OR",OR,41,Oregon,92,14747,1474703,30559,SEA,"Seattle, WA",WA,53,Washington,93,555,-8.0,0.0,0.0,-1.0,0001-0559,11.0,558.0,646.0,8.0,710,654.0,-16.0,0.0,0.0,-2.0,0700-0759,0.0,,0.0,75.0,67.0,48.0,1.0,228.0,1,,,0.0,,0.0,,,,0,,,,,,,,,,,,,,,,,,,,,,,,,,,,,,,,,,,,,,,,,,,,,N,12.0,12.0,5.0,6.0,3.0,4.0,35.0,40.0,5,7,4.0,1.0,36.0,41.0,5,5,0,0.0,0.0,N636CZ,N636CZ-DL-0,36.0,47.0,5.0,41.0,52.0,,,0.0,36,41,0.0,0.0
N636NK,827.0,2019,2,5,2,4,2019-05-02,NK,NK,20416,NK,163,,,,,NK,20416,NK,163,11298,1129806,30194,DFW,"Dallas/Fort Worth, TX",TX,48,Texas,74,10397,1039707,30397,ATL,"Atlanta, GA",GA,13,Georgia,34,830,-3.0,0.0,0.0,-1.0,0800-0859,9.0,836.0,1123.0,12.0,1143,1135.0,-8.0,0.0,0.0,-1.0,1100-1159,0.0,,0.0,133.0,128.0,107.0,1.0,731.0,3,,,0.0,,0.0,,,,0,,,,,,,,,,,,,,,,,,,,,,,,,,,,,,,,,,,,,,,,,,,,,N,4.0,0.0,8.0,11.0,2.0,2.0,38.0,46.0,8,11,2.0,3.0,38.0,47.0,5,5,0,0.0,0.0,N636NK,N636NK-NK-0,38.0,50.0,8.0,46.0,58.0,,,0.0,38,46,0.0,0.0
N636QX,452.0,2019,2,5,2,4,2019-05-02,AS,AS_CODESHARE,19930,AS,2697,,,,,QX,19687,QX,2697,11884,1188402,31884,GEG,"Spokane, WA",WA,53,Washington,93,14747,1474703,30559,SEA,"Seattle, WA",WA,53,Washington,93,500,-8.0,0.0,0.0,-1.0,0001-0559,14.0,506.0,549.0,8.0,610,557.0,-13.0,0.0,0.0,-1.0,0600-0659,0.0,,0.0,70.0,65.0,43.0,1.0,224.0,1,,,0.0,,0.0,,,,0,,,,,,,,,,,,,,,,,,,,,,,,,,,,,,,,,,,,,,,,,,,,,N,12.0,12.0,4.0,5.0,3.0,4.0,31.0,36.0,5,6,0.0,1.0,32.0,37.0,4,4,0,0.0,0.0,N636QX,N636QX-AS-0,32.0,43.0,5.0,37.0,48.0,,,0.0,32,37,0.0,0.0
N636RW,918.0,2019,2,5,2,4,2019-05-02,UA,UA_CODESHARE,19977,UA,3440,,,,,YX,20452,YX,3440,11986,1198603,31986,GRR,"Grand Rapids, MI",MI,26,Michigan,43,13930,1393007,30977,ORD,"Chicago, IL",IL,17,Illinois,41,840,38.0,38.0,1.0,2.0,0800-0859,13.0,931.0,909.0,14.0,850,923.0,33.0,33.0,1.0,2.0,0800-0859,0.0,,0.0,70.0,65.0,38.0,1.0,137.0,1,0.0,0.0,33.0,0.0,0.0,,,,0,,,,,,,,,,,,,,,,,,,,,,,,,,,,,,,,,,,,,,,,,,,,,N,0.0,4.0,9.0,9.0,1.0,2.0,37.0,42.0,8,8,3.0,3.0,35.0,39.0,8,8,0,0.0,0.0,N636RW,N636RW-UA-0,35.0,49.0,5.0,40.0,54.0,,,2.0,35,40,0.0,0.0
N637AE,559.0,2019,2,5,2,4,2019-05-02,AA,AA_CODESHARE,19805,AA,4818,,,,,PT,20427,PT,4818,10257,1025702,30257,ALB,"Albany, NY",NY,36,New York,22,14100,1410005,34100,PHL,"Philadelphia, PA",PA,42,Pennsylvania,23,601,-2.0,0.0,0.0,-1.0,0600-0659,12.0,611.0,716.0,9.0,715,725.0,10.0,10.0,0.0,0.0,0700-0759,0.0,,0.0,74.0,86.0,65.0,1.0,212.0,1,,,0.0,,0.0,,,,0,,,,,,,,,,,,,,,,,,,,,,,,,,,,,,,,,,,,,,,,,,,,,N,0.0,0.0,5.0,7.0,4.0,2.0,24.0,30.0,6,7,0.0,1.0,24.0,29.0,3,3,0,1.0,1.0,N637AE,N637AE-AA-0,24.0,36.0,6.0,30.0,42.0,,,0.0,24,30,0.0,0.0
N637AE,821.0,2019,2,5,2,4,2019-05-02,AA,AA_CODESHARE,19805,AA,4839,,,,,PT,20427,PT,4839,14100,1410005,34100,PHL,"Philadelphia, PA",PA,42,Pennsylvania,23,10785,1078502,30785,BTV,"Burlington, VT",VT,50,Vermont,16,825,-4.0,0.0,0.0,-1.0,0800-0859,46.0,907.0,1010.0,4.0,1009,1014.0,5.0,5.0,0.0,0.0,1000-1059,0.0,,0.0,104.0,113.0,63.0,1.0,335.0,2,,,0.0,,0.0,,,,0,,,,,,,,,,,,,,,,,,,,,,,,,,,,,,,,,,,,,,,,,,,,,N,0.0,0.0,8.0,10.0,1.0,1.0,33.0,41.0,8,10,2.0,1.0,34.0,41.0,7,7,1,1.0,0.0,N637AE,N637AE-AA-1,34.0,45.0,8.0,42.0,53.0,30.0,3.0,0.0,34,42,0.0,0.0
N637JB,700.0,2019,2,5,2,4,2019-05-02,B6,B6,20409,B6,2701,,,,,B6,20409,B6,2701,12478,1247805,31703,JFK,"New York, NY",NY,36,New York,22,11697,1169706,32467,FLL,"Fort Lauderdale, FL",FL,12,Florida,33,705,-5.0,0.0,0.0,-1.0,0700-0759,23.0,723.0,949.0,5.0,1017,954.0,-23.0,0.0,0.0,-2.0,1000-1059,0.0,,0.0,192.0,174.0,146.0,1.0,1069.0,5,,,0.0,,0.0,,,,0,,,,,,,,,,,,,,,,,,,,,,,,,,,,,,,,,,,,,,,,,,,,,N,0.0,0.0,7.0,9.0,0.0,4.0,28.0,40.0,7,10,0.0,1.0,28.0,41.0,7,7,0,0.0,0.0,N637JB,N637JB-B6-0,28.0,40.0,12.0,40.0,52.0,,,0.0,28,40,0.0,0.0
N637QX,640.0,2019,2,5,2,4,2019-05-02,AS,AS_CODESHARE,19930,AS,2635,,,,,QX,19687,QX,2635,11884,1188402,31884,GEG,"Spokane, WA",WA,53,Washington,93,14679,1467903,33570,SAN,"San Diego, CA",CA,6,California,91,650,-10.0,0.0,0.0,-1.0,0600-0659,13.0,653.0,912.0,3.0,935,915.0,-20.0,0.0,0.0,-2.0,0900-0959,0.0,,0.0,165.0,155.0,139.0,1.0,1027.0,5,,,0.0,,0.0,,,,0,,,,,,,,,,,,,,,,,,,,,,,,,,,,,,,,,,,,,,,,,,,,,N,12.0,12.0,6.0,9.0,3.0,1.0,39.0,49.0,6,9,3.0,2.0,39.0,50.0,3,3,0,0.0,0.0,N637QX,N637QX-AS-0,39.0,51.0,10.0,49.0,61.0,,,0.0,39,49,0.0,0.0
N637RW,721.0,2019,2,5,2,4,2019-05-02,UA,UA_CODESHARE,19977,UA,3514,,,,,YX,20452,YX,3514,12266,1226603,31453,IAH,"Houston, TX",TX,48,Texas,74,14122,1412202,30198,PIT,"Pittsburgh, PA",PA,42,Pennsylvania,23,725,-4.0,0.0,0.0,-1.0,0700-0759,18.0,739.0,1107.0,4.0,1119,1111.0,-8.0,0.0,0.0,-1.0,1100-1159,0.0,,0.0,174.0,170.0,148.0,1.0,1117.0,5,,,0.0,,0.0,,,,0,,,,,,,,,,,,,,,,,,,,,,,,,,,,,,,,,,,,,,,,,,,,,N,4.0,0.0,7.0,11.0,1.0,1.0,33.0,45.0,7,11,2.0,1.0,34.0,45.0,8,8,0,0.0,0.0,N637RW,N637RW-UA-0,34.0,45.0,12.0,46.0,57.0,,,0.0,34,46,0.0,0.0
N63890,746.0,2019,2,5,2,4,2019-05-02,UA,UA,19977,UA,1253,,,,,UA,19977,UA,1253,12266,1226603,31453,IAH,"Houston, TX",TX,48,Texas,74,10721,1072102,30721,BOS,"Boston, MA",MA,25,Massachusetts,13,750,-4.0,0.0,0.0,-1.0,0700-0759,53.0,839.0,1259.0,6.0,1235,1305.0,30.0,30.0,1.0,2.0,1200-1259,0.0,,0.0,225.0,259.0,200.0,1.0,1597.0,7,0.0,0.0,30.0,0.0,0.0,,,,0,,,,,,,,,,,,,,,,,,,,,,,,,,,,,,,,,,,,,,,,,,,,,N,4.0,0.0,7.0,13.0,3.0,0.0,35.0,52.0,7,12,3.0,2.0,35.0,50.0,7,7,0,0.0,0.0,N63890,N63890-UA-0,35.0,47.0,17.0,52.0,64.0,,,2.0,35,52,0.0,0.0
N638RW,801.0,2019,2,5,2,4,2019-05-02,UA,UA_CODESHARE,19977,UA,3423,,,,,YX,20452,YX,3423,11618,1161802,31703,EWR,"Newark, NJ",NJ,34,New Jersey,21,13487,1348702,31650,MSP,"Minneapolis, MN",MN,27,Minnesota,63,730,31.0,31.0,1.0,2.0,0700-0759,16.0,817.0,948.0,6.0,946,954.0,8.0,8.0,0.0,0.0,0900-0959,0.0,,0.0,196.0,173.0,151.0,1.0,1008.0,5,,,0.0,,0.0,,,,0,,,,,,,,,,,,,,,,,,,,,,,,,,,,,,,,,,,,,,,,,,,,,N,0.0,4.0,8.0,9.0,0.0,4.0,32.0,44.0,7,9,2.0,3.0,30.0,43.0,7,7,0,0.0,0.0,N638RW,N638RW-UA-0,32.0,44.0,12.0,44.0,56.0,,,0.0,32,44,0.0,0.0
N639AE,600.0,2019,2,5,2,4,2019-05-02,AA,AA_CODESHARE,19805,AA,4930,,,,,PT,20427,PT,4930,15070,1507002,31703,SWF,"Newburgh/Poughkeepsie, NY",NY,36,New York,22,14100,1410005,34100,PHL,"Philadelphia, PA",PA,42,Pennsylvania,23,605,-5.0,0.0,0.0,-1.0,0600-0659,77.0,717.0,800.0,9.0,714,809.0,55.0,55.0,1.0,3.0,0700-0759,0.0,,0.0,69.0,129.0,43.0,1.0,127.0,1,0.0,0.0,55.0,0.0,0.0,,,,0,,,,,,,,,,,,,,,,,,,,,,,,,,,,,,,,,,,,,,,,,,,,,N,0.0,0.0,6.0,8.0,0.0,1.0,24.0,33.0,6,7,0.0,1.0,24.0,29.0,6,6,0,1.0,1.0,N639AE,N639AE-AA-0,24.0,36.0,9.0,33.0,45.0,,,4.0,25,35,2.0,13.06
N639AE,835.0,2019,2,5,2,4,2019-05-02,AA,AA_CODESHARE,19805,AA,4797,,,,,PT,20427,PT,4797,14100,1410005,34100,PHL,"Philadelphia, PA",PA,42,Pennsylvania,23,10529,1052906,30529,BDL,"Hartford, CT",CT,9,Connecticut,11,835,0.0,0.0,0.0,0.0,0800-0859,35.0,910.0,951.0,5.0,1001,956.0,-5.0,0.0,0.0,-1.0,1000-1059,0.0,,0.0,86.0,81.0,41.0,1.0,196.0,1,,,0.0,,0.0,,,,0,,,,,,,,,,,,,,,,,,,,,,,,,,,,,,,,,,,,,,,,,,,,,N,0.0,0.0,8.0,9.0,2.0,4.0,34.0,40.0,8,10,2.0,0.0,34.0,40.0,5,5,1,1.0,0.0,N639AE,N639AE-AA-1,34.0,46.0,6.0,40.0,52.0,33.0,1.0,0.0,36,42,2.0,11.04
N639CZ,615.0,2019,2,5,2,4,2019-05-02,DL,DL_CODESHARE,19790,DL,5825,,,,,CP,21167,CP,5825,12889,1288903,32211,LAS,"Las Vegas, NV",NV,32,Nevada,85,14869,1486903,34614,SLC,"Salt Lake City, UT",UT,49,Utah,87,620,-5.0,0.0,0.0,-1.0,0600-0659,13.0,628.0,830.0,24.0,845,854.0,9.0,9.0,0.0,0.0,0800-0859,0.0,,0.0,85.0,99.0,62.0,1.0,368.0,2,,,0.0,,0.0,,,,0,,,,,,,,,,,,,,,,,,,,,,,,,,,,,,,,,,,,,,,,,,,,,N,12.0,8.0,6.0,8.0,1.0,4.0,37.0,44.0,6,8,1.0,3.0,37.0,43.0,6,6,0,0.0,0.0,N639CZ,N639CZ-DL-0,37.0,49.0,7.0,44.0,56.0,,,0.0,37,44,0.0,0.0
N639NK,45.0,2019,2,5,2,4,2019-05-02,NK,NK,20416,NK,456,,,,,NK,20416,NK,456,12889,1288903,32211,LAS,"Las Vegas, NV",NV,32,Nevada,85,13930,1393007,30977,ORD,"Chicago, IL",IL,17,Illinois,41,30,15.0,15.0,1.0,1.0,0001-0559,9.0,54.0,544.0,11.0,608,555.0,-13.0,0.0,0.0,-1.0,0600-0659,0.0,,0.0,218.0,190.0,170.0,1.0,1514.0,7,,,0.0,,0.0,,,,0,,,,,,,,,,,,,,,,,,,,,,,,,,,,,,,,,,,,,,,,,,,,,N,12.0,4.0,0.0,5.0,3.0,4.0,15.0,28.0,0,6,2.0,1.0,14.0,29.0,4,4,0,1.0,1.0,N639NK,N639NK-NK-0,15.0,27.0,13.0,28.0,40.0,,,0.0,15,28,0.0,0.0
N639NK,703.0,2019,2,5,2,4,2019-05-02,NK,NK,20416,NK,368,,,,,NK,20416,NK,368,13930,1393007,30977,ORD,"Chicago, IL",IL,17,Illinois,41,10821,1082106,30852,BWI,"Baltimore, MD",MD,24,Maryland,35,710,-7.0,0.0,0.0,-1.0,0700-0759,17.0,720.0,955.0,11.0,1002,1006.0,4.0,4.0,0.0,0.0,1000-1059,0.0,,0.0,112.0,123.0,95.0,1.0,621.0,3,,,0.0,,0.0,,,,0,,,,,,,,,,,,,,,,,,,,,,,,,,,,,,,,,,,,,,,,,,,,,N,4.0,0.0,7.0,10.0,0.0,0.0,32.0,40.0,7,10,1.0,0.0,33.0,40.0,6,6,1,1.0,0.0,N639NK,N639NK-NK-1,33.0,44.0,8.0,41.0,52.0,28.0,4.0,0.0,33,41,0.0,0.0
N640AE,524.0,2019,2,5,2,4,2019-05-02,AA,AA_CODESHARE,19805,AA,4904,,,,,PT,20427,PT,4904,13296,1329604,30721,MHT,"Manchester, NH",NH,33,New Hampshire,14,14100,1410005,34100,PHL,"Philadelphia, PA",PA,42,Pennsylvania,23,530,-6.0,0.0,0.0,-1.0,0001-0559,16.0,540.0,648.0,12.0,703,700.0,-3.0,0.0,0.0,-1.0,0700-0759,0.0,,0.0,93.0,96.0,68.0,1.0,289.0,2,,,0.0,,0.0,,,,0,,,,,,,,,,,,,,,,,,,,,,,,,,,,,,,,,,,,,,,,,,,,,N,0.0,0.0,5.0,7.0,2.0,0.0,22.0,28.0,5,7,2.0,0.0,22.0,28.0,2,2,0,1.0,1.0,N640AE,N640AE-AA-0,22.0,34.0,6.0,28.0,40.0,,,0.0,22,28,0.0,0.0
N640AE,825.0,2019,2,5,2,4,2019-05-02,AA,AA_CODESHARE,19805,AA,4806,,,,,PT,20427,PT,4806,14100,1410005,34100,PHL,"Philadelphia, PA",PA,42,Pennsylvania,23,10792,1079206,30792,BUF,"Buffalo, NY",NY,36,New York,22,830,-5.0,0.0,0.0,-1.0,0800-0859,40.0,905.0,956.0,4.0,1006,1000.0,-6.0,0.0,0.0,-1.0,1000-1059,0.0,,0.0,96.0,95.0,51.0,1.0,279.0,2,,,0.0,,0.0,,,,0,,,,,,,,,,,,,,,,,,,,,,,,,,,,,,,,,,,,,,,,,,,,,N,0.0,0.0,8.0,10.0,2.0,0.0,34.0,40.0,8,10,2.0,0.0,34.0,40.0,7,7,1,1.0,0.0,N640AE,N640AE-AA-1,34.0,46.0,6.0,40.0,52.0,28.0,6.0,0.0,34,40,0.0,0.0
N640NK,600.0,2019,2,5,2,4,2019-05-02,NK,NK,20416,NK,538,,,,,NK,20416,NK,538,15304,1530402,33195,TPA,"Tampa, FL",FL,12,Florida,33,14843,1484306,34819,SJU,"San Juan, PR",PR,72,Puerto Rico,3,600,0.0,0.0,0.0,0.0,0600-0659,11.0,611.0,844.0,9.0,856,853.0,-3.0,0.0,0.0,-1.0,0800-0859,0.0,,0.0,176.0,173.0,153.0,1.0,1237.0,5,,,0.0,,0.0,,,,0,,,,,,,,,,,,,,,,,,,,,,,,,,,,,,,,,,,,,,,,,,,,,N,0.0,-4.0,6.0,8.0,0.0,4.0,24.0,32.0,6,8,0.0,4.0,24.0,32.0,7,7,0,0.0,0.0,N640NK,N640NK-NK-0,24.0,36.0,8.0,32.0,44.0,,,0.0,24,32,0.0,0.0
N640RW,557.0,2019,2,5,2,4,2019-05-02,UA,UA_CODESHARE,19977,UA,3520,,,,,YX,20452,YX,3520,13487,1348702,31650,MSP,"Minneapolis, MN",MN,27,Minnesota,63,11618,1161802,31703,EWR,"Newark, NJ",NJ,34,New Jersey,21,600,-3.0,0.0,0.0,-1.0,0600-0659,16.0,613.0,922.0,10.0,945,932.0,-13.0,0.0,0.0,-1.0,0900-0959,0.0,,0.0,165.0,155.0,129.0,1.0,1008.0,5,,,0.0,,0.0,,,,0,,,,,,,,,,,,,,,,,,,,,,,,,,,,,,,,,,,,,,,,,,,,,N,4.0,0.0,5.0,9.0,4.0,2.0,28.0,38.0,6,9,0.0,3.0,28.0,39.0,6,6,0,0.0,0.0,N640RW,N640RW-UA-0,28.0,40.0,10.0,38.0,50.0,,,0.0,28,38,0.0,0.0
N641AE,800.0,2019,2,5,2,4,2019-05-02,AA,AA_CODESHARE,19805,AA,4985,,,,,PT,20427,PT,4985,12391,1239103,31703,ISP,"Islip, NY",NY,36,New York,22,14100,1410005,34100,PHL,"Philadelphia, PA",PA,42,Pennsylvania,23,807,-7.0,0.0,0.0,-1.0,0800-0859,12.0,812.0,859.0,32.0,921,931.0,10.0,10.0,0.0,0.0,0900-0959,0.0,,0.0,74.0,91.0,47.0,1.0,130.0,1,,,0.0,,0.0,,,,0,,,,,,,,,,,,,,,,,,,,,,,,,,,,,,,,,,,,,,,,,,,,,N,0.0,0.0,8.0,9.0,0.0,2.0,32.0,38.0,8,9,0.0,1.0,32.0,37.0,1,1,0,0.0,0.0,N641AE,N641AE-AA-0,32.0,44.0,6.0,38.0,50.0,,,0.0,32,44,6.0,14.3
N641JB,331.0,2019,2,5,2,4,2019-05-02,B6,B6,20409,B6,862,,,,,B6,20409,B6,862,14843,1484306,34819,SJU,"San Juan, PR",PR,72,Puerto Rico,3,10721,1072102,30721,BOS,"Boston, MA",MA,25,Massachusetts,13,309,22.0,22.0,1.0,1.0,0001-0559,11.0,342.0,721.0,6.0,712,727.0,15.0,15.0,1.0,1.0,0700-0759,0.0,,0.0,243.0,236.0,219.0,1.0,1674.0,7,2.0,0.0,0.0,0.0,13.0,,,,0,,,,,,,,,,,,,,,,,,,,,,,,,,,,,,,,,,,,,,,,,,,,,N,-4.0,0.0,3.0,7.0,2.0,2.0,10.0,30.0,3,7,1.0,1.0,9.0,29.0,7,7,0,0.0,0.0,N641JB,N641JB-B6-0,9.0,22.0,20.0,29.0,42.0,,,1.0,11,31,2.0,14.92
N641NK,729.0,2019,2,5,2,4,2019-05-02,NK,NK,20416,NK,410,,,,,NK,20416,NK,410,11697,1169706,32467,FLL,"Fort Lauderdale, FL",FL,12,Florida,33,10821,1082106,30852,BWI,"Baltimore, MD",MD,24,Maryland,35,730,-1.0,0.0,0.0,-1.0,0700-0759,14.0,743.0,944.0,5.0,1003,949.0,-14.0,0.0,0.0,-1.0,1000-1059,0.0,,0.0,153.0,140.0,121.0,1.0,925.0,4,,,0.0,,0.0,,,,0,,,,,,,,,,,,,,,,,,,,,,,,,,,,,,,,,,,,,,,,,,,,,N,0.0,0.0,7.0,9.0,2.0,3.0,30.0,39.0,7,10,2.0,0.0,30.0,40.0,1,1,0,0.0,0.0,N641NK,N641NK-NK-0,30.0,42.0,9.0,39.0,51.0,,,0.0,30,39,0.0,0.0
N641QX,644.0,2019,2,5,2,4,2019-05-02,AS,AS_CODESHARE,19930,AS,2249,,,,,QX,19687,QX,2249,11884,1188402,31884,GEG,"Spokane, WA",WA,53,Washington,93,14747,1474703,30559,SEA,"Seattle, WA",WA,53,Washington,93,645,-1.0,0.0,0.0,-1.0,0600-0659,11.0,655.0,736.0,6.0,755,742.0,-13.0,0.0,0.0,-1.0,0700-0759,0.0,,0.0,70.0,58.0,41.0,1.0,224.0,1,,,0.0,,0.0,,,,0,,,,,,,,,,,,,,,,,,,,,,,,,,,,,,,,,,,,,,,,,,,,,N,12.0,12.0,6.0,7.0,3.0,3.0,39.0,43.0,6,7,3.0,4.0,39.0,44.0,8,8,0,0.0,0.0,N641QX,N641QX-AS-0,39.0,51.0,4.0,43.0,55.0,,,0.0,39,43,0.0,0.0
N641RW,743.0,2019,2,5,2,4,2019-05-02,UA,UA_CODESHARE,19977,UA,3519,,,,,YX,20452,YX,3519,12266,1226603,31453,IAH,"Houston, TX",TX,48,Texas,74,13487,1348702,31650,MSP,"Minneapolis, MN",MN,27,Minnesota,63,748,-5.0,0.0,0.0,-1.0,0700-0759,43.0,826.0,1109.0,6.0,1040,1115.0,35.0,35.0,1.0,2.0,1000-1059,0.0,,0.0,172.0,212.0,163.0,1.0,1034.0,5,0.0,0.0,35.0,0.0,0.0,,,,0,,,,,,,,,,,,,,,,,,,,,,,,,,,,,,,,,,,,,,,,,,,,,N,4.0,4.0,7.0,11.0,3.0,1.0,35.0,49.0,7,10,3.0,3.0,35.0,47.0,7,7,0,0.0,0.0,N641RW,N641RW-UA-0,35.0,47.0,14.0,49.0,61.0,,,2.0,35,49,0.0,0.0
N641VA,751.0,2019,2,5,2,4,2019-05-02,AS,AS,19930,AS,1357,,,,,AS,19930,AS,1357,10721,1072102,30721,BOS,"Boston, MA",MA,25,Massachusetts,13,14771,1477104,32457,SFO,"San Francisco, CA",CA,6,California,91,800,-9.0,0.0,0.0,-1.0,0800-0859,33.0,824.0,1158.0,5.0,1145,1203.0,18.0,18.0,1.0,1.0,1100-1159,0.0,,0.0,405.0,432.0,394.0,1.0,2704.0,11,0.0,0.0,18.0,0.0,0.0,,,,0,,,,,,,,,,,,,,,,,,,,,,,,,,,,,,,,,,,,,,,,,,,,,N,0.0,12.0,7.0,12.0,3.0,0.0,31.0,60.0,8,11,0.0,3.0,32.0,59.0,9,9,0,0.0,0.0,N641VA,N641VA-AS-0,32.0,43.0,29.0,61.0,72.0,,,1.0,32,61,0.0,0.0
N642AE,554.0,2019,2,5,2,4,2019-05-02,AA,AA_CODESHARE,19805,AA,4815,,,,,PT,20427,PT,4815,13933,1393305,33933,ORH,"Worcester, MA",MA,25,Massachusetts,13,14100,1410005,34100,PHL,"Philadelphia, PA",PA,42,Pennsylvania,23,606,-12.0,0.0,0.0,-1.0,0600-0659,22.0,616.0,732.0,10.0,730,742.0,12.0,12.0,0.0,0.0,0700-0759,0.0,,0.0,84.0,108.0,76.0,1.0,241.0,1,,,0.0,,0.0,,,,0,,,,,,,,,,,,,,,,,,,,,,,,,,,,,,,,,,,,,,,,,,,,,N,0.0,0.0,5.0,7.0,4.0,3.0,24.0,31.0,6,7,0.0,2.0,24.0,30.0,2,2,0,1.0,1.0,N642AE,N642AE-AA-0,24.0,36.0,7.0,31.0,43.0,,,0.0,24,37,6.0,21.16
N642AE,812.0,2019,2,5,2,4,2019-05-02,AA,AA_CODESHARE,19805,AA,4927,,,,,PT,20427,PT,4927,14100,1410005,34100,PHL,"Philadelphia, PA",PA,42,Pennsylvania,23,11996,1199603,31871,GSP,"Greer, SC",SC,45,South Carolina,37,820,-8.0,0.0,0.0,-1.0,0800-0859,25.0,837.0,955.0,5.0,1022,1000.0,-22.0,0.0,0.0,-2.0,1000-1059,0.0,,0.0,122.0,108.0,78.0,1.0,515.0,3,,,0.0,,0.0,,,,0,,,,,,,,,,,,,,,,,,,,,,,,,,,,,,,,,,,,,,,,,,,,,N,0.0,0.0,8.0,10.0,1.0,0.0,33.0,40.0,8,10,1.0,1.0,33.0,41.0,3,3,1,1.0,0.0,N642AE,N642AE-AA-1,33.0,45.0,7.0,40.0,52.0,31.0,2.0,0.0,39,46,6.0,26.86
N642NK,759.0,2019,2,5,2,4,2019-05-02,NK,NK,20416,NK,311,,,,,NK,20416,NK,311,10158,1015804,30158,ACY,"Atlantic City, NJ",NJ,34,New Jersey,21,13204,1320402,31454,MCO,"Orlando, FL",FL,12,Florida,33,805,-6.0,0.0,0.0,-1.0,0800-0859,9.0,808.0,1007.0,11.0,1036,1018.0,-18.0,0.0,0.0,-2.0,1000-1059,0.0,,0.0,151.0,139.0,119.0,1.0,852.0,4,,,0.0,,0.0,,,,0,,,,,,,,,,,,,,,,,,,,,,,,,,,,,,,,,,,,,,,,,,,,,N,0.0,0.0,7.0,10.0,4.0,1.0,32.0,41.0,8,10,0.0,2.0,32.0,42.0,1,1,0,0.0,0.0,N642NK,N642NK-NK-0,32.0,44.0,9.0,41.0,53.0,,,0.0,32,42,1.0,1.22
N642RW,818.0,2019,2,5,2,4,2019-05-02,UA,UA_CODESHARE,19977,UA,3578,,,,,YX,20452,YX,3578,11618,1161802,31703,EWR,"Newark, NJ",NJ,34,New Jersey,21,10693,1069302,30693,BNA,"Nashville, TN",TN,47,Tennessee,54,820,-2.0,0.0,0.0,-1.0,0800-0859,15.0,833.0,919.0,13.0,958,932.0,-26.0,0.0,0.0,-2.0,0900-0959,0.0,,0.0,158.0,134.0,106.0,1.0,748.0,3,,,0.0,,0.0,,,,0,,,,,,,,,,,,,,,,,,,,,,,,,,,,,,,,,,,,,,,,,,,,,N,0.0,4.0,8.0,9.0,1.0,2.0,33.0,42.0,8,9,1.0,4.0,33.0,44.0,2,2,0,0.0,0.0,N642RW,N642RW-UA-0,33.0,45.0,9.0,42.0,54.0,,,0.0,33,42,0.0,0.0
N642VA,824.0,2019,2,5,2,4,2019-05-02,AS,AS,19930,AS,1071,,,,,AS,19930,AS,1071,12264,1226402,30852,IAD,"Washington, DC",VA,51,Virginia,38,14771,1477104,32457,SFO,"San Francisco, CA",CA,6,California,91,820,4.0,4.0,0.0,0.0,0800-0859,24.0,848.0,1136.0,3.0,1115,1139.0,24.0,24.0,1.0,1.0,1100-1159,0.0,,0.0,355.0,375.0,348.0,1.0,2419.0,10,0.0,0.0,24.0,0.0,0.0,,,,0,,,,,,,,,,,,,,,,,,,,,,,,,,,,,,,,,,,,,,,,,,,,,N,0.0,12.0,8.0,11.0,2.0,3.0,34.0,59.0,8,11,1.0,1.0,33.0,57.0,6,6,0,0.0,0.0,N642VA,N642VA-AS-0,33.0,46.0,25.0,58.0,71.0,,,2.0,33,58,0.0,0.0
N643AE,525.0,2019,2,5,2,4,2019-05-02,AA,AA_CODESHARE,19805,AA,4978,,,,,PT,20427,PT,4978,11617,1161708,31617,EWN,"New Bern/Morehead/Beaufort, NC",NC,37,North Carolina,36,11057,1105703,31057,CLT,"Charlotte, NC",NC,37,North Carolina,36,535,-10.0,0.0,0.0,-1.0,0001-0559,10.0,535.0,631.0,13.0,648,644.0,-4.0,0.0,0.0,-1.0,0600-0659,0.0,,0.0,73.0,79.0,56.0,1.0,221.0,1,,,0.0,,0.0,,,,0,,,,,,,,,,,,,,,,,,,,,,,,,,,,,,,,,,,,,,,,,,,,,N,0.0,0.0,5.0,6.0,2.0,3.0,22.0,27.0,5,6,2.0,3.0,22.0,27.0,2,2,0,2.0,2.0,N643AE,N643AE-AA-0,22.0,34.0,5.0,27.0,39.0,,,0.0,22,27,0.0,0.0
N643AE,810.0,2019,2,5,2,4,2019-05-02,AA,AA_CODESHARE,19805,AA,4991,,,,,PT,20427,PT,4991,11057,1105703,31057,CLT,"Charlotte, NC",NC,37,North Carolina,36,10208,1020803,30208,AGS,"Augusta, GA",GA,13,Georgia,34,747,23.0,23.0,1.0,1.0,0700-0759,17.0,827.0,858.0,6.0,901,904.0,3.0,3.0,0.0,0.0,0900-0959,0.0,,0.0,74.0,54.0,31.0,1.0,140.0,1,,,0.0,,0.0,,,,0,,,,,,,,,,,,,,,,,,,,,,,,,,,,,,,,,,,,,,,,,,,,,N,0.0,0.0,8.0,9.0,1.0,0.0,33.0,36.0,7,9,3.0,0.0,31.0,36.0,5,5,1,2.0,1.0,N643AE,N643AE-AA-1,33.0,45.0,3.0,36.0,48.0,27.0,6.0,0.0,33,36,0.0,0.0
N643AE,928.0,2019,2,5,2,4,2019-05-02,AA,AA_CODESHARE,19805,AA,4991,,,,,PT,20427,PT,4991,10208,1020803,30208,AGS,"Augusta, GA",GA,13,Georgia,34,11057,1105703,31057,CLT,"Charlotte, NC",NC,37,North Carolina,36,926,2.0,2.0,0.0,0.0,0900-0959,31.0,959.0,1038.0,12.0,1038,1050.0,12.0,12.0,0.0,0.0,1000-1059,0.0,,0.0,72.0,82.0,39.0,1.0,140.0,1,,,0.0,,0.0,,,,0,,,,,,,,,,,,,,,,,,,,,,,,,,,,,,,,,,,,,,,,,,,,,N,0.0,0.0,9.0,10.0,2.0,3.0,38.0,43.0,9,10,2.0,3.0,38.0,43.0,4,4,2,2.0,0.0,N643AE,N643AE-AA-2,38.0,50.0,5.0,43.0,55.0,36.0,2.0,0.0,38,43,0.0,0.0
N643NK,204.0,2019,2,5,2,4,2019-05-02,NK,NK,20416,NK,972,,,,,NK,20416,NK,972,14107,1410702,30466,PHX,"Phoenix, AZ",AZ,4,Arizona,81,11298,1129806,30194,DFW,"Dallas/Fort Worth, TX",TX,48,Texas,74,48,76.0,76.0,1.0,5.0,0001-0559,12.0,216.0,606.0,6.0,500,612.0,72.0,72.0,1.0,4.0,0001-0559,0.0,,0.0,132.0,128.0,110.0,1.0,868.0,4,0.0,0.0,0.0,0.0,72.0,,,,0,,,,,,,,,,,,,,,,,,,,,,,,,,,,,,,,,,,,,,,,,,,,,N,8.0,4.0,2.0,6.0,0.0,1.0,16.0,29.0,0,5,3.0,0.0,11.0,24.0,2,2,0,1.0,1.0,N643NK,N643NK-NK-0,11.0,28.0,13.0,24.0,41.0,,,5.0,11,24,0.0,0.0
N643NK,705.0,2019,2,5,2,4,2019-05-02,NK,NK,20416,NK,254,,,,,NK,20416,NK,254,11298,1129806,30194,DFW,"Dallas/Fort Worth, TX",TX,48,Texas,74,10721,1072102,30721,BOS,"Boston, MA",MA,25,Massachusetts,13,710,-5.0,0.0,0.0,-1.0,0700-0759,27.0,732.0,1140.0,9.0,1209,1149.0,-20.0,0.0,0.0,-2.0,1200-1259,0.0,,0.0,239.0,224.0,188.0,1.0,1562.0,7,,,0.0,,0.0,,,,0,,,,,,,,,,,,,,,,,,,,,,,,,,,,,,,,,,,,,,,,,,,,,N,4.0,0.0,7.0,11.0,0.0,3.0,32.0,47.0,7,12,1.0,1.0,33.0,49.0,2,2,1,1.0,0.0,N643NK,N643NK-NK-1,33.0,44.0,15.0,48.0,59.0,29.0,3.0,0.0,33,50,2.0,4.9
N643QX,602.0,2019,2,5,2,4,2019-05-02,AS,AS_CODESHARE,19930,AS,2389,,,,,QX,19687,QX,2389,14771,1477104,32457,SFO,"San Francisco, CA",CA,6,California,91,14057,1405702,34057,PDX,"Portland, OR",OR,41,Oregon,92,600,2.0,2.0,0.0,0.0,0600-0659,10.0,612.0,734.0,4.0,750,738.0,-12.0,0.0,0.0,-1.0,0700-0759,0.0,,0.0,110.0,96.0,82.0,1.0,550.0,3,,,0.0,,0.0,,,,0,,,,,,,,,,,,,,,,,,,,,,,,,,,,,,,,,,,,,,,,,,,,,N,12.0,12.0,6.0,7.0,0.0,3.0,36.0,43.0,6,7,0.0,3.0,36.0,43.0,5,5,0,0.0,0.0,N643QX,N643QX-AS-0,36.0,48.0,7.0,43.0,55.0,,,0.0,36,43,0.0,0.0
N643RW,913.0,2019,2,5,2,4,2019-05-02,UA,UA_CODESHARE,19977,UA,3652,,,,,YX,20452,YX,3652,14730,1473003,33044,SDF,"Louisville, KY",KY,21,Kentucky,52,12266,1226603,31453,IAH,"Houston, TX",TX,48,Texas,74,915,-2.0,0.0,0.0,-1.0,0900-0959,38.0,951.0,1111.0,6.0,1054,1117.0,23.0,23.0,1.0,1.0,1000-1059,0.0,,0.0,159.0,184.0,140.0,1.0,788.0,4,0.0,0.0,23.0,0.0,0.0,,,,0,,,,,,,,,,,,,,,,,,,,,,,,,,,,,,,,,,,,,,,,,,,,,N,0.0,4.0,9.0,11.0,1.0,1.0,37.0,49.0,9,10,1.0,4.0,37.0,48.0,9,9,0,0.0,0.0,N643RW,N643RW-UA-0,37.0,49.0,12.0,49.0,61.0,,,2.0,37,49,0.0,0.0
N644AE,640.0,2019,2,5,2,4,2019-05-02,AA,AA_CODESHARE,19805,AA,4840,,,,,PT,20427,PT,4840,13230,1323002,32070,MDT,"Harrisburg, PA",PA,42,Pennsylvania,23,11057,1105703,31057,CLT,"Charlotte, NC",NC,37,North Carolina,36,651,-11.0,0.0,0.0,-1.0,0600-0659,23.0,703.0,812.0,8.0,835,820.0,-15.0,0.0,0.0,-1.0,0800-0859,0.0,,0.0,104.0,100.0,69.0,1.0,413.0,2,,,0.0,,0.0,,,,0,,,,,,,,,,,,,,,,,,,,,,,,,,,,,,,,,,,,,,,,,,,,,N,0.0,0.0,6.0,8.0,3.0,1.0,27.0,33.0,6,8,3.0,2.0,27.0,34.0,7,7,0,1.0,1.0,N644AE,N644AE-AA-0,27.0,39.0,6.0,33.0,45.0,,,0.0,27,33,0.0,0.0
N644AE,912.0,2019,2,5,2,4,2019-05-02,AA,AA_CODESHARE,19805,AA,4959,,,,,PT,20427,PT,4959,11057,1105703,31057,CLT,"Charlotte, NC",NC,37,North Carolina,36,15323,1532305,35323,TRI,"Bristol/Johnson City/Kingsport, TN",TN,47,Tennessee,54,914,-2.0,0.0,0.0,-1.0,0900-0959,15.0,927.0,954.0,5.0,1017,959.0,-18.0,0.0,0.0,-2.0,1000-1059,0.0,,0.0,63.0,47.0,27.0,1.0,119.0,1,,,0.0,,0.0,,,,0,,,,,,,,,,,,,,,,,,,,,,,,,,,,,,,,,,,,,,,,,,,,,N,0.0,0.0,9.0,9.0,1.0,4.0,37.0,40.0,9,10,1.0,1.0,37.0,41.0,1,1,1,1.0,0.0,N644AE,N644AE-AA-1,37.0,49.0,3.0,40.0,52.0,33.0,4.0,0.0,37,40,0.0,0.0
N644AS,553.0,2019,2,5,2,4,2019-05-02,AS,AS,19930,AS,404,,,,,AS,19930,AS,404,14747,1474703,30559,SEA,"Seattle, WA",WA,53,Washington,93,12892,1289208,32575,LAX,"Los Angeles, CA",CA,6,California,91,600,-7.0,0.0,0.0,-1.0,0600-0659,9.0,602.0,810.0,12.0,850,822.0,-28.0,0.0,0.0,-2.0,0800-0859,0.0,,0.0,170.0,149.0,128.0,1.0,954.0,4,,,0.0,,0.0,,,,0,,,,,,,,,,,,,,,,,,,,,,,,,,,,,,,,,,,,,,,,,,,,,N,12.0,12.0,5.0,8.0,4.0,1.0,36.0,45.0,6,8,0.0,3.0,36.0,47.0,9,9,0,0.0,0.0,N644AS,N644AS-AS-0,36.0,48.0,9.0,45.0,57.0,,,0.0,36,45,0.0,0.0
N644JB,908.0,2019,2,5,2,4,2019-05-02,B6,B6,20409,B6,269,,,,,B6,20409,B6,269,10721,1072102,30721,BOS,"Boston, MA",MA,25,Massachusetts,13,11697,1169706,32467,FLL,"Fort Lauderdale, FL",FL,12,Florida,33,914,-6.0,0.0,0.0,-1.0,0900-0959,27.0,935.0,1226.0,8.0,1241,1234.0,-7.0,0.0,0.0,-1.0,1200-1259,0.0,,0.0,207.0,206.0,171.0,1.0,1237.0,5,,,0.0,,0.0,,,,0,,,,,,,,,,,,,,,,,,,,,,,,,,,,,,,,,,,,,,,,,,,,,N,0.0,0.0,9.0,12.0,1.0,2.0,37.0,50.0,9,12,1.0,3.0,37.0,51.0,1,1,0,0.0,0.0,N644JB,N644JB-B6-0,37.0,49.0,13.0,50.0,62.0,,,0.0,37,50,0.0,0.0
N644NK,806.0,2019,2,5,2,4,2019-05-02,NK,NK,20416,NK,1951,,,,,NK,20416,NK,1951,13198,1319801,33198,MCI,"Kansas City, MO",MO,29,Missouri,64,12892,1289208,32575,LAX,"Los Angeles, CA",CA,6,California,91,819,-13.0,0.0,0.0,-1.0,0800-0859,8.0,814.0,932.0,31.0,1000,1003.0,3.0,3.0,0.0,0.0,1000-1059,0.0,,0.0,221.0,237.0,198.0,1.0,1363.0,6,,,0.0,,0.0,,,,0,,,,,,,,,,,,,,,,,,,,,,,,,,,,,,,,,,,,,,,,,,,,,N,4.0,12.0,8.0,10.0,0.0,0.0,36.0,52.0,8,10,1.0,0.0,37.0,52.0,2,2,0,0.0,0.0,N644NK,N644NK-NK-0,37.0,48.0,16.0,53.0,64.0,,,0.0,37,53,0.0,0.0
N644RW,641.0,2019,2,5,2,4,2019-05-02,UA,UA_CODESHARE,19977,UA,3635,,,,,YX,20452,YX,3635,13930,1393007,30977,ORD,"Chicago, IL",IL,17,Illinois,41,11433,1143302,31295,DTW,"Detroit, MI",MI,26,Michigan,43,645,-4.0,0.0,0.0,-1.0,0600-0659,40.0,721.0,909.0,7.0,909,916.0,7.0,7.0,0.0,0.0,0900-0959,0.0,,0.0,84.0,95.0,48.0,1.0,235.0,1,,,0.0,,0.0,,,,0,,,,,,,,,,,,,,,,,,,,,,,,,,,,,,,,,,,,,,,,,,,,,N,4.0,0.0,6.0,9.0,3.0,1.0,31.0,37.0,6,9,3.0,1.0,31.0,37.0,7,7,0,0.0,0.0,N644RW,N644RW-UA-0,31.0,43.0,6.0,37.0,49.0,,,0.0,31,37,0.0,0.0
N645AE,945.0,2019,2,5,2,4,2019-05-02,AA,AA_CODESHARE,19805,AA,4939,,,,,PT,20427,PT,4939,13230,1323002,32070,MDT,"Harrisburg, PA",PA,42,Pennsylvania,23,14100,1410005,34100,PHL,"Philadelphia, PA",PA,42,Pennsylvania,23,846,59.0,59.0,1.0,3.0,0800-0859,16.0,1001.0,1025.0,7.0,939,1032.0,53.0,53.0,1.0,3.0,0900-0959,0.0,,0.0,53.0,47.0,24.0,1.0,84.0,1,27.0,0.0,26.0,0.0,0.0,,,,0,,,,,,,,,,,,,,,,,,,,,,,,,,,,,,,,,,,,,,,,,,,,,N,0.0,0.0,9.0,10.0,3.0,2.0,39.0,42.0,8,9,3.0,3.0,35.0,39.0,6,6,0,0.0,0.0,N645AE,N645AE-AA-0,37.0,51.0,3.0,40.0,54.0,,,2.0,37,40,0.0,0.0
N645JB,723.0,2019,2,5,2,4,2019-05-02,B6,B6,20409,B6,2602,,,,,B6,20409,B6,2602,11697,1169706,32467,FLL,"Fort Lauderdale, FL",FL,12,Florida,33,12478,1247805,31703,JFK,"New York, NY",NY,36,New York,22,715,8.0,8.0,0.0,0.0,0700-0759,18.0,741.0,1004.0,6.0,1009,1010.0,1.0,1.0,0.0,0.0,1000-1059,0.0,,0.0,174.0,167.0,143.0,1.0,1069.0,5,,,0.0,,0.0,,,,0,,,,,,,,,,,,,,,,,,,,,,,,,,,,,,,,,,,,,,,,,,,,,N,0.0,0.0,7.0,10.0,2.0,1.0,30.0,41.0,7,10,1.0,1.0,29.0,41.0,1,1,0,0.0,0.0,N645JB,N645JB-B6-0,30.0,42.0,11.0,41.0,53.0,,,0.0,30,41,0.0,0.0
N645NK,1154.0,2019,2,5,2,4,2019-05-02,NK,NK,20416,NK,317,,,,,NK,20416,NK,317,12339,1233904,32337,IND,"Indianapolis, IN",IN,18,Indiana,42,13204,1320402,31454,MCO,"Orlando, FL",FL,12,Florida,33,620,334.0,334.0,1.0,12.0,0600-0659,20.0,1214.0,1409.0,10.0,842,1419.0,337.0,337.0,1.0,12.0,0800-0859,0.0,,0.0,142.0,145.0,115.0,1.0,829.0,4,334.0,0.0,3.0,0.0,0.0,,,,0,,,,,,,,,,,,,,,,,,,,,,,,,,,,,,,,,,,,,,,,,,,,,N,0.0,0.0,11.0,14.0,4.0,1.0,48.0,57.0,6,8,1.0,3.0,25.0,35.0,8,8,0,0.0,0.0,N645NK,N645NK-NK-0,48.0,60.0,9.0,57.0,69.0,,,0.0,48,57,0.0,0.0
N645RW,553.0,2019,2,5,2,4,2019-05-02,UA,UA_CODESHARE,19977,UA,3403,,,,,YX,20452,YX,3403,11618,1161802,31703,EWR,"Newark, NJ",NJ,34,New Jersey,21,13871,1387102,33316,OMA,"Omaha, NE",NE,31,Nebraska,65,600,-7.0,0.0,0.0,-1.0,0600-0659,26.0,619.0,805.0,3.0,818,808.0,-10.0,0.0,0.0,-1.0,0800-0859,0.0,,0.0,198.0,195.0,166.0,1.0,1134.0,5,,,0.0,,0.0,,,,0,,,,,,,,,,,,,,,,,,,,,,,,,,,,,,,,,,,,,,,,,,,,,N,0.0,4.0,5.0,8.0,4.0,1.0,24.0,37.0,6,8,0.0,1.0,24.0,37.0,4,4,0,0.0,0.0,N645RW,N645RW-UA-0,24.0,36.0,13.0,37.0,49.0,,,0.0,24,37,0.0,0.0
N646AE,639.0,2019,2,5,2,4,2019-05-02,AA,AA_CODESHARE,19805,AA,4945,,,,,PT,20427,PT,4945,13342,1334207,33342,MKE,"Milwaukee, WI",WI,55,Wisconsin,45,14100,1410005,34100,PHL,"Philadelphia, PA",PA,42,Pennsylvania,23,645,-6.0,0.0,0.0,-1.0,0600-0659,18.0,657.0,945.0,9.0,956,954.0,-2.0,0.0,0.0,-1.0,0900-0959,0.0,,0.0,131.0,135.0,108.0,1.0,690.0,3,,,0.0,,0.0,,,,0,,,,,,,,,,,,,,,,,,,,,,,,,,,,,,,,,,,,,,,,,,,,,N,4.0,0.0,6.0,9.0,3.0,4.0,31.0,40.0,6,9,3.0,4.0,31.0,40.0,6,6,0,0.0,0.0,N646AE,N646AE-AA-0,31.0,43.0,9.0,40.0,52.0,,,0.0,31,40,0.0,0.0
N646JB,752.0,2019,2,5,2,4,2019-05-02,B6,B6,20409,B6,1807,,,,,B6,20409,B6,1807,10721,1072102,30721,BOS,"Boston, MA",MA,25,Massachusetts,13,10693,1069302,30693,BNA,"Nashville, TN",TN,47,Tennessee,54,800,-8.0,0.0,0.0,-1.0,0800-0859,23.0,815.0,930.0,8.0,949,938.0,-11.0,0.0,0.0,-1.0,0900-0959,0.0,,0.0,169.0,166.0,135.0,1.0,942.0,4,,,0.0,,0.0,,,,0,,,,,,,,,,,,,,,,,,,,,,,,,,,,,,,,,,,,,,,,,,,,,N,0.0,4.0,7.0,9.0,3.0,3.0,31.0,43.0,8,9,0.0,3.0,32.0,43.0,9,9,0,0.0,0.0,N646JB,N646JB-B6-0,32.0,43.0,12.0,44.0,55.0,,,0.0,32,44,0.0,0.0
N646NK,624.0,2019,2,5,2,4,2019-05-02,NK,NK,20416,NK,1005,,,,,NK,20416,NK,1005,14100,1410005,34100,PHL,"Philadelphia, PA",PA,42,Pennsylvania,23,11697,1169706,32467,FLL,"Fort Lauderdale, FL",FL,12,Florida,33,630,-6.0,0.0,0.0,-1.0,0600-0659,15.0,639.0,857.0,9.0,935,906.0,-29.0,0.0,0.0,-2.0,0900-0959,0.0,,0.0,185.0,162.0,138.0,1.0,992.0,4,,,0.0,,0.0,,,,0,,,,,,,,,,,,,,,,,,,,,,,,,,,,,,,,,,,,,,,,,,,,,N,0.0,0.0,6.0,9.0,2.0,0.0,26.0,36.0,6,9,2.0,2.0,26.0,38.0,6,6,0,0.0,0.0,N646NK,N646NK-NK-0,26.0,38.0,10.0,36.0,48.0,,,0.0,26,36,0.0,0.0
N646RW,549.0,2019,2,5,2,4,2019-05-02,UA,UA_CODESHARE,19977,UA,3655,,,,,YX,20452,YX,3655,11057,1105703,31057,CLT,"Charlotte, NC",NC,37,North Carolina,36,11618,1161802,31703,EWR,"Newark, NJ",NJ,34,New Jersey,21,600,-11.0,0.0,0.0,-1.0,0600-0659,59.0,648.0,809.0,5.0,755,814.0,19.0,19.0,1.0,1.0,0700-0759,0.0,,0.0,115.0,145.0,81.0,1.0,529.0,3,0.0,0.0,19.0,0.0,0.0,,,,0,,,,,,,,,,,,,,,,,,,,,,,,,,,,,,,,,,,,,,,,,,,,,N,0.0,0.0,5.0,8.0,3.0,1.0,23.0,33.0,6,7,0.0,4.0,24.0,32.0,9,9,0,1.0,1.0,N646RW,N646RW-UA-0,24.0,35.0,10.0,34.0,45.0,,,1.0,24,34,0.0,0.0
N646RW,857.0,2019,2,5,2,4,2019-05-02,UA,UA_CODESHARE,19977,UA,3671,,,,,YX,20452,YX,3671,11618,1161802,31703,EWR,"Newark, NJ",NJ,34,New Jersey,21,13495,1349505,33495,MSY,"New Orleans, LA",LA,22,Louisiana,72,900,-3.0,0.0,0.0,-1.0,0900-0959,41.0,938.0,1116.0,13.0,1119,1129.0,10.0,10.0,0.0,0.0,1100-1159,0.0,,0.0,199.0,212.0,158.0,1.0,1167.0,5,,,0.0,,0.0,,,,0,,,,,,,,,,,,,,,,,,,,,,,,,,,,,,,,,,,,,,,,,,,,,N,0.0,4.0,8.0,11.0,4.0,2.0,36.0,50.0,9,11,0.0,1.0,36.0,49.0,3,3,1,1.0,0.0,N646RW,N646RW-UA-1,36.0,48.0,14.0,50.0,62.0,33.0,3.0,0.0,38,52,2.0,7.42
N647AE,510.0,2019,2,5,2,4,2019-05-02,AA,AA_CODESHARE,19805,AA,4819,,,,,PT,20427,PT,4819,14098,1409803,33667,PHF,"Newport News/Williamsburg, VA",VA,51,Virginia,38,11057,1105703,31057,CLT,"Charlotte, NC",NC,37,North Carolina,36,515,-5.0,0.0,0.0,-1.0,0001-0559,13.0,523.0,615.0,13.0,638,628.0,-10.0,0.0,0.0,-1.0,0600-0659,0.0,,0.0,83.0,78.0,52.0,1.0,282.0,2,,,0.0,,0.0,,,,0,,,,,,,,,,,,,,,,,,,,,,,,,,,,,,,,,,,,,,,,,,,,,N,0.0,0.0,5.0,6.0,1.0,2.0,21.0,26.0,5,6,1.0,3.0,21.0,27.0,8,8,0,2.0,2.0,N647AE,N647AE-AA-0,21.0,33.0,5.0,26.0,38.0,,,0.0,21,26,0.0,0.0
N647AE,716.0,2019,2,5,2,4,2019-05-02,AA,AA_CODESHARE,19805,AA,4899,,,,,PT,20427,PT,4899,11057,1105703,31057,CLT,"Charlotte, NC",NC,37,North Carolina,36,14574,1457405,34574,ROA,"Roanoke, VA",VA,51,Virginia,38,724,-8.0,0.0,0.0,-1.0,0700-0759,12.0,728.0,808.0,8.0,836,816.0,-20.0,0.0,0.0,-2.0,0800-0859,0.0,,0.0,72.0,60.0,40.0,1.0,155.0,1,,,0.0,,0.0,,,,0,,,,,,,,,,,,,,,,,,,,,,,,,,,,,,,,,,,,,,,,,,,,,N,0.0,0.0,7.0,8.0,1.0,1.0,29.0,33.0,7,8,2.0,2.0,30.0,34.0,9,9,1,2.0,1.0,N647AE,N647AE-AA-1,30.0,41.0,4.0,34.0,45.0,26.0,3.0,0.0,30,34,0.0,0.0
N647AE,905.0,2019,2,5,2,4,2019-05-02,AA,AA_CODESHARE,19805,AA,4899,,,,,PT,20427,PT,4899,14574,1457405,34574,ROA,"Roanoke, VA",VA,51,Virginia,38,11057,1105703,31057,CLT,"Charlotte, NC",NC,37,North Carolina,36,908,-3.0,0.0,0.0,-1.0,0900-0959,23.0,928.0,1007.0,14.0,1032,1021.0,-11.0,0.0,0.0,-1.0,1000-1059,0.0,,0.0,84.0,76.0,39.0,1.0,155.0,1,,,0.0,,0.0,,,,0,,,,,,,,,,,,,,,,,,,,,,,,,,,,,,,,,,,,,,,,,,,,,N,0.0,0.0,9.0,10.0,0.0,1.0,36.0,41.0,9,10,1.0,2.0,37.0,42.0,7,7,2,2.0,0.0,N647AE,N647AE-AA-2,37.0,48.0,5.0,42.0,53.0,33.0,3.0,0.0,37,42,0.0,0.0
N647AW,717.0,2019,2,5,2,4,2019-05-02,AA,AA,19805,AA,1795,,,,,AA,19805,AA,1795,11423,1142307,31423,DSM,"Des Moines, IA",IA,19,Iowa,61,14107,1410702,30466,PHX,"Phoenix, AZ",AZ,4,Arizona,81,725,-8.0,0.0,0.0,-1.0,0700-0759,11.0,728.0,814.0,5.0,848,819.0,-29.0,0.0,0.0,-2.0,0800-0859,0.0,,0.0,203.0,182.0,166.0,1.0,1149.0,5,,,0.0,,0.0,,,,0,,,,,,,,,,,,,,,,,,,,,,,,,,,,,,,,,,,,,,,,,,,,,N,4.0,8.0,7.0,8.0,1.0,1.0,33.0,41.0,7,8,2.0,3.0,34.0,43.0,3,3,0,0.0,0.0,N647AW,N647AW-AA-0,34.0,45.0,8.0,42.0,53.0,,,0.0,34,42,0.0,0.0
N647NK,738.0,2019,2,5,2,4,2019-05-02,NK,NK,20416,NK,452,,,,,NK,20416,NK,452,13495,1349505,33495,MSY,"New Orleans, LA",LA,22,Louisiana,72,10397,1039707,30397,ATL,"Atlanta, GA",GA,13,Georgia,34,741,-3.0,0.0,0.0,-1.0,0700-0759,33.0,811.0,1010.0,9.0,1014,1019.0,5.0,5.0,0.0,0.0,1000-1059,0.0,,0.0,93.0,101.0,59.0,1.0,425.0,2,,,0.0,,0.0,,,,0,,,,,,,,,,,,,,,,,,,,,,,,,,,,,,,,,,,,,,,,,,,,,N,4.0,0.0,7.0,10.0,3.0,1.0,35.0,41.0,7,10,3.0,1.0,35.0,41.0,5,5,0,0.0,0.0,N647NK,N647NK-NK-0,35.0,47.0,6.0,41.0,53.0,,,0.0,35,41,0.0,0.0
N647RW,804.0,2019,2,5,2,4,2019-05-02,UA,UA_CODESHARE,19977,UA,3511,,,,,YX,20452,YX,3511,14122,1412202,30198,PIT,"Pittsburgh, PA",PA,42,Pennsylvania,23,12266,1226603,31453,IAH,"Houston, TX",TX,48,Texas,74,815,-11.0,0.0,0.0,-1.0,0800-0859,25.0,829.0,1115.0,10.0,1036,1125.0,49.0,49.0,1.0,3.0,1000-1059,0.0,,0.0,201.0,261.0,226.0,1.0,1117.0,5,0.0,0.0,49.0,0.0,0.0,,,,0,,,,,,,,,,,,,,,,,,,,,,,,,,,,,,,,,,,,,,,,,,,,,N,0.0,4.0,8.0,11.0,0.0,2.0,32.0,50.0,8,10,1.0,2.0,33.0,46.0,1,1,0,0.0,0.0,N647RW,N647RW-UA-0,33.0,44.0,18.0,51.0,62.0,,,3.0,33,51,0.0,0.0
N647UA,802.0,2019,2,5,2,4,2019-05-02,UA,UA,19977,UA,1886,,,,,UA,19977,UA,1886,11618,1161802,31703,EWR,"Newark, NJ",NJ,34,New Jersey,21,12266,1226603,31453,IAH,"Houston, TX",TX,48,Texas,74,808,-6.0,0.0,0.0,-1.0,0800-0859,20.0,822.0,1044.0,9.0,1055,1053.0,-2.0,0.0,0.0,-1.0,1000-1059,0.0,,0.0,227.0,231.0,202.0,1.0,1400.0,6,,,0.0,,0.0,,,,0,,,,,,,,,,,,,,,,,,,,,,,,,,,,,,,,,,,,,,,,,,,,,N,0.0,4.0,8.0,10.0,0.0,4.0,32.0,48.0,8,10,1.0,4.0,33.0,48.0,4,4,0,0.0,0.0,N647UA,N647UA-UA-0,33.0,44.0,16.0,49.0,60.0,,,0.0,33,49,0.0,0.0
N64809,623.0,2019,2,5,2,4,2019-05-02,UA,UA,19977,UA,502,,,,,UA,19977,UA,502,15304,1530402,33195,TPA,"Tampa, FL",FL,12,Florida,33,11292,1129202,30325,DEN,"Denver, CO",CO,8,Colorado,82,625,-2.0,0.0,0.0,-1.0,0600-0659,9.0,632.0,752.0,5.0,821,757.0,-24.0,0.0,0.0,-2.0,0800-0859,0.0,,0.0,236.0,214.0,200.0,1.0,1506.0,7,,,0.0,,0.0,,,,0,,,,,,,,,,,,,,,,,,,,,,,,,,,,,,,,,,,,,,,,,,,,,N,0.0,8.0,6.0,7.0,2.0,4.0,26.0,40.0,6,8,2.0,1.0,26.0,41.0,7,7,0,0.0,0.0,N64809,N64809-UA-0,26.0,38.0,14.0,40.0,52.0,,,0.0,26,40,0.0,0.0
N64844,915.0,2019,2,5,2,4,2019-05-02,UA,UA,19977,UA,1418,,,,,UA,19977,UA,1418,11697,1169706,32467,FLL,"Fort Lauderdale, FL",FL,12,Florida,33,13930,1393007,30977,ORD,"Chicago, IL",IL,17,Illinois,41,920,-5.0,0.0,0.0,-1.0,0900-0959,21.0,936.0,1120.0,10.0,1141,1130.0,-11.0,0.0,0.0,-1.0,1100-1159,0.0,,0.0,201.0,195.0,164.0,1.0,1182.0,5,,,0.0,,0.0,,,,0,,,,,,,,,,,,,,,,,,,,,,,,,,,,,,,,,,,,,,,,,,,,,N,0.0,4.0,9.0,11.0,1.0,2.0,37.0,50.0,9,11,1.0,3.0,37.0,51.0,5,5,0,0.0,0.0,N64844,N64844-UA-0,37.0,49.0,13.0,50.0,62.0,,,0.0,37,50,0.0,0.0
N648AE,707.0,2019,2,5,2,4,2019-05-02,AA,AA_CODESHARE,19805,AA,4909,,,,,PT,20427,PT,4909,11823,1182304,31823,FWA,"Fort Wayne, IN",IN,18,Indiana,42,14100,1410005,34100,PHL,"Philadelphia, PA",PA,42,Pennsylvania,23,715,-8.0,0.0,0.0,-1.0,0700-0759,18.0,725.0,844.0,29.0,912,913.0,1.0,1.0,0.0,0.0,0900-0959,0.0,,0.0,117.0,126.0,79.0,1.0,530.0,3,,,0.0,,0.0,,,,0,,,,,,,,,,,,,,,,,,,,,,,,,,,,,,,,,,,,,,,,,,,,,N,0.0,0.0,7.0,9.0,0.0,1.0,28.0,37.0,7,9,1.0,1.0,29.0,37.0,9,9,0,0.0,0.0,N648AE,N648AE-AA-0,29.0,40.0,9.0,38.0,49.0,,,0.0,29,38,0.0,0.0
N648JB,651.0,2019,2,5,2,4,2019-05-02,B6,B6,20409,B6,811,,,,,B6,20409,B6,811,11618,1161802,31703,EWR,"Newark, NJ",NJ,34,New Jersey,21,11697,1169706,32467,FLL,"Fort Lauderdale, FL",FL,12,Florida,33,700,-9.0,0.0,0.0,-1.0,0700-0759,16.0,707.0,931.0,4.0,957,935.0,-22.0,0.0,0.0,-2.0,0900-0959,0.0,,0.0,177.0,164.0,144.0,1.0,1065.0,5,,,0.0,,0.0,,,,0,,,,,,,,,,,,,,,,,,,,,,,,,,,,,,,,,,,,,,,,,,,,,N,0.0,0.0,6.0,9.0,3.0,2.0,27.0,38.0,7,9,0.0,4.0,28.0,40.0,5,5,0,0.0,0.0,N648JB,N648JB-B6-0,28.0,39.0,11.0,39.0,50.0,,,0.0,28,39,0.0,0.0
N648NK,723.0,2019,2,5,2,4,2019-05-02,NK,NK,20416,NK,657,,,,,NK,20416,NK,657,11697,1169706,32467,FLL,"Fort Lauderdale, FL",FL,12,Florida,33,13495,1349505,33495,MSY,"New Orleans, LA",LA,22,Louisiana,72,730,-7.0,0.0,0.0,-1.0,0700-0759,13.0,736.0,810.0,4.0,829,814.0,-15.0,0.0,0.0,-1.0,0800-0859,0.0,,0.0,119.0,111.0,94.0,1.0,674.0,3,,,0.0,,0.0,,,,0,,,,,,,,,,,,,,,,,,,,,,,,,,,,,,,,,,,,,,,,,,,,,N,0.0,4.0,7.0,8.0,2.0,1.0,30.0,37.0,7,8,2.0,2.0,30.0,38.0,4,4,0,0.0,0.0,N648NK,N648NK-NK-0,30.0,42.0,7.0,37.0,49.0,,,0.0,30,37,0.0,0.0
N648RW,743.0,2019,2,5,2,4,2019-05-02,UA,UA_CODESHARE,19977,UA,3709,,,,,YX,20452,YX,3709,12266,1226603,31453,IAH,"Houston, TX",TX,48,Texas,74,12451,1245102,31136,JAX,"Jacksonville, FL",FL,12,Florida,33,745,-2.0,0.0,0.0,-1.0,0700-0759,84.0,907.0,1201.0,4.0,1058,1205.0,67.0,67.0,1.0,4.0,1000-1059,0.0,,0.0,133.0,202.0,114.0,1.0,817.0,4,0.0,0.0,67.0,0.0,0.0,,,,0,,,,,,,,,,,,,,,,,,,,,,,,,,,,,,,,,,,,,,,,,,,,,N,4.0,0.0,7.0,12.0,3.0,0.0,35.0,48.0,7,10,3.0,4.0,35.0,44.0,5,5,0,0.0,0.0,N648RW,N648RW-UA-0,35.0,47.0,13.0,48.0,60.0,,,4.0,35,48,0.0,0.0
N649AE,737.0,2019,2,5,2,4,2019-05-02,AA,AA_CODESHARE,19805,AA,4965,,,,,PT,20427,PT,4965,10434,1043405,30434,AVP,"Scranton/Wilkes-Barre, PA",PA,42,Pennsylvania,23,14100,1410005,34100,PHL,"Philadelphia, PA",PA,42,Pennsylvania,23,607,90.0,90.0,1.0,6.0,0600-0659,18.0,755.0,822.0,9.0,702,831.0,89.0,89.0,1.0,5.0,0700-0759,0.0,,0.0,55.0,54.0,27.0,1.0,104.0,1,0.0,89.0,0.0,0.0,0.0,,,,0,,,,,,,,,,,,,,,,,,,,,,,,,,,,,,,,,,,,,,,,,,,,,N,0.0,0.0,7.0,8.0,2.0,2.0,30.0,34.0,6,7,0.0,0.0,24.0,28.0,3,3,0,1.0,1.0,N649AE,N649AE-AA-0,30.0,42.0,4.0,34.0,46.0,,,0.0,30,34,0.0,0.0
N649AE,859.0,2019,2,5,2,4,2019-05-02,AA,AA_CODESHARE,19805,AA,4801,,,,,PT,20427,PT,4801,14100,1410005,34100,PHL,"Philadelphia, PA",PA,42,Pennsylvania,23,12323,1232305,32323,ILM,"Wilmington, NC",NC,37,North Carolina,36,805,54.0,54.0,1.0,3.0,0800-0859,44.0,943.0,1046.0,5.0,947,1051.0,64.0,64.0,1.0,4.0,0900-0959,0.0,,0.0,102.0,112.0,63.0,1.0,413.0,2,0.0,0.0,10.0,0.0,54.0,,,,0,,,,,,,,,,,,,,,,,,,,,,,,,,,,,,,,,,,,,,,,,,,,,N,0.0,0.0,8.0,10.0,4.0,3.0,36.0,43.0,8,9,0.0,3.0,32.0,39.0,8,8,1,1.0,0.0,N649AE,N649AE-AA-1,32.0,48.0,7.0,39.0,55.0,34.0,2.0,4.0,32,39,0.0,0.0
N649AW,648.0,2019,2,5,2,4,2019-05-02,AA,AA,19805,AA,499,,,,,AA,19805,AA,499,14100,1410005,34100,PHL,"Philadelphia, PA",PA,42,Pennsylvania,23,14107,1410702,30466,PHX,"Phoenix, AZ",AZ,4,Arizona,81,645,3.0,3.0,0.0,0.0,0600-0659,19.0,707.0,914.0,9.0,910,923.0,13.0,13.0,0.0,0.0,0900-0959,0.0,,0.0,325.0,335.0,307.0,1.0,2075.0,9,,,0.0,,0.0,,,,0,,,,,,,,,,,,,,,,,,,,,,,,,,,,,,,,,,,,,,,,,,,,,N,0.0,8.0,6.0,9.0,3.0,2.0,27.0,46.0,6,9,3.0,1.0,27.0,45.0,1,1,0,0.0,0.0,N649AW,N649AW-AA-0,27.0,39.0,19.0,46.0,58.0,,,0.0,27,48,2.0,2.96
N649NK,556.0,2019,2,5,2,4,2019-05-02,NK,NK,20416,NK,1028,,,,,NK,20416,NK,1028,10821,1082106,30852,BWI,"Baltimore, MD",MD,24,Maryland,35,10721,1072102,30721,BOS,"Boston, MA",MA,25,Massachusetts,13,600,-4.0,0.0,0.0,-1.0,0600-0659,11.0,607.0,701.0,11.0,728,712.0,-16.0,0.0,0.0,-2.0,0700-0759,0.0,,0.0,88.0,76.0,54.0,1.0,369.0,2,,,0.0,,0.0,,,,0,,,,,,,,,,,,,,,,,,,,,,,,,,,,,,,,,,,,,,,,,,,,,N,0.0,0.0,5.0,7.0,4.0,1.0,24.0,29.0,6,7,0.0,2.0,24.0,30.0,7,7,0,1.0,1.0,N649NK,N649NK-NK-0,24.0,36.0,5.0,29.0,41.0,,,0.0,24,29,0.0,0.0
N649NK,828.0,2019,2,5,2,4,2019-05-02,NK,NK,20416,NK,227,,,,,NK,20416,NK,227,10721,1072102,30721,BOS,"Boston, MA",MA,25,Massachusetts,13,13204,1320402,31454,MCO,"Orlando, FL",FL,12,Florida,33,819,9.0,9.0,0.0,0.0,0800-0859,18.0,846.0,1120.0,10.0,1135,1130.0,-5.0,0.0,0.0,-1.0,1100-1159,0.0,,0.0,196.0,182.0,154.0,1.0,1121.0,5,,,0.0,,0.0,,,,0,,,,,,,,,,,,,,,,,,,,,,,,,,,,,,,,,,,,,,,,,,,,,N,0.0,0.0,8.0,11.0,2.0,2.0,34.0,46.0,8,11,1.0,2.0,33.0,46.0,7,7,1,1.0,0.0,N649NK,N649NK-NK-1,34.0,46.0,12.0,46.0,58.0,29.0,5.0,0.0,34,46,0.0,0.0
N650AE,1005.0,2019,2,5,2,4,2019-05-02,AA,AA_CODESHARE,19805,AA,4938,,,,,PT,20427,PT,4938,10257,1025702,30257,ALB,"Albany, NY",NY,36,New York,22,14100,1410005,34100,PHL,"Philadelphia, PA",PA,42,Pennsylvania,23,802,123.0,123.0,1.0,8.0,0800-0859,10.0,1015.0,1103.0,9.0,921,1112.0,111.0,111.0,1.0,7.0,0900-0959,0.0,,0.0,79.0,67.0,48.0,1.0,212.0,1,111.0,0.0,0.0,0.0,0.0,,,,0,,,,,,,,,,,,,,,,,,,,,,,,,,,,,,,,,,,,,,,,,,,,,N,0.0,0.0,10.0,11.0,0.0,1.0,40.0,45.0,8,9,0.0,1.0,32.0,37.0,5,5,0,0.0,0.0,N650AE,N650AE-AA-0,40.0,52.0,5.0,45.0,57.0,,,0.0,40,45,0.0,0.0
N651AW,535.0,2019,2,5,2,4,2019-05-02,AA,AA,19805,AA,2026,,,,,AA,19805,AA,2026,12339,1233904,32337,IND,"Indianapolis, IN",IN,18,Indiana,42,14107,1410702,30466,PHX,"Phoenix, AZ",AZ,4,Arizona,81,540,-5.0,0.0,0.0,-1.0,0001-0559,14.0,549.0,623.0,6.0,644,629.0,-15.0,0.0,0.0,-1.0,0600-0659,0.0,,0.0,244.0,234.0,214.0,1.0,1488.0,6,,,0.0,,0.0,,,,0,,,,,,,,,,,,,,,,,,,,,,,,,,,,,,,,,,,,,,,,,,,,,N,0.0,8.0,5.0,6.0,2.0,2.0,22.0,34.0,5,6,3.0,3.0,23.0,35.0,8,8,0,0.0,0.0,N651AW,N651AW-AA-0,23.0,34.0,12.0,35.0,46.0,,,0.0,23,35,0.0,0.0
N651JB,745.0,2019,2,5,2,4,2019-05-02,B6,B6,20409,B6,914,,,,,B6,20409,B6,914,11697,1169706,32467,FLL,"Fort Lauderdale, FL",FL,12,Florida,33,12197,1219702,31703,HPN,"White Plains, NY",NY,36,New York,22,736,9.0,9.0,0.0,0.0,0700-0759,12.0,757.0,1024.0,4.0,1030,1028.0,-2.0,0.0,0.0,-1.0,1000-1059,0.0,,0.0,174.0,163.0,147.0,1.0,1097.0,5,,,0.0,,0.0,,,,0,,,,,,,,,,,,,,,,,,,,,,,,,,,,,,,,,,,,,,,,,,,,,N,0.0,0.0,7.0,10.0,3.0,2.0,31.0,42.0,7,10,2.0,2.0,30.0,42.0,5,5,0,0.0,0.0,N651JB,N651JB-B6-0,31.0,43.0,11.0,42.0,54.0,,,0.0,31,42,0.0,0.0
N651RW,513.0,2019,2,5,2,4,2019-05-02,UA,UA_CODESHARE,19977,UA,3734,,,,,YX,20452,YX,3734,10781,1078105,30781,BTR,"Baton Rouge, LA",LA,22,Louisiana,72,12266,1226603,31453,IAH,"Houston, TX",TX,48,Texas,74,525,-12.0,0.0,0.0,-1.0,0001-0559,12.0,525.0,609.0,9.0,645,618.0,-27.0,0.0,0.0,-2.0,0600-0659,0.0,,0.0,80.0,65.0,44.0,1.0,253.0,2,,,0.0,,0.0,,,,0,,,,,,,,,,,,,,,,,,,,,,,,,,,,,,,,,,,,,,,,,,,,,N,4.0,4.0,5.0,6.0,1.0,1.0,25.0,29.0,5,6,2.0,3.0,26.0,31.0,8,8,0,1.0,1.0,N651RW,N651RW-UA-0,26.0,37.0,4.0,30.0,41.0,,,0.0,26,30,0.0,0.0
N651RW,755.0,2019,2,5,2,4,2019-05-02,UA,UA_CODESHARE,19977,UA,3697,,,,,YX,20452,YX,3697,12266,1226603,31453,IAH,"Houston, TX",TX,48,Texas,74,11433,1143302,31295,DTW,"Detroit, MI",MI,26,Michigan,43,725,30.0,30.0,1.0,2.0,0700-0759,65.0,900.0,1219.0,7.0,1116,1226.0,70.0,70.0,1.0,4.0,1100-1159,0.0,,0.0,171.0,211.0,139.0,1.0,1075.0,5,0.0,30.0,40.0,0.0,0.0,,,,0,,,,,,,,,,,,,,,,,,,,,,,,,,,,,,,,,,,,,,,,,,,,,N,4.0,0.0,7.0,12.0,4.0,2.0,36.0,50.0,7,11,2.0,1.0,34.0,45.0,6,6,1,1.0,0.0,N651RW,N651RW-UA-1,34.0,48.0,14.0,48.0,62.0,29.0,7.0,3.0,34,48,0.0,0.0
N652AW,548.0,2019,2,5,2,4,2019-05-02,AA,AA,19805,AA,2042,,,,,AA,19805,AA,2042,14771,1477104,32457,SFO,"San Francisco, CA",CA,6,California,91,14107,1410702,30466,PHX,"Phoenix, AZ",AZ,4,Arizona,81,555,-7.0,0.0,0.0,-1.0,0001-0559,12.0,600.0,728.0,3.0,757,731.0,-26.0,0.0,0.0,-2.0,0700-0759,0.0,,0.0,122.0,103.0,88.0,1.0,651.0,3,,,0.0,,0.0,,,,0,,,,,,,,,,,,,,,,,,,,,,,,,,,,,,,,,,,,,,,,,,,,,N,12.0,8.0,5.0,7.0,3.0,2.0,35.0,38.0,5,7,4.0,4.0,36.0,40.0,8,8,0,0.0,0.0,N652AW,N652AW-AA-0,36.0,47.0,3.0,39.0,50.0,,,0.0,36,39,0.0,0.0
N652BR,555.0,2019,2,5,2,4,2019-05-02,UA,UA_CODESHARE,19977,UA,5908,,,,,OO,20304,OO,5908,14570,1457002,34570,RNO,"Reno, NV",NV,32,Nevada,85,12892,1289208,32575,LAX,"Los Angeles, CA",CA,6,California,91,600,-5.0,0.0,0.0,-1.0,0600-0659,19.0,614.0,720.0,25.0,756,745.0,-11.0,0.0,0.0,-1.0,0700-0759,0.0,,0.0,116.0,110.0,66.0,1.0,391.0,2,,,0.0,,0.0,,,,0,,,,,,,,,,,,,,,,,,,,,,,,,,,,,,,,,,,,,,,,,,,,,N,12.0,12.0,5.0,7.0,4.0,3.0,36.0,43.0,6,7,0.0,4.0,36.0,44.0,7,7,0,0.0,0.0,N652BR,N652BR-UA-0,36.0,48.0,7.0,43.0,55.0,,,0.0,36,43,0.0,0.0
N652JB,732.0,2019,2,5,2,4,2019-05-02,B6,B6,20409,B6,841,,,,,B6,20409,B6,841,12478,1247805,31703,JFK,"New York, NY",NY,36,New York,22,14685,1468502,34685,SAV,"Savannah, GA",GA,13,Georgia,34,741,-9.0,0.0,0.0,-1.0,0700-0759,24.0,756.0,935.0,5.0,958,940.0,-18.0,0.0,0.0,-2.0,0900-0959,0.0,,0.0,137.0,128.0,99.0,1.0,718.0,3,,,0.0,,0.0,,,,0,,,,,,,,,,,,,,,,,,,,,,,,,,,,,,,,,,,,,,,,,,,,,N,0.0,0.0,7.0,9.0,2.0,3.0,30.0,39.0,7,9,3.0,4.0,31.0,40.0,4,4,0,0.0,0.0,N652JB,N652JB-B6-0,31.0,42.0,9.0,40.0,51.0,,,0.0,32,41,1.0,4.16
N652NK,752.0,2019,2,5,2,4,2019-05-02,NK,NK,20416,NK,704,,,,,NK,20416,NK,704,11433,1143302,31295,DTW,"Detroit, MI",MI,26,Michigan,43,12892,1289208,32575,LAX,"Los Angeles, CA",CA,6,California,91,755,-3.0,0.0,0.0,-1.0,0700-0759,9.0,801.0,945.0,6.0,952,951.0,-1.0,0.0,0.0,-1.0,0900-0959,0.0,,0.0,297.0,299.0,284.0,1.0,1979.0,8,,,0.0,,0.0,,,,0,,,,,,,,,,,,,,,,,,,,,,,,,,,,,,,,,,,,,,,,,,,,,N,0.0,12.0,7.0,9.0,3.0,3.0,31.0,51.0,7,9,4.0,3.0,32.0,51.0,7,7,0,0.0,0.0,N652NK,N652NK-NK-0,32.0,43.0,20.0,52.0,63.0,,,0.0,32,52,0.0,0.0
N652RS,606.0,2019,2,5,2,4,2019-05-02,AA,AA_CODESHARE,19805,AA,4787,,,,,PT,20427,PT,4787,12323,1232305,32323,ILM,"Wilmington, NC",NC,37,North Carolina,36,14100,1410005,34100,PHL,"Philadelphia, PA",PA,42,Pennsylvania,23,611,-5.0,0.0,0.0,-1.0,0600-0659,20.0,626.0,745.0,10.0,746,755.0,9.0,9.0,0.0,0.0,0700-0759,0.0,,0.0,95.0,109.0,79.0,1.0,413.0,2,,,0.0,,0.0,,,,0,,,,,,,,,,,,,,,,,,,,,,,,,,,,,,,,,,,,,,,,,,,,,N,0.0,0.0,6.0,7.0,0.0,4.0,24.0,32.0,6,7,1.0,3.0,25.0,31.0,7,7,0,1.0,1.0,N652RS,N652RS-AA-0,25.0,36.0,8.0,33.0,44.0,,,0.0,25,33,0.0,0.0
N652RS,839.0,2019,2,5,2,4,2019-05-02,AA,AA_CODESHARE,19805,AA,4944,,,,,PT,20427,PT,4944,14100,1410005,34100,PHL,"Philadelphia, PA",PA,42,Pennsylvania,23,10994,1099402,30994,CHS,"Charleston, SC",SC,45,South Carolina,37,845,-6.0,0.0,0.0,-1.0,0800-0859,62.0,941.0,1101.0,5.0,1057,1106.0,9.0,9.0,0.0,0.0,1000-1059,0.0,,0.0,132.0,147.0,80.0,1.0,550.0,3,,,0.0,,0.0,,,,0,,,,,,,,,,,,,,,,,,,,,,,,,,,,,,,,,,,,,,,,,,,,,N,0.0,0.0,8.0,11.0,3.0,0.0,35.0,44.0,8,10,3.0,4.0,35.0,44.0,6,6,1,1.0,0.0,N652RS,N652RS-AA-1,35.0,47.0,9.0,44.0,56.0,32.0,3.0,0.0,36,45,1.0,6.28
N652RW,829.0,2019,2,5,2,4,2019-05-02,UA,UA_CODESHARE,19977,UA,3621,,,,,YX,20452,YX,3621,12339,1233904,32337,IND,"Indianapolis, IN",IN,18,Indiana,42,13930,1393007,30977,ORD,"Chicago, IL",IL,17,Illinois,41,835,-6.0,0.0,0.0,-1.0,0800-0859,61.0,930.0,919.0,11.0,858,930.0,32.0,32.0,1.0,2.0,0800-0859,0.0,,0.0,83.0,121.0,49.0,1.0,177.0,1,0.0,0.0,32.0,0.0,0.0,,,,0,,,,,,,,,,,,,,,,,,,,,,,,,,,,,,,,,,,,,,,,,,,,,N,0.0,4.0,8.0,9.0,2.0,2.0,34.0,42.0,8,8,2.0,4.0,34.0,40.0,4,4,0,0.0,0.0,N652RW,N652RW-UA-0,34.0,46.0,8.0,42.0,54.0,,,2.0,34,43,1.0,4.32
N653AE,736.0,2019,2,5,2,4,2019-05-02,AA,AA_CODESHARE,19805,AA,3973,,,,,MQ,20398,MQ,3973,11996,1199603,31871,GSP,"Greer, SC",SC,45,South Carolina,37,13930,1393007,30977,ORD,"Chicago, IL",IL,17,Illinois,41,744,-8.0,0.0,0.0,-1.0,0700-0759,25.0,801.0,853.0,12.0,910,905.0,-5.0,0.0,0.0,-1.0,0900-0959,0.0,,0.0,146.0,149.0,112.0,1.0,577.0,3,,,0.0,,0.0,,,,0,,,,,,,,,,,,,,,,,,,,,,,,,,,,,,,,,,,,,,,,,,,,,N,0.0,4.0,7.0,9.0,2.0,0.0,30.0,40.0,7,9,3.0,1.0,31.0,41.0,8,8,0,0.0,0.0,N653AE,N653AE-AA-0,31.0,42.0,10.0,41.0,52.0,,,0.0,31,41,0.0,0.0
N653AW,623.0,2019,2,5,2,4,2019-05-02,AA,AA,19805,AA,1757,,,,,AA,19805,AA,1757,10713,1071302,30713,BOI,"Boise, ID",ID,16,Idaho,83,14107,1410702,30466,PHX,"Phoenix, AZ",AZ,4,Arizona,81,630,-7.0,0.0,0.0,-1.0,0600-0659,11.0,634.0,710.0,11.0,737,721.0,-16.0,0.0,0.0,-2.0,0700-0759,0.0,,0.0,127.0,118.0,96.0,1.0,735.0,3,,,0.0,,0.0,,,,0,,,,,,,,,,,,,,,,,,,,,,,,,,,,,,,,,,,,,,,,,,,,,N,8.0,8.0,6.0,7.0,2.0,1.0,34.0,37.0,6,7,2.0,2.0,34.0,38.0,4,4,0,0.0,0.0,N653AW,N653AW-AA-0,34.0,46.0,3.0,37.0,49.0,,,0.0,34,37,0.0,0.0
N653CA,655.0,2019,2,5,2,4,2019-05-02,DL,DL_CODESHARE,19790,DL,6182,,,,,G7,20500,G7,6182,13296,1329604,30721,MHT,"Manchester, NH",NH,33,New Hampshire,14,11433,1143302,31295,DTW,"Detroit, MI",MI,26,Michigan,43,700,-5.0,0.0,0.0,-1.0,0700-0759,14.0,709.0,844.0,14.0,857,858.0,1.0,1.0,0.0,0.0,0800-0859,0.0,,0.0,117.0,123.0,95.0,1.0,610.0,3,,,0.0,,0.0,,,,0,,,,,,,,,,,,,,,,,,,,,,,,,,,,,,,,,,,,,,,,,,,,,N,0.0,0.0,6.0,8.0,4.0,4.0,28.0,36.0,7,8,0.0,4.0,28.0,36.0,9,9,0,0.0,0.0,N653CA,N653CA-DL-0,28.0,40.0,8.0,36.0,48.0,,,0.0,28,36,0.0,0.0
N653JB,542.0,2019,2,5,2,4,2019-05-02,B6,B6,20409,B6,866,,,,,B6,20409,B6,866,14635,1463502,31714,RSW,"Fort Myers, FL",FL,12,Florida,33,10721,1072102,30721,BOS,"Boston, MA",MA,25,Massachusetts,13,545,-3.0,0.0,0.0,-1.0,0001-0559,25.0,607.0,841.0,10.0,851,851.0,0.0,0.0,0.0,0.0,0800-0859,0.0,,0.0,186.0,189.0,154.0,1.0,1249.0,5,,,0.0,,0.0,,,,0,,,,,,,,,,,,,,,,,,,,,,,,,,,,,,,,,,,,,,,,,,,,,N,0.0,0.0,5.0,8.0,3.0,3.0,23.0,35.0,5,8,3.0,3.0,23.0,35.0,8,8,0,0.0,0.0,N653JB,N653JB-B6-0,23.0,35.0,12.0,35.0,47.0,,,0.0,23,35,0.0,0.0
N653NK,707.0,2019,2,5,2,4,2019-05-02,NK,NK,20416,NK,554,,,,,NK,20416,NK,554,10397,1039707,30397,ATL,"Atlanta, GA",GA,13,Georgia,34,10821,1082106,30852,BWI,"Baltimore, MD",MD,24,Maryland,35,700,7.0,7.0,0.0,0.0,0700-0759,10.0,717.0,839.0,9.0,849,848.0,-1.0,0.0,0.0,-1.0,0800-0859,0.0,,0.0,109.0,101.0,82.0,1.0,577.0,3,,,0.0,,0.0,,,,0,,,,,,,,,,,,,,,,,,,,,,,,,,,,,,,,,,,,,,,,,,,,,N,0.0,0.0,7.0,8.0,0.0,3.0,28.0,35.0,7,8,0.0,3.0,28.0,35.0,6,6,0,0.0,0.0,N653NK,N653NK-NK-0,28.0,40.0,7.0,35.0,47.0,,,0.0,28,36,1.0,6.16
N653RW,556.0,2019,2,5,2,4,2019-05-02,UA,UA_CODESHARE,19977,UA,3756,,,,,YX,20452,YX,3756,11433,1143302,31295,DTW,"Detroit, MI",MI,26,Michigan,43,11618,1161802,31703,EWR,"Newark, NJ",NJ,34,New Jersey,21,600,-4.0,0.0,0.0,-1.0,0600-0659,14.0,610.0,720.0,8.0,753,728.0,-25.0,0.0,0.0,-2.0,0700-0759,0.0,,0.0,113.0,92.0,70.0,1.0,488.0,2,,,0.0,,0.0,,,,0,,,,,,,,,,,,,,,,,,,,,,,,,,,,,,,,,,,,,,,,,,,,,N,0.0,0.0,5.0,7.0,4.0,2.0,24.0,30.0,6,7,0.0,4.0,24.0,32.0,8,8,0,1.0,1.0,N653RW,N653RW-UA-0,24.0,36.0,6.0,30.0,42.0,,,0.0,24,30,0.0,0.0
N653RW,833.0,2019,2,5,2,4,2019-05-02,UA,UA_CODESHARE,19977,UA,3419,,,,,YX,20452,YX,3419,11618,1161802,31703,EWR,"Newark, NJ",NJ,34,New Jersey,21,11433,1143302,31295,DTW,"Detroit, MI",MI,26,Michigan,43,840,-7.0,0.0,0.0,-1.0,0800-0859,26.0,859.0,1022.0,7.0,1041,1029.0,-12.0,0.0,0.0,-1.0,1000-1059,0.0,,0.0,121.0,116.0,83.0,1.0,488.0,2,,,0.0,,0.0,,,,0,,,,,,,,,,,,,,,,,,,,,,,,,,,,,,,,,,,,,,,,,,,,,N,0.0,0.0,8.0,10.0,2.0,2.0,34.0,42.0,8,10,3.0,3.0,35.0,43.0,2,2,1,1.0,0.0,N653RW,N653RW-UA-1,35.0,46.0,8.0,43.0,54.0,30.0,4.0,0.0,45,53,10.0,45.14
N654AE,659.0,2019,2,5,2,4,2019-05-02,AA,AA_CODESHARE,19805,AA,4888,,,,,PT,20427,PT,4888,14704,1470405,34704,SBY,"Salisbury, MD",MD,24,Maryland,35,11057,1105703,31057,CLT,"Charlotte, NC",NC,37,North Carolina,36,709,-10.0,0.0,0.0,-1.0,0700-0759,20.0,719.0,825.0,8.0,856,833.0,-23.0,0.0,0.0,-2.0,0800-0859,0.0,,0.0,107.0,94.0,66.0,1.0,371.0,2,,,0.0,,0.0,,,,0,,,,,,,,,,,,,,,,,,,,,,,,,,,,,,,,,,,,,,,,,,,,,N,0.0,0.0,6.0,8.0,4.0,2.0,28.0,34.0,7,8,1.0,4.0,29.0,36.0,8,8,0,1.0,1.0,N654AE,N654AE-AA-0,29.0,40.0,6.0,35.0,46.0,,,0.0,29,35,0.0,0.0
N654AE,935.0,2019,2,5,2,4,2019-05-02,AA,AA_CODESHARE,19805,AA,4954,,,,,PT,20427,PT,4954,11057,1105703,31057,CLT,"Charlotte, NC",NC,37,North Carolina,36,14704,1470405,34704,SBY,"Salisbury, MD",MD,24,Maryland,35,949,-14.0,0.0,0.0,-1.0,0900-0959,34.0,1009.0,1107.0,4.0,1129,1111.0,-18.0,0.0,0.0,-2.0,1100-1159,0.0,,0.0,100.0,96.0,58.0,1.0,371.0,2,,,0.0,,0.0,,,,0,,,,,,,,,,,,,,,,,,,,,,,,,,,,,,,,,,,,,,,,,,,,,N,0.0,0.0,9.0,11.0,2.0,1.0,38.0,45.0,9,11,3.0,2.0,39.0,46.0,9,9,1,1.0,0.0,N654AE,N654AE-AA-1,39.0,50.0,7.0,46.0,57.0,34.0,4.0,0.0,39,46,0.0,0.0
N654AW,735.0,2019,2,5,2,4,2019-05-02,AA,AA,19805,AA,442,,,,,AA,19805,AA,442,11433,1143302,31295,DTW,"Detroit, MI",MI,26,Michigan,43,14107,1410702,30466,PHX,"Phoenix, AZ",AZ,4,Arizona,81,740,-5.0,0.0,0.0,-1.0,0700-0759,18.0,753.0,849.0,21.0,918,910.0,-8.0,0.0,0.0,-1.0,0900-0959,0.0,,0.0,278.0,275.0,236.0,1.0,1671.0,7,,,0.0,,0.0,,,,0,,,,,,,,,,,,,,,,,,,,,,,,,,,,,,,,,,,,,,,,,,,,,N,0.0,8.0,7.0,9.0,2.0,1.0,30.0,45.0,7,9,3.0,1.0,31.0,45.0,3,3,0,0.0,0.0,N654AW,N654AW-AA-0,31.0,42.0,15.0,46.0,57.0,,,0.0,31,46,0.0,0.0
N654RW,553.0,2019,2,5,2,4,2019-05-02,UA,UA_CODESHARE,19977,UA,3610,,,,,YX,20452,YX,3610,13851,1385103,33851,OKC,"Oklahoma City, OK",OK,40,Oklahoma,73,11618,1161802,31703,EWR,"Newark, NJ",NJ,34,New Jersey,21,600,-7.0,0.0,0.0,-1.0,0600-0659,19.0,612.0,1005.0,9.0,1018,1014.0,-4.0,0.0,0.0,-1.0,1000-1059,0.0,,0.0,198.0,201.0,173.0,1.0,1325.0,6,,,0.0,,0.0,,,,0,,,,,,,,,,,,,,,,,,,,,,,,,,,,,,,,,,,,,,,,,,,,,N,4.0,0.0,5.0,10.0,4.0,1.0,28.0,41.0,6,10,0.0,1.0,28.0,41.0,3,3,0,0.0,0.0,N654RW,N654RW-UA-0,28.0,40.0,13.0,41.0,53.0,,,0.0,28,43,2.0,6.96
N655AW,759.0,2019,2,5,2,4,2019-05-02,AA,AA,19805,AA,455,,,,,AA,19805,AA,455,10423,1042302,30423,AUS,"Austin, TX",TX,48,Texas,74,14107,1410702,30466,PHX,"Phoenix, AZ",AZ,4,Arizona,81,805,-6.0,0.0,0.0,-1.0,0800-0859,14.0,813.0,823.0,20.0,845,843.0,-2.0,0.0,0.0,-1.0,0800-0859,0.0,,0.0,160.0,164.0,130.0,1.0,872.0,4,,,0.0,,0.0,,,,0,,,,,,,,,,,,,,,,,,,,,,,,,,,,,,,,,,,,,,,,,,,,,N,4.0,8.0,7.0,8.0,4.0,3.0,36.0,43.0,8,8,0.0,3.0,36.0,43.0,4,4,0,0.0,0.0,N655AW,N655AW-AA-0,36.0,48.0,7.0,43.0,55.0,,,0.0,36,43,0.0,0.0
N655NK,701.0,2019,2,5,2,4,2019-05-02,NK,NK,20416,NK,721,,,,,NK,20416,NK,721,14122,1412202,30198,PIT,"Pittsburgh, PA",PA,42,Pennsylvania,23,13204,1320402,31454,MCO,"Orlando, FL",FL,12,Florida,33,705,-4.0,0.0,0.0,-1.0,0700-0759,9.0,710.0,901.0,13.0,926,914.0,-12.0,0.0,0.0,-1.0,0900-0959,0.0,,0.0,141.0,133.0,111.0,1.0,834.0,4,,,0.0,,0.0,,,,0,,,,,,,,,,,,,,,,,,,,,,,,,,,,,,,,,,,,,,,,,,,,,N,0.0,0.0,7.0,9.0,0.0,1.0,28.0,37.0,7,9,0.0,2.0,28.0,38.0,4,4,0,0.0,0.0,N655NK,N655NK-NK-0,28.0,40.0,9.0,37.0,49.0,,,0.0,28,37,0.0,0.0
N655RW,604.0,2019,2,5,2,4,2019-05-02,UA,UA_CODESHARE,19977,UA,3598,,,,,YX,20452,YX,3598,11618,1161802,31703,EWR,"Newark, NJ",NJ,34,New Jersey,21,11433,1143302,31295,DTW,"Detroit, MI",MI,26,Michigan,43,605,-1.0,0.0,0.0,-1.0,0600-0659,27.0,631.0,755.0,9.0,806,804.0,-2.0,0.0,0.0,-1.0,0800-0859,0.0,,0.0,121.0,120.0,84.0,1.0,488.0,2,,,0.0,,0.0,,,,0,,,,,,,,,,,,,,,,,,,,,,,,,,,,,,,,,,,,,,,,,,,,,N,0.0,0.0,6.0,8.0,0.0,0.0,24.0,32.0,6,8,0.0,0.0,24.0,32.0,1,1,0,1.0,1.0,N655RW,N655RW-UA-0,24.0,36.0,8.0,32.0,44.0,,,0.0,26,34,2.0,3.1
N655RW,840.0,2019,2,5,2,4,2019-05-02,UA,UA_CODESHARE,19977,UA,3526,,,,,YX,20452,YX,3526,11433,1143302,31295,DTW,"Detroit, MI",MI,26,Michigan,43,11618,1161802,31703,EWR,"Newark, NJ",NJ,34,New Jersey,21,845,-5.0,0.0,0.0,-1.0,0800-0859,15.0,855.0,1003.0,6.0,1023,1009.0,-14.0,0.0,0.0,-1.0,1000-1059,0.0,,0.0,98.0,89.0,68.0,1.0,488.0,2,,,0.0,,0.0,,,,0,,,,,,,,,,,,,,,,,,,,,,,,,,,,,,,,,,,,,,,,,,,,,N,0.0,0.0,8.0,10.0,3.0,1.0,35.0,41.0,8,10,3.0,2.0,35.0,42.0,9,9,1,1.0,0.0,N655RW,N655RW-UA-1,35.0,47.0,6.0,41.0,53.0,32.0,3.0,0.0,39,45,4.0,39.44
N656AE,831.0,2019,2,5,2,4,2019-05-02,AA,AA_CODESHARE,19805,AA,4855,,,,,PT,20427,PT,4855,14704,1470405,34704,SBY,"Salisbury, MD",MD,24,Maryland,35,14100,1410005,34100,PHL,"Philadelphia, PA",PA,42,Pennsylvania,23,839,-8.0,0.0,0.0,-1.0,0800-0859,58.0,929.0,956.0,9.0,930,1005.0,35.0,35.0,1.0,2.0,0900-0959,0.0,,0.0,51.0,94.0,27.0,1.0,107.0,1,0.0,0.0,35.0,0.0,0.0,,,,0,,,,,,,,,,,,,,,,,,,,,,,,,,,,,,,,,,,,,,,,,,,,,N,0.0,0.0,8.0,10.0,2.0,0.0,34.0,40.0,8,9,3.0,2.0,35.0,38.0,5,5,0,0.0,0.0,N656AE,N656AE-AA-0,35.0,46.0,6.0,41.0,52.0,,,2.0,35,42,1.0,5.28
N656AW,654.0,2019,2,5,2,4,2019-05-02,AA,AA,19805,AA,1672,,,,,AA,19805,AA,1672,15304,1530402,33195,TPA,"Tampa, FL",FL,12,Florida,33,14107,1410702,30466,PHX,"Phoenix, AZ",AZ,4,Arizona,81,700,-6.0,0.0,0.0,-1.0,0700-0759,13.0,707.0,824.0,43.0,855,907.0,12.0,12.0,0.0,0.0,0800-0859,0.0,,0.0,295.0,313.0,257.0,1.0,1788.0,8,,,0.0,,0.0,,,,0,,,,,,,,,,,,,,,,,,,,,,,,,,,,,,,,,,,,,,,,,,,,,N,0.0,8.0,6.0,9.0,4.0,0.0,28.0,44.0,7,8,0.0,4.0,28.0,44.0,1,1,0,0.0,0.0,N656AW,N656AW-AA-0,28.0,40.0,16.0,44.0,56.0,,,0.0,28,44,0.0,0.0
N656CA,652.0,2019,2,5,2,4,2019-05-02,DL,DL_CODESHARE,19790,DL,6209,,,,,G7,20500,G7,6209,14492,1449202,34492,RDU,"Raleigh/Durham, NC",NC,37,North Carolina,36,13930,1393007,30977,ORD,"Chicago, IL",IL,17,Illinois,41,655,-3.0,0.0,0.0,-1.0,0600-0659,22.0,714.0,759.0,8.0,824,807.0,-17.0,0.0,0.0,-2.0,0800-0859,0.0,,0.0,149.0,135.0,105.0,1.0,646.0,3,,,0.0,,0.0,,,,0,,,,,,,,,,,,,,,,,,,,,,,,,,,,,,,,,,,,,,,,,,,,,N,0.0,4.0,6.0,8.0,3.0,0.0,27.0,36.0,6,8,4.0,2.0,28.0,38.0,4,4,0,0.0,0.0,N656CA,N656CA-DL-0,28.0,39.0,9.0,37.0,48.0,,,0.0,28,37,0.0,0.0
N656NK,624.0,2019,2,5,2,4,2019-05-02,NK,NK,20416,NK,389,,,,,NK,20416,NK,389,10821,1082106,30852,BWI,"Baltimore, MD",MD,24,Maryland,35,13204,1320402,31454,MCO,"Orlando, FL",FL,12,Florida,33,620,4.0,4.0,0.0,0.0,0600-0659,15.0,639.0,831.0,12.0,840,843.0,3.0,3.0,0.0,0.0,0800-0859,0.0,,0.0,140.0,139.0,112.0,1.0,787.0,4,,,0.0,,0.0,,,,0,,,,,,,,,,,,,,,,,,,,,,,,,,,,,,,,,,,,,,,,,,,,,N,0.0,0.0,6.0,8.0,2.0,3.0,26.0,35.0,6,8,1.0,3.0,25.0,35.0,5,5,0,1.0,1.0,N656NK,N656NK-NK-0,26.0,38.0,9.0,35.0,47.0,,,0.0,26,35,0.0,0.0
N656NK,932.0,2019,2,5,2,4,2019-05-02,NK,NK,20416,NK,390,,,,,NK,20416,NK,390,13204,1320402,31454,MCO,"Orlando, FL",FL,12,Florida,33,10821,1082106,30852,BWI,"Baltimore, MD",MD,24,Maryland,35,932,0.0,0.0,0.0,0.0,0900-0959,16.0,948.0,1127.0,9.0,1144,1136.0,-8.0,0.0,0.0,-1.0,1100-1159,0.0,,0.0,132.0,124.0,99.0,1.0,787.0,4,,,0.0,,0.0,,,,0,,,,,,,,,,,,,,,,,,,,,,,,,,,,,,,,,,,,,,,,,,,,,N,0.0,0.0,9.0,11.0,2.0,2.0,38.0,46.0,9,11,2.0,3.0,38.0,47.0,4,4,1,1.0,0.0,N656NK,N656NK-NK-1,38.0,50.0,8.0,46.0,58.0,35.0,3.0,0.0,38,46,0.0,0.0
N656RW,609.0,2019,2,5,2,4,2019-05-02,UA,UA_CODESHARE,19977,UA,3479,,,,,YX,20452,YX,3479,11618,1161802,31703,EWR,"Newark, NJ",NJ,34,New Jersey,21,10397,1039707,30397,ATL,"Atlanta, GA",GA,13,Georgia,34,615,-6.0,0.0,0.0,-1.0,0600-0659,19.0,628.0,826.0,7.0,847,833.0,-14.0,0.0,0.0,-1.0,0800-0859,0.0,,0.0,152.0,144.0,118.0,1.0,746.0,3,,,0.0,,0.0,,,,0,,,,,,,,,,,,,,,,,,,,,,,,,,,,,,,,,,,,,,,,,,,,,N,0.0,0.0,6.0,8.0,1.0,2.0,25.0,34.0,6,8,1.0,3.0,25.0,35.0,3,3,0,1.0,1.0,N656RW,N656RW-UA-0,25.0,37.0,9.0,34.0,46.0,,,0.0,25,34,0.0,0.0
N656RW,922.0,2019,2,5,2,4,2019-05-02,UA,UA_CODESHARE,19977,UA,3406,,,,,YX,20452,YX,3406,10397,1039707,30397,ATL,"Atlanta, GA",GA,13,Georgia,34,11618,1161802,31703,EWR,"Newark, NJ",NJ,34,New Jersey,21,930,-8.0,0.0,0.0,-1.0,0900-0959,10.0,932.0,1114.0,17.0,1141,1131.0,-10.0,0.0,0.0,-1.0,1100-1159,0.0,,0.0,131.0,129.0,102.0,1.0,746.0,3,,,0.0,,0.0,,,,0,,,,,,,,,,,,,,,,,,,,,,,,,,,,,,,,,,,,,,,,,,,,,N,0.0,0.0,9.0,11.0,1.0,2.0,37.0,46.0,9,11,2.0,3.0,38.0,47.0,3,3,1,1.0,0.0,N656RW,N656RW-UA-1,38.0,49.0,9.0,47.0,58.0,34.0,3.0,0.0,38,47,0.0,0.0
N657AE,737.0,2019,2,5,2,4,2019-05-02,AA,AA_CODESHARE,19805,AA,4983,,,,,PT,20427,PT,4983,10721,1072102,30721,BOS,"Boston, MA",MA,25,Massachusetts,13,14576,1457606,34576,ROC,"Rochester, NY",NY,36,New York,22,745,-8.0,0.0,0.0,-1.0,0700-0759,26.0,803.0,908.0,3.0,917,911.0,-6.0,0.0,0.0,-1.0,0900-0959,0.0,,0.0,92.0,94.0,65.0,1.0,343.0,2,,,0.0,,0.0,,,,0,,,,,,,,,,,,,,,,,,,,,,,,,,,,,,,,,,,,,,,,,,,,,N,0.0,0.0,7.0,9.0,2.0,1.0,30.0,37.0,7,9,3.0,1.0,31.0,37.0,4,4,0,0.0,0.0,N657AE,N657AE-AA-0,31.0,42.0,7.0,38.0,49.0,,,0.0,31,38,0.0,0.0
N657JB,724.0,2019,2,5,2,4,2019-05-02,B6,B6,20409,B6,1105,,,,,B6,20409,B6,1105,12478,1247805,31703,JFK,"New York, NY",NY,36,New York,22,13930,1393007,30977,ORD,"Chicago, IL",IL,17,Illinois,41,728,-4.0,0.0,0.0,-1.0,0700-0759,27.0,751.0,853.0,40.0,916,933.0,17.0,17.0,1.0,1.0,0900-0959,0.0,,0.0,168.0,189.0,122.0,1.0,740.0,3,0.0,0.0,17.0,0.0,0.0,,,,0,,,,,,,,,,,,,,,,,,,,,,,,,,,,,,,,,,,,,,,,,,,,,N,0.0,4.0,7.0,9.0,2.0,2.0,30.0,42.0,7,9,2.0,1.0,30.0,41.0,9,9,0,0.0,0.0,N657JB,N657JB-B6-0,30.0,42.0,12.0,42.0,54.0,,,1.0,30,42,0.0,0.0
N657RW,620.0,2019,2,5,2,4,2019-05-02,UA,UA_CODESHARE,19977,UA,3486,,,,,YX,20452,YX,3486,12339,1233904,32337,IND,"Indianapolis, IN",IN,18,Indiana,42,13930,1393007,30977,ORD,"Chicago, IL",IL,17,Illinois,41,620,0.0,0.0,0.0,0.0,0600-0659,13.0,633.0,619.0,8.0,634,627.0,-7.0,0.0,0.0,-1.0,0600-0659,0.0,,0.0,74.0,67.0,46.0,1.0,177.0,1,,,0.0,,0.0,,,,0,,,,,,,,,,,,,,,,,,,,,,,,,,,,,,,,,,,,,,,,,,,,,N,0.0,4.0,6.0,6.0,1.0,2.0,25.0,30.0,6,6,1.0,2.0,25.0,30.0,7,7,0,1.0,1.0,N657RW,N657RW-UA-0,25.0,37.0,5.0,30.0,42.0,,,0.0,25,30,0.0,0.0
N657RW,717.0,2019,2,5,2,4,2019-05-02,UA,UA_CODESHARE,19977,UA,3534,,,,,YX,20452,YX,3534,13930,1393007,30977,ORD,"Chicago, IL",IL,17,Illinois,41,15096,1509602,35096,SYR,"Syracuse, NY",NY,36,New York,22,720,-3.0,0.0,0.0,-1.0,0700-0759,22.0,739.0,1004.0,5.0,1007,1009.0,2.0,2.0,0.0,0.0,1000-1059,0.0,,0.0,107.0,112.0,85.0,1.0,607.0,3,,,0.0,,0.0,,,,0,,,,,,,,,,,,,,,,,,,,,,,,,,,,,,,,,,,,,,,,,,,,,N,4.0,0.0,7.0,10.0,1.0,1.0,33.0,41.0,7,10,1.0,0.0,33.0,40.0,6,6,1,1.0,0.0,N657RW,N657RW-UA-1,33.0,45.0,8.0,41.0,53.0,30.0,3.0,0.0,33,41,0.0,0.0
N658AW,953.0,2019,2,5,2,4,2019-05-02,AA,AA,19805,AA,2604,,,,,AA,19805,AA,2604,10721,1072102,30721,BOS,"Boston, MA",MA,25,Massachusetts,13,14107,1410702,30466,PHX,"Phoenix, AZ",AZ,4,Arizona,81,945,8.0,8.0,0.0,0.0,0900-0959,30.0,1023.0,1254.0,7.0,1245,1301.0,16.0,16.0,1.0,1.0,1200-1259,0.0,,0.0,360.0,368.0,331.0,1.0,2300.0,10,8.0,0.0,8.0,0.0,0.0,,,,0,,,,,,,,,,,,,,,,,,,,,,,,,,,,,,,,,,,,,,,,,,,,,N,0.0,8.0,9.0,13.0,4.0,0.0,40.0,60.0,9,12,3.0,3.0,39.0,59.0,3,3,0,0.0,0.0,N658AW,N658AW-AA-0,39.0,52.0,20.0,59.0,72.0,,,1.0,41,61,2.0,7.1
N658DL,17.0,2019,2,5,2,4,2019-05-02,DL,DL,19790,DL,1793,,,,,DL,19790,DL,1793,14747,1474703,30559,SEA,"Seattle, WA",WA,53,Washington,93,11433,1143302,31295,DTW,"Detroit, MI",MI,26,Michigan,43,15,2.0,2.0,0.0,0.0,0001-0559,14.0,31.0,710.0,10.0,730,720.0,-10.0,0.0,0.0,-1.0,0700-0759,0.0,,0.0,255.0,243.0,219.0,1.0,1927.0,8,,,0.0,,0.0,,,,0,,,,,,,,,,,,,,,,,,,,,,,,,,,,,,,,,,,,,,,,,,,,,N,12.0,0.0,0.0,7.0,1.0,1.0,13.0,29.0,0,7,1.0,2.0,13.0,30.0,1,1,0,1.0,1.0,N658DL,N658DL-DL-0,13.0,25.0,16.0,29.0,41.0,,,0.0,13,29,0.0,0.0
N658DL,841.0,2019,2,5,2,4,2019-05-02,DL,DL,19790,DL,2868,,,,,DL,19790,DL,2868,11433,1143302,31295,DTW,"Detroit, MI",MI,26,Michigan,43,14635,1463502,31714,RSW,"Fort Myers, FL",FL,12,Florida,33,829,12.0,12.0,0.0,0.0,0800-0859,18.0,859.0,1119.0,4.0,1119,1123.0,4.0,4.0,0.0,0.0,1100-1159,0.0,,0.0,170.0,162.0,140.0,1.0,1084.0,5,,,0.0,,0.0,,,,0,,,,,,,,,,,,,,,,,,,,,,,,,,,,,,,,,,,,,,,,,,,,,N,0.0,0.0,8.0,11.0,3.0,2.0,35.0,46.0,8,11,2.0,1.0,34.0,45.0,1,1,1,1.0,0.0,N658DL,N658DL-DL-1,35.0,47.0,11.0,46.0,58.0,29.0,6.0,0.0,35,46,0.0,0.0
N658JB,817.0,2019,2,5,2,4,2019-05-02,B6,B6,20409,B6,403,,,,,B6,20409,B6,403,12478,1247805,31703,JFK,"New York, NY",NY,36,New York,22,14843,1484306,34819,SJU,"San Juan, PR",PR,72,Puerto Rico,3,822,-5.0,0.0,0.0,-1.0,0800-0859,30.0,847.0,1204.0,4.0,1220,1208.0,-12.0,0.0,0.0,-1.0,1200-1259,0.0,,0.0,238.0,231.0,197.0,1.0,1598.0,7,,,0.0,,0.0,,,,0,,,,,,,,,,,,,,,,,,,,,,,,,,,,,,,,,,,,,,,,,,,,,N,0.0,-4.0,8.0,12.0,1.0,1.0,33.0,45.0,8,12,1.0,1.0,33.0,45.0,7,7,0,0.0,0.0,N658JB,N658JB-B6-0,33.0,45.0,12.0,45.0,57.0,,,0.0,33,45,0.0,0.0
N658NK,719.0,2019,2,5,2,4,2019-05-02,NK,NK,20416,NK,138,,,,,NK,20416,NK,138,11697,1169706,32467,FLL,"Fort Lauderdale, FL",FL,12,Florida,33,13204,1320402,31454,MCO,"Orlando, FL",FL,12,Florida,33,725,-6.0,0.0,0.0,-1.0,0700-0759,27.0,746.0,816.0,11.0,829,827.0,-2.0,0.0,0.0,-1.0,0800-0859,0.0,,0.0,64.0,68.0,30.0,1.0,177.0,1,,,0.0,,0.0,,,,0,,,,,,,,,,,,,,,,,,,,,,,,,,,,,,,,,,,,,,,,,,,,,N,0.0,0.0,7.0,8.0,1.0,2.0,29.0,34.0,7,8,2.0,2.0,30.0,34.0,5,5,0,1.0,1.0,N658NK,N658NK-NK-0,30.0,41.0,5.0,35.0,46.0,,,0.0,30,35,0.0,0.0
N658NK,926.0,2019,2,5,2,4,2019-05-02,NK,NK,20416,NK,138,,,,,NK,20416,NK,138,13204,1320402,31454,MCO,"Orlando, FL",FL,12,Florida,33,10158,1015804,30158,ACY,"Atlantic City, NJ",NJ,34,New Jersey,21,930,-4.0,0.0,0.0,-1.0,0900-0959,12.0,938.0,1127.0,5.0,1146,1132.0,-14.0,0.0,0.0,-1.0,1100-1159,0.0,,0.0,136.0,126.0,109.0,1.0,852.0,4,,,0.0,,0.0,,,,0,,,,,,,,,,,,,,,,,,,,,,,,,,,,,,,,,,,,,,,,,,,,,N,0.0,0.0,9.0,11.0,2.0,2.0,38.0,46.0,9,11,2.0,3.0,38.0,47.0,6,6,1,1.0,0.0,N658NK,N658NK-NK-1,38.0,50.0,8.0,46.0,58.0,34.0,4.0,0.0,39,47,1.0,6.26
N659AE,610.0,2019,2,5,2,4,2019-05-02,AA,AA_CODESHARE,19805,AA,4873,,,,,PT,20427,PT,4873,14574,1457405,34574,ROA,"Roanoke, VA",VA,51,Virginia,38,14100,1410005,34100,PHL,"Philadelphia, PA",PA,42,Pennsylvania,23,603,7.0,7.0,0.0,0.0,0600-0659,74.0,724.0,824.0,10.0,729,834.0,65.0,65.0,1.0,4.0,0700-0759,0.0,,0.0,86.0,144.0,60.0,1.0,311.0,2,7.0,0.0,58.0,0.0,0.0,,,,0,,,,,,,,,,,,,,,,,,,,,,,,,,,,,,,,,,,,,,,,,,,,,N,0.0,0.0,6.0,8.0,1.0,2.0,25.0,34.0,6,7,0.0,2.0,24.0,30.0,6,6,0,1.0,1.0,N659AE,N659AE-AA-0,24.0,37.0,9.0,33.0,46.0,,,4.0,25,35,2.0,12.84
N659AE,906.0,2019,2,5,2,4,2019-05-02,AA,AA_CODESHARE,19805,AA,5008,,,,,PT,20427,PT,5008,14100,1410005,34100,PHL,"Philadelphia, PA",PA,42,Pennsylvania,23,13931,1393102,33667,ORF,"Norfolk, VA",VA,51,Virginia,38,825,41.0,41.0,1.0,2.0,0800-0859,39.0,945.0,1025.0,22.0,948,1047.0,59.0,59.0,1.0,3.0,0900-0959,0.0,,0.0,83.0,101.0,40.0,1.0,212.0,1,0.0,0.0,18.0,0.0,41.0,,,,0,,,,,,,,,,,,,,,,,,,,,,,,,,,,,,,,,,,,,,,,,,,,,N,0.0,0.0,9.0,10.0,0.0,3.0,36.0,43.0,8,9,2.0,3.0,34.0,39.0,2,2,1,1.0,0.0,N659AE,N659AE-AA-1,34.0,48.0,7.0,41.0,55.0,34.0,2.0,4.0,34,41,0.0,0.0
N659AW,714.0,2019,2,5,2,4,2019-05-02,AA,AA,19805,AA,2319,,,,,AA,19805,AA,2319,14492,1449202,34492,RDU,"Raleigh/Durham, NC",NC,37,North Carolina,36,11057,1105703,31057,CLT,"Charlotte, NC",NC,37,North Carolina,36,715,-1.0,0.0,0.0,-1.0,0700-0759,26.0,740.0,814.0,11.0,827,825.0,-2.0,0.0,0.0,-1.0,0800-0859,0.0,,0.0,72.0,71.0,34.0,1.0,130.0,1,,,0.0,,0.0,,,,0,,,,,,,,,,,,,,,,,,,,,,,,,,,,,,,,,,,,,,,,,,,,,N,0.0,0.0,7.0,8.0,1.0,2.0,29.0,34.0,7,8,1.0,2.0,29.0,34.0,1,1,0,1.0,1.0,N659AW,N659AW-AA-0,29.0,41.0,5.0,34.0,46.0,,,0.0,29,34,0.0,0.0
N659AW,924.0,2019,2,5,2,4,2019-05-02,AA,AA,19805,AA,1643,,,,,AA,19805,AA,1643,11057,1105703,31057,CLT,"Charlotte, NC",NC,37,North Carolina,36,10397,1039707,30397,ATL,"Atlanta, GA",GA,13,Georgia,34,920,4.0,4.0,0.0,0.0,0900-0959,10.0,934.0,1021.0,10.0,1035,1031.0,-4.0,0.0,0.0,-1.0,1000-1059,0.0,,0.0,75.0,67.0,47.0,1.0,226.0,1,,,0.0,,0.0,,,,0,,,,,,,,,,,,,,,,,,,,,,,,,,,,,,,,,,,,,,,,,,,,,N,0.0,0.0,9.0,10.0,2.0,2.0,38.0,42.0,9,10,1.0,2.0,37.0,42.0,9,9,1,1.0,0.0,N659AW,N659AW-AA-1,38.0,50.0,4.0,42.0,54.0,34.0,4.0,0.0,38,42,0.0,0.0
N659BR,655.0,2019,2,5,2,4,2019-05-02,DL,DL_CODESHARE,19790,DL,3834,,,,,OO,20304,OO,3834,10469,1046902,30469,AZO,"Kalamazoo, MI",MI,26,Michigan,43,13487,1348702,31650,MSP,"Minneapolis, MN",MN,27,Minnesota,63,700,-5.0,0.0,0.0,-1.0,0700-0759,8.0,703.0,711.0,7.0,807,718.0,-49.0,0.0,0.0,-2.0,0800-0859,0.0,,0.0,127.0,83.0,68.0,1.0,426.0,2,,,0.0,,0.0,,,,0,,,,,,,,,,,,,,,,,,,,,,,,,,,,,,,,,,,,,,,,,,,,,N,0.0,4.0,6.0,7.0,4.0,1.0,28.0,33.0,7,8,0.0,0.0,28.0,36.0,5,5,0,0.0,0.0,N659BR,N659BR-DL-0,28.0,40.0,5.0,33.0,45.0,,,0.0,28,33,0.0,0.0
N659CA,553.0,2019,2,5,2,4,2019-05-02,DL,DL_CODESHARE,19790,DL,6293,,,,,G7,20500,G7,6293,11618,1161802,31703,EWR,"Newark, NJ",NJ,34,New Jersey,21,11433,1143302,31295,DTW,"Detroit, MI",MI,26,Michigan,43,600,-7.0,0.0,0.0,-1.0,0600-0659,29.0,622.0,750.0,13.0,747,803.0,16.0,16.0,1.0,1.0,0700-0759,0.0,,0.0,107.0,130.0,88.0,1.0,488.0,2,0.0,0.0,16.0,0.0,0.0,,,,0,,,,,,,,,,,,,,,,,,,,,,,,,,,,,,,,,,,,,,,,,,,,,N,0.0,0.0,5.0,8.0,4.0,0.0,24.0,32.0,6,7,0.0,3.0,24.0,31.0,6,6,0,1.0,1.0,N659CA,N659CA-DL-0,24.0,36.0,8.0,32.0,44.0,,,1.0,24,32,0.0,0.0
N659CA,840.0,2019,2,5,2,4,2019-05-02,DL,DL_CODESHARE,19790,DL,6188,,,,,G7,20500,G7,6188,11433,1143302,31295,DTW,"Detroit, MI",MI,26,Michigan,43,15016,1501606,31123,STL,"St. Louis, MO",MO,29,Missouri,64,845,-5.0,0.0,0.0,-1.0,0800-0859,24.0,904.0,921.0,5.0,927,926.0,-1.0,0.0,0.0,-1.0,0900-0959,0.0,,0.0,102.0,106.0,77.0,1.0,440.0,2,,,0.0,,0.0,,,,0,,,,,,,,,,,,,,,,,,,,,,,,,,,,,,,,,,,,,,,,,,,,,N,0.0,4.0,8.0,9.0,3.0,2.0,35.0,42.0,8,9,3.0,2.0,35.0,42.0,2,2,1,1.0,0.0,N659CA,N659CA-DL-1,35.0,47.0,7.0,42.0,54.0,32.0,3.0,0.0,35,42,0.0,0.0
N659DL,527.0,2019,2,5,2,4,2019-05-02,DL,DL,19790,DL,688,,,,,DL,19790,DL,688,14635,1463502,31714,RSW,"Fort Myers, FL",FL,12,Florida,33,10397,1039707,30397,ATL,"Atlanta, GA",GA,13,Georgia,34,530,-3.0,0.0,0.0,-1.0,0001-0559,14.0,541.0,656.0,5.0,718,701.0,-17.0,0.0,0.0,-2.0,0700-0759,0.0,,0.0,108.0,94.0,75.0,1.0,515.0,3,,,0.0,,0.0,,,,0,,,,,,,,,,,,,,,,,,,,,,,,,,,,,,,,,,,,,,,,,,,,,N,0.0,0.0,5.0,7.0,2.0,0.0,22.0,28.0,5,7,2.0,1.0,22.0,29.0,8,8,0,1.0,1.0,N659DL,N659DL-DL-0,22.0,34.0,6.0,28.0,40.0,,,0.0,22,28,0.0,0.0
N659DL,819.0,2019,2,5,2,4,2019-05-02,DL,DL,19790,DL,1068,,,,,DL,19790,DL,1068,10397,1039707,30397,ATL,"Atlanta, GA",GA,13,Georgia,34,14635,1463502,31714,RSW,"Fort Myers, FL",FL,12,Florida,33,818,1.0,1.0,0.0,0.0,0800-0859,15.0,834.0,946.0,5.0,958,951.0,-7.0,0.0,0.0,-1.0,0900-0959,0.0,,0.0,100.0,92.0,72.0,1.0,515.0,3,,,0.0,,0.0,,,,0,,,,,,,,,,,,,,,,,,,,,,,,,,,,,,,,,,,,,,,,,,,,,N,0.0,0.0,8.0,9.0,1.0,3.0,33.0,39.0,8,9,1.0,4.0,33.0,40.0,8,8,1,1.0,0.0,N659DL,N659DL-DL-1,33.0,45.0,6.0,39.0,51.0,28.0,5.0,0.0,33,39,0.0,0.0
N659NK,839.0,2019,2,5,2,4,2019-05-02,NK,NK,20416,NK,893,,,,,NK,20416,NK,893,13930,1393007,30977,ORD,"Chicago, IL",IL,17,Illinois,41,11298,1129806,30194,DFW,"Dallas/Fort Worth, TX",TX,48,Texas,74,840,-1.0,0.0,0.0,-1.0,0800-0859,29.0,908.0,1118.0,17.0,1116,1135.0,19.0,19.0,1.0,1.0,1100-1159,0.0,,0.0,156.0,176.0,130.0,1.0,801.0,4,0.0,0.0,19.0,0.0,0.0,,,,0,,,,,,,,,,,,,,,,,,,,,,,,,,,,,,,,,,,,,,,,,,,,,N,4.0,4.0,8.0,11.0,3.0,2.0,39.0,50.0,8,11,3.0,1.0,39.0,49.0,8,8,0,0.0,0.0,N659NK,N659NK-NK-0,39.0,51.0,11.0,50.0,62.0,,,1.0,39,50,0.0,0.0
N660AW,718.0,2019,2,5,2,4,2019-05-02,AA,AA,19805,AA,464,,,,,AA,19805,AA,464,13342,1334207,33342,MKE,"Milwaukee, WI",WI,55,Wisconsin,45,14107,1410702,30466,PHX,"Phoenix, AZ",AZ,4,Arizona,81,720,-2.0,0.0,0.0,-1.0,0700-0759,11.0,729.0,858.0,5.0,916,903.0,-13.0,0.0,0.0,-1.0,0900-0959,0.0,,0.0,236.0,225.0,209.0,1.0,1460.0,6,,,0.0,,0.0,,,,0,,,,,,,,,,,,,,,,,,,,,,,,,,,,,,,,,,,,,,,,,,,,,N,4.0,8.0,7.0,9.0,1.0,0.0,33.0,44.0,7,9,1.0,1.0,33.0,45.0,2,2,0,0.0,0.0,N660AW,N660AW-AA-0,33.0,45.0,11.0,44.0,56.0,,,0.0,33,44,0.0,0.0
N660BC,842.0,2019,2,5,2,4,2019-05-02,AA,AA_CODESHARE,19805,AA,4916,,,,,PT,20427,PT,4916,14100,1410005,34100,PHL,"Philadelphia, PA",PA,42,Pennsylvania,23,14524,1452401,34524,RIC,"Richmond, VA",VA,51,Virginia,38,820,22.0,22.0,1.0,1.0,0800-0859,53.0,935.0,1012.0,4.0,941,1016.0,35.0,35.0,1.0,2.0,0900-0959,0.0,,0.0,81.0,94.0,37.0,1.0,198.0,1,22.0,0.0,13.0,0.0,0.0,,,,0,,,,,,,,,,,,,,,,,,,,,,,,,,,,,,,,,,,,,,,,,,,,,N,0.0,0.0,8.0,10.0,3.0,1.0,35.0,41.0,8,9,1.0,3.0,33.0,39.0,8,8,0,0.0,0.0,N660BC,N660BC-AA-0,34.0,47.0,6.0,40.0,53.0,,,1.0,34,40,0.0,0.0
N660DL,647.0,2019,2,5,2,4,2019-05-02,DL,DL,19790,DL,1910,,,,,DL,19790,DL,1910,13487,1348702,31650,MSP,"Minneapolis, MN",MN,27,Minnesota,63,13204,1320402,31454,MCO,"Orlando, FL",FL,12,Florida,33,650,-3.0,0.0,0.0,-1.0,0600-0659,14.0,701.0,1100.0,15.0,1106,1115.0,9.0,9.0,0.0,0.0,1100-1159,0.0,,0.0,196.0,208.0,179.0,1.0,1310.0,6,,,0.0,,0.0,,,,0,,,,,,,,,,,,,,,,,,,,,,,,,,,,,,,,,,,,,,,,,,,,,N,4.0,0.0,6.0,11.0,3.0,1.0,31.0,45.0,6,11,3.0,0.0,31.0,44.0,2,2,0,0.0,0.0,N660DL,N660DL-DL-0,31.0,43.0,14.0,45.0,57.0,,,0.0,31,47,2.0,4.96
N660NK,726.0,2019,2,5,2,4,2019-05-02,NK,NK,20416,NK,1899,,,,,NK,20416,NK,1899,13204,1320402,31454,MCO,"Orlando, FL",FL,12,Florida,33,13930,1393007,30977,ORD,"Chicago, IL",IL,17,Illinois,41,730,-4.0,0.0,0.0,-1.0,0700-0759,15.0,741.0,906.0,14.0,934,920.0,-14.0,0.0,0.0,-1.0,0900-0959,0.0,,0.0,184.0,174.0,145.0,1.0,1005.0,5,,,0.0,,0.0,,,,0,,,,,,,,,,,,,,,,,,,,,,,,,,,,,,,,,,,,,,,,,,,,,N,0.0,4.0,7.0,9.0,2.0,1.0,30.0,41.0,7,9,2.0,2.0,30.0,42.0,7,7,0,0.0,0.0,N660NK,N660NK-NK-0,30.0,42.0,11.0,41.0,53.0,,,0.0,30,41,0.0,0.0
N660UA,825.0,2019,2,5,2,4,2019-05-02,UA,UA,19977,UA,762,,,,,UA,19977,UA,762,12264,1226402,30852,IAD,"Washington, DC",VA,51,Virginia,38,12266,1226603,31453,IAH,"Houston, TX",TX,48,Texas,74,825,0.0,0.0,0.0,0.0,0800-0859,18.0,843.0,1042.0,8.0,1045,1050.0,5.0,5.0,0.0,0.0,1000-1059,0.0,,0.0,200.0,205.0,179.0,1.0,1190.0,5,,,0.0,,0.0,,,,0,,,,,,,,,,,,,,,,,,,,,,,,,,,,,,,,,,,,,,,,,,,,,N,0.0,4.0,8.0,10.0,2.0,3.0,34.0,47.0,8,10,2.0,3.0,34.0,47.0,1,1,0,0.0,0.0,N660UA,N660UA-UA-0,34.0,46.0,13.0,47.0,59.0,,,0.0,40,53,6.0,15.64
N661AW,704.0,2019,2,5,2,4,2019-05-02,AA,AA,19805,AA,2020,,,,,AA,19805,AA,2020,15304,1530402,33195,TPA,"Tampa, FL",FL,12,Florida,33,11057,1105703,31057,CLT,"Charlotte, NC",NC,37,North Carolina,36,701,3.0,3.0,0.0,0.0,0700-0759,14.0,718.0,841.0,6.0,850,847.0,-3.0,0.0,0.0,-1.0,0800-0859,0.0,,0.0,109.0,103.0,83.0,1.0,507.0,3,,,0.0,,0.0,,,,0,,,,,,,,,,,,,,,,,,,,,,,,,,,,,,,,,,,,,,,,,,,,,N,0.0,0.0,7.0,8.0,0.0,3.0,28.0,35.0,7,8,0.0,3.0,28.0,35.0,7,7,0,0.0,0.0,N661AW,N661AW-AA-0,28.0,40.0,7.0,35.0,47.0,,,0.0,28,35,0.0,0.0
N661NK,706.0,2019,2,5,2,4,2019-05-02,NK,NK,20416,NK,469,,,,,NK,20416,NK,469,11697,1169706,32467,FLL,"Fort Lauderdale, FL",FL,12,Florida,33,11298,1129806,30194,DFW,"Dallas/Fort Worth, TX",TX,48,Texas,74,710,-4.0,0.0,0.0,-1.0,0700-0759,11.0,717.0,858.0,11.0,908,909.0,1.0,1.0,0.0,0.0,0900-0959,0.0,,0.0,178.0,183.0,161.0,1.0,1119.0,5,,,0.0,,0.0,,,,0,,,,,,,,,,,,,,,,,,,,,,,,,,,,,,,,,,,,,,,,,,,,,N,0.0,4.0,7.0,9.0,0.0,1.0,28.0,41.0,7,9,1.0,1.0,29.0,41.0,7,7,0,0.0,0.0,N661NK,N661NK-NK-0,29.0,40.0,13.0,42.0,53.0,,,0.0,29,42,0.0,0.0
N662AW,627.0,2019,2,5,2,4,2019-05-02,AA,AA,19805,AA,1808,,,,,AA,19805,AA,1808,12889,1288903,32211,LAS,"Las Vegas, NV",NV,32,Nevada,85,14107,1410702,30466,PHX,"Phoenix, AZ",AZ,4,Arizona,81,630,-3.0,0.0,0.0,-1.0,0600-0659,19.0,646.0,732.0,5.0,742,737.0,-5.0,0.0,0.0,-1.0,0700-0759,0.0,,0.0,72.0,70.0,46.0,1.0,255.0,2,,,0.0,,0.0,,,,0,,,,,,,,,,,,,,,,,,,,,,,,,,,,,,,,,,,,,,,,,,,,,N,12.0,8.0,6.0,7.0,2.0,2.0,38.0,38.0,6,7,2.0,3.0,38.0,39.0,6,6,0,0.0,0.0,N662AW,N662AW-AA-0,38.0,50.0,0.0,38.0,50.0,,,0.0,38,38,0.0,0.0
N662EH,952.0,2019,2,5,2,4,2019-05-02,AA,AA_CODESHARE,19805,AA,3764,,,,,MQ,20398,MQ,3764,11193,1119302,33105,CVG,"Cincinnati, OH",KY,21,Kentucky,52,13930,1393007,30977,ORD,"Chicago, IL",IL,17,Illinois,41,840,72.0,72.0,1.0,4.0,0800-0859,14.0,1006.0,958.0,22.0,915,1020.0,65.0,65.0,1.0,4.0,0900-0959,0.0,,0.0,95.0,88.0,52.0,1.0,264.0,2,0.0,0.0,65.0,0.0,0.0,,,,0,,,,,,,,,,,,,,,,,,,,,,,,,,,,,,,,,,,,,,,,,,,,,N,0.0,4.0,9.0,10.0,3.0,1.0,39.0,45.0,8,9,3.0,1.0,35.0,41.0,7,7,0,0.0,0.0,N662EH,N662EH-AA-0,35.0,51.0,6.0,41.0,57.0,,,4.0,35,41,0.0,0.0
N662NK,628.0,2019,2,5,2,4,2019-05-02,NK,NK,20416,NK,705,,,,,NK,20416,NK,705,12953,1295304,31703,LGA,"New York, NY",NY,36,New York,22,11697,1169706,32467,FLL,"Fort Lauderdale, FL",FL,12,Florida,33,630,-2.0,0.0,0.0,-1.0,0600-0659,16.0,644.0,904.0,8.0,922,912.0,-10.0,0.0,0.0,-1.0,0900-0959,0.0,,0.0,172.0,164.0,140.0,1.0,1076.0,5,,,0.0,,0.0,,,,0,,,,,,,,,,,,,,,,,,,,,,,,,,,,,,,,,,,,,,,,,,,,,N,0.0,0.0,6.0,9.0,2.0,1.0,26.0,37.0,6,9,2.0,1.0,26.0,37.0,2,2,0,0.0,0.0,N662NK,N662NK-NK-0,26.0,38.0,11.0,37.0,49.0,,,0.0,27,38,1.0,2.18
N663AR,721.0,2019,2,5,2,4,2019-05-02,AA,AA_CODESHARE,19805,AA,3647,,,,,MQ,20398,MQ,3647,10136,1013603,30136,ABI,"Abilene, TX",TX,48,Texas,74,11298,1129806,30194,DFW,"Dallas/Fort Worth, TX",TX,48,Texas,74,710,11.0,11.0,0.0,0.0,0700-0759,21.0,742.0,812.0,5.0,805,817.0,12.0,12.0,0.0,0.0,0800-0859,0.0,,0.0,55.0,56.0,30.0,1.0,158.0,1,,,0.0,,0.0,,,,0,,,,,,,,,,,,,,,,,,,,,,,,,,,,,,,,,,,,,,,,,,,,,N,4.0,4.0,7.0,8.0,1.0,1.0,33.0,37.0,7,8,1.0,0.0,33.0,36.0,9,9,0,1.0,1.0,N663AR,N663AR-AA-0,33.0,45.0,4.0,37.0,49.0,,,0.0,33,37,0.0,0.0
N663AR,909.0,2019,2,5,2,4,2019-05-02,AA,AA_CODESHARE,19805,AA,3468,,,,,MQ,20398,MQ,3468,11298,1129806,30194,DFW,"Dallas/Fort Worth, TX",TX,48,Texas,74,13377,1337702,33377,MLU,"Monroe, LA",LA,22,Louisiana,72,845,24.0,24.0,1.0,1.0,0800-0859,37.0,946.0,1036.0,2.0,956,1038.0,42.0,42.0,1.0,2.0,0900-0959,0.0,,0.0,71.0,89.0,50.0,1.0,293.0,2,0.0,17.0,18.0,0.0,7.0,,,,0,,,,,,,,,,,,,,,,,,,,,,,,,,,,,,,,,,,,,,,,,,,,,N,4.0,4.0,9.0,10.0,1.0,3.0,41.0,47.0,8,9,3.0,4.0,39.0,44.0,1,1,1,1.0,0.0,N663AR,N663AR-AA-1,40.0,53.0,6.0,46.0,59.0,37.0,4.0,2.0,44,50,4.0,8.06
N663NK,547.0,2019,2,5,2,4,2019-05-02,NK,NK,20416,NK,224,,,,,NK,20416,NK,224,13930,1393007,30977,ORD,"Chicago, IL",IL,17,Illinois,41,12953,1295304,31703,LGA,"New York, NY",NY,36,New York,22,551,-4.0,0.0,0.0,-1.0,0001-0559,15.0,602.0,845.0,9.0,901,854.0,-7.0,0.0,0.0,-1.0,0900-0959,0.0,,0.0,130.0,127.0,103.0,1.0,733.0,3,,,0.0,,0.0,,,,0,,,,,,,,,,,,,,,,,,,,,,,,,,,,,,,,,,,,,,,,,,,,,N,4.0,0.0,5.0,8.0,3.0,4.0,27.0,36.0,5,9,3.0,0.0,27.0,36.0,8,8,0,0.0,0.0,N663NK,N663NK-NK-0,27.0,39.0,9.0,36.0,48.0,,,0.0,27,36,0.0,0.0
N663UA,821.0,2019,2,5,2,4,2019-05-02,UA,UA,19977,UA,363,,,,,UA,19977,UA,363,11618,1161802,31703,EWR,"Newark, NJ",NJ,34,New Jersey,21,12173,1217305,32134,HNL,"Honolulu, HI",HI,15,Hawaii,2,835,-14.0,0.0,0.0,-1.0,0800-0859,26.0,847.0,1314.0,26.0,1344,1340.0,-4.0,0.0,0.0,-1.0,1300-1359,0.0,,0.0,669.0,679.0,627.0,1.0,4962.0,11,,,0.0,,0.0,,,,0,,,,,,,,,,,,,,,,,,,,,,,,,,,,,,,,,,,,,,,,,,,,,N,0.0,20.0,8.0,13.0,1.0,3.0,33.0,75.0,8,13,2.0,3.0,34.0,75.0,4,4,0,0.0,0.0,N663UA,N663UA-UA-0,34.0,45.0,42.0,76.0,87.0,,,0.0,34,76,0.0,0.0
N664AW,559.0,2019,2,5,2,4,2019-05-02,AA,AA,19805,AA,2015,,,,,AA,19805,AA,2015,14570,1457002,34570,RNO,"Reno, NV",NV,32,Nevada,85,14107,1410702,30466,PHX,"Phoenix, AZ",AZ,4,Arizona,81,600,-1.0,0.0,0.0,-1.0,0600-0659,9.0,608.0,729.0,4.0,751,733.0,-18.0,0.0,0.0,-2.0,0700-0759,0.0,,0.0,111.0,94.0,81.0,1.0,601.0,3,,,0.0,,0.0,,,,0,,,,,,,,,,,,,,,,,,,,,,,,,,,,,,,,,,,,,,,,,,,,,N,12.0,8.0,5.0,7.0,4.0,2.0,36.0,38.0,6,7,0.0,3.0,36.0,39.0,4,4,0,0.0,0.0,N664AW,N664AW-AA-0,36.0,48.0,2.0,38.0,50.0,,,0.0,36,38,0.0,0.0
N664MS,811.0,2019,2,5,2,4,2019-05-02,AA,AA_CODESHARE,19805,AA,3667,,,,,MQ,20398,MQ,3667,11067,1106702,31067,CMI,"Champaign/Urbana, IL",IL,17,Illinois,41,11298,1129806,30194,DFW,"Dallas/Fort Worth, TX",TX,48,Texas,74,706,65.0,65.0,1.0,4.0,0700-0759,15.0,826.0,1055.0,16.0,934,1111.0,97.0,97.0,1.0,6.0,0900-0959,0.0,,0.0,148.0,180.0,149.0,1.0,692.0,3,0.0,65.0,32.0,0.0,0.0,,,,0,,,,,,,,,,,,,,,,,,,,,,,,,,,,,,,,,,,,,,,,,,,,,N,4.0,4.0,8.0,11.0,1.0,1.0,37.0,49.0,7,9,0.0,2.0,32.0,42.0,3,3,0,0.0,0.0,N664MS,N664MS-AA-0,35.0,49.0,12.0,47.0,61.0,,,2.0,35,47,0.0,0.0
N664NK,559.0,2019,2,5,2,4,2019-05-02,NK,NK,20416,NK,521,,,,,NK,20416,NK,521,11618,1161802,31703,EWR,"Newark, NJ",NJ,34,New Jersey,21,11697,1169706,32467,FLL,"Fort Lauderdale, FL",FL,12,Florida,33,600,-1.0,0.0,0.0,-1.0,0600-0659,13.0,612.0,837.0,6.0,858,843.0,-15.0,0.0,0.0,-1.0,0800-0859,0.0,,0.0,178.0,164.0,145.0,1.0,1065.0,5,,,0.0,,0.0,,,,0,,,,,,,,,,,,,,,,,,,,,,,,,,,,,,,,,,,,,,,,,,,,,N,0.0,0.0,5.0,8.0,4.0,3.0,24.0,35.0,6,8,0.0,4.0,24.0,36.0,3,3,0,0.0,0.0,N664NK,N664NK-NK-0,24.0,36.0,11.0,35.0,47.0,,,0.0,24,35,0.0,0.0
N665AW,523.0,2019,2,5,2,4,2019-05-02,AA,AA,19805,AA,2196,,,,,AA,19805,AA,2196,14492,1449202,34492,RDU,"Raleigh/Durham, NC",NC,37,North Carolina,36,14100,1410005,34100,PHL,"Philadelphia, PA",PA,42,Pennsylvania,23,531,-8.0,0.0,0.0,-1.0,0001-0559,15.0,538.0,632.0,13.0,704,645.0,-19.0,0.0,0.0,-2.0,0700-0759,0.0,,0.0,93.0,82.0,54.0,1.0,337.0,2,,,0.0,,0.0,,,,0,,,,,,,,,,,,,,,,,,,,,,,,,,,,,,,,,,,,,,,,,,,,,N,0.0,0.0,5.0,6.0,2.0,3.0,22.0,27.0,5,7,2.0,0.0,22.0,28.0,5,5,0,1.0,1.0,N665AW,N665AW-AA-0,22.0,34.0,5.0,27.0,39.0,,,0.0,22,27,0.0,0.0
N665AW,831.0,2019,2,5,2,4,2019-05-02,AA,AA,19805,AA,1897,,,,,AA,19805,AA,1897,14100,1410005,34100,PHL,"Philadelphia, PA",PA,42,Pennsylvania,23,11697,1169706,32467,FLL,"Fort Lauderdale, FL",FL,12,Florida,33,835,-4.0,0.0,0.0,-1.0,0800-0859,26.0,857.0,1116.0,2.0,1138,1118.0,-20.0,0.0,0.0,-2.0,1100-1159,0.0,,0.0,183.0,167.0,139.0,1.0,992.0,4,,,0.0,,0.0,,,,0,,,,,,,,,,,,,,,,,,,,,,,,,,,,,,,,,,,,,,,,,,,,,N,0.0,0.0,8.0,11.0,2.0,1.0,34.0,45.0,8,11,2.0,3.0,34.0,47.0,4,4,1,1.0,0.0,N665AW,N665AW-AA-1,34.0,46.0,11.0,45.0,57.0,27.0,7.0,0.0,34,45,0.0,0.0
N665DN,629.0,2019,2,5,2,4,2019-05-02,DL,DL,19790,DL,827,,,,,DL,19790,DL,827,11697,1169706,32467,FLL,"Fort Lauderdale, FL",FL,12,Florida,33,10397,1039707,30397,ATL,"Atlanta, GA",GA,13,Georgia,34,630,-1.0,0.0,0.0,-1.0,0600-0659,14.0,643.0,805.0,8.0,817,813.0,-4.0,0.0,0.0,-1.0,0800-0859,0.0,,0.0,107.0,104.0,82.0,1.0,581.0,3,,,0.0,,0.0,,,,0,,,,,,,,,,,,,,,,,,,,,,,,,,,,,,,,,,,,,,,,,,,,,N,0.0,0.0,6.0,8.0,2.0,1.0,26.0,33.0,6,8,2.0,1.0,26.0,33.0,3,3,0,1.0,1.0,N665DN,N665DN-DL-0,26.0,38.0,7.0,33.0,45.0,,,0.0,26,33,0.0,0.0
N665DN,928.0,2019,2,5,2,4,2019-05-02,DL,DL,19790,DL,591,,,,,DL,19790,DL,591,10397,1039707,30397,ATL,"Atlanta, GA",GA,13,Georgia,34,12451,1245102,31136,JAX,"Jacksonville, FL",FL,12,Florida,33,930,-2.0,0.0,0.0,-1.0,0900-0959,9.0,937.0,1018.0,4.0,1040,1022.0,-18.0,0.0,0.0,-2.0,1000-1059,0.0,,0.0,70.0,54.0,41.0,1.0,270.0,2,,,0.0,,0.0,,,,0,,,,,,,,,,,,,,,,,,,,,,,,,,,,,,,,,,,,,,,,,,,,,N,0.0,0.0,9.0,10.0,2.0,1.0,38.0,41.0,9,10,2.0,3.0,38.0,43.0,3,3,1,1.0,0.0,N665DN,N665DN-DL-1,38.0,50.0,3.0,41.0,53.0,33.0,5.0,0.0,38,41,0.0,0.0
N665JB,559.0,2019,2,5,2,4,2019-05-02,B6,B6,20409,B6,990,,,,,B6,20409,B6,990,13204,1320402,31454,MCO,"Orlando, FL",FL,12,Florida,33,12478,1247805,31703,JFK,"New York, NY",NY,36,New York,22,600,-1.0,0.0,0.0,-1.0,0600-0659,24.0,623.0,826.0,8.0,839,834.0,-5.0,0.0,0.0,-1.0,0800-0859,0.0,,0.0,159.0,155.0,123.0,1.0,944.0,4,,,0.0,,0.0,,,,0,,,,,,,,,,,,,,,,,,,,,,,,,,,,,,,,,,,,,,,,,,,,,N,0.0,0.0,5.0,8.0,4.0,2.0,24.0,34.0,6,8,0.0,3.0,24.0,35.0,9,9,0,0.0,0.0,N665JB,N665JB-B6-0,24.0,36.0,10.0,34.0,46.0,,,0.0,24,34,0.0,0.0
N665NK,459.0,2019,2,5,2,4,2019-05-02,NK,NK,20416,NK,103,,,,,NK,20416,NK,103,10721,1072102,30721,BOS,"Boston, MA",MA,25,Massachusetts,13,13577,1357702,31135,MYR,"Myrtle Beach, SC",SC,45,South Carolina,37,505,-6.0,0.0,0.0,-1.0,0001-0559,12.0,511.0,653.0,5.0,711,658.0,-13.0,0.0,0.0,-1.0,0700-0759,0.0,,0.0,126.0,119.0,102.0,1.0,738.0,3,,,0.0,,0.0,,,,0,,,,,,,,,,,,,,,,,,,,,,,,,,,,,,,,,,,,,,,,,,,,,N,0.0,0.0,4.0,6.0,4.0,4.0,20.0,28.0,5,7,0.0,1.0,20.0,29.0,3,3,0,1.0,1.0,N665NK,N665NK-NK-0,20.0,32.0,8.0,28.0,40.0,,,0.0,20,28,0.0,0.0
N665NK,807.0,2019,2,5,2,4,2019-05-02,NK,NK,20416,NK,103,,,,,NK,20416,NK,103,13577,1357702,31135,MYR,"Myrtle Beach, SC",SC,45,South Carolina,37,11697,1169706,32467,FLL,"Fort Lauderdale, FL",FL,12,Florida,33,806,1.0,1.0,0.0,0.0,0800-0859,8.0,815.0,942.0,7.0,950,949.0,-1.0,0.0,0.0,-1.0,0900-0959,0.0,,0.0,104.0,102.0,87.0,1.0,529.0,3,,,0.0,,0.0,,,,0,,,,,,,,,,,,,,,,,,,,,,,,,,,,,,,,,,,,,,,,,,,,,N,0.0,0.0,8.0,9.0,0.0,3.0,32.0,39.0,8,9,0.0,3.0,32.0,39.0,6,6,1,1.0,0.0,N665NK,N665NK-NK-1,32.0,44.0,7.0,39.0,51.0,28.0,4.0,0.0,32,43,4.0,27.58
N667DN,723.0,2019,2,5,2,4,2019-05-02,DL,DL,19790,DL,2283,,,,,DL,19790,DL,2283,15304,1530402,33195,TPA,"Tampa, FL",FL,12,Florida,33,10397,1039707,30397,ATL,"Atlanta, GA",GA,13,Georgia,34,725,-2.0,0.0,0.0,-1.0,0700-0759,18.0,741.0,844.0,16.0,905,900.0,-5.0,0.0,0.0,-1.0,0900-0959,0.0,,0.0,100.0,97.0,63.0,1.0,406.0,2,,,0.0,,0.0,,,,0,,,,,,,,,,,,,,,,,,,,,,,,,,,,,,,,,,,,,,,,,,,,,N,0.0,0.0,7.0,9.0,2.0,0.0,30.0,36.0,7,9,2.0,0.0,30.0,36.0,1,1,0,0.0,0.0,N667DN,N667DN-DL-0,30.0,42.0,6.0,36.0,48.0,,,0.0,30,36,0.0,0.0
N667GB,849.0,2019,2,5,2,4,2019-05-02,AA,AA_CODESHARE,19805,AA,3442,,,,,MQ,20398,MQ,3442,11067,1106702,31067,CMI,"Champaign/Urbana, IL",IL,17,Illinois,41,13930,1393007,30977,ORD,"Chicago, IL",IL,17,Illinois,41,706,103.0,103.0,1.0,6.0,0700-0759,12.0,901.0,934.0,10.0,814,944.0,90.0,90.0,1.0,6.0,0800-0859,0.0,,0.0,68.0,55.0,33.0,1.0,135.0,1,0.0,90.0,0.0,0.0,0.0,,,,0,,,,,,,,,,,,,,,,,,,,,,,,,,,,,,,,,,,,,,,,,,,,,N,4.0,4.0,8.0,9.0,3.0,3.0,39.0,43.0,7,8,0.0,1.0,32.0,37.0,9,9,0,0.0,0.0,N667GB,N667GB-AA-0,39.0,51.0,4.0,43.0,55.0,,,0.0,39,43,0.0,0.0
N667NK,604.0,2019,2,5,2,4,2019-05-02,NK,NK,20416,NK,940,,,,,NK,20416,NK,940,11298,1129806,30194,DFW,"Dallas/Fort Worth, TX",TX,48,Texas,74,13930,1393007,30977,ORD,"Chicago, IL",IL,17,Illinois,41,605,-1.0,0.0,0.0,-1.0,0600-0659,16.0,620.0,807.0,17.0,835,824.0,-11.0,0.0,0.0,-1.0,0800-0859,0.0,,0.0,150.0,140.0,107.0,1.0,801.0,4,,,0.0,,0.0,,,,0,,,,,,,,,,,,,,,,,,,,,,,,,,,,,,,,,,,,,,,,,,,,,N,4.0,4.0,6.0,8.0,0.0,2.0,28.0,38.0,6,8,0.0,2.0,28.0,38.0,7,7,0,0.0,0.0,N667NK,N667NK-NK-0,28.0,40.0,10.0,38.0,50.0,,,0.0,28,38,0.0,0.0
N66803,753.0,2019,2,5,2,4,2019-05-02,UA,UA,19977,UA,206,,,,,UA,19977,UA,206,13930,1393007,30977,ORD,"Chicago, IL",IL,17,Illinois,41,13204,1320402,31454,MCO,"Orlando, FL",FL,12,Florida,33,800,-7.0,0.0,0.0,-1.0,0800-0859,29.0,822.0,1150.0,5.0,1141,1155.0,14.0,14.0,0.0,0.0,1100-1159,0.0,,0.0,161.0,182.0,148.0,1.0,1005.0,5,,,0.0,,0.0,,,,0,,,,,,,,,,,,,,,,,,,,,,,,,,,,,,,,,,,,,,,,,,,,,N,4.0,0.0,7.0,11.0,4.0,4.0,36.0,48.0,8,11,0.0,3.0,36.0,47.0,2,2,0,0.0,0.0,N66803,N66803-UA-0,36.0,48.0,12.0,48.0,60.0,,,0.0,37,50,2.0,5.38
N66814,43.0,2019,2,5,2,4,2019-05-02,UA,UA,19977,UA,2097,,,,,UA,19977,UA,2097,12892,1289208,32575,LAX,"Los Angeles, CA",CA,6,California,91,13930,1393007,30977,ORD,"Chicago, IL",IL,17,Illinois,41,53,-10.0,0.0,0.0,-1.0,0001-0559,18.0,101.0,621.0,14.0,655,635.0,-20.0,0.0,0.0,-2.0,0600-0659,0.0,,0.0,242.0,232.0,200.0,1.0,1744.0,7,,,0.0,,0.0,,,,0,,,,,,,,,,,,,,,,,,,,,,,,,,,,,,,,,,,,,,,,,,,,,N,12.0,4.0,0.0,6.0,3.0,2.0,15.0,30.0,0,6,4.0,4.0,16.0,32.0,9,9,0,1.0,1.0,N66814,N66814-UA-0,16.0,27.0,15.0,31.0,42.0,,,0.0,17,32,1.0,9.2
N66814,802.0,2019,2,5,2,4,2019-05-02,UA,UA,19977,UA,1846,,,,,UA,19977,UA,1846,13930,1393007,30977,ORD,"Chicago, IL",IL,17,Illinois,41,14747,1474703,30559,SEA,"Seattle, WA",WA,53,Washington,93,805,-3.0,0.0,0.0,-1.0,0800-0859,28.0,830.0,1027.0,12.0,1031,1039.0,8.0,8.0,0.0,0.0,1000-1059,0.0,,0.0,266.0,277.0,237.0,1.0,1721.0,7,,,0.0,,0.0,,,,0,,,,,,,,,,,,,,,,,,,,,,,,,,,,,,,,,,,,,,,,,,,,,N,4.0,12.0,8.0,10.0,0.0,3.0,36.0,55.0,8,10,0.0,2.0,36.0,54.0,5,5,1,1.0,0.0,N66814,N66814-UA-1,36.0,48.0,19.0,55.0,67.0,30.0,6.0,0.0,46,65,10.0,73.84
N66825,820.0,2019,2,5,2,4,2019-05-02,UA,UA,19977,UA,733,,,,,UA,19977,UA,733,13930,1393007,30977,ORD,"Chicago, IL",IL,17,Illinois,41,11292,1129202,30325,DEN,"Denver, CO",CO,8,Colorado,82,825,-5.0,0.0,0.0,-1.0,0800-0859,22.0,842.0,952.0,12.0,1000,1004.0,4.0,4.0,0.0,0.0,1000-1059,0.0,,0.0,155.0,164.0,130.0,1.0,888.0,4,,,0.0,,0.0,,,,0,,,,,,,,,,,,,,,,,,,,,,,,,,,,,,,,,,,,,,,,,,,,,N,4.0,8.0,8.0,10.0,1.0,0.0,37.0,48.0,8,10,2.0,0.0,38.0,48.0,2,2,0,0.0,0.0,N66825,N66825-UA-0,38.0,49.0,11.0,49.0,60.0,,,0.0,38,51,2.0,4.9
N66828,824.0,2019,2,5,2,4,2019-05-02,UA,UA,19977,UA,2154,,,,,UA,19977,UA,2154,12264,1226402,30852,IAD,"Washington, DC",VA,51,Virginia,38,12892,1289208,32575,LAX,"Los Angeles, CA",CA,6,California,91,830,-6.0,0.0,0.0,-1.0,0800-0859,32.0,856.0,1117.0,8.0,1111,1125.0,14.0,14.0,0.0,0.0,1100-1159,0.0,,0.0,341.0,361.0,321.0,1.0,2288.0,10,,,0.0,,0.0,,,,0,,,,,,,,,,,,,,,,,,,,,,,,,,,,,,,,,,,,,,,,,,,,,N,0.0,12.0,8.0,11.0,2.0,2.0,34.0,58.0,8,11,2.0,1.0,34.0,57.0,2,2,0,0.0,0.0,N66828,N66828-UA-0,34.0,46.0,24.0,58.0,70.0,,,0.0,39,63,5.0,17.4
N66831,859.0,2019,2,5,2,4,2019-05-02,UA,UA,19977,UA,470,,,,,UA,19977,UA,470,13204,1320402,31454,MCO,"Orlando, FL",FL,12,Florida,33,14771,1477104,32457,SFO,"San Francisco, CA",CA,6,California,91,855,4.0,4.0,0.0,0.0,0800-0859,12.0,911.0,1132.0,10.0,1156,1142.0,-14.0,0.0,0.0,-1.0,1100-1159,0.0,,0.0,361.0,343.0,321.0,1.0,2446.0,10,,,0.0,,0.0,,,,0,,,,,,,,,,,,,,,,,,,,,,,,,,,,,,,,,,,,,,,,,,,,,N,0.0,12.0,8.0,11.0,4.0,3.0,36.0,59.0,8,11,4.0,4.0,36.0,60.0,2,2,0,0.0,0.0,N66831,N66831-UA-0,36.0,48.0,23.0,59.0,71.0,,,0.0,38,62,3.0,8.46
N66837,612.0,2019,2,5,2,4,2019-05-02,UA,UA,19977,UA,2196,,,,,UA,19977,UA,2196,11697,1169706,32467,FLL,"Fort Lauderdale, FL",FL,12,Florida,33,13930,1393007,30977,ORD,"Chicago, IL",IL,17,Illinois,41,612,0.0,0.0,0.0,0.0,0600-0659,27.0,639.0,825.0,12.0,833,837.0,4.0,4.0,0.0,0.0,0800-0859,0.0,,0.0,201.0,205.0,166.0,1.0,1182.0,5,,,0.0,,0.0,,,,0,,,,,,,,,,,,,,,,,,,,,,,,,,,,,,,,,,,,,,,,,,,,,N,0.0,4.0,6.0,8.0,1.0,2.0,25.0,38.0,6,8,1.0,2.0,25.0,38.0,6,6,0,0.0,0.0,N66837,N66837-UA-0,25.0,37.0,13.0,38.0,50.0,,,0.0,28,41,3.0,19.76
N66841,827.0,2019,2,5,2,4,2019-05-02,UA,UA,19977,UA,641,,,,,UA,19977,UA,641,12264,1226402,30852,IAD,"Washington, DC",VA,51,Virginia,38,10721,1072102,30721,BOS,"Boston, MA",MA,25,Massachusetts,13,830,-3.0,0.0,0.0,-1.0,0800-0859,33.0,900.0,959.0,7.0,1001,1006.0,5.0,5.0,0.0,0.0,1000-1059,0.0,,0.0,91.0,99.0,59.0,1.0,413.0,2,,,0.0,,0.0,,,,0,,,,,,,,,,,,,,,,,,,,,,,,,,,,,,,,,,,,,,,,,,,,,N,0.0,0.0,8.0,10.0,2.0,0.0,34.0,40.0,8,10,2.0,0.0,34.0,40.0,3,3,0,0.0,0.0,N66841,N66841-UA-0,34.0,46.0,6.0,40.0,52.0,,,0.0,34,42,2.0,6.9
N66848,708.0,2019,2,5,2,4,2019-05-02,UA,UA,19977,UA,1774,,,,,UA,19977,UA,1774,14107,1410702,30466,PHX,"Phoenix, AZ",AZ,4,Arizona,81,11292,1129202,30325,DEN,"Denver, CO",CO,8,Colorado,82,715,-7.0,0.0,0.0,-1.0,0700-0759,11.0,719.0,941.0,11.0,959,952.0,-7.0,0.0,0.0,-1.0,0900-0959,0.0,,0.0,104.0,104.0,82.0,1.0,602.0,3,,,0.0,,0.0,,,,0,,,,,,,,,,,,,,,,,,,,,,,,,,,,,,,,,,,,,,,,,,,,,N,8.0,8.0,7.0,9.0,1.0,3.0,37.0,47.0,7,9,1.0,4.0,37.0,48.0,6,6,0,0.0,0.0,N66848,N66848-UA-0,37.0,49.0,10.0,47.0,59.0,,,0.0,37,47,0.0,0.0
N66893,549.0,2019,2,5,2,4,2019-05-02,UA,UA,19977,UA,734,,,,,UA,19977,UA,734,14771,1477104,32457,SFO,"San Francisco, CA",CA,6,California,91,13930,1393007,30977,ORD,"Chicago, IL",IL,17,Illinois,41,555,-6.0,0.0,0.0,-1.0,0001-0559,11.0,600.0,1139.0,8.0,1205,1147.0,-18.0,0.0,0.0,-2.0,1200-1259,0.0,,0.0,250.0,238.0,219.0,1.0,1846.0,8,,,0.0,,0.0,,,,0,,,,,,,,,,,,,,,,,,,,,,,,,,,,,,,,,,,,,,,,,,,,,N,12.0,4.0,5.0,11.0,3.0,3.0,35.0,51.0,5,12,4.0,0.0,36.0,52.0,5,5,0,0.0,0.0,N66893,N66893-UA-0,36.0,47.0,16.0,52.0,63.0,,,0.0,36,52,0.0,0.0
N668DN,620.0,2019,2,5,2,4,2019-05-02,DL,DL,19790,DL,1703,,,,,DL,19790,DL,1703,12339,1233904,32337,IND,"Indianapolis, IN",IN,18,Indiana,42,11433,1143302,31295,DTW,"Detroit, MI",MI,26,Michigan,43,620,0.0,0.0,0.0,0.0,0600-0659,17.0,637.0,723.0,7.0,729,730.0,1.0,1.0,0.0,0.0,0700-0759,0.0,,0.0,69.0,70.0,46.0,1.0,231.0,1,,,0.0,,0.0,,,,0,,,,,,,,,,,,,,,,,,,,,,,,,,,,,,,,,,,,,,,,,,,,,N,0.0,0.0,6.0,7.0,1.0,2.0,25.0,30.0,6,7,1.0,2.0,25.0,30.0,8,8,0,1.0,1.0,N668DN,N668DN-DL-0,25.0,37.0,5.0,30.0,42.0,,,0.0,25,30,0.0,0.0
N668DN,854.0,2019,2,5,2,4,2019-05-02,DL,DL,19790,DL,2786,,,,,DL,19790,DL,2786,11433,1143302,31295,DTW,"Detroit, MI",MI,26,Michigan,43,14908,1490803,32575,SNA,"Santa Ana, CA",CA,6,California,91,900,-6.0,0.0,0.0,-1.0,0900-0959,17.0,911.0,1043.0,13.0,1047,1056.0,9.0,9.0,0.0,0.0,1000-1059,0.0,,0.0,287.0,302.0,272.0,1.0,1960.0,8,,,0.0,,0.0,,,,0,,,,,,,,,,,,,,,,,,,,,,,,,,,,,,,,,,,,,,,,,,,,,N,0.0,12.0,8.0,10.0,4.0,4.0,36.0,56.0,9,10,0.0,3.0,36.0,55.0,1,1,1,1.0,0.0,N668DN,N668DN-DL-1,36.0,48.0,20.0,56.0,68.0,30.0,6.0,0.0,36,56,0.0,0.0
N668HH,711.0,2019,2,5,2,4,2019-05-02,AA,AA_CODESHARE,19805,AA,4129,,,,,MQ,20398,MQ,4129,14783,1478302,34783,SGF,"Springfield, MO",MO,29,Missouri,64,13930,1393007,30977,ORD,"Chicago, IL",IL,17,Illinois,41,715,-4.0,0.0,0.0,-1.0,0700-0759,114.0,905.0,1010.0,14.0,855,1024.0,89.0,89.0,1.0,5.0,0800-0859,0.0,,0.0,100.0,193.0,65.0,1.0,438.0,2,0.0,0.0,89.0,0.0,0.0,,,,0,,,,,,,,,,,,,,,,,,,,,,,,,,,,,,,,,,,,,,,,,,,,,N,4.0,4.0,7.0,10.0,1.0,2.0,33.0,46.0,7,8,1.0,4.0,33.0,40.0,3,3,0,0.0,0.0,N668HH,N668HH-AA-0,33.0,45.0,13.0,46.0,58.0,,,6.0,33,47,1.0,3.28
N668NK,611.0,2019,2,5,2,4,2019-05-02,NK,NK,20416,NK,712,,,,,NK,20416,NK,712,12266,1226603,31453,IAH,"Houston, TX",TX,48,Texas,74,11618,1161802,31703,EWR,"Newark, NJ",NJ,34,New Jersey,21,615,-4.0,0.0,0.0,-1.0,0600-0659,13.0,624.0,1021.0,9.0,1038,1030.0,-8.0,0.0,0.0,-1.0,1000-1059,0.0,,0.0,203.0,199.0,177.0,1.0,1400.0,6,,,0.0,,0.0,,,,0,,,,,,,,,,,,,,,,,,,,,,,,,,,,,,,,,,,,,,,,,,,,,N,4.0,0.0,6.0,10.0,1.0,2.0,29.0,42.0,6,10,1.0,3.0,29.0,43.0,1,1,0,0.0,0.0,N668NK,N668NK-NK-0,29.0,41.0,13.0,42.0,54.0,,,0.0,29,42,0.0,0.0
N669AW,521.0,2019,2,5,2,4,2019-05-02,AA,AA,19805,AA,550,,,,,AA,19805,AA,550,10397,1039707,30397,ATL,"Atlanta, GA",GA,13,Georgia,34,11057,1105703,31057,CLT,"Charlotte, NC",NC,37,North Carolina,36,525,-4.0,0.0,0.0,-1.0,0001-0559,15.0,536.0,625.0,7.0,639,632.0,-7.0,0.0,0.0,-1.0,0600-0659,0.0,,0.0,74.0,71.0,49.0,1.0,226.0,1,,,0.0,,0.0,,,,0,,,,,,,,,,,,,,,,,,,,,,,,,,,,,,,,,,,,,,,,,,,,,N,0.0,0.0,5.0,6.0,1.0,2.0,21.0,26.0,5,6,2.0,3.0,22.0,27.0,6,6,0,2.0,2.0,N669AW,N669AW-AA-0,22.0,33.0,5.0,27.0,38.0,,,0.0,22,27,0.0,0.0
N669AW,736.0,2019,2,5,2,4,2019-05-02,AA,AA,19805,AA,1912,,,,,AA,19805,AA,1912,11057,1105703,31057,CLT,"Charlotte, NC",NC,37,North Carolina,36,14492,1449202,34492,RDU,"Raleigh/Durham, NC",NC,37,North Carolina,36,740,-4.0,0.0,0.0,-1.0,0700-0759,19.0,755.0,829.0,6.0,840,835.0,-5.0,0.0,0.0,-1.0,0800-0859,0.0,,0.0,60.0,59.0,34.0,1.0,130.0,1,,,0.0,,0.0,,,,0,,,,,,,,,,,,,,,,,,,,,,,,,,,,,,,,,,,,,,,,,,,,,N,0.0,0.0,7.0,8.0,2.0,2.0,30.0,34.0,7,8,3.0,3.0,31.0,35.0,4,4,1,2.0,1.0,N669AW,N669AW-AA-1,31.0,42.0,4.0,35.0,46.0,26.0,4.0,0.0,31,35,0.0,0.0
N669AW,939.0,2019,2,5,2,4,2019-05-02,AA,AA,19805,AA,1912,,,,,AA,19805,AA,1912,14492,1449202,34492,RDU,"Raleigh/Durham, NC",NC,37,North Carolina,36,11057,1105703,31057,CLT,"Charlotte, NC",NC,37,North Carolina,36,929,10.0,10.0,0.0,0.0,0900-0959,19.0,958.0,1031.0,7.0,1045,1038.0,-7.0,0.0,0.0,-1.0,1000-1059,0.0,,0.0,76.0,59.0,33.0,1.0,130.0,1,,,0.0,,0.0,,,,0,,,,,,,,,,,,,,,,,,,,,,,,,,,,,,,,,,,,,,,,,,,,,N,0.0,0.0,9.0,10.0,3.0,3.0,39.0,43.0,9,10,2.0,3.0,38.0,43.0,8,8,2,2.0,0.0,N669AW,N669AW-AA-2,39.0,51.0,4.0,43.0,55.0,34.0,5.0,0.0,40,44,1.0,8.28
N669CA,556.0,2019,2,5,2,4,2019-05-02,DL,DL_CODESHARE,19790,DL,6299,,,,,G7,20500,G7,6299,11066,1106606,31066,CMH,"Columbus, OH",OH,39,Ohio,44,11433,1143302,31295,DTW,"Detroit, MI",MI,26,Michigan,43,605,-9.0,0.0,0.0,-1.0,0600-0659,20.0,616.0,652.0,6.0,713,658.0,-15.0,0.0,0.0,-1.0,0700-0759,0.0,,0.0,68.0,62.0,36.0,1.0,155.0,1,,,0.0,,0.0,,,,0,,,,,,,,,,,,,,,,,,,,,,,,,,,,,,,,,,,,,,,,,,,,,N,0.0,0.0,5.0,6.0,4.0,4.0,24.0,28.0,6,7,0.0,1.0,24.0,29.0,2,2,0,0.0,0.0,N669CA,N669CA-DL-0,24.0,36.0,4.0,28.0,40.0,,,0.0,24,28,0.0,0.0
N669DN,559.0,2019,2,5,2,4,2019-05-02,DL,DL,19790,DL,1444,,,,,DL,19790,DL,1444,14747,1474703,30559,SEA,"Seattle, WA",WA,53,Washington,93,11433,1143302,31295,DTW,"Detroit, MI",MI,26,Michigan,43,600,-1.0,0.0,0.0,-1.0,0600-0659,21.0,620.0,1300.0,10.0,1314,1310.0,-4.0,0.0,0.0,-1.0,1300-1359,0.0,,0.0,254.0,251.0,220.0,1.0,1927.0,8,,,0.0,,0.0,,,,0,,,,,,,,,,,,,,,,,,,,,,,,,,,,,,,,,,,,,,,,,,,,,N,12.0,0.0,5.0,13.0,4.0,1.0,36.0,53.0,6,13,0.0,1.0,36.0,53.0,1,1,0,0.0,0.0,N669DN,N669DN-DL-0,36.0,48.0,17.0,53.0,65.0,,,0.0,36,53,0.0,0.0
N669MB,744.0,2019,2,5,2,4,2019-05-02,AA,AA_CODESHARE,19805,AA,4808,,,,,PT,20427,PT,4808,14574,1457405,34574,ROA,"Roanoke, VA",VA,51,Virginia,38,11057,1105703,31057,CLT,"Charlotte, NC",NC,37,North Carolina,36,752,-8.0,0.0,0.0,-1.0,0700-0759,18.0,802.0,843.0,14.0,910,857.0,-13.0,0.0,0.0,-1.0,0900-0959,0.0,,0.0,78.0,73.0,41.0,1.0,155.0,1,,,0.0,,0.0,,,,0,,,,,,,,,,,,,,,,,,,,,,,,,,,,,,,,,,,,,,,,,,,,,N,0.0,0.0,7.0,8.0,3.0,4.0,31.0,36.0,7,9,3.0,1.0,31.0,37.0,2,2,0,0.0,0.0,N669MB,N669MB-AA-0,31.0,43.0,5.0,36.0,48.0,,,0.0,31,39,3.0,8.88
N669NK,557.0,2019,2,5,2,4,2019-05-02,NK,NK,20416,NK,200,,,,,NK,20416,NK,200,12266,1226603,31453,IAH,"Houston, TX",TX,48,Texas,74,13930,1393007,30977,ORD,"Chicago, IL",IL,17,Illinois,41,600,-3.0,0.0,0.0,-1.0,0600-0659,28.0,625.0,908.0,17.0,842,925.0,43.0,43.0,1.0,2.0,0800-0859,0.0,,0.0,162.0,208.0,163.0,1.0,925.0,4,0.0,0.0,43.0,0.0,0.0,,,,0,,,,,,,,,,,,,,,,,,,,,,,,,,,,,,,,,,,,,,,,,,,,,N,4.0,4.0,5.0,9.0,4.0,2.0,28.0,42.0,6,8,0.0,3.0,28.0,39.0,1,1,0,0.0,0.0,N669NK,N669NK-NK-0,28.0,40.0,14.0,42.0,54.0,,,3.0,28,46,4.0,7.9
N6700,618.0,2019,2,5,2,4,2019-05-02,DL,DL,19790,DL,697,,,,,DL,19790,DL,697,13204,1320402,31454,MCO,"Orlando, FL",FL,12,Florida,33,12892,1289208,32575,LAX,"Los Angeles, CA",CA,6,California,91,620,-2.0,0.0,0.0,-1.0,0600-0659,17.0,635.0,842.0,11.0,845,853.0,8.0,8.0,0.0,0.0,0800-0859,0.0,,0.0,325.0,335.0,307.0,1.0,2218.0,9,,,0.0,,0.0,,,,0,,,,,,,,,,,,,,,,,,,,,,,,,,,,,,,,,,,,,,,,,,,,,N,0.0,12.0,6.0,8.0,1.0,4.0,25.0,48.0,6,8,1.0,3.0,25.0,47.0,6,6,0,0.0,0.0,N6700,N6700-DL-0,25.0,37.0,23.0,48.0,60.0,,,0.0,25,48,0.0,0.0
N6701,616.0,2019,2,5,2,4,2019-05-02,DL,DL,19790,DL,2192,,,,,DL,19790,DL,2192,15304,1530402,33195,TPA,"Tampa, FL",FL,12,Florida,33,11433,1143302,31295,DTW,"Detroit, MI",MI,26,Michigan,43,615,1.0,1.0,0.0,0.0,0600-0659,12.0,628.0,849.0,7.0,847,856.0,9.0,9.0,0.0,0.0,0800-0859,0.0,,0.0,152.0,160.0,141.0,1.0,983.0,4,,,0.0,,0.0,,,,0,,,,,,,,,,,,,,,,,,,,,,,,,,,,,,,,,,,,,,,,,,,,,N,0.0,0.0,6.0,8.0,1.0,4.0,25.0,36.0,6,8,1.0,3.0,25.0,35.0,5,5,0,0.0,0.0,N6701,N6701-DL-0,25.0,37.0,11.0,36.0,48.0,,,0.0,25,36,0.0,0.0
N6703D,857.0,2019,2,5,2,4,2019-05-02,DL,DL,19790,DL,1880,,,,,DL,19790,DL,1880,10721,1072102,30721,BOS,"Boston, MA",MA,25,Massachusetts,13,10397,1039707,30397,ATL,"Atlanta, GA",GA,13,Georgia,34,900,-3.0,0.0,0.0,-1.0,0900-0959,22.0,919.0,1131.0,7.0,1147,1138.0,-9.0,0.0,0.0,-1.0,1100-1159,0.0,,0.0,167.0,161.0,132.0,1.0,946.0,4,,,0.0,,0.0,,,,0,,,,,,,,,,,,,,,,,,,,,,,,,,,,,,,,,,,,,,,,,,,,,N,0.0,0.0,8.0,11.0,4.0,3.0,36.0,47.0,9,11,0.0,3.0,36.0,47.0,3,3,0,0.0,0.0,N6703D,N6703D-DL-0,36.0,48.0,11.0,47.0,59.0,,,0.0,36,47,0.0,0.0
N67052,827.0,2019,2,5,2,4,2019-05-02,UA,UA,19977,UA,1523,,,,,UA,19977,UA,1523,11618,1161802,31703,EWR,"Newark, NJ",NJ,34,New Jersey,21,14843,1484306,34819,SJU,"San Juan, PR",PR,72,Puerto Rico,3,830,-3.0,0.0,0.0,-1.0,0800-0859,30.0,857.0,1215.0,4.0,1225,1219.0,-6.0,0.0,0.0,-1.0,1200-1259,0.0,,0.0,235.0,232.0,198.0,1.0,1608.0,7,,,0.0,,0.0,,,,0,,,,,,,,,,,,,,,,,,,,,,,,,,,,,,,,,,,,,,,,,,,,,N,0.0,-4.0,8.0,12.0,2.0,1.0,34.0,45.0,8,12,2.0,2.0,34.0,46.0,9,9,0,0.0,0.0,N67052,N67052-UA-0,34.0,46.0,11.0,45.0,57.0,,,0.0,34,45,0.0,0.0
N6708D,704.0,2019,2,5,2,4,2019-05-02,DL,DL,19790,DL,2092,,,,,DL,19790,DL,2092,13204,1320402,31454,MCO,"Orlando, FL",FL,12,Florida,33,10397,1039707,30397,ATL,"Atlanta, GA",GA,13,Georgia,34,705,-1.0,0.0,0.0,-1.0,0700-0759,21.0,725.0,823.0,13.0,844,836.0,-8.0,0.0,0.0,-1.0,0800-0859,0.0,,0.0,99.0,92.0,58.0,1.0,404.0,2,,,0.0,,0.0,,,,0,,,,,,,,,,,,,,,,,,,,,,,,,,,,,,,,,,,,,,,,,,,,,N,0.0,0.0,7.0,8.0,0.0,2.0,28.0,34.0,7,8,0.0,3.0,28.0,35.0,6,6,0,1.0,1.0,N6708D,N6708D-DL-0,28.0,40.0,6.0,34.0,46.0,,,0.0,28,34,0.0,0.0
N6708D,942.0,2019,2,5,2,4,2019-05-02,DL,DL,19790,DL,571,,,,,DL,19790,DL,571,10397,1039707,30397,ATL,"Atlanta, GA",GA,13,Georgia,34,15024,1502403,34945,STT,"Charlotte Amalie, VI",VI,78,U.S. Virgin Islands,4,942,0.0,0.0,0.0,0.0,0900-0959,14.0,956.0,1309.0,3.0,1319,1312.0,-7.0,0.0,0.0,-1.0,1300-1359,0.0,,0.0,217.0,210.0,193.0,1.0,1599.0,7,,,0.0,,0.0,,,,0,,,,,,,,,,,,,,,,,,,,,,,,,,,,,,,,,,,,,,,,,,,,,N,0.0,-4.0,9.0,13.0,3.0,1.0,39.0,49.0,9,13,3.0,1.0,39.0,49.0,2,2,1,1.0,0.0,N6708D,N6708D-DL-1,39.0,51.0,10.0,49.0,61.0,34.0,5.0,0.0,39,49,0.0,0.0
N6709,621.0,2019,2,5,2,4,2019-05-02,DL,DL,19790,DL,1855,,,,,DL,19790,DL,1855,15304,1530402,33195,TPA,"Tampa, FL",FL,12,Florida,33,10397,1039707,30397,ATL,"Atlanta, GA",GA,13,Georgia,34,625,-4.0,0.0,0.0,-1.0,0600-0659,15.0,636.0,736.0,7.0,757,743.0,-14.0,0.0,0.0,-1.0,0700-0759,0.0,,0.0,92.0,82.0,60.0,1.0,406.0,2,,,0.0,,0.0,,,,0,,,,,,,,,,,,,,,,,,,,,,,,,,,,,,,,,,,,,,,,,,,,,N,0.0,0.0,6.0,7.0,1.0,3.0,25.0,31.0,6,7,2.0,4.0,26.0,32.0,8,8,0,1.0,1.0,N6709,N6709-DL-0,26.0,37.0,6.0,32.0,43.0,,,0.0,26,32,0.0,0.0
N6709,853.0,2019,2,5,2,4,2019-05-02,DL,DL,19790,DL,510,,,,,DL,19790,DL,510,10397,1039707,30397,ATL,"Atlanta, GA",GA,13,Georgia,34,13204,1320402,31454,MCO,"Orlando, FL",FL,12,Florida,33,855,-2.0,0.0,0.0,-1.0,0800-0859,23.0,916.0,1018.0,9.0,1029,1027.0,-2.0,0.0,0.0,-1.0,1000-1059,0.0,,0.0,94.0,94.0,62.0,1.0,404.0,2,,,0.0,,0.0,,,,0,,,,,,,,,,,,,,,,,,,,,,,,,,,,,,,,,,,,,,,,,,,,,N,0.0,0.0,8.0,10.0,4.0,2.0,36.0,42.0,8,10,4.0,2.0,36.0,42.0,8,8,1,1.0,0.0,N6709,N6709-DL-1,36.0,48.0,6.0,42.0,54.0,31.0,5.0,0.0,37,43,1.0,8.18
N670AE,618.0,2019,2,5,2,4,2019-05-02,AA,AA_CODESHARE,19805,AA,3380,,,,,MQ,20398,MQ,3380,10599,1059904,30599,BHM,"Birmingham, AL",AL,1,Alabama,51,13303,1330303,32467,MIA,"Miami, FL",FL,12,Florida,33,626,-8.0,0.0,0.0,-1.0,0600-0659,14.0,632.0,905.0,5.0,924,910.0,-14.0,0.0,0.0,-1.0,0900-0959,0.0,,0.0,118.0,112.0,93.0,1.0,661.0,3,,,0.0,,0.0,,,,0,,,,,,,,,,,,,,,,,,,,,,,,,,,,,,,,,,,,,,,,,,,,,N,4.0,0.0,6.0,9.0,1.0,1.0,29.0,37.0,6,9,2.0,2.0,30.0,38.0,9,9,0,0.0,0.0,N670AE,N670AE-AA-0,30.0,41.0,8.0,38.0,49.0,,,0.0,30,38,0.0,0.0
N670NK,658.0,2019,2,5,2,4,2019-05-02,NK,NK,20416,NK,1957,,,,,NK,20416,NK,1957,13204,1320402,31454,MCO,"Orlando, FL",FL,12,Florida,33,12266,1226603,31453,IAH,"Houston, TX",TX,48,Texas,74,700,-2.0,0.0,0.0,-1.0,0700-0759,23.0,721.0,912.0,8.0,830,920.0,50.0,50.0,1.0,3.0,0800-0859,0.0,,0.0,150.0,202.0,171.0,1.0,854.0,4,0.0,0.0,50.0,0.0,0.0,,,,0,,,,,,,,,,,,,,,,,,,,,,,,,,,,,,,,,,,,,,,,,,,,,N,0.0,4.0,6.0,9.0,4.0,1.0,28.0,41.0,7,8,0.0,2.0,28.0,38.0,5,5,0,0.0,0.0,N670NK,N670NK-NK-0,28.0,40.0,13.0,41.0,53.0,,,3.0,37,51,10.0,72.8
N6711M,528.0,2019,2,5,2,4,2019-05-02,DL,DL,19790,DL,1988,,,,,DL,19790,DL,1988,13204,1320402,31454,MCO,"Orlando, FL",FL,12,Florida,33,10397,1039707,30397,ATL,"Atlanta, GA",GA,13,Georgia,34,520,8.0,8.0,0.0,0.0,0001-0559,18.0,546.0,645.0,5.0,650,650.0,0.0,0.0,0.0,0.0,0600-0659,0.0,,0.0,90.0,82.0,59.0,1.0,404.0,2,,,0.0,,0.0,,,,0,,,,,,,,,,,,,,,,,,,,,,,,,,,,,,,,,,,,,,,,,,,,,N,0.0,0.0,5.0,6.0,2.0,3.0,22.0,27.0,5,6,1.0,3.0,21.0,27.0,7,7,0,1.0,1.0,N6711M,N6711M-DL-0,22.0,34.0,5.0,27.0,39.0,,,0.0,22,27,0.0,0.0
N6711M,758.0,2019,2,5,2,4,2019-05-02,DL,DL,19790,DL,2390,,,,,DL,19790,DL,2390,10397,1039707,30397,ATL,"Atlanta, GA",GA,13,Georgia,34,11697,1169706,32467,FLL,"Fort Lauderdale, FL",FL,12,Florida,33,800,-2.0,0.0,0.0,-1.0,0800-0859,10.0,808.0,934.0,3.0,947,937.0,-10.0,0.0,0.0,-1.0,0900-0959,0.0,,0.0,107.0,99.0,86.0,1.0,581.0,3,,,0.0,,0.0,,,,0,,,,,,,,,,,,,,,,,,,,,,,,,,,,,,,,,,,,,,,,,,,,,N,0.0,0.0,7.0,9.0,4.0,2.0,32.0,38.0,8,9,0.0,3.0,32.0,39.0,5,5,1,1.0,0.0,N6711M,N6711M-DL-1,32.0,44.0,6.0,38.0,50.0,27.0,5.0,0.0,32,38,0.0,0.0
N6713Y,826.0,2019,2,5,2,4,2019-05-02,DL,DL,19790,DL,1959,,,,,DL,19790,DL,1959,11433,1143302,31295,DTW,"Detroit, MI",MI,26,Michigan,43,15304,1530402,33195,TPA,"Tampa, FL",FL,12,Florida,33,830,-4.0,0.0,0.0,-1.0,0800-0859,25.0,851.0,1104.0,3.0,1106,1107.0,1.0,1.0,0.0,0.0,1100-1159,0.0,,0.0,156.0,161.0,133.0,1.0,983.0,4,,,0.0,,0.0,,,,0,,,,,,,,,,,,,,,,,,,,,,,,,,,,,,,,,,,,,,,,,,,,,N,0.0,0.0,8.0,11.0,2.0,0.0,34.0,44.0,8,11,2.0,0.0,34.0,44.0,7,7,0,0.0,0.0,N6713Y,N6713Y-DL-0,34.0,46.0,10.0,44.0,56.0,,,0.0,34,44,0.0,0.0
N6714Q,754.0,2019,2,5,2,4,2019-05-02,DL,DL,19790,DL,1970,,,,,DL,19790,DL,1970,13495,1349505,33495,MSY,"New Orleans, LA",LA,22,Louisiana,72,10397,1039707,30397,ATL,"Atlanta, GA",GA,13,Georgia,34,800,-6.0,0.0,0.0,-1.0,0800-0859,27.0,821.0,1018.0,12.0,1031,1030.0,-1.0,0.0,0.0,-1.0,1000-1059,0.0,,0.0,91.0,96.0,57.0,1.0,425.0,2,,,0.0,,0.0,,,,0,,,,,,,,,,,,,,,,,,,,,,,,,,,,,,,,,,,,,,,,,,,,,N,4.0,0.0,7.0,10.0,4.0,2.0,36.0,42.0,8,10,0.0,2.0,36.0,42.0,1,1,0,0.0,0.0,N6714Q,N6714Q-DL-0,36.0,48.0,6.0,42.0,54.0,,,0.0,36,43,1.0,1.32
N6715C,656.0,2019,2,5,2,4,2019-05-02,DL,DL,19790,DL,2227,,,,,DL,19790,DL,2227,10397,1039707,30397,ATL,"Atlanta, GA",GA,13,Georgia,34,11697,1169706,32467,FLL,"Fort Lauderdale, FL",FL,12,Florida,33,700,-4.0,0.0,0.0,-1.0,0700-0759,9.0,705.0,833.0,3.0,847,836.0,-11.0,0.0,0.0,-1.0,0800-0859,0.0,,0.0,107.0,100.0,88.0,1.0,581.0,3,,,0.0,,0.0,,,,0,,,,,,,,,,,,,,,,,,,,,,,,,,,,,,,,,,,,,,,,,,,,,N,0.0,0.0,6.0,8.0,4.0,2.0,28.0,34.0,7,8,0.0,3.0,28.0,35.0,5,5,0,1.0,1.0,N6715C,N6715C-DL-0,28.0,40.0,6.0,34.0,46.0,,,0.0,28,34,0.0,0.0
N6715C,943.0,2019,2,5,2,4,2019-05-02,DL,DL,19790,DL,2227,,,,,DL,19790,DL,2227,11697,1169706,32467,FLL,"Fort Lauderdale, FL",FL,12,Florida,33,10397,1039707,30397,ATL,"Atlanta, GA",GA,13,Georgia,34,945,-2.0,0.0,0.0,-1.0,0900-0959,24.0,1007.0,1130.0,6.0,1132,1136.0,4.0,4.0,0.0,0.0,1100-1159,0.0,,0.0,107.0,113.0,83.0,1.0,581.0,3,,,0.0,,0.0,,,,0,,,,,,,,,,,,,,,,,,,,,,,,,,,,,,,,,,,,,,,,,,,,,N,0.0,0.0,9.0,11.0,3.0,2.0,39.0,46.0,9,11,3.0,2.0,39.0,46.0,4,4,1,1.0,0.0,N6715C,N6715C-DL-1,39.0,51.0,7.0,46.0,58.0,34.0,5.0,0.0,39,46,0.0,0.0
N67171,728.0,2019,2,5,2,4,2019-05-02,DL,DL,19790,DL,858,,,,,DL,19790,DL,858,10397,1039707,30397,ATL,"Atlanta, GA",GA,13,Georgia,34,12451,1245102,31136,JAX,"Jacksonville, FL",FL,12,Florida,33,730,-2.0,0.0,0.0,-1.0,0700-0759,16.0,744.0,827.0,7.0,836,834.0,-2.0,0.0,0.0,-1.0,0800-0859,0.0,,0.0,66.0,66.0,43.0,1.0,270.0,2,,,0.0,,0.0,,,,0,,,,,,,,,,,,,,,,,,,,,,,,,,,,,,,,,,,,,,,,,,,,,N,0.0,0.0,7.0,8.0,2.0,2.0,30.0,34.0,7,8,2.0,2.0,30.0,34.0,2,2,0,1.0,1.0,N67171,N67171-DL-0,30.0,42.0,4.0,34.0,46.0,,,0.0,30,34,0.0,0.0
N67171,930.0,2019,2,5,2,4,2019-05-02,DL,DL,19790,DL,858,,,,,DL,19790,DL,858,12451,1245102,31136,JAX,"Jacksonville, FL",FL,12,Florida,33,10397,1039707,30397,ATL,"Atlanta, GA",GA,13,Georgia,34,934,-4.0,0.0,0.0,-1.0,0900-0959,13.0,943.0,1026.0,11.0,1046,1037.0,-9.0,0.0,0.0,-1.0,1000-1059,0.0,,0.0,72.0,67.0,43.0,1.0,270.0,2,,,0.0,,0.0,,,,0,,,,,,,,,,,,,,,,,,,,,,,,,,,,,,,,,,,,,,,,,,,,,N,0.0,0.0,9.0,10.0,2.0,2.0,38.0,42.0,9,10,2.0,3.0,38.0,43.0,1,1,1,1.0,0.0,N67171,N67171-DL-1,38.0,50.0,4.0,42.0,54.0,34.0,4.0,0.0,39,43,1.0,1.28
N671NK,641.0,2019,2,5,2,4,2019-05-02,NK,NK,20416,NK,610,,,,,NK,20416,NK,610,15304,1530402,33195,TPA,"Tampa, FL",FL,12,Florida,33,11697,1169706,32467,FLL,"Fort Lauderdale, FL",FL,12,Florida,33,645,-4.0,0.0,0.0,-1.0,0600-0659,11.0,652.0,730.0,9.0,744,739.0,-5.0,0.0,0.0,-1.0,0700-0759,0.0,,0.0,59.0,58.0,38.0,1.0,197.0,1,,,0.0,,0.0,,,,0,,,,,,,,,,,,,,,,,,,,,,,,,,,,,,,,,,,,,,,,,,,,,N,0.0,0.0,6.0,7.0,3.0,3.0,27.0,31.0,6,7,3.0,3.0,27.0,31.0,9,9,0,1.0,1.0,N671NK,N671NK-NK-0,27.0,39.0,4.0,31.0,43.0,,,0.0,27,31,0.0,0.0
N671NK,852.0,2019,2,5,2,4,2019-05-02,NK,NK,20416,NK,522,,,,,NK,20416,NK,522,11697,1169706,32467,FLL,"Fort Lauderdale, FL",FL,12,Florida,33,11618,1161802,31703,EWR,"Newark, NJ",NJ,34,New Jersey,21,855,-3.0,0.0,0.0,-1.0,0800-0859,15.0,907.0,1134.0,16.0,1200,1150.0,-10.0,0.0,0.0,-1.0,1200-1259,0.0,,0.0,185.0,178.0,147.0,1.0,1065.0,5,,,0.0,,0.0,,,,0,,,,,,,,,,,,,,,,,,,,,,,,,,,,,,,,,,,,,,,,,,,,,N,0.0,0.0,8.0,11.0,3.0,3.0,35.0,47.0,8,12,4.0,0.0,36.0,48.0,4,4,1,1.0,0.0,N671NK,N671NK-NK-1,36.0,47.0,12.0,48.0,59.0,31.0,4.0,0.0,37,50,2.0,8.9
N672DL,658.0,2019,2,5,2,4,2019-05-02,DL,DL,19790,DL,1951,,,,,DL,19790,DL,1951,13204,1320402,31454,MCO,"Orlando, FL",FL,12,Florida,33,14747,1474703,30559,SEA,"Seattle, WA",WA,53,Washington,93,700,-2.0,0.0,0.0,-1.0,0700-0759,18.0,716.0,954.0,10.0,1005,1004.0,-1.0,0.0,0.0,-1.0,1000-1059,0.0,,0.0,365.0,366.0,338.0,1.0,2554.0,11,,,0.0,,0.0,,,,0,,,,,,,,,,,,,,,,,,,,,,,,,,,,,,,,,,,,,,,,,,,,,N,0.0,12.0,6.0,10.0,4.0,0.0,28.0,52.0,7,10,0.0,0.0,28.0,52.0,6,6,0,0.0,0.0,N672DL,N672DL-DL-0,28.0,40.0,24.0,52.0,64.0,,,0.0,28,52,0.0,0.0
N672NK,1025.0,2019,2,5,2,4,2019-05-02,NK,NK,20416,NK,1161,,,,,NK,20416,NK,1161,11697,1169706,32467,FLL,"Fort Lauderdale, FL",FL,12,Florida,33,12266,1226603,31453,IAH,"Houston, TX",TX,48,Texas,74,800,145.0,145.0,1.0,9.0,0800-0859,10.0,1035.0,1151.0,13.0,955,1204.0,129.0,129.0,1.0,8.0,0900-0959,0.0,,0.0,175.0,159.0,136.0,1.0,966.0,4,0.0,0.0,129.0,0.0,0.0,,,,0,,,,,,,,,,,,,,,,,,,,,,,,,,,,,,,,,,,,,,,,,,,,,N,0.0,4.0,10.0,12.0,2.0,0.0,42.0,52.0,8,9,0.0,4.0,32.0,44.0,8,8,0,0.0,0.0,N672NK,N672NK-NK-0,33.0,54.0,10.0,43.0,64.0,,,9.0,35,45,2.0,17.04
N673AE,854.0,2019,2,5,2,4,2019-05-02,AA,AA_CODESHARE,19805,AA,3629,,,,,MQ,20398,MQ,3629,11721,1172105,31721,FNT,"Flint, MI",MI,26,Michigan,43,13930,1393007,30977,ORD,"Chicago, IL",IL,17,Illinois,41,605,169.0,169.0,1.0,11.0,0600-0659,29.0,923.0,916.0,29.0,620,945.0,205.0,205.0,1.0,12.0,0600-0659,0.0,,0.0,75.0,111.0,53.0,1.0,223.0,1,0.0,0.0,205.0,0.0,0.0,,,,0,,,,,,,,,,,,,,,,,,,,,,,,,,,,,,,,,,,,,,,,,,,,,N,0.0,4.0,8.0,9.0,4.0,3.0,36.0,43.0,6,6,0.0,1.0,24.0,29.0,3,3,0,0.0,0.0,N673AE,N673AE-AA-0,24.0,48.0,7.0,31.0,55.0,,,14.0,24,32,1.0,3.32
N673AW,714.0,2019,2,5,2,4,2019-05-02,AA,AA,19805,AA,445,,,,,AA,19805,AA,445,14107,1410702,30466,PHX,"Phoenix, AZ",AZ,4,Arizona,81,12892,1289208,32575,LAX,"Los Angeles, CA",CA,6,California,91,720,-6.0,0.0,0.0,-1.0,0700-0759,20.0,734.0,838.0,7.0,904,845.0,-19.0,0.0,0.0,-2.0,0900-0959,0.0,,0.0,104.0,91.0,64.0,1.0,370.0,2,,,0.0,,0.0,,,,0,,,,,,,,,,,,,,,,,,,,,,,,,,,,,,,,,,,,,,,,,,,,,N,8.0,12.0,7.0,8.0,1.0,3.0,37.0,47.0,7,9,1.0,0.0,37.0,48.0,6,6,0,0.0,0.0,N673AW,N673AW-AA-0,37.0,49.0,10.0,47.0,59.0,,,0.0,37,47,0.0,0.0
N673DL,813.0,2019,2,5,2,4,2019-05-02,DL,DL,19790,DL,2205,,,,,DL,19790,DL,2205,13204,1320402,31454,MCO,"Orlando, FL",FL,12,Florida,33,10397,1039707,30397,ATL,"Atlanta, GA",GA,13,Georgia,34,820,-7.0,0.0,0.0,-1.0,0800-0859,17.0,830.0,931.0,9.0,955,940.0,-15.0,0.0,0.0,-1.0,0900-0959,0.0,,0.0,95.0,87.0,61.0,1.0,404.0,2,,,0.0,,0.0,,,,0,,,,,,,,,,,,,,,,,,,,,,,,,,,,,,,,,,,,,,,,,,,,,N,0.0,0.0,8.0,9.0,1.0,3.0,33.0,39.0,8,9,1.0,4.0,33.0,40.0,7,7,0,0.0,0.0,N673DL,N673DL-DL-0,33.0,45.0,6.0,39.0,51.0,,,0.0,33,39,0.0,0.0
N673NK,658.0,2019,2,5,2,4,2019-05-02,NK,NK,20416,NK,301,,,,,NK,20416,NK,301,10821,1082106,30852,BWI,"Baltimore, MD",MD,24,Maryland,35,11697,1169706,32467,FLL,"Fort Lauderdale, FL",FL,12,Florida,33,700,-2.0,0.0,0.0,-1.0,0700-0759,13.0,711.0,915.0,5.0,936,920.0,-16.0,0.0,0.0,-2.0,0900-0959,0.0,,0.0,156.0,142.0,124.0,1.0,925.0,4,,,0.0,,0.0,,,,0,,,,,,,,,,,,,,,,,,,,,,,,,,,,,,,,,,,,,,,,,,,,,N,0.0,0.0,6.0,9.0,4.0,1.0,28.0,37.0,7,9,0.0,2.0,28.0,38.0,4,4,0,0.0,0.0,N673NK,N673NK-NK-0,28.0,40.0,9.0,37.0,49.0,,,0.0,29,38,1.0,4.24
N674DL,814.0,2019,2,5,2,4,2019-05-02,DL,DL,19790,DL,2518,,,,,DL,19790,DL,2518,13204,1320402,31454,MCO,"Orlando, FL",FL,12,Florida,33,11433,1143302,31295,DTW,"Detroit, MI",MI,26,Michigan,43,820,-6.0,0.0,0.0,-1.0,0800-0859,17.0,831.0,1039.0,8.0,1055,1047.0,-8.0,0.0,0.0,-1.0,1000-1059,0.0,,0.0,155.0,153.0,128.0,1.0,957.0,4,,,0.0,,0.0,,,,0,,,,,,,,,,,,,,,,,,,,,,,,,,,,,,,,,,,,,,,,,,,,,N,0.0,0.0,8.0,10.0,1.0,3.0,33.0,43.0,8,10,1.0,4.0,33.0,44.0,8,8,0,0.0,0.0,N674DL,N674DL-DL-0,33.0,45.0,10.0,43.0,55.0,,,0.0,33,43,0.0,0.0
N674NK,1335.0,2019,2,5,2,4,2019-05-02,NK,NK,20416,NK,718,,,,,NK,20416,NK,718,11298,1129806,30194,DFW,"Dallas/Fort Worth, TX",TX,48,Texas,74,12953,1295304,31703,LGA,"New York, NY",NY,36,New York,22,815,320.0,320.0,1.0,12.0,0800-0859,19.0,1354.0,1829.0,10.0,1251,1839.0,348.0,348.0,1.0,12.0,1200-1259,0.0,,0.0,216.0,244.0,215.0,1.0,1389.0,6,5.0,0.0,28.0,0.0,315.0,,,,0,,,,,,,,,,,,,,,,,,,,,,,,,,,,,,,,,,,,,,,,,,,,,N,4.0,0.0,13.0,18.0,2.0,3.0,58.0,75.0,8,12,1.0,3.0,37.0,51.0,1,1,0,0.0,0.0,N674NK,N674NK-NK-0,37.0,70.0,17.0,54.0,87.0,,,23.0,37,54,0.0,0.0
N674RJ,931.0,2019,2,5,2,4,2019-05-02,AA,AA_CODESHARE,19805,AA,3837,,,,,MQ,20398,MQ,3837,15295,1529502,35165,TOL,"Toledo, OH",OH,39,Ohio,44,13930,1393007,30977,ORD,"Chicago, IL",IL,17,Illinois,41,600,211.0,211.0,1.0,12.0,0600-0659,5.0,936.0,927.0,15.0,613,942.0,209.0,209.0,1.0,12.0,0600-0659,0.0,,0.0,73.0,71.0,51.0,1.0,213.0,1,0.0,209.0,0.0,0.0,0.0,,,,0,,,,,,,,,,,,,,,,,,,,,,,,,,,,,,,,,,,,,,,,,,,,,N,0.0,4.0,9.0,9.0,2.0,3.0,38.0,43.0,6,6,0.0,1.0,24.0,29.0,3,3,0,1.0,1.0,N674RJ,N674RJ-AA-0,38.0,50.0,5.0,43.0,55.0,,,0.0,38,43,0.0,0.0
N674RJ,1015.0,2019,2,5,2,4,2019-05-02,AA,AA_CODESHARE,19805,AA,3813,,,,,MQ,20398,MQ,3813,13930,1393007,30977,ORD,"Chicago, IL",IL,17,Illinois,41,15295,1529502,35165,TOL,"Toledo, OH",OH,39,Ohio,44,819,116.0,116.0,1.0,7.0,0800-0859,21.0,1036.0,1211.0,3.0,1020,1214.0,114.0,114.0,1.0,7.0,1000-1059,0.0,,0.0,61.0,59.0,35.0,1.0,213.0,1,0.0,0.0,0.0,0.0,114.0,814.0,16.0,16.0,0,,,,,,,,,,,,,,,,,,,,,,,,,,,,,,,,,,,,,,,,,,,,,N,4.0,0.0,10.0,12.0,1.0,1.0,45.0,49.0,8,10,1.0,1.0,37.0,41.0,2,2,1,1.0,0.0,N674RJ,N674RJ-AA-1,37.0,57.0,4.0,41.0,61.0,43.0,2.0,8.0,37,41,0.0,0.0
N675AE,626.0,2019,2,5,2,4,2019-05-02,AA,AA_CODESHARE,19805,AA,3831,,,,,MQ,20398,MQ,3831,11953,1195302,31953,GNV,"Gainesville, FL",FL,12,Florida,33,13303,1330303,32467,MIA,"Miami, FL",FL,12,Florida,33,632,-6.0,0.0,0.0,-1.0,0600-0659,8.0,634.0,722.0,5.0,741,727.0,-14.0,0.0,0.0,-1.0,0700-0759,0.0,,0.0,69.0,61.0,48.0,1.0,294.0,2,,,0.0,,0.0,,,,0,,,,,,,,,,,,,,,,,,,,,,,,,,,,,,,,,,,,,,,,,,,,,N,0.0,0.0,6.0,7.0,2.0,2.0,26.0,30.0,6,7,2.0,3.0,26.0,31.0,5,5,0,1.0,1.0,N675AE,N675AE-AA-0,26.0,38.0,4.0,30.0,42.0,,,0.0,26,30,0.0,0.0
N675AE,825.0,2019,2,5,2,4,2019-05-02,AA,AA_CODESHARE,19805,AA,3941,,,,,MQ,20398,MQ,3941,13303,1330303,32467,MIA,"Miami, FL",FL,12,Florida,33,10994,1099402,30994,CHS,"Charleston, SC",SC,45,South Carolina,37,830,-5.0,0.0,0.0,-1.0,0800-0859,14.0,839.0,953.0,15.0,1012,1008.0,-4.0,0.0,0.0,-1.0,1000-1059,0.0,,0.0,102.0,103.0,74.0,1.0,489.0,2,,,0.0,,0.0,,,,0,,,,,,,,,,,,,,,,,,,,,,,,,,,,,,,,,,,,,,,,,,,,,N,0.0,0.0,8.0,10.0,2.0,1.0,34.0,41.0,8,10,2.0,1.0,34.0,41.0,1,1,1,1.0,0.0,N675AE,N675AE-AA-1,34.0,46.0,7.0,41.0,53.0,30.0,4.0,0.0,34,41,0.0,0.0
N675DL,532.0,2019,2,5,2,4,2019-05-02,DL,DL,19790,DL,351,,,,,DL,19790,DL,351,11986,1198603,31986,GRR,"Grand Rapids, MI",MI,26,Michigan,43,11433,1143302,31295,DTW,"Detroit, MI",MI,26,Michigan,43,535,-3.0,0.0,0.0,-1.0,0001-0559,11.0,543.0,607.0,9.0,630,616.0,-14.0,0.0,0.0,-1.0,0600-0659,0.0,,0.0,55.0,44.0,24.0,1.0,120.0,1,,,0.0,,0.0,,,,0,,,,,,,,,,,,,,,,,,,,,,,,,,,,,,,,,,,,,,,,,,,,,N,0.0,0.0,5.0,6.0,2.0,1.0,22.0,25.0,5,6,2.0,2.0,22.0,26.0,6,6,0,1.0,1.0,N675DL,N675DL-DL-0,22.0,34.0,3.0,25.0,37.0,,,0.0,22,25,0.0,0.0
N675DL,730.0,2019,2,5,2,4,2019-05-02,DL,DL,19790,DL,1226,,,,,DL,19790,DL,1226,11433,1143302,31295,DTW,"Detroit, MI",MI,26,Michigan,43,13204,1320402,31454,MCO,"Orlando, FL",FL,12,Florida,33,735,-5.0,0.0,0.0,-1.0,0700-0759,20.0,750.0,1002.0,8.0,1012,1010.0,-2.0,0.0,0.0,-1.0,1000-1059,0.0,,0.0,157.0,160.0,132.0,1.0,957.0,4,,,0.0,,0.0,,,,0,,,,,,,,,,,,,,,,,,,,,,,,,,,,,,,,,,,,,,,,,,,,,N,0.0,0.0,7.0,10.0,2.0,1.0,30.0,41.0,7,10,2.0,1.0,30.0,41.0,5,5,1,1.0,0.0,N675DL,N675DL-DL-1,30.0,42.0,11.0,41.0,53.0,25.0,5.0,0.0,30,41,0.0,0.0
N676AE,557.0,2019,2,5,2,4,2019-05-02,AA,AA_CODESHARE,19805,AA,3879,,,,,MQ,20398,MQ,3879,15048,1504803,35048,SUX,"Sioux City, IA",IA,19,Iowa,61,13930,1393007,30977,ORD,"Chicago, IL",IL,17,Illinois,41,601,-4.0,0.0,0.0,-1.0,0600-0659,14.0,611.0,718.0,17.0,739,735.0,-4.0,0.0,0.0,-1.0,0700-0759,0.0,,0.0,98.0,98.0,67.0,1.0,436.0,2,,,0.0,,0.0,,,,0,,,,,,,,,,,,,,,,,,,,,,,,,,,,,,,,,,,,,,,,,,,,,N,4.0,4.0,5.0,7.0,4.0,2.0,28.0,34.0,6,7,0.0,3.0,28.0,35.0,1,1,0,1.0,1.0,N676AE,N676AE-AA-0,28.0,40.0,6.0,34.0,46.0,,,0.0,28,34,0.0,0.0
N676AE,815.0,2019,2,5,2,4,2019-05-02,AA,AA_CODESHARE,19805,AA,3964,,,,,MQ,20398,MQ,3964,13930,1393007,30977,ORD,"Chicago, IL",IL,17,Illinois,41,10980,1098002,30980,CHA,"Chattanooga, TN",TN,47,Tennessee,54,819,-4.0,0.0,0.0,-1.0,0800-0859,28.0,843.0,1103.0,5.0,1058,1108.0,10.0,10.0,0.0,0.0,1000-1059,0.0,,0.0,99.0,113.0,80.0,1.0,500.0,3,,,0.0,,0.0,,,,0,,,,,,,,,,,,,,,,,,,,,,,,,,,,,,,,,,,,,,,,,,,,,N,4.0,0.0,8.0,11.0,1.0,1.0,37.0,45.0,8,10,1.0,4.0,37.0,44.0,1,1,1,1.0,0.0,N676AE,N676AE-AA-1,37.0,49.0,8.0,45.0,57.0,34.0,3.0,0.0,37,45,0.0,0.0
N676CA,554.0,2019,2,5,2,4,2019-05-02,DL,DL_CODESHARE,19790,DL,3430,,,,,9E,20363,9E,3430,11193,1119302,33105,CVG,"Cincinnati, OH",KY,21,Kentucky,52,11618,1161802,31703,EWR,"Newark, NJ",NJ,34,New Jersey,21,600,-6.0,0.0,0.0,-1.0,0600-0659,14.0,608.0,750.0,12.0,757,802.0,5.0,5.0,0.0,0.0,0700-0759,0.0,,0.0,117.0,128.0,102.0,1.0,569.0,3,,,0.0,,0.0,,,,0,,,,,,,,,,,,,,,,,,,,,,,,,,,,,,,,,,,,,,,,,,,,,N,0.0,0.0,5.0,8.0,4.0,0.0,24.0,32.0,6,7,0.0,4.0,24.0,32.0,5,5,0,1.0,1.0,N676CA,N676CA-DL-0,24.0,36.0,8.0,32.0,44.0,,,0.0,24,32,0.0,0.0
N676CA,828.0,2019,2,5,2,4,2019-05-02,DL,DL_CODESHARE,19790,DL,3430,,,,,9E,20363,9E,3430,11618,1161802,31703,EWR,"Newark, NJ",NJ,34,New Jersey,21,11193,1119302,33105,CVG,"Cincinnati, OH",KY,21,Kentucky,52,832,-4.0,0.0,0.0,-1.0,0800-0859,28.0,856.0,1025.0,5.0,1044,1030.0,-14.0,0.0,0.0,-1.0,1000-1059,0.0,,0.0,132.0,122.0,89.0,1.0,569.0,3,,,0.0,,0.0,,,,0,,,,,,,,,,,,,,,,,,,,,,,,,,,,,,,,,,,,,,,,,,,,,N,0.0,0.0,8.0,10.0,2.0,2.0,34.0,42.0,8,10,2.0,3.0,34.0,43.0,5,5,1,1.0,0.0,N676CA,N676CA-DL-1,34.0,46.0,8.0,42.0,54.0,32.0,2.0,0.0,35,43,1.0,5.26
N676DL,730.0,2019,2,5,2,4,2019-05-02,DL,DL,19790,DL,1927,,,,,DL,19790,DL,1927,11697,1169706,32467,FLL,"Fort Lauderdale, FL",FL,12,Florida,33,10397,1039707,30397,ATL,"Atlanta, GA",GA,13,Georgia,34,730,0.0,0.0,0.0,0.0,0700-0759,19.0,749.0,910.0,9.0,920,919.0,-1.0,0.0,0.0,-1.0,0900-0959,0.0,,0.0,110.0,109.0,81.0,1.0,581.0,3,,,0.0,,0.0,,,,0,,,,,,,,,,,,,,,,,,,,,,,,,,,,,,,,,,,,,,,,,,,,,N,0.0,0.0,7.0,9.0,2.0,1.0,30.0,37.0,7,9,2.0,1.0,30.0,37.0,3,3,0,0.0,0.0,N676DL,N676DL-DL-0,30.0,42.0,7.0,37.0,49.0,,,0.0,30,37,0.0,0.0
N676NK,811.0,2019,2,5,2,4,2019-05-02,NK,NK,20416,NK,357,,,,,NK,20416,NK,357,13930,1393007,30977,ORD,"Chicago, IL",IL,17,Illinois,41,12889,1288903,32211,LAS,"Las Vegas, NV",NV,32,Nevada,85,818,-7.0,0.0,0.0,-1.0,0800-0859,24.0,835.0,1011.0,7.0,1012,1018.0,6.0,6.0,0.0,0.0,1000-1059,0.0,,0.0,234.0,247.0,216.0,1.0,1514.0,7,,,0.0,,0.0,,,,0,,,,,,,,,,,,,,,,,,,,,,,,,,,,,,,,,,,,,,,,,,,,,N,4.0,12.0,8.0,10.0,1.0,1.0,37.0,53.0,8,10,1.0,1.0,37.0,53.0,2,2,0,0.0,0.0,N676NK,N676NK-NK-0,37.0,49.0,16.0,53.0,65.0,,,0.0,37,53,0.0,0.0
N677AE,538.0,2019,2,5,2,4,2019-05-02,AA,AA_CODESHARE,19805,AA,3638,,,,,MQ,20398,MQ,3638,11193,1119302,33105,CVG,"Cincinnati, OH",KY,21,Kentucky,52,13303,1330303,32467,MIA,"Miami, FL",FL,12,Florida,33,544,-6.0,0.0,0.0,-1.0,0001-0559,27.0,605.0,823.0,7.0,824,830.0,6.0,6.0,0.0,0.0,0800-0859,0.0,,0.0,160.0,172.0,138.0,1.0,948.0,4,,,0.0,,0.0,,,,0,,,,,,,,,,,,,,,,,,,,,,,,,,,,,,,,,,,,,,,,,,,,,N,0.0,0.0,5.0,8.0,3.0,2.0,23.0,34.0,5,8,3.0,2.0,23.0,34.0,6,6,0,1.0,1.0,N677AE,N677AE-AA-0,23.0,35.0,11.0,34.0,46.0,,,0.0,23,34,0.0,0.0
N677AE,858.0,2019,2,5,2,4,2019-05-02,AA,AA_CODESHARE,19805,AA,3334,,,,,MQ,20398,MQ,3334,13303,1330303,32467,MIA,"Miami, FL",FL,12,Florida,33,14122,1412202,30198,PIT,"Pittsburgh, PA",PA,42,Pennsylvania,23,859,-1.0,0.0,0.0,-1.0,0800-0859,14.0,912.0,1130.0,5.0,1148,1135.0,-13.0,0.0,0.0,-1.0,1100-1159,0.0,,0.0,169.0,157.0,138.0,1.0,1013.0,5,,,0.0,,0.0,,,,0,,,,,,,,,,,,,,,,,,,,,,,,,,,,,,,,,,,,,,,,,,,,,N,0.0,0.0,8.0,11.0,4.0,2.0,36.0,46.0,8,11,4.0,3.0,36.0,47.0,3,3,1,1.0,0.0,N677AE,N677AE-AA-1,36.0,48.0,10.0,46.0,58.0,34.0,2.0,0.0,37,47,1.0,3.28
N677NK,548.0,2019,2,5,2,4,2019-05-02,NK,NK,20416,NK,1323,,,,,NK,20416,NK,1323,11697,1169706,32467,FLL,"Fort Lauderdale, FL",FL,12,Florida,33,12892,1289208,32575,LAX,"Los Angeles, CA",CA,6,California,91,600,-12.0,0.0,0.0,-1.0,0600-0659,11.0,559.0,831.0,9.0,843,840.0,-3.0,0.0,0.0,-1.0,0800-0859,0.0,,0.0,343.0,352.0,332.0,1.0,2343.0,10,,,0.0,,0.0,,,,0,,,,,,,,,,,,,,,,,,,,,,,,,,,,,,,,,,,,,,,,,,,,,N,0.0,12.0,5.0,8.0,3.0,3.0,23.0,47.0,6,8,0.0,3.0,24.0,47.0,3,3,0,0.0,0.0,N677NK,N677NK-NK-0,24.0,35.0,24.0,48.0,59.0,,,0.0,24,48,0.0,0.0
N67815,634.0,2019,2,5,2,4,2019-05-02,UA,UA,19977,UA,1828,,,,,UA,19977,UA,1828,13198,1319801,33198,MCI,"Kansas City, MO",MO,29,Missouri,64,11292,1129202,30325,DEN,"Denver, CO",CO,8,Colorado,82,600,34.0,34.0,1.0,2.0,0600-0659,14.0,648.0,712.0,8.0,647,720.0,33.0,33.0,1.0,2.0,0600-0659,0.0,,0.0,107.0,106.0,84.0,1.0,533.0,3,33.0,0.0,0.0,0.0,0.0,,,,0,,,,,,,,,,,,,,,,,,,,,,,,,,,,,,,,,,,,,,,,,,,,,N,4.0,8.0,6.0,7.0,2.0,1.0,30.0,37.0,6,6,0.0,3.0,28.0,35.0,2,2,0,0.0,0.0,N67815,N67815-UA-0,30.0,42.0,7.0,37.0,49.0,,,0.0,30,37,0.0,0.0
N67827,600.0,2019,2,5,2,4,2019-05-02,UA,UA,19977,UA,1680,,,,,UA,19977,UA,1680,11618,1161802,31703,EWR,"Newark, NJ",NJ,34,New Jersey,21,14107,1410702,30466,PHX,"Phoenix, AZ",AZ,4,Arizona,81,605,-5.0,0.0,0.0,-1.0,0600-0659,27.0,627.0,829.0,5.0,827,834.0,7.0,7.0,0.0,0.0,0800-0859,0.0,,0.0,322.0,334.0,302.0,1.0,2133.0,9,,,0.0,,0.0,,,,0,,,,,,,,,,,,,,,,,,,,,,,,,,,,,,,,,,,,,,,,,,,,,N,0.0,8.0,6.0,8.0,0.0,2.0,24.0,42.0,6,8,0.0,2.0,24.0,42.0,2,2,0,0.0,0.0,N67827,N67827-UA-0,24.0,36.0,18.0,42.0,54.0,,,0.0,26,45,3.0,8.44
N67845,727.0,2019,2,5,2,4,2019-05-02,UA,UA,19977,UA,508,,,,,UA,19977,UA,508,11618,1161802,31703,EWR,"Newark, NJ",NJ,34,New Jersey,21,12266,1226603,31453,IAH,"Houston, TX",TX,48,Texas,74,730,-3.0,0.0,0.0,-1.0,0700-0759,15.0,742.0,1004.0,5.0,1025,1009.0,-16.0,0.0,0.0,-2.0,1000-1059,0.0,,0.0,235.0,222.0,202.0,1.0,1400.0,6,,,0.0,,0.0,,,,0,,,,,,,,,,,,,,,,,,,,,,,,,,,,,,,,,,,,,,,,,,,,,N,0.0,4.0,7.0,10.0,2.0,1.0,30.0,45.0,7,10,2.0,2.0,30.0,46.0,8,8,0,0.0,0.0,N67845,N67845-UA-0,30.0,42.0,15.0,45.0,57.0,,,0.0,30,45,0.0,0.0
N67846,905.0,2019,2,5,2,4,2019-05-02,UA,UA,19977,UA,1889,,,,,UA,19977,UA,1889,12264,1226402,30852,IAD,"Washington, DC",VA,51,Virginia,38,11292,1129202,30325,DEN,"Denver, CO",CO,8,Colorado,82,815,50.0,50.0,1.0,3.0,0800-0859,14.0,919.0,1048.0,7.0,1008,1055.0,47.0,47.0,1.0,3.0,1000-1059,0.0,,0.0,233.0,230.0,209.0,1.0,1452.0,6,0.0,0.0,18.0,0.0,29.0,,,,0,,,,,,,,,,,,,,,,,,,,,,,,,,,,,,,,,,,,,,,,,,,,,N,0.0,8.0,9.0,10.0,0.0,4.0,36.0,52.0,8,10,1.0,1.0,33.0,49.0,3,3,0,0.0,0.0,N67846,N67846-UA-0,33.0,48.0,16.0,49.0,64.0,,,3.0,33,50,1.0,3.36
N678CA,656.0,2019,2,5,2,4,2019-05-02,DL,DL_CODESHARE,19790,DL,3375,,,,,9E,20363,9E,3375,14685,1468502,34685,SAV,"Savannah, GA",GA,13,Georgia,34,11433,1143302,31295,DTW,"Detroit, MI",MI,26,Michigan,43,700,-4.0,0.0,0.0,-1.0,0700-0759,28.0,724.0,909.0,6.0,908,915.0,7.0,7.0,0.0,0.0,0900-0959,0.0,,0.0,128.0,139.0,105.0,1.0,705.0,3,,,0.0,,0.0,,,,0,,,,,,,,,,,,,,,,,,,,,,,,,,,,,,,,,,,,,,,,,,,,,N,0.0,0.0,6.0,9.0,4.0,1.0,28.0,37.0,7,9,0.0,1.0,28.0,37.0,3,3,0,0.0,0.0,N678CA,N678CA-DL-0,28.0,40.0,9.0,37.0,49.0,,,0.0,28,37,0.0,0.0
N678NK,618.0,2019,2,5,2,4,2019-05-02,NK,NK,20416,NK,130,,,,,NK,20416,NK,130,13204,1320402,31454,MCO,"Orlando, FL",FL,12,Florida,33,11618,1161802,31703,EWR,"Newark, NJ",NJ,34,New Jersey,21,615,3.0,3.0,0.0,0.0,0600-0659,16.0,634.0,838.0,5.0,854,843.0,-11.0,0.0,0.0,-1.0,0800-0859,0.0,,0.0,159.0,145.0,124.0,1.0,937.0,4,,,0.0,,0.0,,,,0,,,,,,,,,,,,,,,,,,,,,,,,,,,,,,,,,,,,,,,,,,,,,N,0.0,0.0,6.0,8.0,1.0,3.0,25.0,35.0,6,8,1.0,4.0,25.0,36.0,5,5,0,0.0,0.0,N678NK,N678NK-NK-0,25.0,37.0,10.0,35.0,47.0,,,0.0,25,35,0.0,0.0
N679AE,842.0,2019,2,5,2,4,2019-05-02,AA,AA_CODESHARE,19805,AA,3558,,,,,MQ,20398,MQ,3558,11298,1129806,30194,DFW,"Dallas/Fort Worth, TX",TX,48,Texas,74,12191,1219102,31453,HOU,"Houston, TX",TX,48,Texas,74,650,112.0,112.0,1.0,7.0,0600-0659,30.0,912.0,1009.0,3.0,807,1012.0,125.0,125.0,1.0,8.0,0800-0859,0.0,,0.0,77.0,90.0,57.0,1.0,247.0,1,0.0,112.0,13.0,0.0,0.0,,,,0,,,,,,,,,,,,,,,,,,,,,,,,,,,,,,,,,,,,,,,,,,,,,N,4.0,4.0,8.0,10.0,3.0,1.0,39.0,45.0,6,8,3.0,0.0,31.0,36.0,2,2,0,1.0,1.0,N679AE,N679AE-AA-0,38.0,51.0,6.0,44.0,57.0,,,1.0,38,44,0.0,0.0
N679AE,1044.0,2019,2,5,2,4,2019-05-02,AA,AA_CODESHARE,19805,AA,3506,,,,,MQ,20398,MQ,3506,12191,1219102,31453,HOU,"Houston, TX",TX,48,Texas,74,11298,1129806,30194,DFW,"Dallas/Fort Worth, TX",TX,48,Texas,74,833,131.0,131.0,1.0,8.0,0800-0859,16.0,1100.0,1143.0,22.0,955,1205.0,130.0,130.0,1.0,8.0,0900-0959,0.0,,0.0,82.0,81.0,43.0,1.0,247.0,1,0.0,0.0,7.0,0.0,123.0,,,,0,,,,,,,,,,,,,,,,,,,,,,,,,,,,,,,,,,,,,,,,,,,,,N,4.0,4.0,10.0,12.0,3.0,0.0,47.0,52.0,8,9,2.0,4.0,38.0,44.0,8,8,1,1.0,0.0,N679AE,N679AE-AA-1,39.0,59.0,5.0,44.0,64.0,45.0,2.0,9.0,39,44,0.0,0.0
N679AW,704.0,2019,2,5,2,4,2019-05-02,AA,AA,19805,AA,515,,,,,AA,19805,AA,515,11298,1129806,30194,DFW,"Dallas/Fort Worth, TX",TX,48,Texas,74,10821,1082106,30852,BWI,"Baltimore, MD",MD,24,Maryland,35,705,-1.0,0.0,0.0,-1.0,0700-0759,26.0,730.0,1103.0,5.0,1100,1108.0,8.0,8.0,0.0,0.0,1100-1159,0.0,,0.0,175.0,184.0,153.0,1.0,1217.0,5,,,0.0,,0.0,,,,0,,,,,,,,,,,,,,,,,,,,,,,,,,,,,,,,,,,,,,,,,,,,,N,4.0,0.0,7.0,11.0,0.0,1.0,32.0,45.0,7,11,0.0,0.0,32.0,44.0,2,2,0,0.0,0.0,N679AW,N679AW-AA-0,32.0,44.0,13.0,45.0,57.0,,,0.0,32,45,0.0,0.0
N679CA,557.0,2019,2,5,2,4,2019-05-02,DL,DL_CODESHARE,19790,DL,3575,,,,,OO,20304,OO,3575,12003,1200305,31895,GTF,"Great Falls, MT",MT,30,Montana,84,13487,1348702,31650,MSP,"Minneapolis, MN",MN,27,Minnesota,63,600,-3.0,0.0,0.0,-1.0,0600-0659,11.0,608.0,903.0,8.0,925,911.0,-14.0,0.0,0.0,-1.0,0900-0959,0.0,,0.0,145.0,134.0,115.0,1.0,887.0,4,,,0.0,,0.0,,,,0,,,,,,,,,,,,,,,,,,,,,,,,,,,,,,,,,,,,,,,,,,,,,N,8.0,4.0,5.0,9.0,4.0,1.0,32.0,41.0,6,9,0.0,2.0,32.0,42.0,4,4,0,0.0,0.0,N679CA,N679CA-DL-0,32.0,44.0,9.0,41.0,53.0,,,0.0,32,41,0.0,0.0
N679NK,700.0,2019,2,5,2,4,2019-05-02,NK,NK,20416,NK,604,,,,,NK,20416,NK,604,11697,1169706,32467,FLL,"Fort Lauderdale, FL",FL,12,Florida,33,12953,1295304,31703,LGA,"New York, NY",NY,36,New York,22,700,0.0,0.0,0.0,0.0,0700-0759,14.0,714.0,936.0,24.0,1004,1000.0,-4.0,0.0,0.0,-1.0,1000-1059,0.0,,0.0,184.0,180.0,142.0,1.0,1076.0,5,,,0.0,,0.0,,,,0,,,,,,,,,,,,,,,,,,,,,,,,,,,,,,,,,,,,,,,,,,,,,N,0.0,0.0,7.0,10.0,0.0,0.0,28.0,40.0,7,10,0.0,0.0,28.0,40.0,6,6,0,0.0,0.0,N679NK,N679NK-NK-0,28.0,40.0,12.0,40.0,52.0,,,0.0,28,40,0.0,0.0
N680AE,609.0,2019,2,5,2,4,2019-05-02,AA,AA_CODESHARE,19805,AA,3601,,,,,MQ,20398,MQ,3601,10469,1046902,30469,AZO,"Kalamazoo, MI",MI,26,Michigan,43,13930,1393007,30977,ORD,"Chicago, IL",IL,17,Illinois,41,611,-2.0,0.0,0.0,-1.0,0600-0659,10.0,619.0,555.0,8.0,619,603.0,-16.0,0.0,0.0,-2.0,0600-0659,0.0,,0.0,68.0,54.0,36.0,1.0,122.0,1,,,0.0,,0.0,,,,0,,,,,,,,,,,,,,,,,,,,,,,,,,,,,,,,,,,,,,,,,,,,,N,0.0,4.0,6.0,6.0,1.0,0.0,25.0,28.0,6,6,1.0,1.0,25.0,29.0,6,6,0,1.0,1.0,N680AE,N680AE-AA-0,25.0,37.0,3.0,28.0,40.0,,,0.0,25,29,1.0,6.34
N680AE,706.0,2019,2,5,2,4,2019-05-02,AA,AA_CODESHARE,19805,AA,3967,,,,,MQ,20398,MQ,3967,13930,1393007,30977,ORD,"Chicago, IL",IL,17,Illinois,41,11042,1104205,30647,CLE,"Cleveland, OH",OH,39,Ohio,44,710,-4.0,0.0,0.0,-1.0,0700-0759,17.0,723.0,912.0,5.0,930,917.0,-13.0,0.0,0.0,-1.0,0900-0959,0.0,,0.0,80.0,71.0,49.0,1.0,315.0,2,,,0.0,,0.0,,,,0,,,,,,,,,,,,,,,,,,,,,,,,,,,,,,,,,,,,,,,,,,,,,N,4.0,0.0,7.0,9.0,0.0,1.0,32.0,37.0,7,9,1.0,2.0,33.0,38.0,7,7,1,1.0,0.0,N680AE,N680AE-AA-1,33.0,44.0,5.0,38.0,49.0,28.0,4.0,0.0,33,38,0.0,0.0
N680AW,933.0,2019,2,5,2,4,2019-05-02,AA,AA,19805,AA,653,,,,,AA,19805,AA,653,10721,1072102,30721,BOS,"Boston, MA",MA,25,Massachusetts,13,11057,1105703,31057,CLT,"Charlotte, NC",NC,37,North Carolina,36,935,-2.0,0.0,0.0,-1.0,0900-0959,19.0,952.0,1140.0,9.0,1209,1149.0,-20.0,0.0,0.0,-2.0,1200-1259,0.0,,0.0,154.0,136.0,108.0,1.0,728.0,3,,,0.0,,0.0,,,,0,,,,,,,,,,,,,,,,,,,,,,,,,,,,,,,,,,,,,,,,,,,,,N,0.0,0.0,9.0,11.0,2.0,3.0,38.0,47.0,9,12,2.0,1.0,38.0,49.0,4,4,0,0.0,0.0,N680AW,N680AW-AA-0,38.0,50.0,9.0,47.0,59.0,,,0.0,41,50,3.0,14.06
N680DA,714.0,2019,2,5,2,4,2019-05-02,DL,DL,19790,DL,2488,,,,,DL,19790,DL,2488,10721,1072102,30721,BOS,"Boston, MA",MA,25,Massachusetts,13,14771,1477104,32457,SFO,"San Francisco, CA",CA,6,California,91,714,0.0,0.0,0.0,0.0,0700-0759,19.0,733.0,1041.0,20.0,1047,1101.0,14.0,14.0,0.0,0.0,1000-1059,0.0,,0.0,393.0,407.0,368.0,1.0,2704.0,11,,,0.0,,0.0,,,,0,,,,,,,,,,,,,,,,,,,,,,,,,,,,,,,,,,,,,,,,,,,,,N,0.0,12.0,7.0,11.0,1.0,0.0,29.0,56.0,7,10,1.0,3.0,29.0,55.0,9,9,0,0.0,0.0,N680DA,N680DA-DL-0,29.0,41.0,27.0,56.0,68.0,,,0.0,29,56,0.0,0.0
N680NK,704.0,2019,2,5,2,4,2019-05-02,NK,NK,20416,NK,511,,,,,NK,20416,NK,511,11697,1169706,32467,FLL,"Fort Lauderdale, FL",FL,12,Florida,33,11433,1143302,31295,DTW,"Detroit, MI",MI,26,Michigan,43,710,-6.0,0.0,0.0,-1.0,0700-0759,14.0,718.0,944.0,13.0,1008,957.0,-11.0,0.0,0.0,-1.0,1000-1059,0.0,,0.0,178.0,173.0,146.0,1.0,1127.0,5,,,0.0,,0.0,,,,0,,,,,,,,,,,,,,,,,,,,,,,,,,,,,,,,,,,,,,,,,,,,,N,0.0,0.0,7.0,9.0,0.0,4.0,28.0,40.0,7,10,1.0,1.0,29.0,41.0,3,3,0,0.0,0.0,N680NK,N680NK-NK-0,29.0,40.0,12.0,41.0,52.0,,,0.0,29,42,1.0,3.28
N681AE,811.0,2019,2,5,2,4,2019-05-02,AA,AA_CODESHARE,19805,AA,3359,,,,,MQ,20398,MQ,3359,14685,1468502,34685,SAV,"Savannah, GA",GA,13,Georgia,34,13303,1330303,32467,MIA,"Miami, FL",FL,12,Florida,33,804,7.0,7.0,0.0,0.0,0800-0859,20.0,831.0,942.0,3.0,939,945.0,6.0,6.0,0.0,0.0,0900-0959,0.0,,0.0,95.0,94.0,71.0,1.0,440.0,2,,,0.0,,0.0,,,,0,,,,,,,,,,,,,,,,,,,,,,,,,,,,,,,,,,,,,,,,,,,,,N,0.0,0.0,8.0,9.0,1.0,3.0,33.0,39.0,8,9,0.0,3.0,32.0,39.0,8,8,0,0.0,0.0,N681AE,N681AE-AA-0,33.0,45.0,6.0,39.0,51.0,,,0.0,33,39,0.0,0.0
N681NK,638.0,2019,2,5,2,4,2019-05-02,NK,NK,20416,NK,417,,,,,NK,20416,NK,417,11433,1143302,31295,DTW,"Detroit, MI",MI,26,Michigan,43,11697,1169706,32467,FLL,"Fort Lauderdale, FL",FL,12,Florida,33,640,-2.0,0.0,0.0,-1.0,0600-0659,11.0,649.0,922.0,10.0,937,932.0,-5.0,0.0,0.0,-1.0,0900-0959,0.0,,0.0,177.0,174.0,153.0,1.0,1127.0,5,,,0.0,,0.0,,,,0,,,,,,,,,,,,,,,,,,,,,,,,,,,,,,,,,,,,,,,,,,,,,N,0.0,0.0,6.0,9.0,3.0,2.0,27.0,38.0,6,9,3.0,2.0,27.0,38.0,9,9,0,0.0,0.0,N681NK,N681NK-NK-0,27.0,39.0,11.0,38.0,50.0,,,0.0,27,38,0.0,0.0
N682AE,542.0,2019,2,5,2,4,2019-05-02,AA,AA_CODESHARE,19805,AA,4800,,,,,PT,20427,PT,4800,13422,1342202,30562,MOB,"Mobile, AL",AL,1,Alabama,51,11057,1105703,31057,CLT,"Charlotte, NC",NC,37,North Carolina,36,544,-2.0,0.0,0.0,-1.0,0001-0559,26.0,608.0,836.0,13.0,831,849.0,18.0,18.0,1.0,1.0,0800-0859,0.0,,0.0,107.0,127.0,88.0,1.0,526.0,3,0.0,0.0,18.0,0.0,0.0,,,,0,,,,,,,,,,,,,,,,,,,,,,,,,,,,,,,,,,,,,,,,,,,,,N,4.0,0.0,5.0,8.0,3.0,3.0,27.0,35.0,5,8,3.0,2.0,27.0,34.0,9,9,0,1.0,1.0,N682AE,N682AE-AA-0,27.0,39.0,8.0,35.0,47.0,,,1.0,27,35,0.0,0.0
N682AE,920.0,2019,2,5,2,4,2019-05-02,AA,AA_CODESHARE,19805,AA,4975,,,,,PT,20427,PT,4975,11057,1105703,31057,CLT,"Charlotte, NC",NC,37,North Carolina,36,14574,1457405,34574,ROA,"Roanoke, VA",VA,51,Virginia,38,925,-5.0,0.0,0.0,-1.0,0900-0959,19.0,939.0,1015.0,6.0,1042,1021.0,-21.0,0.0,0.0,-2.0,1000-1059,0.0,,0.0,77.0,61.0,36.0,1.0,155.0,1,,,0.0,,0.0,,,,0,,,,,,,,,,,,,,,,,,,,,,,,,,,,,,,,,,,,,,,,,,,,,N,0.0,0.0,9.0,10.0,1.0,1.0,37.0,41.0,9,10,2.0,3.0,38.0,43.0,2,2,1,1.0,0.0,N682AE,N682AE-AA-1,38.0,49.0,4.0,42.0,53.0,35.0,2.0,0.0,38,42,0.0,0.0
N682NK,906.0,2019,2,5,2,4,2019-05-02,NK,NK,20416,NK,801,,,,,NK,20416,NK,801,11433,1143302,31295,DTW,"Detroit, MI",MI,26,Michigan,43,13204,1320402,31454,MCO,"Orlando, FL",FL,12,Florida,33,912,-6.0,0.0,0.0,-1.0,0900-0959,10.0,916.0,1126.0,13.0,1150,1139.0,-11.0,0.0,0.0,-1.0,1100-1159,0.0,,0.0,158.0,153.0,130.0,1.0,957.0,4,,,0.0,,0.0,,,,0,,,,,,,,,,,,,,,,,,,,,,,,,,,,,,,,,,,,,,,,,,,,,N,0.0,0.0,9.0,11.0,0.0,3.0,36.0,47.0,9,11,1.0,3.0,37.0,47.0,9,9,0,0.0,0.0,N682NK,N682NK-NK-0,37.0,48.0,11.0,48.0,59.0,,,0.0,37,48,0.0,0.0
N683AE,904.0,2019,2,5,2,4,2019-05-02,AA,AA_CODESHARE,19805,AA,4883,,,,,PT,20427,PT,4883,14100,1410005,34100,PHL,"Philadelphia, PA",PA,42,Pennsylvania,23,13342,1334207,33342,MKE,"Milwaukee, WI",WI,55,Wisconsin,45,905,-1.0,0.0,0.0,-1.0,0900-0959,40.0,944.0,1034.0,4.0,1043,1038.0,-5.0,0.0,0.0,-1.0,1000-1059,0.0,,0.0,158.0,154.0,110.0,1.0,690.0,3,,,0.0,,0.0,,,,0,,,,,,,,,,,,,,,,,,,,,,,,,,,,,,,,,,,,,,,,,,,,,N,0.0,4.0,9.0,10.0,0.0,3.0,36.0,47.0,9,10,0.0,3.0,36.0,47.0,9,9,0,0.0,0.0,N683AE,N683AE-AA-0,36.0,48.0,11.0,47.0,59.0,,,0.0,36,47,0.0,0.0
N683NK,600.0,2019,2,5,2,4,2019-05-02,NK,NK,20416,NK,737,,,,,NK,20416,NK,737,13930,1393007,30977,ORD,"Chicago, IL",IL,17,Illinois,41,12892,1289208,32575,LAX,"Los Angeles, CA",CA,6,California,91,600,0.0,0.0,0.0,0.0,0600-0659,22.0,622.0,826.0,8.0,827,834.0,7.0,7.0,0.0,0.0,0800-0859,0.0,,0.0,267.0,274.0,244.0,1.0,1744.0,7,,,0.0,,0.0,,,,0,,,,,,,,,,,,,,,,,,,,,,,,,,,,,,,,,,,,,,,,,,,,,N,4.0,12.0,6.0,8.0,0.0,2.0,28.0,46.0,6,8,0.0,2.0,28.0,46.0,9,9,0,0.0,0.0,N683NK,N683NK-NK-0,28.0,40.0,18.0,46.0,58.0,,,0.0,28,46,0.0,0.0
N68452,549.0,2019,2,5,2,4,2019-05-02,UA,UA,19977,UA,728,,,,,UA,19977,UA,728,12889,1288903,32211,LAS,"Las Vegas, NV",NV,32,Nevada,85,14771,1477104,32457,SFO,"San Francisco, CA",CA,6,California,91,600,-11.0,0.0,0.0,-1.0,0600-0659,11.0,600.0,705.0,38.0,734,743.0,9.0,9.0,0.0,0.0,0700-0759,0.0,,0.0,94.0,114.0,65.0,1.0,414.0,2,,,0.0,,0.0,,,,0,,,,,,,,,,,,,,,,,,,,,,,,,,,,,,,,,,,,,,,,,,,,,N,12.0,12.0,5.0,7.0,3.0,3.0,35.0,43.0,6,7,0.0,2.0,36.0,42.0,3,3,0,0.0,0.0,N68452,N68452-UA-0,36.0,47.0,8.0,44.0,55.0,,,0.0,38,46,2.0,7.2
N68453,748.0,2019,2,5,2,4,2019-05-02,UA,UA,19977,UA,2176,,,,,UA,19977,UA,2176,13930,1393007,30977,ORD,"Chicago, IL",IL,17,Illinois,41,14057,1405702,34057,PDX,"Portland, OR",OR,41,Oregon,92,747,1.0,1.0,0.0,0.0,0700-0759,30.0,818.0,1017.0,3.0,1007,1020.0,13.0,13.0,0.0,0.0,1000-1059,0.0,,0.0,260.0,272.0,239.0,1.0,1739.0,7,,,0.0,,0.0,,,,0,,,,,,,,,,,,,,,,,,,,,,,,,,,,,,,,,,,,,,,,,,,,,N,4.0,12.0,7.0,10.0,3.0,1.0,35.0,53.0,7,10,3.0,0.0,35.0,52.0,9,9,0,0.0,0.0,N68453,N68453-UA-0,35.0,47.0,18.0,53.0,65.0,,,0.0,35,53,0.0,0.0
N684DA,611.0,2019,2,5,2,4,2019-05-02,DL,DL,19790,DL,2552,,,,,DL,19790,DL,2552,10721,1072102,30721,BOS,"Boston, MA",MA,25,Massachusetts,13,10397,1039707,30397,ATL,"Atlanta, GA",GA,13,Georgia,34,600,11.0,11.0,0.0,0.0,0600-0659,20.0,631.0,854.0,7.0,851,901.0,10.0,10.0,0.0,0.0,0800-0859,0.0,,0.0,171.0,170.0,143.0,1.0,946.0,4,,,0.0,,0.0,,,,0,,,,,,,,,,,,,,,,,,,,,,,,,,,,,,,,,,,,,,,,,,,,,N,0.0,0.0,6.0,9.0,1.0,0.0,25.0,36.0,6,8,0.0,3.0,24.0,35.0,8,8,0,0.0,0.0,N684DA,N684DA-DL-0,25.0,37.0,11.0,36.0,48.0,,,0.0,25,36,0.0,0.0
N684JW,643.0,2019,2,5,2,4,2019-05-02,AA,AA_CODESHARE,19805,AA,3514,,,,,MQ,20398,MQ,3514,15412,1541205,35412,TYS,"Knoxville, TN",TN,47,Tennessee,54,13930,1393007,30977,ORD,"Chicago, IL",IL,17,Illinois,41,649,-6.0,0.0,0.0,-1.0,0600-0659,18.0,701.0,720.0,13.0,745,733.0,-12.0,0.0,0.0,-1.0,0700-0759,0.0,,0.0,116.0,110.0,79.0,1.0,475.0,2,,,0.0,,0.0,,,,0,,,,,,,,,,,,,,,,,,,,,,,,,,,,,,,,,,,,,,,,,,,,,N,0.0,4.0,6.0,7.0,3.0,2.0,27.0,34.0,6,7,3.0,3.0,27.0,35.0,9,9,0,1.0,1.0,N684JW,N684JW-AA-0,27.0,39.0,7.0,34.0,46.0,,,0.0,27,34,0.0,0.0
N684JW,859.0,2019,2,5,2,4,2019-05-02,AA,AA_CODESHARE,19805,AA,3774,,,,,MQ,20398,MQ,3774,13930,1393007,30977,ORD,"Chicago, IL",IL,17,Illinois,41,11612,1161206,31612,EVV,"Evansville, IN",IN,18,Indiana,42,845,14.0,14.0,0.0,0.0,0800-0859,31.0,930.0,1032.0,4.0,958,1036.0,38.0,38.0,1.0,2.0,0900-0959,0.0,,0.0,73.0,97.0,62.0,1.0,272.0,2,0.0,14.0,24.0,0.0,0.0,,,,0,,,,,,,,,,,,,,,,,,,,,,,,,,,,,,,,,,,,,,,,,,,,,N,4.0,4.0,8.0,10.0,4.0,2.0,40.0,46.0,8,9,3.0,4.0,39.0,44.0,8,8,1,1.0,0.0,N684JW,N684JW-AA-1,39.0,52.0,6.0,45.0,58.0,34.0,6.0,2.0,39,45,0.0,0.0
N684NK,715.0,2019,2,5,2,4,2019-05-02,NK,NK,20416,NK,217,,,,,NK,20416,NK,217,12266,1226603,31453,IAH,"Houston, TX",TX,48,Texas,74,12892,1289208,32575,LAX,"Los Angeles, CA",CA,6,California,91,720,-5.0,0.0,0.0,-1.0,0700-0759,12.0,727.0,844.0,6.0,857,850.0,-7.0,0.0,0.0,-1.0,0800-0859,0.0,,0.0,217.0,215.0,197.0,1.0,1379.0,6,,,0.0,,0.0,,,,0,,,,,,,,,,,,,,,,,,,,,,,,,,,,,,,,,,,,,,,,,,,,,N,4.0,12.0,7.0,8.0,1.0,3.0,33.0,47.0,7,8,1.0,4.0,33.0,48.0,8,8,0,0.0,0.0,N684NK,N684NK-NK-0,33.0,45.0,14.0,47.0,59.0,,,0.0,33,47,0.0,0.0
N685AE,659.0,2019,2,5,2,4,2019-05-02,AA,AA_CODESHARE,19805,AA,3775,,,,,MQ,20398,MQ,3775,11066,1106606,31066,CMH,"Columbus, OH",OH,39,Ohio,44,13303,1330303,32467,MIA,"Miami, FL",FL,12,Florida,33,654,5.0,5.0,0.0,0.0,0600-0659,36.0,735.0,955.0,3.0,945,958.0,13.0,13.0,0.0,0.0,0900-0959,0.0,,0.0,171.0,179.0,140.0,1.0,990.0,4,,,0.0,,0.0,,,,0,,,,,,,,,,,,,,,,,,,,,,,,,,,,,,,,,,,,,,,,,,,,,N,0.0,0.0,6.0,9.0,4.0,4.0,28.0,40.0,6,9,4.0,3.0,28.0,39.0,1,1,0,1.0,1.0,N685AE,N685AE-AA-0,28.0,40.0,12.0,40.0,52.0,,,0.0,28,40,0.0,0.0
N685AE,1104.0,2019,2,5,2,4,2019-05-02,AA,AA_CODESHARE,19805,AA,4028,,,,,MQ,20398,MQ,4028,13303,1330303,32467,MIA,"Miami, FL",FL,12,Florida,33,13244,1324402,33244,MEM,"Memphis, TN",TN,47,Tennessee,54,950,74.0,74.0,1.0,4.0,0900-0959,18.0,1122.0,1224.0,5.0,1125,1229.0,64.0,64.0,1.0,4.0,1100-1159,0.0,,0.0,155.0,145.0,122.0,1.0,859.0,4,27.0,0.0,0.0,0.0,37.0,945.0,25.0,25.0,0,,,,,,,,,,,,,,,,,,,,,,,,,,,,,,,,,,,,,,,,,,,,,N,0.0,4.0,11.0,12.0,0.0,2.0,44.0,54.0,9,11,3.0,2.0,39.0,50.0,7,7,1,1.0,0.0,N685AE,N685AE-AA-1,42.0,56.0,10.0,52.0,66.0,40.0,4.0,2.0,42,52,0.0,0.0
N685BR,624.0,2019,2,5,2,4,2019-05-02,DL,DL_CODESHARE,19790,DL,3547,,,,,OO,20304,OO,3547,11778,1177801,31778,FSM,"Fort Smith, AR",AR,5,Arkansas,71,10397,1039707,30397,ATL,"Atlanta, GA",GA,13,Georgia,34,625,-1.0,0.0,0.0,-1.0,0600-0659,11.0,635.0,859.0,11.0,933,910.0,-23.0,0.0,0.0,-2.0,0900-0959,0.0,,0.0,128.0,106.0,84.0,1.0,579.0,3,,,0.0,,0.0,,,,0,,,,,,,,,,,,,,,,,,,,,,,,,,,,,,,,,,,,,,,,,,,,,N,4.0,0.0,6.0,9.0,2.0,1.0,30.0,37.0,6,9,2.0,2.0,30.0,38.0,3,3,0,0.0,0.0,N685BR,N685BR-DL-0,30.0,42.0,7.0,37.0,49.0,,,0.0,30,37,0.0,0.0
N685DA,828.0,2019,2,5,2,4,2019-05-02,DL,DL,19790,DL,465,,,,,DL,19790,DL,465,12478,1247805,31703,JFK,"New York, NY",NY,36,New York,22,15024,1502403,34945,STT,"Charlotte Amalie, VI",VI,78,U.S. Virgin Islands,4,835,-7.0,0.0,0.0,-1.0,0800-0859,45.0,913.0,1234.0,7.0,1239,1241.0,2.0,2.0,0.0,0.0,1200-1259,0.0,,0.0,244.0,253.0,201.0,1.0,1623.0,7,,,0.0,,0.0,,,,0,,,,,,,,,,,,,,,,,,,,,,,,,,,,,,,,,,,,,,,,,,,,,N,0.0,-4.0,8.0,12.0,2.0,3.0,34.0,47.0,8,12,2.0,3.0,34.0,47.0,8,8,0,0.0,0.0,N685DA,N685DA-DL-0,34.0,46.0,13.0,47.0,59.0,,,0.0,34,47,0.0,0.0
N685NK,739.0,2019,2,5,2,4,2019-05-02,NK,NK,20416,NK,231,,,,,NK,20416,NK,231,10397,1039707,30397,ATL,"Atlanta, GA",GA,13,Georgia,34,11697,1169706,32467,FLL,"Fort Lauderdale, FL",FL,12,Florida,33,738,1.0,1.0,0.0,0.0,0700-0759,15.0,754.0,920.0,8.0,931,928.0,-3.0,0.0,0.0,-1.0,0900-0959,0.0,,0.0,113.0,109.0,86.0,1.0,581.0,3,,,0.0,,0.0,,,,0,,,,,,,,,,,,,,,,,,,,,,,,,,,,,,,,,,,,,,,,,,,,,N,0.0,0.0,7.0,9.0,3.0,2.0,31.0,38.0,7,9,3.0,2.0,31.0,38.0,3,3,0,0.0,0.0,N685NK,N685NK-NK-0,31.0,43.0,7.0,38.0,50.0,,,0.0,34,42,4.0,15.56
N686AE,530.0,2019,2,5,2,4,2019-05-02,AA,AA_CODESHARE,19805,AA,4919,,,,,PT,20427,PT,4919,14574,1457405,34574,ROA,"Roanoke, VA",VA,51,Virginia,38,11057,1105703,31057,CLT,"Charlotte, NC",NC,37,North Carolina,36,534,-4.0,0.0,0.0,-1.0,0001-0559,32.0,602.0,643.0,9.0,651,652.0,1.0,1.0,0.0,0.0,0600-0659,0.0,,0.0,77.0,82.0,41.0,1.0,155.0,1,,,0.0,,0.0,,,,0,,,,,,,,,,,,,,,,,,,,,,,,,,,,,,,,,,,,,,,,,,,,,N,0.0,0.0,5.0,6.0,2.0,3.0,22.0,27.0,5,6,2.0,3.0,22.0,27.0,9,9,0,2.0,2.0,N686AE,N686AE-AA-0,22.0,34.0,5.0,27.0,39.0,,,0.0,22,27,0.0,0.0
N686AE,746.0,2019,2,5,2,4,2019-05-02,AA,AA_CODESHARE,19805,AA,4862,,,,,PT,20427,PT,4862,11057,1105703,31057,CLT,"Charlotte, NC",NC,37,North Carolina,36,15323,1532305,35323,TRI,"Bristol/Johnson City/Kingsport, TN",TN,47,Tennessee,54,755,-9.0,0.0,0.0,-1.0,0700-0759,47.0,833.0,901.0,6.0,904,907.0,3.0,3.0,0.0,0.0,0900-0959,0.0,,0.0,69.0,81.0,28.0,1.0,119.0,1,,,0.0,,0.0,,,,0,,,,,,,,,,,,,,,,,,,,,,,,,,,,,,,,,,,,,,,,,,,,,N,0.0,0.0,7.0,9.0,3.0,0.0,31.0,36.0,7,9,4.0,0.0,32.0,36.0,2,2,1,2.0,1.0,N686AE,N686AE-AA-1,32.0,43.0,5.0,37.0,48.0,27.0,4.0,0.0,32,37,0.0,0.0
N686AE,928.0,2019,2,5,2,4,2019-05-02,AA,AA_CODESHARE,19805,AA,4862,,,,,PT,20427,PT,4862,15323,1532305,35323,TRI,"Bristol/Johnson City/Kingsport, TN",TN,47,Tennessee,54,11057,1105703,31057,CLT,"Charlotte, NC",NC,37,North Carolina,36,932,-4.0,0.0,0.0,-1.0,0900-0959,34.0,1002.0,1034.0,14.0,1033,1048.0,15.0,15.0,1.0,1.0,1000-1059,0.0,,0.0,61.0,80.0,32.0,1.0,119.0,1,0.0,0.0,15.0,0.0,0.0,,,,0,,,,,,,,,,,,,,,,,,,,,,,,,,,,,,,,,,,,,,,,,,,,,N,0.0,0.0,9.0,10.0,2.0,3.0,38.0,43.0,9,10,2.0,2.0,38.0,42.0,4,4,2,2.0,0.0,N686AE,N686AE-AA-2,38.0,50.0,5.0,43.0,55.0,36.0,2.0,1.0,38,43,0.0,0.0
N686DA,816.0,2019,2,5,2,4,2019-05-02,DL,DL,19790,DL,1581,,,,,DL,19790,DL,1581,14635,1463502,31714,RSW,"Fort Myers, FL",FL,12,Florida,33,11433,1143302,31295,DTW,"Detroit, MI",MI,26,Michigan,43,815,1.0,1.0,0.0,0.0,0800-0859,13.0,829.0,1057.0,8.0,1104,1105.0,1.0,1.0,0.0,0.0,1100-1159,0.0,,0.0,169.0,169.0,148.0,1.0,1084.0,5,,,0.0,,0.0,,,,0,,,,,,,,,,,,,,,,,,,,,,,,,,,,,,,,,,,,,,,,,,,,,N,0.0,0.0,8.0,11.0,1.0,0.0,33.0,44.0,8,11,1.0,0.0,33.0,44.0,5,5,0,0.0,0.0,N686DA,N686DA-DL-0,33.0,45.0,11.0,44.0,56.0,,,0.0,33,44,0.0,0.0
N686NK,657.0,2019,2,5,2,4,2019-05-02,NK,NK,20416,NK,975,,,,,NK,20416,NK,975,11433,1143302,31295,DTW,"Detroit, MI",MI,26,Michigan,43,11292,1129202,30325,DEN,"Denver, CO",CO,8,Colorado,82,700,-3.0,0.0,0.0,-1.0,0700-0759,13.0,710.0,800.0,8.0,803,808.0,5.0,5.0,0.0,0.0,0800-0859,0.0,,0.0,183.0,191.0,170.0,1.0,1123.0,5,,,0.0,,0.0,,,,0,,,,,,,,,,,,,,,,,,,,,,,,,,,,,,,,,,,,,,,,,,,,,N,0.0,8.0,6.0,8.0,4.0,1.0,28.0,41.0,7,8,0.0,0.0,28.0,40.0,8,8,0,0.0,0.0,N686NK,N686NK-NK-0,28.0,40.0,13.0,41.0,53.0,,,0.0,28,41,0.0,0.0
N687NK,613.0,2019,2,5,2,4,2019-05-02,NK,NK,20416,NK,867,,,,,NK,20416,NK,867,11298,1129806,30194,DFW,"Dallas/Fort Worth, TX",TX,48,Texas,74,12892,1289208,32575,LAX,"Los Angeles, CA",CA,6,California,91,615,-2.0,0.0,0.0,-1.0,0600-0659,21.0,634.0,727.0,9.0,736,736.0,0.0,0.0,0.0,0.0,0700-0759,0.0,,0.0,201.0,203.0,173.0,1.0,1235.0,5,,,0.0,,0.0,,,,0,,,,,,,,,,,,,,,,,,,,,,,,,,,,,,,,,,,,,,,,,,,,,N,4.0,12.0,6.0,7.0,1.0,2.0,29.0,42.0,6,7,1.0,2.0,29.0,42.0,2,2,0,0.0,0.0,N687NK,N687NK-NK-0,29.0,41.0,13.0,42.0,54.0,,,0.0,29,42,0.0,0.0
N68801,611.0,2019,2,5,2,4,2019-05-02,UA,UA,19977,UA,2306,,,,,UA,19977,UA,2306,14576,1457606,34576,ROC,"Rochester, NY",NY,36,New York,22,11618,1161802,31703,EWR,"Newark, NJ",NJ,34,New Jersey,21,615,-4.0,0.0,0.0,-1.0,0600-0659,18.0,629.0,714.0,6.0,729,720.0,-9.0,0.0,0.0,-1.0,0700-0759,0.0,,0.0,74.0,69.0,45.0,1.0,246.0,1,,,0.0,,0.0,,,,0,,,,,,,,,,,,,,,,,,,,,,,,,,,,,,,,,,,,,,,,,,,,,N,0.0,0.0,6.0,7.0,1.0,1.0,25.0,29.0,6,7,1.0,2.0,25.0,30.0,3,3,0,1.0,1.0,N68801,N68801-UA-0,25.0,37.0,4.0,29.0,41.0,,,0.0,25,29,0.0,0.0
N68801,823.0,2019,2,5,2,4,2019-05-02,UA,UA,19977,UA,1263,,,,,UA,19977,UA,1263,11618,1161802,31703,EWR,"Newark, NJ",NJ,34,New Jersey,21,13204,1320402,31454,MCO,"Orlando, FL",FL,12,Florida,33,830,-7.0,0.0,0.0,-1.0,0800-0859,18.0,841.0,1053.0,7.0,1121,1100.0,-21.0,0.0,0.0,-2.0,1100-1159,0.0,,0.0,171.0,157.0,132.0,1.0,937.0,4,,,0.0,,0.0,,,,0,,,,,,,,,,,,,,,,,,,,,,,,,,,,,,,,,,,,,,,,,,,,,N,0.0,0.0,8.0,11.0,2.0,0.0,34.0,44.0,8,11,2.0,1.0,34.0,45.0,7,7,1,1.0,0.0,N68801,N68801-UA-1,34.0,46.0,10.0,44.0,56.0,29.0,5.0,0.0,34,44,0.0,0.0
N68802,601.0,2019,2,5,2,4,2019-05-02,UA,UA,19977,UA,802,,,,,UA,19977,UA,802,13871,1387102,33316,OMA,"Omaha, NE",NE,31,Nebraska,65,11292,1129202,30325,DEN,"Denver, CO",CO,8,Colorado,82,605,-4.0,0.0,0.0,-1.0,0600-0659,10.0,611.0,627.0,7.0,643,634.0,-9.0,0.0,0.0,-1.0,0600-0659,0.0,,0.0,98.0,93.0,76.0,1.0,472.0,2,,,0.0,,0.0,,,,0,,,,,,,,,,,,,,,,,,,,,,,,,,,,,,,,,,,,,,,,,,,,,N,4.0,8.0,6.0,6.0,0.0,2.0,28.0,34.0,6,6,0.0,3.0,28.0,35.0,5,5,0,1.0,1.0,N68802,N68802-UA-0,28.0,40.0,6.0,34.0,46.0,,,0.0,28,34,0.0,0.0
N68802,744.0,2019,2,5,2,4,2019-05-02,UA,UA,19977,UA,277,,,,,UA,19977,UA,277,11292,1129202,30325,DEN,"Denver, CO",CO,8,Colorado,82,14771,1477104,32457,SFO,"San Francisco, CA",CA,6,California,91,750,-6.0,0.0,0.0,-1.0,0700-0759,12.0,756.0,913.0,11.0,937,924.0,-13.0,0.0,0.0,-1.0,0900-0959,0.0,,0.0,167.0,160.0,137.0,1.0,967.0,4,,,0.0,,0.0,,,,0,,,,,,,,,,,,,,,,,,,,,,,,,,,,,,,,,,,,,,,,,,,,,N,8.0,12.0,7.0,9.0,3.0,2.0,39.0,50.0,7,9,3.0,2.0,39.0,50.0,8,8,1,1.0,0.0,N68802,N68802-UA-1,39.0,51.0,11.0,50.0,62.0,34.0,5.0,0.0,39,50,0.0,0.0
N68805,629.0,2019,2,5,2,4,2019-05-02,UA,UA,19977,UA,2362,,,,,UA,19977,UA,2362,12278,1227805,30928,ICT,"Wichita, KS",KS,20,Kansas,62,11292,1129202,30325,DEN,"Denver, CO",CO,8,Colorado,82,630,-1.0,0.0,0.0,-1.0,0600-0659,12.0,641.0,646.0,4.0,705,650.0,-15.0,0.0,0.0,-1.0,0700-0759,0.0,,0.0,95.0,81.0,65.0,1.0,420.0,2,,,0.0,,0.0,,,,0,,,,,,,,,,,,,,,,,,,,,,,,,,,,,,,,,,,,,,,,,,,,,N,4.0,8.0,6.0,6.0,2.0,3.0,30.0,35.0,6,7,2.0,0.0,30.0,36.0,6,6,0,0.0,0.0,N68805,N68805-UA-0,30.0,42.0,5.0,35.0,47.0,,,0.0,30,35,0.0,0.0
N68807,725.0,2019,2,5,2,4,2019-05-02,UA,UA,19977,UA,1977,,,,,UA,19977,UA,1977,11042,1104205,30647,CLE,"Cleveland, OH",OH,39,Ohio,44,12892,1289208,32575,LAX,"Los Angeles, CA",CA,6,California,91,730,-5.0,0.0,0.0,-1.0,0700-0759,15.0,740.0,924.0,9.0,939,933.0,-6.0,0.0,0.0,-1.0,0900-0959,0.0,,0.0,309.0,308.0,284.0,1.0,2052.0,9,,,0.0,,0.0,,,,0,,,,,,,,,,,,,,,,,,,,,,,,,,,,,,,,,,,,,,,,,,,,,N,0.0,12.0,7.0,9.0,2.0,2.0,30.0,50.0,7,9,2.0,3.0,30.0,51.0,5,5,0,0.0,0.0,N68807,N68807-UA-0,30.0,42.0,20.0,50.0,62.0,,,0.0,30,50,0.0,0.0
N68811,624.0,2019,2,5,2,4,2019-05-02,UA,UA,19977,UA,1108,,,,,UA,19977,UA,1108,12264,1226402,30852,IAD,"Washington, DC",VA,51,Virginia,38,11292,1129202,30325,DEN,"Denver, CO",CO,8,Colorado,82,630,-6.0,0.0,0.0,-1.0,0600-0659,20.0,644.0,820.0,6.0,823,826.0,3.0,3.0,0.0,0.0,0800-0859,0.0,,0.0,233.0,242.0,216.0,1.0,1452.0,6,,,0.0,,0.0,,,,0,,,,,,,,,,,,,,,,,,,,,,,,,,,,,,,,,,,,,,,,,,,,,N,0.0,8.0,6.0,8.0,2.0,2.0,26.0,42.0,6,8,2.0,2.0,26.0,42.0,7,7,0,0.0,0.0,N68811,N68811-UA-0,26.0,38.0,16.0,42.0,54.0,,,0.0,26,42,0.0,0.0
N68817,554.0,2019,2,5,2,4,2019-05-02,UA,UA,19977,UA,939,,,,,UA,19977,UA,939,10140,1014005,30140,ABQ,"Albuquerque, NM",NM,35,New Mexico,86,11292,1129202,30325,DEN,"Denver, CO",CO,8,Colorado,82,550,4.0,4.0,0.0,0.0,0001-0559,13.0,607.0,659.0,5.0,710,704.0,-6.0,0.0,0.0,-1.0,0700-0759,0.0,,0.0,80.0,70.0,52.0,1.0,349.0,2,,,0.0,,0.0,,,,0,,,,,,,,,,,,,,,,,,,,,,,,,,,,,,,,,,,,,,,,,,,,,N,8.0,8.0,5.0,7.0,4.0,0.0,32.0,36.0,5,7,3.0,1.0,31.0,37.0,9,9,0,0.0,0.0,N68817,N68817-UA-0,32.0,44.0,4.0,36.0,48.0,,,0.0,32,36,0.0,0.0
N68821,555.0,2019,2,5,2,4,2019-05-02,UA,UA,19977,UA,1702,,,,,UA,19977,UA,1702,13303,1330303,32467,MIA,"Miami, FL",FL,12,Florida,33,11618,1161802,31703,EWR,"Newark, NJ",NJ,34,New Jersey,21,600,-5.0,0.0,0.0,-1.0,0600-0659,15.0,610.0,835.0,11.0,859,846.0,-13.0,0.0,0.0,-1.0,0800-0859,0.0,,0.0,179.0,171.0,145.0,1.0,1085.0,5,,,0.0,,0.0,,,,0,,,,,,,,,,,,,,,,,,,,,,,,,,,,,,,,,,,,,,,,,,,,,N,0.0,0.0,5.0,8.0,4.0,3.0,24.0,35.0,6,8,0.0,4.0,24.0,36.0,5,5,0,0.0,0.0,N68821,N68821-UA-0,24.0,36.0,11.0,35.0,47.0,,,0.0,25,36,1.0,5.32
N68834,736.0,2019,2,5,2,4,2019-05-02,UA,UA,19977,UA,233,,,,,UA,19977,UA,233,14683,1468305,33214,SAT,"San Antonio, TX",TX,48,Texas,74,13930,1393007,30977,ORD,"Chicago, IL",IL,17,Illinois,41,740,-4.0,0.0,0.0,-1.0,0700-0759,31.0,807.0,1012.0,10.0,1027,1022.0,-5.0,0.0,0.0,-1.0,1000-1059,0.0,,0.0,167.0,166.0,125.0,1.0,1041.0,5,,,0.0,,0.0,,,,0,,,,,,,,,,,,,,,,,,,,,,,,,,,,,,,,,,,,,,,,,,,,,N,4.0,4.0,7.0,10.0,2.0,1.0,34.0,45.0,7,10,3.0,2.0,35.0,46.0,2,2,0,0.0,0.0,N68834,N68834-UA-0,35.0,46.0,11.0,46.0,57.0,,,0.0,35,47,1.0,2.18
N68836,1041.0,2019,2,5,2,4,2019-05-02,UA,UA,19977,UA,2399,,,,,UA,19977,UA,2399,13204,1320402,31454,MCO,"Orlando, FL",FL,12,Florida,33,12266,1226603,31453,IAH,"Houston, TX",TX,48,Texas,74,910,91.0,91.0,1.0,6.0,0900-0959,11.0,1052.0,1156.0,40.0,1043,1236.0,113.0,113.0,1.0,7.0,1000-1059,0.0,,0.0,153.0,175.0,124.0,1.0,854.0,4,0.0,0.0,113.0,0.0,0.0,,,,0,,,,,,,,,,,,,,,,,,,,,,,,,,,,,,,,,,,,,,,,,,,,,N,0.0,4.0,10.0,12.0,3.0,2.0,43.0,54.0,9,10,1.0,3.0,37.0,47.0,9,9,0,0.0,0.0,N68836,N68836-UA-0,37.0,55.0,11.0,48.0,66.0,,,8.0,37,48,0.0,0.0
N68842,608.0,2019,2,5,2,4,2019-05-02,UA,UA,19977,UA,1727,,,,,UA,19977,UA,1727,13204,1320402,31454,MCO,"Orlando, FL",FL,12,Florida,33,11618,1161802,31703,EWR,"Newark, NJ",NJ,34,New Jersey,21,615,-7.0,0.0,0.0,-1.0,0600-0659,18.0,626.0,829.0,21.0,853,850.0,-3.0,0.0,0.0,-1.0,0800-0859,0.0,,0.0,158.0,162.0,123.0,1.0,937.0,4,,,0.0,,0.0,,,,0,,,,,,,,,,,,,,,,,,,,,,,,,,,,,,,,,,,,,,,,,,,,,N,0.0,0.0,6.0,8.0,1.0,3.0,25.0,35.0,6,8,1.0,4.0,25.0,36.0,7,7,0,0.0,0.0,N68842,N68842-UA-0,25.0,37.0,10.0,35.0,47.0,,,0.0,25,35,0.0,0.0
N68843,637.0,2019,2,5,2,4,2019-05-02,UA,UA,19977,UA,2001,,,,,UA,19977,UA,2001,11618,1161802,31703,EWR,"Newark, NJ",NJ,34,New Jersey,21,13930,1393007,30977,ORD,"Chicago, IL",IL,17,Illinois,41,640,-3.0,0.0,0.0,-1.0,0600-0659,24.0,701.0,755.0,13.0,813,808.0,-5.0,0.0,0.0,-1.0,0800-0859,0.0,,0.0,153.0,151.0,114.0,1.0,719.0,3,,,0.0,,0.0,,,,0,,,,,,,,,,,,,,,,,,,,,,,,,,,,,,,,,,,,,,,,,,,,,N,0.0,4.0,6.0,8.0,2.0,1.0,26.0,37.0,6,8,3.0,1.0,27.0,37.0,4,4,0,0.0,0.0,N68843,N68843-UA-0,27.0,38.0,11.0,38.0,49.0,,,0.0,27,38,0.0,0.0
N68880,656.0,2019,2,5,2,4,2019-05-02,UA,UA,19977,UA,2142,,,,,UA,19977,UA,2142,13204,1320402,31454,MCO,"Orlando, FL",FL,12,Florida,33,13930,1393007,30977,ORD,"Chicago, IL",IL,17,Illinois,41,700,-4.0,0.0,0.0,-1.0,0700-0759,12.0,708.0,836.0,11.0,859,847.0,-12.0,0.0,0.0,-1.0,0800-0859,0.0,,0.0,179.0,171.0,148.0,1.0,1005.0,5,,,0.0,,0.0,,,,0,,,,,,,,,,,,,,,,,,,,,,,,,,,,,,,,,,,,,,,,,,,,,N,0.0,4.0,6.0,8.0,4.0,3.0,28.0,39.0,7,8,0.0,4.0,28.0,40.0,5,5,0,0.0,0.0,N68880,N68880-UA-0,28.0,40.0,11.0,39.0,51.0,,,0.0,28,39,0.0,0.0
N68891,640.0,2019,2,5,2,4,2019-05-02,UA,UA,19977,UA,1729,,,,,UA,19977,UA,1729,11884,1188402,31884,GEG,"Spokane, WA",WA,53,Washington,93,11292,1129202,30325,DEN,"Denver, CO",CO,8,Colorado,82,645,-5.0,0.0,0.0,-1.0,0600-0659,12.0,652.0,935.0,8.0,955,943.0,-12.0,0.0,0.0,-1.0,0900-0959,0.0,,0.0,130.0,123.0,103.0,1.0,836.0,4,,,0.0,,0.0,,,,0,,,,,,,,,,,,,,,,,,,,,,,,,,,,,,,,,,,,,,,,,,,,,N,12.0,8.0,6.0,9.0,3.0,3.0,39.0,47.0,6,9,3.0,4.0,39.0,48.0,3,3,0,0.0,0.0,N68891,N68891-UA-0,39.0,51.0,8.0,47.0,59.0,,,0.0,39,47,0.0,0.0
N688AE,557.0,2019,2,5,2,4,2019-05-02,AA,AA_CODESHARE,19805,AA,3540,,,,,MQ,20398,MQ,3540,14783,1478302,34783,SGF,"Springfield, MO",MO,29,Missouri,64,13930,1393007,30977,ORD,"Chicago, IL",IL,17,Illinois,41,601,-4.0,0.0,0.0,-1.0,0600-0659,12.0,609.0,729.0,7.0,745,736.0,-9.0,0.0,0.0,-1.0,0700-0759,0.0,,0.0,104.0,99.0,80.0,1.0,438.0,2,,,0.0,,0.0,,,,0,,,,,,,,,,,,,,,,,,,,,,,,,,,,,,,,,,,,,,,,,,,,,N,4.0,4.0,5.0,7.0,4.0,2.0,28.0,34.0,6,7,0.0,3.0,28.0,35.0,8,8,0,0.0,0.0,N688AE,N688AE-AA-0,28.0,40.0,6.0,34.0,46.0,,,0.0,28,34,0.0,0.0
N688DL,521.0,2019,2,5,2,4,2019-05-02,DL,DL,19790,DL,1091,,,,,DL,19790,DL,1091,12451,1245102,31136,JAX,"Jacksonville, FL",FL,12,Florida,33,10397,1039707,30397,ATL,"Atlanta, GA",GA,13,Georgia,34,525,-4.0,0.0,0.0,-1.0,0001-0559,12.0,533.0,617.0,6.0,631,623.0,-8.0,0.0,0.0,-1.0,0600-0659,0.0,,0.0,66.0,62.0,44.0,1.0,270.0,2,,,0.0,,0.0,,,,0,,,,,,,,,,,,,,,,,,,,,,,,,,,,,,,,,,,,,,,,,,,,,N,0.0,0.0,5.0,6.0,1.0,2.0,21.0,26.0,5,6,2.0,2.0,22.0,26.0,3,3,0,1.0,1.0,N688DL,N688DL-DL-0,22.0,33.0,5.0,27.0,38.0,,,0.0,22,27,0.0,0.0
N688DL,825.0,2019,2,5,2,4,2019-05-02,DL,DL,19790,DL,1516,,,,,DL,19790,DL,1516,10397,1039707,30397,ATL,"Atlanta, GA",GA,13,Georgia,34,13204,1320402,31454,MCO,"Orlando, FL",FL,12,Florida,33,755,30.0,30.0,1.0,2.0,0700-0759,19.0,844.0,943.0,7.0,924,950.0,26.0,26.0,1.0,1.0,0900-0959,0.0,,0.0,89.0,85.0,59.0,1.0,404.0,2,26.0,0.0,0.0,0.0,0.0,,,,0,,,,,,,,,,,,,,,,,,,,,,,,,,,,,,,,,,,,,,,,,,,,,N,0.0,0.0,8.0,9.0,2.0,3.0,34.0,39.0,7,9,4.0,2.0,32.0,38.0,4,4,1,1.0,0.0,N688DL,N688DL-DL-1,34.0,46.0,5.0,39.0,51.0,26.0,8.0,0.0,36,41,2.0,9.16
N689CA,658.0,2019,2,5,2,4,2019-05-02,DL,DL_CODESHARE,19790,DL,3702,,,,,OO,20304,OO,3702,14730,1473003,33044,SDF,"Louisville, KY",KY,21,Kentucky,52,13487,1348702,31650,MSP,"Minneapolis, MN",MN,27,Minnesota,63,700,-2.0,0.0,0.0,-1.0,0700-0759,43.0,741.0,821.0,6.0,810,827.0,17.0,17.0,1.0,1.0,0800-0859,0.0,,0.0,130.0,149.0,100.0,1.0,604.0,3,0.0,0.0,17.0,0.0,0.0,,,,0,,,,,,,,,,,,,,,,,,,,,,,,,,,,,,,,,,,,,,,,,,,,,N,0.0,4.0,6.0,8.0,4.0,2.0,28.0,38.0,7,8,0.0,1.0,28.0,37.0,1,1,0,0.0,0.0,N689CA,N689CA-DL-0,28.0,40.0,10.0,38.0,50.0,,,1.0,28,44,6.0,14.84
N689DL,625.0,2019,2,5,2,4,2019-05-02,DL,DL,19790,DL,2301,,,,,DL,19790,DL,2301,13204,1320402,31454,MCO,"Orlando, FL",FL,12,Florida,33,11433,1143302,31295,DTW,"Detroit, MI",MI,26,Michigan,43,630,-5.0,0.0,0.0,-1.0,0600-0659,21.0,646.0,856.0,12.0,906,908.0,2.0,2.0,0.0,0.0,0900-0959,0.0,,0.0,156.0,163.0,130.0,1.0,957.0,4,,,0.0,,0.0,,,,0,,,,,,,,,,,,,,,,,,,,,,,,,,,,,,,,,,,,,,,,,,,,,N,0.0,0.0,6.0,9.0,2.0,1.0,26.0,37.0,6,9,2.0,0.0,26.0,36.0,8,8,0,0.0,0.0,N689DL,N689DL-DL-0,26.0,38.0,11.0,37.0,49.0,,,0.0,26,37,0.0,0.0
N689EC,645.0,2019,2,5,2,4,2019-05-02,AA,AA_CODESHARE,19805,AA,3953,,,,,MQ,20398,MQ,3953,13930,1393007,30977,ORD,"Chicago, IL",IL,17,Illinois,41,11986,1198603,31986,GRR,"Grand Rapids, MI",MI,26,Michigan,43,655,-10.0,0.0,0.0,-1.0,0600-0659,10.0,655.0,824.0,5.0,850,829.0,-21.0,0.0,0.0,-2.0,0800-0859,0.0,,0.0,55.0,44.0,29.0,1.0,137.0,1,,,0.0,,0.0,,,,0,,,,,,,,,,,,,,,,,,,,,,,,,,,,,,,,,,,,,,,,,,,,,N,4.0,0.0,6.0,8.0,3.0,2.0,31.0,34.0,6,8,4.0,3.0,32.0,35.0,2,2,0,1.0,1.0,N689EC,N689EC-AA-0,32.0,43.0,3.0,35.0,46.0,,,0.0,32,35,0.0,0.0
N689EC,915.0,2019,2,5,2,4,2019-05-02,AA,AA_CODESHARE,19805,AA,3953,,,,,MQ,20398,MQ,3953,11986,1198603,31986,GRR,"Grand Rapids, MI",MI,26,Michigan,43,13930,1393007,30977,ORD,"Chicago, IL",IL,17,Illinois,41,925,-10.0,0.0,0.0,-1.0,0900-0959,15.0,930.0,905.0,13.0,938,918.0,-20.0,0.0,0.0,-2.0,0900-0959,0.0,,0.0,73.0,63.0,35.0,1.0,137.0,1,,,0.0,,0.0,,,,0,,,,,,,,,,,,,,,,,,,,,,,,,,,,,,,,,,,,,,,,,,,,,N,0.0,4.0,9.0,9.0,1.0,1.0,37.0,41.0,9,9,2.0,3.0,38.0,43.0,3,3,1,1.0,0.0,N689EC,N689EC-AA-1,38.0,49.0,4.0,42.0,53.0,34.0,3.0,0.0,38,42,0.0,0.0
N690AE,551.0,2019,2,5,2,4,2019-05-02,AA,AA_CODESHARE,19805,AA,4935,,,,,PT,20427,PT,4935,12397,1239702,32397,ITH,"Ithaca/Cortland, NY",NY,36,New York,22,14100,1410005,34100,PHL,"Philadelphia, PA",PA,42,Pennsylvania,23,601,-10.0,0.0,0.0,-1.0,0600-0659,14.0,605.0,646.0,11.0,718,657.0,-21.0,0.0,0.0,-2.0,0700-0759,0.0,,0.0,77.0,66.0,41.0,1.0,192.0,1,,,0.0,,0.0,,,,0,,,,,,,,,,,,,,,,,,,,,,,,,,,,,,,,,,,,,,,,,,,,,N,0.0,0.0,5.0,6.0,3.0,4.0,23.0,28.0,6,7,0.0,1.0,24.0,29.0,7,7,0,1.0,1.0,N690AE,N690AE-AA-0,24.0,35.0,5.0,29.0,40.0,,,0.0,24,29,0.0,0.0
N690AE,821.0,2019,2,5,2,4,2019-05-02,AA,AA_CODESHARE,19805,AA,4923,,,,,PT,20427,PT,4923,14100,1410005,34100,PHL,"Philadelphia, PA",PA,42,Pennsylvania,23,13296,1329604,30721,MHT,"Manchester, NH",NH,33,New Hampshire,14,830,-9.0,0.0,0.0,-1.0,0800-0859,44.0,905.0,958.0,7.0,1009,1005.0,-4.0,0.0,0.0,-1.0,1000-1059,0.0,,0.0,99.0,104.0,53.0,1.0,289.0,2,,,0.0,,0.0,,,,0,,,,,,,,,,,,,,,,,,,,,,,,,,,,,,,,,,,,,,,,,,,,,N,0.0,0.0,8.0,10.0,1.0,0.0,33.0,40.0,8,10,2.0,1.0,34.0,41.0,4,4,1,1.0,0.0,N690AE,N690AE-AA-1,34.0,45.0,7.0,41.0,52.0,28.0,5.0,0.0,34,41,0.0,0.0
N690CA,820.0,2019,2,5,2,4,2019-05-02,DL,DL_CODESHARE,19790,DL,6259,,,,,G7,20500,G7,6259,10469,1046902,30469,AZO,"Kalamazoo, MI",MI,26,Michigan,43,11433,1143302,31295,DTW,"Detroit, MI",MI,26,Michigan,43,823,-3.0,0.0,0.0,-1.0,0800-0859,10.0,830.0,902.0,7.0,923,909.0,-14.0,0.0,0.0,-1.0,0900-0959,0.0,,0.0,60.0,49.0,32.0,1.0,113.0,1,,,0.0,,0.0,,,,0,,,,,,,,,,,,,,,,,,,,,,,,,,,,,,,,,,,,,,,,,,,,,N,0.0,0.0,8.0,9.0,1.0,1.0,33.0,37.0,8,9,2.0,2.0,34.0,38.0,3,3,0,0.0,0.0,N690CA,N690CA-DL-0,34.0,45.0,4.0,38.0,49.0,,,0.0,34,38,0.0,0.0
N690DL,627.0,2019,2,5,2,4,2019-05-02,DL,DL,19790,DL,2442,,,,,DL,19790,DL,2442,12451,1245102,31136,JAX,"Jacksonville, FL",FL,12,Florida,33,10397,1039707,30397,ATL,"Atlanta, GA",GA,13,Georgia,34,630,-3.0,0.0,0.0,-1.0,0600-0659,9.0,636.0,724.0,7.0,742,731.0,-11.0,0.0,0.0,-1.0,0700-0759,0.0,,0.0,72.0,64.0,48.0,1.0,270.0,2,,,0.0,,0.0,,,,0,,,,,,,,,,,,,,,,,,,,,,,,,,,,,,,,,,,,,,,,,,,,,N,0.0,0.0,6.0,7.0,2.0,2.0,26.0,30.0,6,7,2.0,3.0,26.0,31.0,9,9,0,1.0,1.0,N690DL,N690DL-DL-0,26.0,38.0,4.0,30.0,42.0,,,0.0,26,30,0.0,0.0
N690DL,835.0,2019,2,5,2,4,2019-05-02,DL,DL,19790,DL,1918,,,,,DL,19790,DL,1918,10397,1039707,30397,ATL,"Atlanta, GA",GA,13,Georgia,34,14908,1490803,32575,SNA,"Santa Ana, CA",CA,6,California,91,840,-5.0,0.0,0.0,-1.0,0800-0859,22.0,857.0,1017.0,4.0,1024,1021.0,-3.0,0.0,0.0,-1.0,1000-1059,0.0,,0.0,284.0,286.0,260.0,1.0,1919.0,8,,,0.0,,0.0,,,,0,,,,,,,,,,,,,,,,,,,,,,,,,,,,,,,,,,,,,,,,,,,,,N,0.0,12.0,8.0,10.0,2.0,1.0,34.0,53.0,8,10,3.0,2.0,35.0,54.0,5,5,1,1.0,0.0,N690DL,N690DL-DL-1,35.0,46.0,19.0,54.0,65.0,30.0,4.0,0.0,35,54,0.0,0.0
N690NK,52.0,2019,2,5,2,4,2019-05-02,NK,NK,20416,NK,540,,,,,NK,20416,NK,540,12889,1288903,32211,LAS,"Las Vegas, NV",NV,32,Nevada,85,10423,1042302,30423,AUS,"Austin, TX",TX,48,Texas,74,59,-7.0,0.0,0.0,-1.0,0001-0559,12.0,104.0,517.0,5.0,542,522.0,-20.0,0.0,0.0,-2.0,0001-0559,0.0,,0.0,163.0,150.0,133.0,1.0,1090.0,5,,,0.0,,0.0,,,,0,,,,,,,,,,,,,,,,,,,,,,,,,,,,,,,,,,,,,,,,,,,,,N,12.0,4.0,0.0,5.0,3.0,1.0,15.0,25.0,0,5,4.0,3.0,16.0,27.0,2,2,0,1.0,1.0,N690NK,N690NK-NK-0,16.0,27.0,10.0,26.0,37.0,,,0.0,16,26,0.0,0.0
N690NK,729.0,2019,2,5,2,4,2019-05-02,NK,NK,20416,NK,964,,,,,NK,20416,NK,964,10423,1042302,30423,AUS,"Austin, TX",TX,48,Texas,74,11433,1143302,31295,DTW,"Detroit, MI",MI,26,Michigan,43,700,29.0,29.0,1.0,1.0,0700-0759,12.0,741.0,1149.0,10.0,1043,1159.0,76.0,76.0,1.0,5.0,1000-1059,0.0,,0.0,163.0,210.0,188.0,1.0,1149.0,5,29.0,0.0,47.0,0.0,0.0,,,,0,,,,,,,,,,,,,,,,,,,,,,,,,,,,,,,,,,,,,,,,,,,,,N,4.0,0.0,7.0,11.0,2.0,4.0,34.0,48.0,7,10,0.0,3.0,32.0,43.0,2,2,1,1.0,0.0,N690NK,N690NK-NK-1,32.0,46.0,14.0,46.0,60.0,25.0,9.0,3.0,32,50,4.0,11.68
N691AE,537.0,2019,2,5,2,4,2019-05-02,AA,AA_CODESHARE,19805,AA,5009,,,,,PT,20427,PT,5009,10868,1086803,30868,CAE,"Columbia, SC",SC,45,South Carolina,37,14100,1410005,34100,PHL,"Philadelphia, PA",PA,42,Pennsylvania,23,543,-6.0,0.0,0.0,-1.0,0001-0559,9.0,546.0,726.0,9.0,728,735.0,7.0,7.0,0.0,0.0,0700-0759,0.0,,0.0,105.0,118.0,100.0,1.0,523.0,3,,,0.0,,0.0,,,,0,,,,,,,,,,,,,,,,,,,,,,,,,,,,,,,,,,,,,,,,,,,,,N,0.0,0.0,5.0,7.0,2.0,2.0,22.0,30.0,5,7,3.0,2.0,23.0,30.0,7,7,0,1.0,1.0,N691AE,N691AE-AA-0,23.0,34.0,8.0,31.0,42.0,,,0.0,23,31,0.0,0.0
N691AE,847.0,2019,2,5,2,4,2019-05-02,AA,AA_CODESHARE,19805,AA,5014,,,,,PT,20427,PT,5014,14100,1410005,34100,PHL,"Philadelphia, PA",PA,42,Pennsylvania,23,10990,1099005,30990,CHO,"Charlottesville, VA",VA,51,Virginia,38,855,-8.0,0.0,0.0,-1.0,0800-0859,55.0,942.0,1020.0,3.0,1021,1023.0,2.0,2.0,0.0,0.0,1000-1059,0.0,,0.0,86.0,96.0,38.0,1.0,210.0,1,,,0.0,,0.0,,,,0,,,,,,,,,,,,,,,,,,,,,,,,,,,,,,,,,,,,,,,,,,,,,N,0.0,0.0,8.0,10.0,3.0,2.0,35.0,42.0,8,10,4.0,1.0,36.0,41.0,2,2,1,1.0,0.0,N691AE,N691AE-AA-1,36.0,47.0,7.0,43.0,54.0,30.0,5.0,0.0,36,43,0.0,0.0
N691CA,607.0,2019,2,5,2,4,2019-05-02,DL,DL_CODESHARE,19790,DL,3447,,,,,9E,20363,9E,3447,12945,1294503,32945,LEX,"Lexington, KY",KY,21,Kentucky,52,11433,1143302,31295,DTW,"Detroit, MI",MI,26,Michigan,43,615,-8.0,0.0,0.0,-1.0,0600-0659,20.0,627.0,724.0,11.0,731,735.0,4.0,4.0,0.0,0.0,0700-0759,0.0,,0.0,76.0,88.0,57.0,1.0,296.0,2,,,0.0,,0.0,,,,0,,,,,,,,,,,,,,,,,,,,,,,,,,,,,,,,,,,,,,,,,,,,,N,0.0,0.0,6.0,7.0,0.0,2.0,24.0,30.0,6,7,1.0,2.0,25.0,30.0,7,7,0,1.0,1.0,N691CA,N691CA-DL-0,25.0,36.0,6.0,31.0,42.0,,,0.0,25,31,0.0,0.0
N691CA,815.0,2019,2,5,2,4,2019-05-02,DL,DL_CODESHARE,19790,DL,5253,,,,,9E,20363,9E,5253,11433,1143302,31295,DTW,"Detroit, MI",MI,26,Michigan,43,12478,1247805,31703,JFK,"New York, NY",NY,36,New York,22,820,-5.0,0.0,0.0,-1.0,0800-0859,25.0,840.0,1005.0,5.0,1011,1010.0,-1.0,0.0,0.0,-1.0,1000-1059,0.0,,0.0,111.0,115.0,85.0,1.0,509.0,3,,,0.0,,0.0,,,,0,,,,,,,,,,,,,,,,,,,,,,,,,,,,,,,,,,,,,,,,,,,,,N,0.0,0.0,8.0,10.0,1.0,1.0,33.0,41.0,8,10,1.0,1.0,33.0,41.0,1,1,1,1.0,0.0,N691CA,N691CA-DL-1,33.0,45.0,8.0,41.0,53.0,30.0,3.0,0.0,34,42,1.0,1.38
N691NK,823.0,2019,2,5,2,4,2019-05-02,NK,NK,20416,NK,557,,,,,NK,20416,NK,557,10821,1082106,30852,BWI,"Baltimore, MD",MD,24,Maryland,35,10397,1039707,30397,ATL,"Atlanta, GA",GA,13,Georgia,34,825,-2.0,0.0,0.0,-1.0,0800-0859,13.0,836.0,1003.0,12.0,1024,1015.0,-9.0,0.0,0.0,-1.0,1000-1059,0.0,,0.0,119.0,112.0,87.0,1.0,577.0,3,,,0.0,,0.0,,,,0,,,,,,,,,,,,,,,,,,,,,,,,,,,,,,,,,,,,,,,,,,,,,N,0.0,0.0,8.0,10.0,2.0,1.0,34.0,41.0,8,10,2.0,2.0,34.0,42.0,1,1,0,0.0,0.0,N691NK,N691NK-NK-0,34.0,46.0,7.0,41.0,53.0,,,0.0,34,41,0.0,0.0
N692AE,920.0,2019,2,5,2,4,2019-05-02,AA,AA_CODESHARE,19805,AA,4891,,,,,PT,20427,PT,4891,14100,1410005,34100,PHL,"Philadelphia, PA",PA,42,Pennsylvania,23,10821,1082106,30852,BWI,"Baltimore, MD",MD,24,Maryland,35,905,15.0,15.0,1.0,1.0,0900-0959,28.0,948.0,1015.0,10.0,1017,1025.0,8.0,8.0,0.0,0.0,1000-1059,0.0,,0.0,72.0,65.0,27.0,1.0,90.0,1,,,0.0,,0.0,,,,0,,,,,,,,,,,,,,,,,,,,,,,,,,,,,,,,,,,,,,,,,,,,,N,0.0,0.0,9.0,10.0,1.0,2.0,37.0,42.0,9,10,0.0,1.0,36.0,41.0,2,2,0,0.0,0.0,N692AE,N692AE-AA-0,37.0,49.0,5.0,42.0,54.0,,,0.0,37,45,3.0,8.6
N692CA,510.0,2019,2,5,2,4,2019-05-02,DL,DL_CODESHARE,19790,DL,4720,,,,,OO,20304,OO,4720,11337,1133703,31337,DLH,"Duluth, MN",MN,27,Minnesota,63,13487,1348702,31650,MSP,"Minneapolis, MN",MN,27,Minnesota,63,515,-5.0,0.0,0.0,-1.0,0001-0559,28.0,538.0,613.0,3.0,610,616.0,6.0,6.0,0.0,0.0,0600-0659,0.0,,0.0,55.0,66.0,35.0,1.0,144.0,1,,,0.0,,0.0,,,,0,,,,,,,,,,,,,,,,,,,,,,,,,,,,,,,,,,,,,,,,,,,,,N,4.0,4.0,5.0,6.0,1.0,1.0,25.0,29.0,5,6,1.0,1.0,25.0,29.0,6,6,0,0.0,0.0,N692CA,N692CA-DL-0,25.0,37.0,4.0,29.0,41.0,,,0.0,25,30,1.0,6.18
N692NK,543.0,2019,2,5,2,4,2019-05-02,NK,NK,20416,NK,409,,,,,NK,20416,NK,409,13930,1393007,30977,ORD,"Chicago, IL",IL,17,Illinois,41,11697,1169706,32467,FLL,"Fort Lauderdale, FL",FL,12,Florida,33,515,28.0,28.0,1.0,1.0,0001-0559,17.0,600.0,932.0,11.0,917,943.0,26.0,26.0,1.0,1.0,0900-0959,0.0,,0.0,182.0,180.0,152.0,1.0,1182.0,5,0.0,0.0,26.0,0.0,0.0,505.0,19.0,19.0,0,,,,,,,,,,,,,,,,,,,,,,,,,,,,,,,,,,,,,,,,,,,,,N,4.0,0.0,5.0,9.0,3.0,3.0,27.0,39.0,5,9,1.0,1.0,25.0,37.0,7,7,0,0.0,0.0,N692NK,N692NK-NK-0,25.0,39.0,12.0,37.0,51.0,,,2.0,25,37,0.0,0.0
N693AE,558.0,2019,2,5,2,4,2019-05-02,AA,AA_CODESHARE,19805,AA,3788,,,,,MQ,20398,MQ,3788,11203,1120302,30424,CWA,"Mosinee, WI",WI,55,Wisconsin,45,13930,1393007,30977,ORD,"Chicago, IL",IL,17,Illinois,41,602,-4.0,0.0,0.0,-1.0,0600-0659,18.0,616.0,707.0,26.0,734,733.0,-1.0,0.0,0.0,-1.0,0700-0759,0.0,,0.0,92.0,95.0,51.0,1.0,213.0,1,,,0.0,,0.0,,,,0,,,,,,,,,,,,,,,,,,,,,,,,,,,,,,,,,,,,,,,,,,,,,N,4.0,4.0,5.0,7.0,4.0,2.0,28.0,34.0,6,7,0.0,2.0,28.0,34.0,5,5,0,0.0,0.0,N693AE,N693AE-AA-0,28.0,40.0,6.0,34.0,46.0,,,0.0,28,34,0.0,0.0
N693DL,821.0,2019,2,5,2,4,2019-05-02,DL,DL,19790,DL,969,,,,,DL,19790,DL,969,15304,1530402,33195,TPA,"Tampa, FL",FL,12,Florida,33,10397,1039707,30397,ATL,"Atlanta, GA",GA,13,Georgia,34,825,-4.0,0.0,0.0,-1.0,0800-0859,15.0,836.0,937.0,6.0,1001,943.0,-18.0,0.0,0.0,-2.0,1000-1059,0.0,,0.0,96.0,82.0,61.0,1.0,406.0,2,,,0.0,,0.0,,,,0,,,,,,,,,,,,,,,,,,,,,,,,,,,,,,,,,,,,,,,,,,,,,N,0.0,0.0,8.0,9.0,1.0,3.0,33.0,39.0,8,10,2.0,0.0,34.0,40.0,4,4,0,0.0,0.0,N693DL,N693DL-DL-0,34.0,45.0,6.0,40.0,51.0,,,0.0,38,45,5.0,26.74
N693NK,624.0,2019,2,5,2,4,2019-05-02,NK,NK,20416,NK,816,,,,,NK,20416,NK,816,14057,1405702,34057,PDX,"Portland, OR",OR,41,Oregon,92,12889,1288903,32211,LAS,"Las Vegas, NV",NV,32,Nevada,85,625,-1.0,0.0,0.0,-1.0,0600-0659,30.0,654.0,834.0,6.0,834,840.0,6.0,6.0,0.0,0.0,0800-0859,0.0,,0.0,129.0,136.0,100.0,1.0,763.0,4,,,0.0,,0.0,,,,0,,,,,,,,,,,,,,,,,,,,,,,,,,,,,,,,,,,,,,,,,,,,,N,12.0,12.0,6.0,8.0,2.0,3.0,38.0,47.0,6,8,2.0,2.0,38.0,46.0,9,9,0,0.0,0.0,N693NK,N693NK-NK-0,38.0,50.0,9.0,47.0,59.0,,,0.0,38,47,0.0,0.0
N694AE,600.0,2019,2,5,2,4,2019-05-02,AA,AA_CODESHARE,19805,AA,3892,,,,,MQ,20398,MQ,3892,14633,1463303,32547,RST,"Rochester, MN",MN,27,Minnesota,63,13930,1393007,30977,ORD,"Chicago, IL",IL,17,Illinois,41,608,-8.0,0.0,0.0,-1.0,0600-0659,11.0,611.0,659.0,38.0,734,737.0,3.0,3.0,0.0,0.0,0700-0759,0.0,,0.0,86.0,97.0,48.0,1.0,268.0,2,,,0.0,,0.0,,,,0,,,,,,,,,,,,,,,,,,,,,,,,,,,,,,,,,,,,,,,,,,,,,N,4.0,4.0,6.0,7.0,0.0,2.0,28.0,34.0,6,7,1.0,2.0,29.0,34.0,7,7,0,0.0,0.0,N694AE,N694AE-AA-0,29.0,40.0,6.0,35.0,46.0,,,0.0,29,35,0.0,0.0
N694DL,720.0,2019,2,5,2,4,2019-05-02,DL,DL,19790,DL,1572,,,,,DL,19790,DL,1572,10397,1039707,30397,ATL,"Atlanta, GA",GA,13,Georgia,34,15304,1530402,33195,TPA,"Tampa, FL",FL,12,Florida,33,725,-5.0,0.0,0.0,-1.0,0700-0759,15.0,735.0,839.0,2.0,846,841.0,-5.0,0.0,0.0,-1.0,0800-0859,0.0,,0.0,81.0,81.0,64.0,1.0,406.0,2,,,0.0,,0.0,,,,0,,,,,,,,,,,,,,,,,,,,,,,,,,,,,,,,,,,,,,,,,,,,,N,0.0,0.0,7.0,8.0,1.0,3.0,29.0,35.0,7,8,2.0,3.0,30.0,35.0,2,2,0,1.0,1.0,N694DL,N694DL-DL-0,30.0,41.0,6.0,36.0,47.0,,,0.0,30,36,0.0,0.0
N694DL,943.0,2019,2,5,2,4,2019-05-02,DL,DL,19790,DL,1572,,,,,DL,19790,DL,1572,15304,1530402,33195,TPA,"Tampa, FL",FL,12,Florida,33,10397,1039707,30397,ATL,"Atlanta, GA",GA,13,Georgia,34,944,-1.0,0.0,0.0,-1.0,0900-0959,13.0,956.0,1057.0,12.0,1115,1109.0,-6.0,0.0,0.0,-1.0,1100-1159,0.0,,0.0,91.0,86.0,61.0,1.0,406.0,2,,,0.0,,0.0,,,,0,,,,,,,,,,,,,,,,,,,,,,,,,,,,,,,,,,,,,,,,,,,,,N,0.0,0.0,9.0,11.0,3.0,1.0,39.0,45.0,9,11,3.0,1.0,39.0,45.0,7,7,1,1.0,0.0,N694DL,N694DL-DL-1,39.0,51.0,6.0,45.0,57.0,35.0,4.0,0.0,40,46,1.0,7.16
N694NK,718.0,2019,2,5,2,4,2019-05-02,NK,NK,20416,NK,550,,,,,NK,20416,NK,550,13204,1320402,31454,MCO,"Orlando, FL",FL,12,Florida,33,10529,1052906,30529,BDL,"Hartford, CT",CT,9,Connecticut,11,710,8.0,8.0,0.0,0.0,0700-0759,14.0,732.0,948.0,3.0,953,951.0,-2.0,0.0,0.0,-1.0,0900-0959,0.0,,0.0,163.0,153.0,136.0,1.0,1050.0,5,,,0.0,,0.0,,,,0,,,,,,,,,,,,,,,,,,,,,,,,,,,,,,,,,,,,,,,,,,,,,N,0.0,0.0,7.0,9.0,1.0,3.0,29.0,39.0,7,9,1.0,4.0,29.0,40.0,7,7,0,0.0,0.0,N694NK,N694NK-NK-0,29.0,41.0,10.0,39.0,51.0,,,0.0,29,39,0.0,0.0
N695AE,813.0,2019,2,5,2,4,2019-05-02,AA,AA_CODESHARE,19805,AA,4830,,,,,PT,20427,PT,4830,10785,1078502,30785,BTV,"Burlington, VT",VT,50,Vermont,16,14100,1410005,34100,PHL,"Philadelphia, PA",PA,42,Pennsylvania,23,820,-7.0,0.0,0.0,-1.0,0800-0859,70.0,923.0,1027.0,6.0,948,1033.0,45.0,45.0,1.0,3.0,0900-0959,0.0,,0.0,88.0,140.0,64.0,1.0,335.0,2,0.0,0.0,45.0,0.0,0.0,,,,0,,,,,,,,,,,,,,,,,,,,,,,,,,,,,,,,,,,,,,,,,,,,,N,0.0,0.0,8.0,10.0,1.0,2.0,33.0,42.0,8,9,1.0,3.0,33.0,39.0,6,6,0,0.0,0.0,N695AE,N695AE-AA-0,33.0,45.0,9.0,42.0,54.0,,,3.0,33,42,0.0,0.0
N695CA,657.0,2019,2,5,2,4,2019-05-02,DL,DL_CODESHARE,19790,DL,5006,,,,,9E,20363,9E,5006,11433,1143302,31295,DTW,"Detroit, MI",MI,26,Michigan,43,11298,1129806,30194,DFW,"Dallas/Fort Worth, TX",TX,48,Texas,74,700,-3.0,0.0,0.0,-1.0,0700-0759,19.0,716.0,854.0,5.0,905,859.0,-6.0,0.0,0.0,-1.0,0900-0959,0.0,,0.0,185.0,182.0,158.0,1.0,986.0,4,,,0.0,,0.0,,,,0,,,,,,,,,,,,,,,,,,,,,,,,,,,,,,,,,,,,,,,,,,,,,N,0.0,4.0,6.0,8.0,4.0,4.0,28.0,40.0,7,9,0.0,0.0,28.0,40.0,1,1,0,0.0,0.0,N695CA,N695CA-DL-0,28.0,40.0,12.0,40.0,52.0,,,0.0,28,40,0.0,0.0
N695DL,828.0,2019,2,5,2,4,2019-05-02,DL,DL,19790,DL,1138,,,,,DL,19790,DL,1138,11697,1169706,32467,FLL,"Fort Lauderdale, FL",FL,12,Florida,33,10397,1039707,30397,ATL,"Atlanta, GA",GA,13,Georgia,34,830,-2.0,0.0,0.0,-1.0,0800-0859,14.0,842.0,1005.0,8.0,1022,1013.0,-9.0,0.0,0.0,-1.0,1000-1059,0.0,,0.0,112.0,105.0,83.0,1.0,581.0,3,,,0.0,,0.0,,,,0,,,,,,,,,,,,,,,,,,,,,,,,,,,,,,,,,,,,,,,,,,,,,N,0.0,0.0,8.0,10.0,2.0,1.0,34.0,41.0,8,10,2.0,1.0,34.0,41.0,8,8,0,0.0,0.0,N695DL,N695DL-DL-0,34.0,46.0,7.0,41.0,53.0,,,0.0,34,41,0.0,0.0
N695NK,817.0,2019,2,5,2,4,2019-05-02,NK,NK,20416,NK,753,,,,,NK,20416,NK,753,14100,1410005,34100,PHL,"Philadelphia, PA",PA,42,Pennsylvania,23,13204,1320402,31454,MCO,"Orlando, FL",FL,12,Florida,33,820,-3.0,0.0,0.0,-1.0,0800-0859,29.0,846.0,1045.0,15.0,1106,1100.0,-6.0,0.0,0.0,-1.0,1100-1159,0.0,,0.0,166.0,163.0,119.0,1.0,861.0,4,,,0.0,,0.0,,,,0,,,,,,,,,,,,,,,,,,,,,,,,,,,,,,,,,,,,,,,,,,,,,N,0.0,0.0,8.0,11.0,1.0,0.0,33.0,44.0,8,11,1.0,0.0,33.0,44.0,3,3,0,0.0,0.0,N695NK,N695NK-NK-0,33.0,45.0,11.0,44.0,56.0,,,0.0,33,44,0.0,0.0
N696AE,556.0,2019,2,5,2,4,2019-05-02,AA,AA_CODESHARE,19805,AA,3529,,,,,MQ,20398,MQ,3529,10408,1040805,30408,ATW,"Appleton, WI",WI,55,Wisconsin,45,13930,1393007,30977,ORD,"Chicago, IL",IL,17,Illinois,41,608,-12.0,0.0,0.0,-1.0,0600-0659,13.0,609.0,654.0,13.0,723,707.0,-16.0,0.0,0.0,-2.0,0700-0759,0.0,,0.0,75.0,71.0,45.0,1.0,161.0,1,,,0.0,,0.0,,,,0,,,,,,,,,,,,,,,,,,,,,,,,,,,,,,,,,,,,,,,,,,,,,N,4.0,4.0,5.0,7.0,4.0,0.0,28.0,32.0,6,7,1.0,2.0,29.0,34.0,8,8,0,1.0,1.0,N696AE,N696AE-AA-0,29.0,40.0,4.0,33.0,44.0,,,0.0,29,33,0.0,0.0
N696AE,817.0,2019,2,5,2,4,2019-05-02,AA,AA_CODESHARE,19805,AA,3556,,,,,MQ,20398,MQ,3556,13930,1393007,30977,ORD,"Chicago, IL",IL,17,Illinois,41,13230,1323002,32070,MDT,"Harrisburg, PA",PA,42,Pennsylvania,23,820,-3.0,0.0,0.0,-1.0,0800-0859,34.0,851.0,1108.0,4.0,1110,1112.0,2.0,2.0,0.0,0.0,1100-1159,0.0,,0.0,110.0,115.0,77.0,1.0,594.0,3,,,0.0,,0.0,,,,0,,,,,,,,,,,,,,,,,,,,,,,,,,,,,,,,,,,,,,,,,,,,,N,4.0,0.0,8.0,11.0,1.0,1.0,37.0,45.0,8,11,1.0,1.0,37.0,45.0,5,5,1,1.0,0.0,N696AE,N696AE-AA-1,37.0,49.0,8.0,45.0,57.0,32.0,5.0,0.0,38,46,1.0,5.2
N696DL,556.0,2019,2,5,2,4,2019-05-02,DL,DL,19790,DL,1633,,,,,DL,19790,DL,1633,13495,1349505,33495,MSY,"New Orleans, LA",LA,22,Louisiana,72,10397,1039707,30397,ATL,"Atlanta, GA",GA,13,Georgia,34,600,-4.0,0.0,0.0,-1.0,0600-0659,13.0,609.0,809.0,8.0,831,817.0,-14.0,0.0,0.0,-1.0,0800-0859,0.0,,0.0,91.0,81.0,60.0,1.0,425.0,2,,,0.0,,0.0,,,,0,,,,,,,,,,,,,,,,,,,,,,,,,,,,,,,,,,,,,,,,,,,,,N,4.0,0.0,5.0,8.0,4.0,1.0,28.0,33.0,6,8,0.0,2.0,28.0,34.0,9,9,0,0.0,0.0,N696DL,N696DL-DL-0,28.0,40.0,5.0,33.0,45.0,,,0.0,28,33,0.0,0.0
N697AB,703.0,2019,2,5,2,4,2019-05-02,AA,AA_CODESHARE,19805,AA,3927,,,,,MQ,20398,MQ,3927,14711,1471105,34711,SCE,"State College, PA",PA,42,Pennsylvania,23,13930,1393007,30977,ORD,"Chicago, IL",IL,17,Illinois,41,713,-10.0,0.0,0.0,-1.0,0700-0759,23.0,726.0,757.0,23.0,814,820.0,6.0,6.0,0.0,0.0,0800-0859,0.0,,0.0,121.0,137.0,91.0,1.0,528.0,3,,,0.0,,0.0,,,,0,,,,,,,,,,,,,,,,,,,,,,,,,,,,,,,,,,,,,,,,,,,,,N,0.0,4.0,7.0,8.0,0.0,1.0,28.0,37.0,7,8,1.0,1.0,29.0,37.0,1,1,0,1.0,1.0,N697AB,N697AB-AA-0,29.0,40.0,9.0,38.0,49.0,,,0.0,29,38,0.0,0.0
N697AB,845.0,2019,2,5,2,4,2019-05-02,AA,AA_CODESHARE,19805,AA,3597,,,,,MQ,20398,MQ,3597,13930,1393007,30977,ORD,"Chicago, IL",IL,17,Illinois,41,13485,1348502,33485,MSN,"Madison, WI",WI,55,Wisconsin,45,840,5.0,5.0,0.0,0.0,0800-0859,44.0,929.0,956.0,3.0,934,959.0,25.0,25.0,1.0,1.0,0900-0959,0.0,,0.0,54.0,74.0,27.0,1.0,109.0,1,0.0,0.0,20.0,0.0,5.0,,,,0,,,,,,,,,,,,,,,,,,,,,,,,,,,,,,,,,,,,,,,,,,,,,N,4.0,4.0,8.0,9.0,3.0,4.0,39.0,44.0,8,9,3.0,2.0,39.0,42.0,9,9,1,1.0,0.0,N697AB,N697AB-AA-1,39.0,51.0,5.0,44.0,56.0,37.0,2.0,2.0,39,44,0.0,0.0
N697DL,643.0,2019,2,5,2,4,2019-05-02,DL,DL,19790,DL,2454,,,,,DL,19790,DL,2454,14908,1490803,32575,SNA,"Santa Ana, CA",CA,6,California,91,10397,1039707,30397,ATL,"Atlanta, GA",GA,13,Georgia,34,645,-2.0,0.0,0.0,-1.0,0600-0659,20.0,703.0,1356.0,13.0,1408,1409.0,1.0,1.0,0.0,0.0,1400-1459,0.0,,0.0,263.0,266.0,233.0,1.0,1919.0,8,,,0.0,,0.0,,,,0,,,,,,,,,,,,,,,,,,,,,,,,,,,,,,,,,,,,,,,,,,,,,N,12.0,0.0,6.0,14.0,3.0,1.0,39.0,57.0,6,14,3.0,1.0,39.0,57.0,6,6,0,0.0,0.0,N697DL,N697DL-DL-0,39.0,51.0,18.0,57.0,69.0,,,0.0,39,57,0.0,0.0
N69804,713.0,2019,2,5,2,4,2019-05-02,UA,UA,19977,UA,1615,,,,,UA,19977,UA,1615,11042,1104205,30647,CLE,"Cleveland, OH",OH,39,Ohio,44,14771,1477104,32457,SFO,"San Francisco, CA",CA,6,California,91,715,-2.0,0.0,0.0,-1.0,0700-0759,11.0,724.0,924.0,22.0,940,946.0,6.0,6.0,0.0,0.0,0900-0959,0.0,,0.0,325.0,333.0,300.0,1.0,2161.0,9,,,0.0,,0.0,,,,0,,,,,,,,,,,,,,,,,,,,,,,,,,,,,,,,,,,,,,,,,,,,,N,0.0,12.0,7.0,9.0,1.0,3.0,29.0,51.0,7,9,1.0,3.0,29.0,51.0,7,7,0,0.0,0.0,N69804,N69804-UA-0,29.0,41.0,22.0,51.0,63.0,,,0.0,29,51,0.0,0.0
N69806,826.0,2019,2,5,2,4,2019-05-02,UA,UA,19977,UA,2002,,,,,UA,19977,UA,2002,12264,1226402,30852,IAD,"Washington, DC",VA,51,Virginia,38,15304,1530402,33195,TPA,"Tampa, FL",FL,12,Florida,33,830,-4.0,0.0,0.0,-1.0,0800-0859,13.0,839.0,1038.0,4.0,1047,1042.0,-5.0,0.0,0.0,-1.0,1000-1059,0.0,,0.0,137.0,136.0,119.0,1.0,811.0,4,,,0.0,,0.0,,,,0,,,,,,,,,,,,,,,,,,,,,,,,,,,,,,,,,,,,,,,,,,,,,N,0.0,0.0,8.0,10.0,2.0,3.0,34.0,43.0,8,10,2.0,3.0,34.0,43.0,9,9,0,0.0,0.0,N69806,N69806-UA-0,34.0,46.0,9.0,43.0,55.0,,,0.0,34,43,0.0,0.0
N69810,851.0,2019,2,5,2,4,2019-05-02,UA,UA,19977,UA,1235,,,,,UA,19977,UA,1235,12264,1226402,30852,IAD,"Washington, DC",VA,51,Virginia,38,13204,1320402,31454,MCO,"Orlando, FL",FL,12,Florida,33,900,-9.0,0.0,0.0,-1.0,0900-0959,16.0,907.0,1056.0,11.0,1117,1107.0,-10.0,0.0,0.0,-1.0,1100-1159,0.0,,0.0,137.0,136.0,109.0,1.0,758.0,4,,,0.0,,0.0,,,,0,,,,,,,,,,,,,,,,,,,,,,,,,,,,,,,,,,,,,,,,,,,,,N,0.0,0.0,8.0,11.0,3.0,0.0,35.0,44.0,9,11,0.0,1.0,36.0,45.0,8,8,0,0.0,0.0,N69810,N69810-UA-0,36.0,47.0,9.0,45.0,56.0,,,0.0,38,47,2.0,17.08
N69818,809.0,2019,2,5,2,4,2019-05-02,UA,UA,19977,UA,1660,,,,,UA,19977,UA,1660,13303,1330303,32467,MIA,"Miami, FL",FL,12,Florida,33,11618,1161802,31703,EWR,"Newark, NJ",NJ,34,New Jersey,21,815,-6.0,0.0,0.0,-1.0,0800-0859,21.0,830.0,1104.0,10.0,1114,1114.0,0.0,0.0,0.0,0.0,1100-1159,0.0,,0.0,179.0,185.0,154.0,1.0,1085.0,5,,,0.0,,0.0,,,,0,,,,,,,,,,,,,,,,,,,,,,,,,,,,,,,,,,,,,,,,,,,,,N,0.0,0.0,8.0,11.0,1.0,1.0,33.0,45.0,8,11,1.0,1.0,33.0,45.0,2,2,0,0.0,0.0,N69818,N69818-UA-0,33.0,45.0,12.0,45.0,57.0,,,0.0,33,46,1.0,2.24
N69819,610.0,2019,2,5,2,4,2019-05-02,UA,UA,19977,UA,548,,,,,UA,19977,UA,548,12889,1288903,32211,LAS,"Las Vegas, NV",NV,32,Nevada,85,11618,1161802,31703,EWR,"Newark, NJ",NJ,34,New Jersey,21,615,-5.0,0.0,0.0,-1.0,0600-0659,14.0,624.0,1331.0,5.0,1403,1336.0,-27.0,0.0,0.0,-2.0,1400-1459,0.0,,0.0,288.0,266.0,247.0,1.0,2227.0,9,,,0.0,,0.0,,,,0,,,,,,,,,,,,,,,,,,,,,,,,,,,,,,,,,,,,,,,,,,,,,N,12.0,0.0,6.0,13.0,1.0,2.0,37.0,54.0,6,14,1.0,0.0,37.0,56.0,3,3,0,0.0,0.0,N69819,N69819-UA-0,37.0,49.0,17.0,54.0,66.0,,,0.0,37,54,0.0,0.0
N69824,521.0,2019,2,5,2,4,2019-05-02,UA,UA,19977,UA,1192,,,,,UA,19977,UA,1192,11292,1129202,30325,DEN,"Denver, CO",CO,8,Colorado,82,12266,1226603,31453,IAH,"Houston, TX",TX,48,Texas,74,530,-9.0,0.0,0.0,-1.0,0001-0559,13.0,534.0,849.0,5.0,849,854.0,5.0,5.0,0.0,0.0,0800-0859,0.0,,0.0,139.0,153.0,135.0,1.0,862.0,4,,,0.0,,0.0,,,,0,,,,,,,,,,,,,,,,,,,,,,,,,,,,,,,,,,,,,,,,,,,,,N,8.0,4.0,5.0,8.0,1.0,4.0,29.0,40.0,5,8,2.0,3.0,30.0,39.0,7,7,0,0.0,0.0,N69824,N69824-UA-0,30.0,41.0,11.0,41.0,52.0,,,0.0,32,43,2.0,15.3
N69826,628.0,2019,2,5,2,4,2019-05-02,UA,UA,19977,UA,654,,,,,UA,19977,UA,654,13930,1393007,30977,ORD,"Chicago, IL",IL,17,Illinois,41,13204,1320402,31454,MCO,"Orlando, FL",FL,12,Florida,33,630,-2.0,0.0,0.0,-1.0,0600-0659,14.0,642.0,953.0,6.0,1005,959.0,-6.0,0.0,0.0,-1.0,1000-1059,0.0,,0.0,155.0,151.0,131.0,1.0,1005.0,5,,,0.0,,0.0,,,,0,,,,,,,,,,,,,,,,,,,,,,,,,,,,,,,,,,,,,,,,,,,,,N,4.0,0.0,6.0,9.0,2.0,4.0,30.0,40.0,6,10,2.0,0.0,30.0,40.0,7,7,0,0.0,0.0,N69826,N69826-UA-0,30.0,42.0,10.0,40.0,52.0,,,0.0,31,41,1.0,7.1
N69830,835.0,2019,2,5,2,4,2019-05-02,UA,UA,19977,UA,775,,,,,UA,19977,UA,775,10721,1072102,30721,BOS,"Boston, MA",MA,25,Massachusetts,13,13930,1393007,30977,ORD,"Chicago, IL",IL,17,Illinois,41,835,0.0,0.0,0.0,0.0,0800-0859,19.0,854.0,1011.0,13.0,1021,1024.0,3.0,3.0,0.0,0.0,1000-1059,0.0,,0.0,166.0,169.0,137.0,1.0,867.0,4,,,0.0,,0.0,,,,0,,,,,,,,,,,,,,,,,,,,,,,,,,,,,,,,,,,,,,,,,,,,,N,0.0,4.0,8.0,10.0,2.0,2.0,34.0,46.0,8,10,2.0,1.0,34.0,45.0,3,3,0,0.0,0.0,N69830,N69830-UA-0,34.0,46.0,12.0,46.0,58.0,,,0.0,34,46,0.0,0.0
N69833,653.0,2019,2,5,2,4,2019-05-02,UA,UA,19977,UA,913,,,,,UA,19977,UA,913,14679,1467903,33570,SAN,"San Diego, CA",CA,6,California,91,13930,1393007,30977,ORD,"Chicago, IL",IL,17,Illinois,41,650,3.0,3.0,0.0,0.0,0600-0659,17.0,710.0,1238.0,15.0,1251,1253.0,2.0,2.0,0.0,0.0,1200-1259,0.0,,0.0,241.0,240.0,208.0,1.0,1723.0,7,,,0.0,,0.0,,,,0,,,,,,,,,,,,,,,,,,,,,,,,,,,,,,,,,,,,,,,,,,,,,N,12.0,4.0,6.0,12.0,4.0,4.0,40.0,56.0,6,12,3.0,3.0,39.0,55.0,1,1,0,0.0,0.0,N69833,N69833-UA-0,40.0,52.0,16.0,56.0,68.0,,,0.0,40,56,0.0,0.0
N69838,619.0,2019,2,5,2,4,2019-05-02,UA,UA,19977,UA,323,,,,,UA,19977,UA,323,14100,1410005,34100,PHL,"Philadelphia, PA",PA,42,Pennsylvania,23,11292,1129202,30325,DEN,"Denver, CO",CO,8,Colorado,82,631,-12.0,0.0,0.0,-1.0,0600-0659,13.0,632.0,828.0,5.0,845,833.0,-12.0,0.0,0.0,-1.0,0800-0859,0.0,,0.0,254.0,254.0,236.0,1.0,1558.0,7,,,0.0,,0.0,,,,0,,,,,,,,,,,,,,,,,,,,,,,,,,,,,,,,,,,,,,,,,,,,,N,0.0,8.0,6.0,8.0,1.0,2.0,25.0,42.0,6,8,2.0,3.0,26.0,43.0,6,6,0,0.0,0.0,N69838,N69838-UA-0,26.0,37.0,17.0,43.0,54.0,,,0.0,26,43,0.0,0.0
N69839,737.0,2019,2,5,2,4,2019-05-02,UA,UA,19977,UA,212,,,,,UA,19977,UA,212,13930,1393007,30977,ORD,"Chicago, IL",IL,17,Illinois,41,13303,1330303,32467,MIA,"Miami, FL",FL,12,Florida,33,745,-8.0,0.0,0.0,-1.0,0700-0759,27.0,804.0,1136.0,4.0,1148,1140.0,-8.0,0.0,0.0,-1.0,1100-1159,0.0,,0.0,183.0,183.0,152.0,1.0,1197.0,5,,,0.0,,0.0,,,,0,,,,,,,,,,,,,,,,,,,,,,,,,,,,,,,,,,,,,,,,,,,,,N,4.0,0.0,7.0,11.0,2.0,3.0,34.0,47.0,7,11,3.0,3.0,35.0,47.0,1,1,0,0.0,0.0,N69839,N69839-UA-0,35.0,46.0,13.0,48.0,59.0,,,0.0,35,48,0.0,0.0
N69840,635.0,2019,2,5,2,4,2019-05-02,UA,UA,19977,UA,2369,,,,,UA,19977,UA,2369,13204,1320402,31454,MCO,"Orlando, FL",FL,12,Florida,33,11292,1129202,30325,DEN,"Denver, CO",CO,8,Colorado,82,630,5.0,5.0,0.0,0.0,0600-0659,17.0,652.0,841.0,9.0,834,850.0,16.0,16.0,1.0,1.0,0800-0859,0.0,,0.0,244.0,255.0,229.0,1.0,1546.0,7,0.0,0.0,16.0,0.0,0.0,,,,0,,,,,,,,,,,,,,,,,,,,,,,,,,,,,,,,,,,,,,,,,,,,,N,0.0,8.0,6.0,8.0,2.0,3.0,26.0,43.0,6,8,2.0,2.0,26.0,42.0,1,1,0,0.0,0.0,N69840,N69840-UA-0,26.0,38.0,17.0,43.0,55.0,,,1.0,28,47,4.0,7.56
N69847,140.0,2019,2,5,2,4,2019-05-02,UA,UA,19977,UA,1162,,,,,UA,19977,UA,1162,10732,1073203,30732,BQN,"Aguadilla, PR",PR,72,Puerto Rico,3,11618,1161802,31703,EWR,"Newark, NJ",NJ,34,New Jersey,21,150,-10.0,0.0,0.0,-1.0,0001-0559,11.0,151.0,504.0,8.0,540,512.0,-28.0,0.0,0.0,-2.0,0001-0559,0.0,,0.0,230.0,212.0,193.0,1.0,1585.0,7,,,0.0,,0.0,,,,0,,,,,,,,,,,,,,,,,,,,,,,,,,,,,,,,,,,,,,,,,,,,,N,-4.0,0.0,1.0,5.0,3.0,1.0,3.0,21.0,1,5,3.0,3.0,3.0,23.0,5,5,0,0.0,0.0,N69847,N69847-UA-0,3.0,15.0,18.0,21.0,33.0,,,0.0,3,21,0.0,0.0
N69885,601.0,2019,2,5,2,4,2019-05-02,UA,UA,19977,UA,2276,,,,,UA,19977,UA,2276,12889,1288903,32211,LAS,"Las Vegas, NV",NV,32,Nevada,85,12266,1226603,31453,IAH,"Houston, TX",TX,48,Texas,74,603,-2.0,0.0,0.0,-1.0,0600-0659,15.0,616.0,1040.0,5.0,1055,1045.0,-10.0,0.0,0.0,-1.0,1000-1059,0.0,,0.0,172.0,164.0,144.0,1.0,1222.0,5,,,0.0,,0.0,,,,0,,,,,,,,,,,,,,,,,,,,,,,,,,,,,,,,,,,,,,,,,,,,,N,12.0,4.0,6.0,10.0,0.0,3.0,36.0,47.0,6,10,0.0,4.0,36.0,48.0,5,5,0,0.0,0.0,N69885,N69885-UA-0,36.0,48.0,11.0,47.0,59.0,,,0.0,36,47,0.0,0.0
N698CB,611.0,2019,2,5,2,4,2019-05-02,AA,AA_CODESHARE,19805,AA,3727,,,,,MQ,20398,MQ,3727,10685,1068502,30685,BMI,"Bloomington/Normal, IL",IL,17,Illinois,41,13930,1393007,30977,ORD,"Chicago, IL",IL,17,Illinois,41,626,-15.0,0.0,0.0,-1.0,0600-0659,12.0,623.0,712.0,12.0,724,724.0,0.0,0.0,0.0,0.0,0700-0759,0.0,,0.0,58.0,73.0,49.0,1.0,116.0,1,,,0.0,,0.0,,,,0,,,,,,,,,,,,,,,,,,,,,,,,,,,,,,,,,,,,,,,,,,,,,N,4.0,4.0,6.0,7.0,1.0,2.0,29.0,34.0,6,7,2.0,2.0,30.0,34.0,3,3,0,1.0,1.0,N698CB,N698CB-AA-0,30.0,41.0,5.0,35.0,46.0,,,0.0,30,35,0.0,0.0
N698CB,819.0,2019,2,5,2,4,2019-05-02,AA,AA_CODESHARE,19805,AA,4033,,,,,MQ,20398,MQ,4033,13930,1393007,30977,ORD,"Chicago, IL",IL,17,Illinois,41,14633,1463303,32547,RST,"Rochester, MN",MN,27,Minnesota,63,817,2.0,2.0,0.0,0.0,0800-0859,28.0,847.0,931.0,5.0,932,936.0,4.0,4.0,0.0,0.0,0900-0959,0.0,,0.0,75.0,77.0,44.0,1.0,268.0,2,,,0.0,,0.0,,,,0,,,,,,,,,,,,,,,,,,,,,,,,,,,,,,,,,,,,,,,,,,,,,N,4.0,4.0,8.0,9.0,1.0,2.0,37.0,42.0,8,9,1.0,2.0,37.0,42.0,2,2,1,1.0,0.0,N698CB,N698CB-AA-1,37.0,49.0,5.0,42.0,54.0,34.0,3.0,0.0,38,43,1.0,2.34
N698DL,534.0,2019,2,5,2,4,2019-05-02,DL,DL,19790,DL,2127,,,,,DL,19790,DL,2127,11697,1169706,32467,FLL,"Fort Lauderdale, FL",FL,12,Florida,33,10397,1039707,30397,ATL,"Atlanta, GA",GA,13,Georgia,34,530,4.0,4.0,0.0,0.0,0001-0559,13.0,547.0,708.0,5.0,717,713.0,-4.0,0.0,0.0,-1.0,0700-0759,0.0,,0.0,107.0,99.0,81.0,1.0,581.0,3,,,0.0,,0.0,,,,0,,,,,,,,,,,,,,,,,,,,,,,,,,,,,,,,,,,,,,,,,,,,,N,0.0,0.0,5.0,7.0,2.0,1.0,22.0,29.0,5,7,2.0,1.0,22.0,29.0,7,7,0,1.0,1.0,N698DL,N698DL-DL-0,22.0,34.0,7.0,29.0,41.0,,,0.0,22,29,0.0,0.0
N698DL,813.0,2019,2,5,2,4,2019-05-02,DL,DL,19790,DL,2350,,,,,DL,19790,DL,2350,10397,1039707,30397,ATL,"Atlanta, GA",GA,13,Georgia,34,12478,1247805,31703,JFK,"New York, NY",NY,36,New York,22,815,-2.0,0.0,0.0,-1.0,0800-0859,14.0,827.0,1011.0,7.0,1031,1018.0,-13.0,0.0,0.0,-1.0,1000-1059,0.0,,0.0,136.0,125.0,104.0,1.0,760.0,4,,,0.0,,0.0,,,,0,,,,,,,,,,,,,,,,,,,,,,,,,,,,,,,,,,,,,,,,,,,,,N,0.0,0.0,8.0,10.0,1.0,1.0,33.0,41.0,8,10,1.0,2.0,33.0,42.0,5,5,1,1.0,0.0,N698DL,N698DL-DL-1,33.0,45.0,8.0,41.0,53.0,29.0,4.0,0.0,33,41,0.0,0.0
N699AE,746.0,2019,2,5,2,4,2019-05-02,AA,AA_CODESHARE,19805,AA,4856,,,,,PT,20427,PT,4856,14321,1432105,34321,PWM,"Portland, ME",ME,23,Maine,12,14100,1410005,34100,PHL,"Philadelphia, PA",PA,42,Pennsylvania,23,750,-4.0,0.0,0.0,-1.0,0700-0759,11.0,757.0,913.0,18.0,935,931.0,-4.0,0.0,0.0,-1.0,0900-0959,0.0,,0.0,105.0,105.0,76.0,1.0,364.0,2,,,0.0,,0.0,,,,0,,,,,,,,,,,,,,,,,,,,,,,,,,,,,,,,,,,,,,,,,,,,,N,0.0,0.0,7.0,9.0,3.0,2.0,31.0,38.0,7,9,3.0,2.0,31.0,38.0,5,5,0,0.0,0.0,N699AE,N699AE-AA-0,31.0,43.0,7.0,38.0,50.0,,,0.0,31,38,0.0,0.0
N699BR,649.0,2019,2,5,2,4,2019-05-02,AA,AA_CODESHARE,19805,AA,3125,,,,,OO,20304,OO,3125,13241,1324102,33241,MEI,"Meridian, MS",MS,28,Mississippi,53,11298,1129806,30194,DFW,"Dallas/Fort Worth, TX",TX,48,Texas,74,658,-9.0,0.0,0.0,-1.0,0600-0659,11.0,700.0,855.0,8.0,854,903.0,9.0,9.0,0.0,0.0,0800-0859,0.0,,0.0,116.0,134.0,115.0,1.0,485.0,2,,,0.0,,0.0,,,,0,,,,,,,,,,,,,,,,,,,,,,,,,,,,,,,,,,,,,,,,,,,,,N,4.0,4.0,6.0,9.0,3.0,0.0,31.0,40.0,6,8,4.0,4.0,32.0,40.0,3,3,0,0.0,0.0,N699BR,N699BR-AA-0,32.0,43.0,9.0,41.0,52.0,,,0.0,32,41,0.0,0.0
N699DL,726.0,2019,2,5,2,4,2019-05-02,DL,DL,19790,DL,1993,,,,,DL,19790,DL,1993,12451,1245102,31136,JAX,"Jacksonville, FL",FL,12,Florida,33,10397,1039707,30397,ATL,"Atlanta, GA",GA,13,Georgia,34,730,-4.0,0.0,0.0,-1.0,0700-0759,19.0,745.0,829.0,12.0,846,841.0,-5.0,0.0,0.0,-1.0,0800-0859,0.0,,0.0,76.0,75.0,44.0,1.0,270.0,2,,,0.0,,0.0,,,,0,,,,,,,,,,,,,,,,,,,,,,,,,,,,,,,,,,,,,,,,,,,,,N,0.0,0.0,7.0,8.0,2.0,3.0,30.0,35.0,7,8,2.0,3.0,30.0,35.0,7,7,0,0.0,0.0,N699DL,N699DL-DL-0,30.0,42.0,5.0,35.0,47.0,,,0.0,30,35,0.0,0.0
N700UW,608.0,2019,2,5,2,4,2019-05-02,AA,AA,19805,AA,1977,,,,,AA,19805,AA,1977,15304,1530402,33195,TPA,"Tampa, FL",FL,12,Florida,33,13303,1330303,32467,MIA,"Miami, FL",FL,12,Florida,33,614,-6.0,0.0,0.0,-1.0,0600-0659,13.0,621.0,700.0,7.0,717,707.0,-10.0,0.0,0.0,-1.0,0700-0759,0.0,,0.0,63.0,59.0,39.0,1.0,204.0,1,,,0.0,,0.0,,,,0,,,,,,,,,,,,,,,,,,,,,,,,,,,,,,,,,,,,,,,,,,,,,N,0.0,0.0,6.0,7.0,1.0,0.0,25.0,28.0,6,7,1.0,1.0,25.0,29.0,4,4,0,1.0,1.0,N700UW,N700UW-AA-0,25.0,37.0,3.0,28.0,40.0,,,0.0,25,28,0.0,0.0
N700UW,835.0,2019,2,5,2,4,2019-05-02,AA,AA,19805,AA,444,,,,,AA,19805,AA,444,13303,1330303,32467,MIA,"Miami, FL",FL,12,Florida,33,14492,1449202,34492,RDU,"Raleigh/Durham, NC",NC,37,North Carolina,36,839,-4.0,0.0,0.0,-1.0,0800-0859,15.0,850.0,1031.0,6.0,1046,1037.0,-9.0,0.0,0.0,-1.0,1000-1059,0.0,,0.0,127.0,122.0,101.0,1.0,700.0,3,,,0.0,,0.0,,,,0,,,,,,,,,,,,,,,,,,,,,,,,,,,,,,,,,,,,,,,,,,,,,N,0.0,0.0,8.0,10.0,2.0,2.0,34.0,42.0,8,10,3.0,3.0,35.0,43.0,3,3,1,1.0,0.0,N700UW,N700UW-AA-1,35.0,46.0,8.0,43.0,54.0,28.0,6.0,0.0,35,43,0.0,0.0
N701BR,551.0,2019,2,5,2,4,2019-05-02,UA,UA_CODESHARE,19977,UA,5086,,,,,OO,20304,OO,5086,10558,1055803,30558,BFF,"Scottsbluff, NE",NE,31,Nebraska,65,11292,1129202,30325,DEN,"Denver, CO",CO,8,Colorado,82,600,-9.0,0.0,0.0,-1.0,0600-0659,17.0,608.0,642.0,6.0,701,648.0,-13.0,0.0,0.0,-1.0,0700-0759,0.0,,0.0,61.0,57.0,34.0,1.0,150.0,1,,,0.0,,0.0,,,,0,,,,,,,,,,,,,,,,,,,,,,,,,,,,,,,,,,,,,,,,,,,,,N,8.0,8.0,5.0,6.0,3.0,3.0,31.0,35.0,6,7,0.0,0.0,32.0,36.0,2,2,0,0.0,0.0,N701BR,N701BR-UA-0,32.0,43.0,4.0,36.0,47.0,,,0.0,32,37,1.0,2.26
N701FR,745.0,2019,2,5,2,4,2019-05-02,F9,F9,20436,F9,680,,,,,F9,20436,F9,680,11292,1129202,30325,DEN,"Denver, CO",CO,8,Colorado,82,13204,1320402,31454,MCO,"Orlando, FL",FL,12,Florida,33,710,35.0,35.0,1.0,2.0,0700-0759,14.0,759.0,1306.0,7.0,1247,1313.0,26.0,26.0,1.0,1.0,1200-1259,0.0,,0.0,217.0,208.0,187.0,1.0,1546.0,7,26.0,0.0,0.0,0.0,0.0,,,,0,,,,,,,,,,,,,,,,,,,,,,,,,,,,,,,,,,,,,,,,,,,,,N,8.0,0.0,7.0,13.0,3.0,1.0,39.0,53.0,7,12,1.0,3.0,37.0,51.0,7,7,0,0.0,0.0,N701FR,N701FR-F9-0,39.0,51.0,14.0,53.0,65.0,,,0.0,39,53,0.0,0.0
N701GS,615.0,2019,2,5,2,4,2019-05-02,WN,WN,19393,WN,1102,,,,,WN,19393,WN,1102,14570,1457002,34570,RNO,"Reno, NV",NV,32,Nevada,85,12892,1289208,32575,LAX,"Los Angeles, CA",CA,6,California,91,610,5.0,5.0,0.0,0.0,0600-0659,10.0,625.0,730.0,5.0,740,735.0,-5.0,0.0,0.0,-1.0,0700-0759,0.0,,0.0,90.0,80.0,65.0,1.0,391.0,2,,,0.0,,0.0,,,,0,,,,,,,,,,,,,,,,,,,,,,,,,,,,,,,,,,,,,,,,,,,,,N,12.0,12.0,6.0,7.0,1.0,2.0,37.0,42.0,6,7,1.0,3.0,37.0,43.0,8,8,0,0.0,0.0,N701GS,N701GS-WN-0,37.0,49.0,5.0,42.0,54.0,,,0.0,37,42,0.0,0.0
N701SK,715.0,2019,2,5,2,4,2019-05-02,AA,AA_CODESHARE,19805,AA,3236,,,,,OO,20304,OO,3236,11109,1110902,30189,COS,"Colorado Springs, CO",CO,8,Colorado,82,13930,1393007,30977,ORD,"Chicago, IL",IL,17,Illinois,41,715,0.0,0.0,0.0,0.0,0700-0759,30.0,745.0,1041.0,15.0,1054,1056.0,2.0,2.0,0.0,0.0,1000-1059,0.0,,0.0,159.0,161.0,116.0,1.0,911.0,4,,,0.0,,0.0,,,,0,,,,,,,,,,,,,,,,,,,,,,,,,,,,,,,,,,,,,,,,,,,,,N,8.0,4.0,7.0,10.0,1.0,4.0,37.0,48.0,7,10,1.0,4.0,37.0,48.0,8,8,0,0.0,0.0,N701SK,N701SK-AA-0,37.0,49.0,11.0,48.0,60.0,,,0.0,37,48,0.0,0.0
N701UW,846.0,2019,2,5,2,4,2019-05-02,AA,AA,19805,AA,2073,,,,,AA,19805,AA,2073,12451,1245102,31136,JAX,"Jacksonville, FL",FL,12,Florida,33,11057,1105703,31057,CLT,"Charlotte, NC",NC,37,North Carolina,36,853,-7.0,0.0,0.0,-1.0,0800-0859,15.0,901.0,1003.0,4.0,1032,1007.0,-25.0,0.0,0.0,-2.0,1000-1059,0.0,,0.0,99.0,81.0,62.0,1.0,328.0,2,,,0.0,,0.0,,,,0,,,,,,,,,,,,,,,,,,,,,,,,,,,,,,,,,,,,,,,,,,,,,N,0.0,0.0,8.0,10.0,3.0,0.0,35.0,40.0,8,10,4.0,2.0,36.0,42.0,6,6,0,0.0,0.0,N701UW,N701UW-AA-0,36.0,47.0,5.0,41.0,52.0,,,0.0,36,41,0.0,0.0
N702BR,758.0,2019,2,5,2,4,2019-05-02,DL,DL_CODESHARE,19790,DL,3643,,,,,OO,20304,OO,3643,11823,1182304,31823,FWA,"Fort Wayne, IN",IN,18,Indiana,42,10397,1039707,30397,ATL,"Atlanta, GA",GA,13,Georgia,34,805,-7.0,0.0,0.0,-1.0,0800-0859,16.0,814.0,940.0,9.0,1001,949.0,-12.0,0.0,0.0,-1.0,1000-1059,0.0,,0.0,116.0,111.0,86.0,1.0,508.0,3,,,0.0,,0.0,,,,0,,,,,,,,,,,,,,,,,,,,,,,,,,,,,,,,,,,,,,,,,,,,,N,0.0,0.0,7.0,9.0,4.0,3.0,32.0,39.0,8,10,0.0,0.0,32.0,40.0,4,4,0,0.0,0.0,N702BR,N702BR-DL-0,32.0,44.0,7.0,39.0,51.0,,,0.0,32,39,0.0,0.0
N702FR,148.0,2019,2,5,2,4,2019-05-02,F9,F9,20436,F9,402,,,,,F9,20436,F9,402,12892,1289208,32575,LAX,"Los Angeles, CA",CA,6,California,91,11292,1129202,30325,DEN,"Denver, CO",CO,8,Colorado,82,59,49.0,49.0,1.0,3.0,0001-0559,13.0,201.0,447.0,7.0,426,454.0,28.0,28.0,1.0,1.0,0001-0559,0.0,,0.0,147.0,126.0,106.0,1.0,862.0,4,0.0,0.0,28.0,0.0,0.0,,,,0,,,,,,,,,,,,,,,,,,,,,,,,,,,,,,,,,,,,,,,,,,,,,N,12.0,8.0,1.0,4.0,3.0,4.0,19.0,28.0,0,4,4.0,2.0,16.0,26.0,2,2,0,1.0,1.0,N702FR,N702FR-F9-0,17.0,31.0,9.0,26.0,40.0,,,2.0,18,27,1.0,2.12
N702FR,610.0,2019,2,5,2,4,2019-05-02,F9,F9,20436,F9,420,,,,,F9,20436,F9,420,11292,1129202,30325,DEN,"Denver, CO",CO,8,Colorado,82,10397,1039707,30397,ATL,"Atlanta, GA",GA,13,Georgia,34,535,35.0,35.0,1.0,2.0,0001-0559,18.0,628.0,1103.0,12.0,1034,1115.0,41.0,41.0,1.0,2.0,1000-1059,0.0,,0.0,179.0,185.0,155.0,1.0,1199.0,5,21.0,0.0,6.0,0.0,14.0,,,,0,,,,,,,,,,,,,,,,,,,,,,,,,,,,,,,,,,,,,,,,,,,,,N,8.0,0.0,6.0,11.0,1.0,1.0,33.0,45.0,5,10,2.0,2.0,30.0,42.0,9,9,1,1.0,0.0,N702FR,N702FR-F9-1,32.0,45.0,12.0,44.0,57.0,28.0,5.0,1.0,32,44,0.0,0.0
N702PS,746.0,2019,2,5,2,4,2019-05-02,AA,AA_CODESHARE,19805,AA,5088,,,,,OH,20397,OH,5088,13931,1393102,33667,ORF,"Norfolk, VA",VA,51,Virginia,38,14100,1410005,34100,PHL,"Philadelphia, PA",PA,42,Pennsylvania,23,757,-11.0,0.0,0.0,-1.0,0700-0759,14.0,800.0,848.0,20.0,905,908.0,3.0,3.0,0.0,0.0,0900-0959,0.0,,0.0,68.0,82.0,48.0,1.0,212.0,1,,,0.0,,0.0,,,,0,,,,,,,,,,,,,,,,,,,,,,,,,,,,,,,,,,,,,,,,,,,,,N,0.0,0.0,7.0,9.0,3.0,1.0,31.0,37.0,7,9,4.0,0.0,32.0,36.0,3,3,0,0.0,0.0,N702PS,N702PS-AA-0,32.0,43.0,6.0,38.0,49.0,,,0.0,32,38,0.0,0.0
N702SK,649.0,2019,2,5,2,4,2019-05-02,AA,AA_CODESHARE,19805,AA,3167,,,,,OO,20304,OO,3167,11481,1148102,31481,ECP,"Panama City, FL",FL,12,Florida,33,11298,1129806,30194,DFW,"Dallas/Fort Worth, TX",TX,48,Texas,74,659,-10.0,0.0,0.0,-1.0,0600-0659,23.0,712.0,958.0,39.0,925,1037.0,72.0,72.0,1.0,4.0,0900-0959,0.0,,0.0,146.0,228.0,166.0,1.0,685.0,3,0.0,0.0,72.0,0.0,0.0,,,,0,,,,,,,,,,,,,,,,,,,,,,,,,,,,,,,,,,,,,,,,,,,,,N,4.0,4.0,6.0,10.0,3.0,2.0,31.0,46.0,6,9,4.0,2.0,32.0,42.0,9,9,0,1.0,1.0,N702SK,N702SK-AA-0,32.0,43.0,15.0,47.0,58.0,,,5.0,32,47,0.0,0.0
N702SK,1112.0,2019,2,5,2,4,2019-05-02,AA,AA_CODESHARE,19805,AA,3026,,,,,OO,20304,OO,3026,11298,1129806,30194,DFW,"Dallas/Fort Worth, TX",TX,48,Texas,74,13290,1329002,33290,MHK,"Manhattan/Ft. Riley, KS",KS,20,Kansas,62,851,141.0,141.0,1.0,9.0,0800-0859,55.0,1207.0,1305.0,4.0,1028,1309.0,161.0,161.0,1.0,10.0,1000-1059,0.0,,0.0,97.0,117.0,58.0,1.0,431.0,2,69.0,0.0,20.0,0.0,72.0,,,,0,,,,,,,,,,,,,,,,,,,,,,,,,,,,,,,,,,,,,,,,,,,,,N,4.0,4.0,11.0,13.0,1.0,1.0,49.0,57.0,8,10,3.0,2.0,39.0,46.0,1,1,1,1.0,0.0,N702SK,N702SK-AA-1,43.0,61.0,8.0,51.0,69.0,46.0,3.0,6.0,45,53,2.0,3.06
N703JB,756.0,2019,2,5,2,4,2019-05-02,B6,B6,20409,B6,2990,,,,,B6,20409,B6,2990,13204,1320402,31454,MCO,"Orlando, FL",FL,12,Florida,33,12478,1247805,31703,JFK,"New York, NY",NY,36,New York,22,806,-10.0,0.0,0.0,-1.0,0800-0859,18.0,814.0,1021.0,11.0,1041,1032.0,-9.0,0.0,0.0,-1.0,1000-1059,0.0,,0.0,155.0,156.0,127.0,1.0,944.0,4,,,0.0,,0.0,,,,0,,,,,,,,,,,,,,,,,,,,,,,,,,,,,,,,,,,,,,,,,,,,,N,0.0,0.0,7.0,10.0,4.0,2.0,32.0,42.0,8,10,0.0,3.0,32.0,43.0,6,6,0,0.0,0.0,N703JB,N703JB-B6-0,32.0,44.0,10.0,42.0,54.0,,,0.0,32,42,0.0,0.0
N703PS,527.0,2019,2,5,2,4,2019-05-02,AA,AA_CODESHARE,19805,AA,5263,,,,,OH,20397,OH,5263,10208,1020803,30208,AGS,"Augusta, GA",GA,13,Georgia,34,11057,1105703,31057,CLT,"Charlotte, NC",NC,37,North Carolina,36,532,-5.0,0.0,0.0,-1.0,0001-0559,11.0,538.0,618.0,6.0,634,624.0,-10.0,0.0,0.0,-1.0,0600-0659,0.0,,0.0,62.0,57.0,40.0,1.0,140.0,1,,,0.0,,0.0,,,,0,,,,,,,,,,,,,,,,,,,,,,,,,,,,,,,,,,,,,,,,,,,,,N,0.0,0.0,5.0,6.0,2.0,2.0,22.0,26.0,5,6,2.0,2.0,22.0,26.0,8,8,0,2.0,2.0,N703PS,N703PS-AA-0,22.0,34.0,4.0,26.0,38.0,,,0.0,22,26,0.0,0.0
N703PS,735.0,2019,2,5,2,4,2019-05-02,AA,AA_CODESHARE,19805,AA,5422,,,,,OH,20397,OH,5422,11057,1105703,31057,CLT,"Charlotte, NC",NC,37,North Carolina,36,14122,1412202,30198,PIT,"Pittsburgh, PA",PA,42,Pennsylvania,23,740,-5.0,0.0,0.0,-1.0,0700-0759,21.0,756.0,856.0,7.0,913,903.0,-10.0,0.0,0.0,-1.0,0900-0959,0.0,,0.0,93.0,88.0,60.0,1.0,366.0,2,,,0.0,,0.0,,,,0,,,,,,,,,,,,,,,,,,,,,,,,,,,,,,,,,,,,,,,,,,,,,N,0.0,0.0,7.0,9.0,2.0,0.0,30.0,36.0,7,9,3.0,1.0,31.0,37.0,7,7,1,2.0,1.0,N703PS,N703PS-AA-1,31.0,42.0,6.0,37.0,48.0,26.0,4.0,0.0,31,37,0.0,0.0
N703PS,942.0,2019,2,5,2,4,2019-05-02,AA,AA_CODESHARE,19805,AA,5278,,,,,OH,20397,OH,5278,14122,1412202,30198,PIT,"Pittsburgh, PA",PA,42,Pennsylvania,23,11278,1127805,30852,DCA,"Washington, DC",VA,51,Virginia,38,948,-6.0,0.0,0.0,-1.0,0900-0959,16.0,958.0,1043.0,3.0,1100,1046.0,-14.0,0.0,0.0,-1.0,1100-1159,0.0,,0.0,72.0,64.0,45.0,1.0,204.0,1,,,0.0,,0.0,,,,0,,,,,,,,,,,,,,,,,,,,,,,,,,,,,,,,,,,,,,,,,,,,,N,0.0,0.0,9.0,10.0,3.0,3.0,39.0,43.0,9,11,3.0,0.0,39.0,44.0,3,3,2,2.0,0.0,N703PS,N703PS-AA-2,39.0,51.0,4.0,43.0,55.0,36.0,3.0,0.0,40,44,1.0,3.3
N703SK,548.0,2019,2,5,2,4,2019-05-02,AA,AA_CODESHARE,19805,AA,2967,,,,,OO,20304,OO,2967,16218,1621802,33785,YUM,"Yuma, AZ",AZ,4,Arizona,81,14107,1410702,30466,PHX,"Phoenix, AZ",AZ,4,Arizona,81,550,-2.0,0.0,0.0,-1.0,0001-0559,11.0,559.0,628.0,8.0,645,636.0,-9.0,0.0,0.0,-1.0,0600-0659,0.0,,0.0,55.0,48.0,29.0,1.0,160.0,1,,,0.0,,0.0,,,,0,,,,,,,,,,,,,,,,,,,,,,,,,,,,,,,,,,,,,,,,,,,,,N,8.0,8.0,5.0,6.0,3.0,2.0,31.0,34.0,5,6,3.0,3.0,31.0,35.0,3,3,0,1.0,1.0,N703SK,N703SK-AA-0,31.0,43.0,3.0,34.0,46.0,,,0.0,31,34,0.0,0.0
N703SK,732.0,2019,2,5,2,4,2019-05-02,AA,AA_CODESHARE,19805,AA,3210,,,,,OO,20304,OO,3210,14107,1410702,30466,PHX,"Phoenix, AZ",AZ,4,Arizona,81,10800,1080003,32575,BUR,"Burbank, CA",CA,6,California,91,738,-6.0,0.0,0.0,-1.0,0700-0759,25.0,757.0,906.0,4.0,917,910.0,-7.0,0.0,0.0,-1.0,0900-0959,0.0,,0.0,99.0,98.0,69.0,1.0,369.0,2,,,0.0,,0.0,,,,0,,,,,,,,,,,,,,,,,,,,,,,,,,,,,,,,,,,,,,,,,,,,,N,8.0,12.0,7.0,9.0,2.0,1.0,38.0,49.0,7,9,3.0,1.0,39.0,49.0,5,5,1,1.0,0.0,N703SK,N703SK-AA-1,39.0,50.0,11.0,50.0,61.0,34.0,4.0,0.0,39,50,0.0,0.0
N703SW,625.0,2019,2,5,2,4,2019-05-02,WN,WN,19393,WN,2133,,,,,WN,19393,WN,2133,13204,1320402,31454,MCO,"Orlando, FL",FL,12,Florida,33,10397,1039707,30397,ATL,"Atlanta, GA",GA,13,Georgia,34,625,0.0,0.0,0.0,0.0,0600-0659,20.0,645.0,745.0,6.0,755,751.0,-4.0,0.0,0.0,-1.0,0700-0759,0.0,,0.0,90.0,86.0,60.0,1.0,404.0,2,,,0.0,,0.0,,,,0,,,,,,,,,,,,,,,,,,,,,,,,,,,,,,,,,,,,,,,,,,,,,N,0.0,0.0,6.0,7.0,2.0,3.0,26.0,31.0,6,7,2.0,4.0,26.0,32.0,2,2,0,1.0,1.0,N703SW,N703SW-WN-0,26.0,38.0,5.0,31.0,43.0,,,0.0,26,31,0.0,0.0
N703SW,830.0,2019,2,5,2,4,2019-05-02,WN,WN,19393,WN,442,,,,,WN,19393,WN,442,10397,1039707,30397,ATL,"Atlanta, GA",GA,13,Georgia,34,13198,1319801,33198,MCI,"Kansas City, MO",MO,29,Missouri,64,835,-5.0,0.0,0.0,-1.0,0800-0859,18.0,848.0,931.0,5.0,950,936.0,-14.0,0.0,0.0,-1.0,0900-0959,0.0,,0.0,135.0,126.0,103.0,1.0,692.0,3,,,0.0,,0.0,,,,0,,,,,,,,,,,,,,,,,,,,,,,,,,,,,,,,,,,,,,,,,,,,,N,0.0,4.0,8.0,9.0,2.0,2.0,34.0,42.0,8,9,2.0,3.0,34.0,43.0,9,9,1,1.0,0.0,N703SW,N703SW-WN-1,34.0,46.0,8.0,42.0,54.0,31.0,3.0,0.0,34,42,0.0,0.0
N703TW,801.0,2019,2,5,2,4,2019-05-02,DL,DL,19790,DL,2288,,,,,DL,19790,DL,2288,12478,1247805,31703,JFK,"New York, NY",NY,36,New York,22,14679,1467903,33570,SAN,"San Diego, CA",CA,6,California,91,805,-4.0,0.0,0.0,-1.0,0800-0859,22.0,823.0,1122.0,4.0,1115,1126.0,11.0,11.0,0.0,0.0,1100-1159,0.0,,0.0,370.0,385.0,359.0,1.0,2446.0,10,,,0.0,,0.0,,,,0,,,,,,,,,,,,,,,,,,,,,,,,,,,,,,,,,,,,,,,,,,,,,N,0.0,12.0,8.0,11.0,0.0,2.0,32.0,58.0,8,11,0.0,1.0,32.0,57.0,3,3,0,0.0,0.0,N703TW,N703TW-DL-0,32.0,44.0,26.0,58.0,70.0,,,0.0,32,58,0.0,0.0
N703UW,623.0,2019,2,5,2,4,2019-05-02,AA,AA,19805,AA,853,,,,,AA,19805,AA,853,10693,1069302,30693,BNA,"Nashville, TN",TN,47,Tennessee,54,14100,1410005,34100,PHL,"Philadelphia, PA",PA,42,Pennsylvania,23,626,-3.0,0.0,0.0,-1.0,0600-0659,13.0,636.0,923.0,3.0,930,926.0,-4.0,0.0,0.0,-1.0,0900-0959,0.0,,0.0,124.0,123.0,107.0,1.0,675.0,3,,,0.0,,0.0,,,,0,,,,,,,,,,,,,,,,,,,,,,,,,,,,,,,,,,,,,,,,,,,,,N,4.0,0.0,6.0,9.0,2.0,2.0,30.0,38.0,6,9,2.0,2.0,30.0,38.0,5,5,0,0.0,0.0,N703UW,N703UW-AA-0,30.0,42.0,8.0,38.0,50.0,,,0.0,30,38,0.0,0.0
N704FR,343.0,2019,2,5,2,4,2019-05-02,F9,F9,20436,F9,105,,,,,F9,20436,F9,105,14843,1484306,34819,SJU,"San Juan, PR",PR,72,Puerto Rico,3,13204,1320402,31454,MCO,"Orlando, FL",FL,12,Florida,33,350,-7.0,0.0,0.0,-1.0,0001-0559,13.0,356.0,624.0,7.0,654,631.0,-23.0,0.0,0.0,-2.0,0600-0659,0.0,,0.0,184.0,168.0,148.0,1.0,1189.0,5,,,0.0,,0.0,,,,0,,,,,,,,,,,,,,,,,,,,,,,,,,,,,,,,,,,,,,,,,,,,,N,-4.0,0.0,3.0,6.0,3.0,2.0,11.0,26.0,3,6,3.0,4.0,11.0,28.0,5,5,0,1.0,1.0,N704FR,N704FR-F9-0,11.0,23.0,15.0,26.0,38.0,,,0.0,11,26,0.0,0.0
N704FR,803.0,2019,2,5,2,4,2019-05-02,F9,F9,20436,F9,679,,,,,F9,20436,F9,679,13204,1320402,31454,MCO,"Orlando, FL",FL,12,Florida,33,11292,1129202,30325,DEN,"Denver, CO",CO,8,Colorado,82,750,13.0,13.0,0.0,0.0,0700-0759,18.0,821.0,1017.0,8.0,955,1025.0,30.0,30.0,1.0,2.0,0900-0959,0.0,,0.0,245.0,262.0,236.0,1.0,1546.0,7,13.0,0.0,17.0,0.0,0.0,,,,0,,,,,,,,,,,,,,,,,,,,,,,,,,,,,,,,,,,,,,,,,,,,,N,0.0,8.0,8.0,10.0,0.0,2.0,32.0,50.0,7,9,3.0,4.0,31.0,48.0,3,3,1,1.0,0.0,N704FR,N704FR-F9-1,31.0,44.0,18.0,49.0,62.0,26.0,6.0,1.0,31,51,2.0,7.22
N704US,813.0,2019,2,5,2,4,2019-05-02,AA,AA,19805,AA,1642,,,,,AA,19805,AA,1642,11433,1143302,31295,DTW,"Detroit, MI",MI,26,Michigan,43,11057,1105703,31057,CLT,"Charlotte, NC",NC,37,North Carolina,36,820,-7.0,0.0,0.0,-1.0,0800-0859,11.0,824.0,946.0,14.0,1015,1000.0,-15.0,0.0,0.0,-1.0,1000-1059,0.0,,0.0,115.0,107.0,82.0,1.0,500.0,3,,,0.0,,0.0,,,,0,,,,,,,,,,,,,,,,,,,,,,,,,,,,,,,,,,,,,,,,,,,,,N,0.0,0.0,8.0,10.0,1.0,0.0,33.0,40.0,8,10,1.0,1.0,33.0,41.0,6,6,0,0.0,0.0,N704US,N704US-AA-0,33.0,45.0,7.0,40.0,52.0,,,0.0,33,40,0.0,0.0
N705JB,722.0,2019,2,5,2,4,2019-05-02,B6,B6,20409,B6,461,,,,,B6,20409,B6,461,12953,1295304,31703,LGA,"New York, NY",NY,36,New York,22,14027,1402702,34027,PBI,"West Palm Beach/Palm Beach, FL",FL,12,Florida,33,730,-8.0,0.0,0.0,-1.0,0700-0759,12.0,734.0,953.0,6.0,1019,959.0,-20.0,0.0,0.0,-2.0,1000-1059,0.0,,0.0,169.0,157.0,139.0,1.0,1035.0,5,,,0.0,,0.0,,,,0,,,,,,,,,,,,,,,,,,,,,,,,,,,,,,,,,,,,,,,,,,,,,N,0.0,0.0,7.0,9.0,1.0,4.0,29.0,40.0,7,10,2.0,1.0,30.0,41.0,8,8,0,0.0,0.0,N705JB,N705JB-B6-0,30.0,41.0,11.0,41.0,52.0,,,0.0,30,41,0.0,0.0
N705PS,650.0,2019,2,5,2,4,2019-05-02,AA,AA_CODESHARE,19805,AA,5311,,,,,OH,20397,OH,5311,14098,1409803,33667,PHF,"Newport News/Williamsburg, VA",VA,51,Virginia,38,11057,1105703,31057,CLT,"Charlotte, NC",NC,37,North Carolina,36,700,-10.0,0.0,0.0,-1.0,0700-0759,35.0,725.0,818.0,7.0,836,825.0,-11.0,0.0,0.0,-1.0,0800-0859,0.0,,0.0,96.0,95.0,53.0,1.0,282.0,2,,,0.0,,0.0,,,,0,,,,,,,,,,,,,,,,,,,,,,,,,,,,,,,,,,,,,,,,,,,,,N,0.0,0.0,6.0,8.0,3.0,2.0,27.0,34.0,7,8,0.0,2.0,28.0,34.0,7,7,0,1.0,1.0,N705PS,N705PS-AA-0,28.0,39.0,7.0,35.0,46.0,,,0.0,28,35,0.0,0.0
N705PS,925.0,2019,2,5,2,4,2019-05-02,AA,AA_CODESHARE,19805,AA,5150,,,,,OH,20397,OH,5150,11057,1105703,31057,CLT,"Charlotte, NC",NC,37,North Carolina,36,11617,1161708,31617,EWN,"New Bern/Morehead/Beaufort, NC",NC,37,North Carolina,36,914,11.0,11.0,0.0,0.0,0900-0959,22.0,947.0,1026.0,4.0,1015,1030.0,15.0,15.0,1.0,1.0,1000-1059,0.0,,0.0,61.0,65.0,39.0,1.0,221.0,1,11.0,0.0,4.0,0.0,0.0,,,,0,,,,,,,,,,,,,,,,,,,,,,,,,,,,,,,,,,,,,,,,,,,,,N,0.0,0.0,9.0,10.0,2.0,2.0,38.0,42.0,9,10,1.0,1.0,37.0,41.0,5,5,1,1.0,0.0,N705PS,N705PS-AA-1,38.0,50.0,4.0,42.0,54.0,34.0,4.0,0.0,39,43,1.0,5.08
N705SK,621.0,2019,2,5,2,4,2019-05-02,AA,AA_CODESHARE,19805,AA,3196,,,,,OO,20304,OO,3196,14107,1410702,30466,PHX,"Phoenix, AZ",AZ,4,Arizona,81,12892,1289208,32575,LAX,"Los Angeles, CA",CA,6,California,91,600,21.0,21.0,1.0,1.0,0600-0659,17.0,638.0,742.0,5.0,736,747.0,11.0,11.0,0.0,0.0,0700-0759,0.0,,0.0,96.0,86.0,64.0,1.0,370.0,2,,,0.0,,0.0,,,,0,,,,,,,,,,,,,,,,,,,,,,,,,,,,,,,,,,,,,,,,,,,,,N,8.0,12.0,6.0,7.0,1.0,3.0,33.0,43.0,6,7,0.0,2.0,32.0,42.0,8,8,0,0.0,0.0,N705SK,N705SK-AA-0,33.0,45.0,10.0,43.0,55.0,,,0.0,33,43,0.0,0.0
N705SW,608.0,2019,2,5,2,4,2019-05-02,WN,WN,19393,WN,1823,,,,,WN,19393,WN,1823,15304,1530402,33195,TPA,"Tampa, FL",FL,12,Florida,33,10397,1039707,30397,ATL,"Atlanta, GA",GA,13,Georgia,34,610,-2.0,0.0,0.0,-1.0,0600-0659,11.0,619.0,723.0,4.0,740,727.0,-13.0,0.0,0.0,-1.0,0700-0759,0.0,,0.0,90.0,79.0,64.0,1.0,406.0,2,,,0.0,,0.0,,,,0,,,,,,,,,,,,,,,,,,,,,,,,,,,,,,,,,,,,,,,,,,,,,N,0.0,0.0,6.0,7.0,1.0,2.0,25.0,30.0,6,7,1.0,3.0,25.0,31.0,5,5,0,1.0,1.0,N705SW,N705SW-WN-0,25.0,37.0,5.0,30.0,42.0,,,0.0,25,30,0.0,0.0
N705SW,830.0,2019,2,5,2,4,2019-05-02,WN,WN,19393,WN,1823,,,,,WN,19393,WN,1823,10397,1039707,30397,ATL,"Atlanta, GA",GA,13,Georgia,34,11433,1143302,31295,DTW,"Detroit, MI",MI,26,Michigan,43,835,-5.0,0.0,0.0,-1.0,0800-0859,13.0,843.0,1013.0,10.0,1035,1023.0,-12.0,0.0,0.0,-1.0,1000-1059,0.0,,0.0,120.0,113.0,90.0,1.0,594.0,3,,,0.0,,0.0,,,,0,,,,,,,,,,,,,,,,,,,,,,,,,,,,,,,,,,,,,,,,,,,,,N,0.0,0.0,8.0,10.0,2.0,2.0,34.0,42.0,8,10,2.0,2.0,34.0,42.0,4,4,1,1.0,0.0,N705SW,N705SW-WN-1,34.0,46.0,8.0,42.0,54.0,30.0,4.0,0.0,36,45,3.0,14.34
N705TW,628.0,2019,2,5,2,4,2019-05-02,DL,DL,19790,DL,1467,,,,,DL,19790,DL,1467,14771,1477104,32457,SFO,"San Francisco, CA",CA,6,California,91,12478,1247805,31703,JFK,"New York, NY",NY,36,New York,22,625,3.0,3.0,0.0,0.0,0600-0659,20.0,648.0,1450.0,4.0,1514,1454.0,-20.0,0.0,0.0,-2.0,1500-1559,0.0,,0.0,349.0,326.0,302.0,1.0,2586.0,11,,,0.0,,0.0,,,,0,,,,,,,,,,,,,,,,,,,,,,,,,,,,,,,,,,,,,,,,,,,,,N,12.0,0.0,6.0,14.0,2.0,4.0,38.0,60.0,6,15,2.0,1.0,38.0,61.0,1,1,0,0.0,0.0,N705TW,N705TW-DL-0,38.0,50.0,22.0,60.0,72.0,,,0.0,38,60,0.0,0.0
N705UW,724.0,2019,2,5,2,4,2019-05-02,AA,AA,19805,AA,1907,,,,,AA,19805,AA,1907,10397,1039707,30397,ATL,"Atlanta, GA",GA,13,Georgia,34,14100,1410005,34100,PHL,"Philadelphia, PA",PA,42,Pennsylvania,23,726,-2.0,0.0,0.0,-1.0,0700-0759,16.0,740.0,919.0,4.0,929,923.0,-6.0,0.0,0.0,-1.0,0900-0959,0.0,,0.0,123.0,119.0,99.0,1.0,666.0,3,,,0.0,,0.0,,,,0,,,,,,,,,,,,,,,,,,,,,,,,,,,,,,,,,,,,,,,,,,,,,N,0.0,0.0,7.0,9.0,2.0,2.0,30.0,38.0,7,9,2.0,2.0,30.0,38.0,6,6,0,0.0,0.0,N705UW,N705UW-AA-0,30.0,42.0,8.0,38.0,50.0,,,0.0,30,38,0.0,0.0
N706JB,650.0,2019,2,5,2,4,2019-05-02,B6,B6,20409,B6,563,,,,,B6,20409,B6,563,13930,1393007,30977,ORD,"Chicago, IL",IL,17,Illinois,41,11697,1169706,32467,FLL,"Fort Lauderdale, FL",FL,12,Florida,33,657,-7.0,0.0,0.0,-1.0,0600-0659,19.0,709.0,1049.0,4.0,1105,1053.0,-12.0,0.0,0.0,-1.0,1100-1159,0.0,,0.0,188.0,183.0,160.0,1.0,1182.0,5,,,0.0,,0.0,,,,0,,,,,,,,,,,,,,,,,,,,,,,,,,,,,,,,,,,,,,,,,,,,,N,4.0,0.0,6.0,10.0,3.0,4.0,31.0,44.0,6,11,4.0,0.0,32.0,44.0,5,5,0,0.0,0.0,N706JB,N706JB-B6-0,32.0,43.0,13.0,45.0,56.0,,,0.0,32,45,0.0,0.0
N706PS,920.0,2019,2,5,2,4,2019-05-02,AA,AA_CODESHARE,19805,AA,5102,,,,,OH,20397,OH,5102,11057,1105703,31057,CLT,"Charlotte, NC",NC,37,North Carolina,36,12448,1244807,32448,JAN,"Jackson/Vicksburg, MS",MS,28,Mississippi,53,925,-5.0,0.0,0.0,-1.0,0900-0959,28.0,948.0,1010.0,3.0,1026,1013.0,-13.0,0.0,0.0,-1.0,1000-1059,0.0,,0.0,121.0,113.0,82.0,1.0,562.0,3,,,0.0,,0.0,,,,0,,,,,,,,,,,,,,,,,,,,,,,,,,,,,,,,,,,,,,,,,,,,,N,0.0,4.0,9.0,10.0,1.0,1.0,37.0,45.0,9,10,2.0,2.0,38.0,46.0,2,2,0,0.0,0.0,N706PS,N706PS-AA-0,38.0,49.0,8.0,46.0,57.0,,,0.0,38,46,0.0,0.0
N706SK,605.0,2019,2,5,2,4,2019-05-02,AA,AA_CODESHARE,19805,AA,3251,,,,,OO,20304,OO,3251,11695,1169502,31695,FLG,"Flagstaff, AZ",AZ,4,Arizona,81,14107,1410702,30466,PHX,"Phoenix, AZ",AZ,4,Arizona,81,615,-10.0,0.0,0.0,-1.0,0600-0659,27.0,632.0,700.0,6.0,713,706.0,-7.0,0.0,0.0,-1.0,0700-0759,0.0,,0.0,58.0,61.0,28.0,1.0,119.0,1,,,0.0,,0.0,,,,0,,,,,,,,,,,,,,,,,,,,,,,,,,,,,,,,,,,,,,,,,,,,,N,8.0,8.0,6.0,7.0,0.0,0.0,32.0,36.0,6,7,1.0,1.0,33.0,37.0,3,3,0,0.0,0.0,N706SK,N706SK-AA-0,33.0,44.0,4.0,37.0,48.0,,,0.0,33,37,0.0,0.0
N706SW,521.0,2019,2,5,2,4,2019-05-02,WN,WN,19393,WN,1760,,,,,WN,19393,WN,1760,14492,1449202,34492,RDU,"Raleigh/Durham, NC",NC,37,North Carolina,36,13204,1320402,31454,MCO,"Orlando, FL",FL,12,Florida,33,525,-4.0,0.0,0.0,-1.0,0001-0559,6.0,527.0,645.0,8.0,705,653.0,-12.0,0.0,0.0,-1.0,0700-0759,0.0,,0.0,100.0,92.0,78.0,1.0,534.0,3,,,0.0,,0.0,,,,0,,,,,,,,,,,,,,,,,,,,,,,,,,,,,,,,,,,,,,,,,,,,,N,0.0,0.0,5.0,6.0,1.0,4.0,21.0,28.0,5,7,2.0,0.0,22.0,28.0,1,1,0,1.0,1.0,N706SW,N706SW-WN-0,22.0,33.0,7.0,29.0,40.0,,,0.0,22,29,0.0,0.0
N706SW,744.0,2019,2,5,2,4,2019-05-02,WN,WN,19393,WN,1760,,,,,WN,19393,WN,1760,13204,1320402,31454,MCO,"Orlando, FL",FL,12,Florida,33,10599,1059904,30599,BHM,"Birmingham, AL",AL,1,Alabama,51,750,-6.0,0.0,0.0,-1.0,0700-0759,19.0,803.0,813.0,2.0,825,815.0,-10.0,0.0,0.0,-1.0,0800-0859,0.0,,0.0,95.0,91.0,70.0,1.0,479.0,2,,,0.0,,0.0,,,,0,,,,,,,,,,,,,,,,,,,,,,,,,,,,,,,,,,,,,,,,,,,,,N,0.0,4.0,7.0,8.0,3.0,1.0,31.0,37.0,7,8,3.0,2.0,31.0,38.0,2,2,1,1.0,0.0,N706SW,N706SW-WN-1,31.0,43.0,6.0,37.0,49.0,28.0,3.0,0.0,32,38,1.0,2.22
N707SK,604.0,2019,2,5,2,4,2019-05-02,AA,AA_CODESHARE,19805,AA,3006,,,,,OO,20304,OO,3006,11823,1182304,31823,FWA,"Fort Wayne, IN",IN,18,Indiana,42,13930,1393007,30977,ORD,"Chicago, IL",IL,17,Illinois,41,613,-9.0,0.0,0.0,-1.0,0600-0659,14.0,618.0,557.0,11.0,620,608.0,-12.0,0.0,0.0,-1.0,0600-0659,0.0,,0.0,67.0,64.0,39.0,1.0,157.0,1,,,0.0,,0.0,,,,0,,,,,,,,,,,,,,,,,,,,,,,,,,,,,,,,,,,,,,,,,,,,,N,0.0,4.0,6.0,6.0,0.0,1.0,24.0,29.0,6,6,1.0,1.0,25.0,29.0,9,9,0,1.0,1.0,N707SK,N707SK-AA-0,25.0,36.0,5.0,30.0,41.0,,,0.0,25,30,0.0,0.0
N707SK,704.0,2019,2,5,2,4,2019-05-02,AA,AA_CODESHARE,19805,AA,3032,,,,,OO,20304,OO,3032,13930,1393007,30977,ORD,"Chicago, IL",IL,17,Illinois,41,13198,1319801,33198,MCI,"Kansas City, MO",MO,29,Missouri,64,711,-7.0,0.0,0.0,-1.0,0700-0759,25.0,729.0,846.0,5.0,851,851.0,0.0,0.0,0.0,0.0,0800-0859,0.0,,0.0,100.0,107.0,77.0,1.0,403.0,2,,,0.0,,0.0,,,,0,,,,,,,,,,,,,,,,,,,,,,,,,,,,,,,,,,,,,,,,,,,,,N,4.0,4.0,7.0,8.0,0.0,3.0,32.0,39.0,7,8,1.0,3.0,33.0,39.0,6,6,1,1.0,0.0,N707SK,N707SK-AA-1,33.0,44.0,7.0,40.0,51.0,29.0,3.0,0.0,33,40,0.0,0.0
N708PS,617.0,2019,2,5,2,4,2019-05-02,AA,AA_CODESHARE,19805,AA,5110,,,,,OH,20397,OH,5110,11278,1127805,30852,DCA,"Washington, DC",VA,51,Virginia,38,10397,1039707,30397,ATL,"Atlanta, GA",GA,13,Georgia,34,625,-8.0,0.0,0.0,-1.0,0600-0659,15.0,632.0,755.0,6.0,825,801.0,-24.0,0.0,0.0,-2.0,0800-0859,0.0,,0.0,120.0,104.0,83.0,1.0,547.0,3,,,0.0,,0.0,,,,0,,,,,,,,,,,,,,,,,,,,,,,,,,,,,,,,,,,,,,,,,,,,,N,0.0,0.0,6.0,8.0,1.0,0.0,25.0,32.0,6,8,2.0,2.0,26.0,34.0,8,8,0,1.0,1.0,N708PS,N708PS-AA-0,26.0,37.0,7.0,33.0,44.0,,,0.0,26,33,0.0,0.0
N708PS,853.0,2019,2,5,2,4,2019-05-02,AA,AA_CODESHARE,19805,AA,5110,,,,,OH,20397,OH,5110,10397,1039707,30397,ATL,"Atlanta, GA",GA,13,Georgia,34,11278,1127805,30852,DCA,"Washington, DC",VA,51,Virginia,38,905,-12.0,0.0,0.0,-1.0,0900-0959,15.0,908.0,1020.0,5.0,1055,1025.0,-30.0,0.0,0.0,-2.0,1000-1059,0.0,,0.0,110.0,92.0,72.0,1.0,547.0,3,,,0.0,,0.0,,,,0,,,,,,,,,,,,,,,,,,,,,,,,,,,,,,,,,,,,,,,,,,,,,N,0.0,0.0,8.0,10.0,4.0,2.0,36.0,42.0,9,10,0.0,4.0,36.0,44.0,4,4,1,1.0,0.0,N708PS,N708PS-AA-1,36.0,48.0,6.0,42.0,54.0,32.0,4.0,0.0,38,44,2.0,8.82
N708SW,600.0,2019,2,5,2,4,2019-05-02,WN,WN,19393,WN,6565,,,,,WN,19393,WN,6565,11259,1125904,30194,DAL,"Dallas, TX",TX,48,Texas,74,13232,1323202,30977,MDW,"Chicago, IL",IL,17,Illinois,41,600,0.0,0.0,0.0,0.0,0600-0659,11.0,611.0,751.0,4.0,810,755.0,-15.0,0.0,0.0,-1.0,0800-0859,0.0,,0.0,130.0,115.0,100.0,1.0,793.0,4,,,0.0,,0.0,,,,0,,,,,,,,,,,,,,,,,,,,,,,,,,,,,,,,,,,,,,,,,,,,,N,4.0,4.0,6.0,7.0,0.0,4.0,28.0,36.0,6,8,0.0,1.0,28.0,37.0,2,2,0,0.0,0.0,N708SW,N708SW-WN-0,28.0,40.0,8.0,36.0,48.0,,,0.0,28,36,0.0,0.0
N708UW,730.0,2019,2,5,2,4,2019-05-02,AA,AA,19805,AA,768,,,,,AA,19805,AA,768,11057,1105703,31057,CLT,"Charlotte, NC",NC,37,North Carolina,36,15016,1501606,31123,STL,"St. Louis, MO",MO,29,Missouri,64,735,-5.0,0.0,0.0,-1.0,0700-0759,13.0,743.0,841.0,6.0,839,847.0,8.0,8.0,0.0,0.0,0800-0859,0.0,,0.0,124.0,137.0,118.0,1.0,575.0,3,,,0.0,,0.0,,,,0,,,,,,,,,,,,,,,,,,,,,,,,,,,,,,,,,,,,,,,,,,,,,N,0.0,4.0,7.0,8.0,2.0,3.0,30.0,39.0,7,8,2.0,3.0,30.0,39.0,9,9,0,0.0,0.0,N708UW,N708UW-AA-0,30.0,42.0,9.0,39.0,51.0,,,0.0,30,39,0.0,0.0
N709BR,748.0,2019,2,5,2,4,2019-05-02,AA,AA_CODESHARE,19805,AA,3132,,,,,OO,20304,OO,3132,14794,1479405,34794,SGU,"St. George, UT",UT,49,Utah,87,14107,1410702,30466,PHX,"Phoenix, AZ",AZ,4,Arizona,81,750,-2.0,0.0,0.0,-1.0,0700-0759,13.0,801.0,745.0,5.0,759,750.0,-9.0,0.0,0.0,-1.0,0700-0759,0.0,,0.0,69.0,62.0,44.0,1.0,262.0,2,,,0.0,,0.0,,,,0,,,,,,,,,,,,,,,,,,,,,,,,,,,,,,,,,,,,,,,,,,,,,N,8.0,8.0,7.0,7.0,3.0,3.0,39.0,39.0,7,7,3.0,4.0,39.0,40.0,8,8,0,0.0,0.0,N709BR,N709BR-AA-0,39.0,51.0,0.0,39.0,51.0,,,0.0,39,39,0.0,0.0
N709JB,818.0,2019,2,5,2,4,2019-05-02,B6,B6,20409,B6,927,,,,,B6,20409,B6,927,11618,1161802,31703,EWR,"Newark, NJ",NJ,34,New Jersey,21,13204,1320402,31454,MCO,"Orlando, FL",FL,12,Florida,33,833,-15.0,0.0,0.0,-1.0,0800-0859,19.0,837.0,1048.0,11.0,1125,1059.0,-26.0,0.0,0.0,-2.0,1100-1159,0.0,,0.0,172.0,161.0,131.0,1.0,937.0,4,,,0.0,,0.0,,,,0,,,,,,,,,,,,,,,,,,,,,,,,,,,,,,,,,,,,,,,,,,,,,N,0.0,0.0,8.0,10.0,1.0,4.0,33.0,44.0,8,11,2.0,2.0,34.0,46.0,4,4,0,0.0,0.0,N709JB,N709JB-B6-0,34.0,45.0,11.0,45.0,56.0,,,0.0,35,46,1.0,4.36
N709PS,855.0,2019,2,5,2,4,2019-05-02,AA,AA_CODESHARE,19805,AA,5357,,,,,OH,20397,OH,5357,14100,1410005,34100,PHL,"Philadelphia, PA",PA,42,Pennsylvania,23,15016,1501606,31123,STL,"St. Louis, MO",MO,29,Missouri,64,900,-5.0,0.0,0.0,-1.0,0900-0959,43.0,938.0,1041.0,4.0,1049,1045.0,-4.0,0.0,0.0,-1.0,1000-1059,0.0,,0.0,169.0,170.0,123.0,1.0,814.0,4,,,0.0,,0.0,,,,0,,,,,,,,,,,,,,,,,,,,,,,,,,,,,,,,,,,,,,,,,,,,,N,0.0,4.0,8.0,10.0,4.0,3.0,36.0,47.0,9,10,0.0,3.0,36.0,47.0,9,9,0,0.0,0.0,N709PS,N709PS-AA-0,36.0,48.0,11.0,47.0,59.0,,,0.0,36,47,0.0,0.0
N709SK,659.0,2019,2,5,2,4,2019-05-02,AA,AA_CODESHARE,19805,AA,2973,,,,,OO,20304,OO,2973,13930,1393007,30977,ORD,"Chicago, IL",IL,17,Illinois,41,13931,1393102,33667,ORF,"Norfolk, VA",VA,51,Virginia,38,700,-1.0,0.0,0.0,-1.0,0700-0759,19.0,718.0,959.0,3.0,1010,1002.0,-8.0,0.0,0.0,-1.0,1000-1059,0.0,,0.0,130.0,123.0,101.0,1.0,717.0,3,,,0.0,,0.0,,,,0,,,,,,,,,,,,,,,,,,,,,,,,,,,,,,,,,,,,,,,,,,,,,N,4.0,0.0,6.0,10.0,4.0,0.0,32.0,40.0,7,10,0.0,1.0,32.0,41.0,6,6,0,0.0,0.0,N709SK,N709SK-AA-0,32.0,44.0,8.0,40.0,52.0,,,0.0,32,40,0.0,0.0
N709SW,654.0,2019,2,5,2,4,2019-05-02,WN,WN,19393,WN,1570,,,,,WN,19393,WN,1570,15016,1501606,31123,STL,"St. Louis, MO",MO,29,Missouri,64,11697,1169706,32467,FLL,"Fort Lauderdale, FL",FL,12,Florida,33,655,-1.0,0.0,0.0,-1.0,0600-0659,12.0,706.0,1024.0,4.0,1035,1028.0,-7.0,0.0,0.0,-1.0,1000-1059,0.0,,0.0,160.0,154.0,138.0,1.0,1057.0,5,,,0.0,,0.0,,,,0,,,,,,,,,,,,,,,,,,,,,,,,,,,,,,,,,,,,,,,,,,,,,N,4.0,0.0,6.0,10.0,4.0,2.0,32.0,42.0,6,10,4.0,2.0,32.0,42.0,4,4,0,0.0,0.0,N709SW,N709SW-WN-0,32.0,44.0,10.0,42.0,54.0,,,0.0,32,43,1.0,4.22
N709UW,630.0,2019,2,5,2,4,2019-05-02,AA,AA,19805,AA,1917,,,,,AA,19805,AA,1917,13931,1393102,33667,ORF,"Norfolk, VA",VA,51,Virginia,38,11057,1105703,31057,CLT,"Charlotte, NC",NC,37,North Carolina,36,634,-4.0,0.0,0.0,-1.0,0600-0659,12.0,642.0,733.0,7.0,810,740.0,-30.0,0.0,0.0,-2.0,0800-0859,0.0,,0.0,96.0,70.0,51.0,1.0,290.0,2,,,0.0,,0.0,,,,0,,,,,,,,,,,,,,,,,,,,,,,,,,,,,,,,,,,,,,,,,,,,,N,0.0,0.0,6.0,7.0,2.0,3.0,26.0,31.0,6,8,2.0,1.0,26.0,33.0,5,5,0,1.0,1.0,N709UW,N709UW-AA-0,26.0,38.0,5.0,31.0,43.0,,,0.0,26,31,0.0,0.0
N709UW,926.0,2019,2,5,2,4,2019-05-02,AA,AA,19805,AA,2112,,,,,AA,19805,AA,2112,11057,1105703,31057,CLT,"Charlotte, NC",NC,37,North Carolina,36,12323,1232305,32323,ILM,"Wilmington, NC",NC,37,North Carolina,36,930,-4.0,0.0,0.0,-1.0,0900-0959,17.0,943.0,1018.0,3.0,1030,1021.0,-9.0,0.0,0.0,-1.0,1000-1059,0.0,,0.0,60.0,55.0,35.0,1.0,185.0,1,,,0.0,,0.0,,,,0,,,,,,,,,,,,,,,,,,,,,,,,,,,,,,,,,,,,,,,,,,,,,N,0.0,0.0,9.0,10.0,2.0,1.0,38.0,41.0,9,10,2.0,2.0,38.0,42.0,9,9,1,1.0,0.0,N709UW,N709UW-AA-1,38.0,50.0,3.0,41.0,53.0,31.0,7.0,0.0,38,41,0.0,0.0
N710FR,252.0,2019,2,5,2,4,2019-05-02,F9,F9,20436,F9,109,,,,,F9,20436,F9,109,14843,1484306,34819,SJU,"San Juan, PR",PR,72,Puerto Rico,3,14100,1410005,34100,PHL,"Philadelphia, PA",PA,42,Pennsylvania,23,230,22.0,22.0,1.0,1.0,0001-0559,12.0,304.0,707.0,11.0,638,718.0,40.0,40.0,1.0,2.0,0600-0659,0.0,,0.0,248.0,266.0,243.0,1.0,1576.0,7,22.0,0.0,18.0,0.0,0.0,,,,0,,,,,,,,,,,,,,,,,,,,,,,,,,,,,,,,,,,,,,,,,,,,,N,-4.0,0.0,2.0,7.0,3.0,1.0,7.0,29.0,2,6,2.0,3.0,6.0,27.0,1,1,0,1.0,1.0,N710FR,N710FR-F9-0,6.0,19.0,22.0,28.0,41.0,,,1.0,6,28,0.0,0.0
N710FR,857.0,2019,2,5,2,4,2019-05-02,F9,F9,20436,F9,1163,,,,,F9,20436,F9,1163,14100,1410005,34100,PHL,"Philadelphia, PA",PA,42,Pennsylvania,23,13204,1320402,31454,MCO,"Orlando, FL",FL,12,Florida,33,810,47.0,47.0,1.0,3.0,0800-0859,36.0,933.0,1127.0,14.0,1053,1141.0,48.0,48.0,1.0,3.0,1000-1059,0.0,,0.0,163.0,164.0,114.0,1.0,861.0,4,47.0,0.0,1.0,0.0,0.0,,,,0,,,,,,,,,,,,,,,,,,,,,,,,,,,,,,,,,,,,,,,,,,,,,N,0.0,0.0,8.0,11.0,4.0,3.0,36.0,47.0,8,10,1.0,4.0,33.0,44.0,3,3,1,1.0,0.0,N710FR,N710FR-F9-1,36.0,48.0,11.0,47.0,59.0,29.0,7.0,0.0,36,47,0.0,0.0
N710PS,722.0,2019,2,5,2,4,2019-05-02,AA,AA_CODESHARE,19805,AA,5495,,,,,OH,20397,OH,5495,10874,1087402,30647,CAK,"Akron, OH",OH,39,Ohio,44,11057,1105703,31057,CLT,"Charlotte, NC",NC,37,North Carolina,36,730,-8.0,0.0,0.0,-1.0,0700-0759,16.0,738.0,842.0,28.0,914,910.0,-4.0,0.0,0.0,-1.0,0900-0959,0.0,,0.0,104.0,108.0,64.0,1.0,394.0,2,,,0.0,,0.0,,,,0,,,,,,,,,,,,,,,,,,,,,,,,,,,,,,,,,,,,,,,,,,,,,N,0.0,0.0,7.0,9.0,1.0,1.0,29.0,37.0,7,9,2.0,1.0,30.0,37.0,4,4,0,0.0,0.0,N710PS,N710PS-AA-0,30.0,41.0,8.0,38.0,49.0,,,0.0,30,38,0.0,0.0
N710UW,846.0,2019,2,5,2,4,2019-05-02,AA,AA,19805,AA,799,,,,,AA,19805,AA,799,10397,1039707,30397,ATL,"Atlanta, GA",GA,13,Georgia,34,11057,1105703,31057,CLT,"Charlotte, NC",NC,37,North Carolina,36,853,-7.0,0.0,0.0,-1.0,0800-0859,20.0,906.0,950.0,18.0,1011,1008.0,-3.0,0.0,0.0,-1.0,1000-1059,0.0,,0.0,78.0,82.0,44.0,1.0,226.0,1,,,0.0,,0.0,,,,0,,,,,,,,,,,,,,,,,,,,,,,,,,,,,,,,,,,,,,,,,,,,,N,0.0,0.0,8.0,10.0,3.0,1.0,35.0,41.0,8,10,4.0,1.0,36.0,41.0,8,8,0,0.0,0.0,N710UW,N710UW-AA-0,36.0,47.0,6.0,42.0,53.0,,,0.0,36,42,0.0,0.0
N711FR,600.0,2019,2,5,2,4,2019-05-02,F9,F9,20436,F9,2519,,,,,F9,20436,F9,2519,12391,1239103,31703,ISP,"Islip, NY",NY,36,New York,22,15304,1530402,33195,TPA,"Tampa, FL",FL,12,Florida,33,600,0.0,0.0,0.0,0.0,0600-0659,11.0,611.0,842.0,6.0,859,848.0,-11.0,0.0,0.0,-1.0,0800-0859,0.0,,0.0,179.0,168.0,151.0,1.0,1034.0,5,,,0.0,,0.0,,,,0,,,,,,,,,,,,,,,,,,,,,,,,,,,,,,,,,,,,,,,,,,,,,N,0.0,0.0,6.0,8.0,0.0,3.0,24.0,35.0,6,8,0.0,4.0,24.0,36.0,9,9,0,0.0,0.0,N711FR,N711FR-F9-0,24.0,36.0,11.0,35.0,47.0,,,0.0,24,35,0.0,0.0
N711HK,654.0,2019,2,5,2,4,2019-05-02,WN,WN,19393,WN,874,,,,,WN,19393,WN,874,13296,1329604,30721,MHT,"Manchester, NH",NH,33,New Hampshire,14,10821,1082106,30852,BWI,"Baltimore, MD",MD,24,Maryland,35,700,-6.0,0.0,0.0,-1.0,0700-0759,10.0,704.0,813.0,4.0,830,817.0,-13.0,0.0,0.0,-1.0,0800-0859,0.0,,0.0,90.0,83.0,69.0,1.0,377.0,2,,,0.0,,0.0,,,,0,,,,,,,,,,,,,,,,,,,,,,,,,,,,,,,,,,,,,,,,,,,,,N,0.0,0.0,6.0,8.0,4.0,1.0,28.0,33.0,7,8,0.0,2.0,28.0,34.0,3,3,0,1.0,1.0,N711HK,N711HK-WN-0,28.0,40.0,5.0,33.0,45.0,,,0.0,28,34,1.0,3.24
N711HK,909.0,2019,2,5,2,4,2019-05-02,WN,WN,19393,WN,874,,,,,WN,19393,WN,874,10821,1082106,30852,BWI,"Baltimore, MD",MD,24,Maryland,35,13342,1334207,33342,MKE,"Milwaukee, WI",WI,55,Wisconsin,45,910,-1.0,0.0,0.0,-1.0,0900-0959,9.0,918.0,1001.0,2.0,1020,1003.0,-17.0,0.0,0.0,-2.0,1000-1059,0.0,,0.0,130.0,114.0,103.0,1.0,641.0,3,,,0.0,,0.0,,,,0,,,,,,,,,,,,,,,,,,,,,,,,,,,,,,,,,,,,,,,,,,,,,N,0.0,4.0,9.0,10.0,1.0,0.0,37.0,44.0,9,10,1.0,1.0,37.0,45.0,4,4,1,1.0,0.0,N711HK,N711HK-WN-1,37.0,49.0,7.0,44.0,56.0,33.0,4.0,0.0,39,46,2.0,8.86
N711UW,511.0,2019,2,5,2,4,2019-05-02,AA,AA,19805,AA,424,,,,,AA,19805,AA,424,13495,1349505,33495,MSY,"New Orleans, LA",LA,22,Louisiana,72,11057,1105703,31057,CLT,"Charlotte, NC",NC,37,North Carolina,36,519,-8.0,0.0,0.0,-1.0,0001-0559,10.0,521.0,752.0,10.0,819,802.0,-17.0,0.0,0.0,-2.0,0800-0859,0.0,,0.0,120.0,111.0,91.0,1.0,651.0,3,,,0.0,,0.0,,,,0,,,,,,,,,,,,,,,,,,,,,,,,,,,,,,,,,,,,,,,,,,,,,N,4.0,0.0,5.0,8.0,1.0,0.0,25.0,32.0,5,8,1.0,1.0,25.0,33.0,8,8,0,0.0,0.0,N711UW,N711UW-AA-0,25.0,37.0,7.0,32.0,44.0,,,0.0,25,32,0.0,0.0
N712FR,601.0,2019,2,5,2,4,2019-05-02,F9,F9,20436,F9,1038,,,,,F9,20436,F9,1038,13204,1320402,31454,MCO,"Orlando, FL",FL,12,Florida,33,10792,1079206,30792,BUF,"Buffalo, NY",NY,36,New York,22,605,-4.0,0.0,0.0,-1.0,0600-0659,20.0,621.0,827.0,8.0,854,835.0,-19.0,0.0,0.0,-2.0,0800-0859,0.0,,0.0,169.0,154.0,126.0,1.0,1011.0,5,,,0.0,,0.0,,,,0,,,,,,,,,,,,,,,,,,,,,,,,,,,,,,,,,,,,,,,,,,,,,N,0.0,0.0,6.0,8.0,0.0,2.0,24.0,34.0,6,8,0.0,4.0,24.0,36.0,4,4,0,0.0,0.0,N712FR,N712FR-F9-0,24.0,36.0,10.0,34.0,46.0,,,0.0,24,34,0.0,0.0
N712JB,325.0,2019,2,5,2,4,2019-05-02,B6,B6,20409,B6,954,,,,,B6,20409,B6,954,14843,1484306,34819,SJU,"San Juan, PR",PR,72,Puerto Rico,3,11697,1169706,32467,FLL,"Fort Lauderdale, FL",FL,12,Florida,33,340,-15.0,0.0,0.0,-1.0,0001-0559,11.0,336.0,600.0,21.0,625,621.0,-4.0,0.0,0.0,-1.0,0600-0659,0.0,,0.0,165.0,176.0,144.0,1.0,1046.0,5,,,0.0,,0.0,,,,0,,,,,,,,,,,,,,,,,,,,,,,,,,,,,,,,,,,,,,,,,,,,,N,-4.0,0.0,3.0,6.0,2.0,1.0,10.0,25.0,3,6,3.0,2.0,11.0,26.0,8,8,0,0.0,0.0,N712JB,N712JB-B6-0,11.0,22.0,15.0,26.0,37.0,,,0.0,11,26,0.0,0.0
N712PS,523.0,2019,2,5,2,4,2019-05-02,AA,AA_CODESHARE,19805,AA,5532,,,,,OH,20397,OH,5532,13931,1393102,33667,ORF,"Norfolk, VA",VA,51,Virginia,38,11057,1105703,31057,CLT,"Charlotte, NC",NC,37,North Carolina,36,535,-12.0,0.0,0.0,-1.0,0001-0559,11.0,534.0,630.0,9.0,655,639.0,-16.0,0.0,0.0,-2.0,0600-0659,0.0,,0.0,80.0,76.0,56.0,1.0,290.0,2,,,0.0,,0.0,,,,0,,,,,,,,,,,,,,,,,,,,,,,,,,,,,,,,,,,,,,,,,,,,,N,0.0,0.0,5.0,6.0,2.0,3.0,22.0,27.0,5,6,2.0,4.0,22.0,28.0,9,9,0,1.0,1.0,N712PS,N712PS-AA-0,22.0,34.0,5.0,27.0,39.0,,,0.0,22,27,0.0,0.0
N712PS,730.0,2019,2,5,2,4,2019-05-02,AA,AA_CODESHARE,19805,AA,5683,,,,,OH,20397,OH,5683,11057,1105703,31057,CLT,"Charlotte, NC",NC,37,North Carolina,36,12992,1299206,32600,LIT,"Little Rock, AR",AR,5,Arkansas,71,735,-5.0,0.0,0.0,-1.0,0700-0759,17.0,747.0,822.0,3.0,851,825.0,-26.0,0.0,0.0,-2.0,0800-0859,0.0,,0.0,136.0,115.0,95.0,1.0,640.0,3,,,0.0,,0.0,,,,0,,,,,,,,,,,,,,,,,,,,,,,,,,,,,,,,,,,,,,,,,,,,,N,0.0,4.0,7.0,8.0,2.0,2.0,30.0,38.0,7,8,2.0,3.0,30.0,39.0,5,5,1,1.0,0.0,N712PS,N712PS-AA-1,30.0,42.0,8.0,38.0,50.0,27.0,3.0,0.0,30,38,0.0,0.0
N712SK,626.0,2019,2,5,2,4,2019-05-02,AA,AA_CODESHARE,19805,AA,2974,,,,,OO,20304,OO,2974,14698,1469802,34236,SBP,"San Luis Obispo, CA",CA,6,California,91,14107,1410702,30466,PHX,"Phoenix, AZ",AZ,4,Arizona,81,630,-4.0,0.0,0.0,-1.0,0600-0659,11.0,637.0,747.0,8.0,758,755.0,-3.0,0.0,0.0,-1.0,0700-0759,0.0,,0.0,88.0,89.0,70.0,1.0,509.0,3,,,0.0,,0.0,,,,0,,,,,,,,,,,,,,,,,,,,,,,,,,,,,,,,,,,,,,,,,,,,,N,12.0,8.0,6.0,7.0,2.0,4.0,38.0,40.0,6,7,2.0,4.0,38.0,40.0,2,2,0,0.0,0.0,N712SK,N712SK-AA-0,38.0,50.0,2.0,40.0,52.0,,,0.0,38,40,0.0,0.0
N712SW,528.0,2019,2,5,2,4,2019-05-02,WN,WN,19393,WN,1083,,,,,WN,19393,WN,1083,10140,1014005,30140,ABQ,"Albuquerque, NM",NM,35,New Mexico,86,12889,1288903,32211,LAS,"Las Vegas, NV",NV,32,Nevada,85,530,-2.0,0.0,0.0,-1.0,0001-0559,9.0,537.0,551.0,5.0,600,556.0,-4.0,0.0,0.0,-1.0,0600-0659,0.0,,0.0,90.0,88.0,74.0,1.0,486.0,2,,,0.0,,0.0,,,,0,,,,,,,,,,,,,,,,,,,,,,,,,,,,,,,,,,,,,,,,,,,,,N,8.0,12.0,5.0,5.0,2.0,4.0,30.0,36.0,5,6,2.0,0.0,30.0,36.0,3,3,0,1.0,1.0,N712SW,N712SW-WN-0,30.0,42.0,6.0,36.0,48.0,,,0.0,30,36,0.0,0.0
N712SW,636.0,2019,2,5,2,4,2019-05-02,WN,WN,19393,WN,1083,,,,,WN,19393,WN,1083,12889,1288903,32211,LAS,"Las Vegas, NV",NV,32,Nevada,85,14908,1490803,32575,SNA,"Santa Ana, CA",CA,6,California,91,635,1.0,1.0,0.0,0.0,0600-0659,11.0,647.0,728.0,4.0,740,732.0,-8.0,0.0,0.0,-1.0,0700-0759,0.0,,0.0,65.0,56.0,41.0,1.0,226.0,1,,,0.0,,0.0,,,,0,,,,,,,,,,,,,,,,,,,,,,,,,,,,,,,,,,,,,,,,,,,,,N,12.0,12.0,6.0,7.0,2.0,2.0,38.0,42.0,6,7,2.0,3.0,38.0,43.0,2,2,1,1.0,0.0,N712SW,N712SW-WN-1,38.0,50.0,4.0,42.0,54.0,36.0,2.0,0.0,38,42,0.0,0.0
N712TW,826.0,2019,2,5,2,4,2019-05-02,DL,DL,19790,DL,2371,,,,,DL,19790,DL,2371,12478,1247805,31703,JFK,"New York, NY",NY,36,New York,22,12889,1288903,32211,LAS,"Las Vegas, NV",NV,32,Nevada,85,830,-4.0,0.0,0.0,-1.0,0800-0859,30.0,856.0,1123.0,6.0,1109,1129.0,20.0,20.0,1.0,1.0,1100-1159,0.0,,0.0,339.0,363.0,327.0,1.0,2248.0,9,0.0,0.0,20.0,0.0,0.0,,,,0,,,,,,,,,,,,,,,,,,,,,,,,,,,,,,,,,,,,,,,,,,,,,N,0.0,12.0,8.0,11.0,2.0,2.0,34.0,58.0,8,11,2.0,1.0,34.0,57.0,1,1,0,0.0,0.0,N712TW,N712TW-DL-0,34.0,46.0,24.0,58.0,70.0,,,1.0,34,58,0.0,0.0
N712US,715.0,2019,2,5,2,4,2019-05-02,AA,AA,19805,AA,1753,,,,,AA,19805,AA,1753,14122,1412202,30198,PIT,"Pittsburgh, PA",PA,42,Pennsylvania,23,11057,1105703,31057,CLT,"Charlotte, NC",NC,37,North Carolina,36,702,13.0,13.0,0.0,0.0,0700-0759,19.0,734.0,839.0,9.0,846,848.0,2.0,2.0,0.0,0.0,0800-0859,0.0,,0.0,104.0,93.0,65.0,1.0,366.0,2,,,0.0,,0.0,,,,0,,,,,,,,,,,,,,,,,,,,,,,,,,,,,,,,,,,,,,,,,,,,,N,0.0,0.0,7.0,8.0,1.0,3.0,29.0,35.0,7,8,0.0,3.0,28.0,35.0,5,5,0,0.0,0.0,N712US,N712US-AA-0,29.0,41.0,6.0,35.0,47.0,,,0.0,29,35,0.0,0.0
N713FR,54.0,2019,2,5,2,4,2019-05-02,F9,F9,20436,F9,86,,,,,F9,20436,F9,86,12889,1288903,32211,LAS,"Las Vegas, NV",NV,32,Nevada,85,15016,1501606,31123,STL,"St. Louis, MO",MO,29,Missouri,64,52,2.0,2.0,0.0,0.0,0001-0559,17.0,111.0,544.0,8.0,600,552.0,-8.0,0.0,0.0,-1.0,0600-0659,0.0,,0.0,188.0,178.0,153.0,1.0,1371.0,6,,,0.0,,0.0,,,,0,,,,,,,,,,,,,,,,,,,,,,,,,,,,,,,,,,,,,,,,,,,,,N,12.0,4.0,0.0,5.0,4.0,3.0,16.0,27.0,0,6,3.0,0.0,15.0,28.0,8,8,0,1.0,1.0,N713FR,N713FR-F9-0,16.0,28.0,11.0,27.0,39.0,,,0.0,16,27,0.0,0.0
N713FR,739.0,2019,2,5,2,4,2019-05-02,F9,F9,20436,F9,1210,,,,,F9,20436,F9,1210,15016,1501606,31123,STL,"St. Louis, MO",MO,29,Missouri,64,13204,1320402,31454,MCO,"Orlando, FL",FL,12,Florida,33,745,-6.0,0.0,0.0,-1.0,0700-0759,15.0,754.0,1107.0,8.0,1059,1115.0,16.0,16.0,1.0,1.0,1000-1059,0.0,,0.0,134.0,156.0,133.0,1.0,882.0,4,0.0,0.0,16.0,0.0,0.0,,,,0,,,,,,,,,,,,,,,,,,,,,,,,,,,,,,,,,,,,,,,,,,,,,N,4.0,0.0,7.0,11.0,3.0,1.0,35.0,45.0,7,10,3.0,4.0,35.0,44.0,3,3,1,1.0,0.0,N713FR,N713FR-F9-1,35.0,47.0,10.0,45.0,57.0,27.0,8.0,1.0,35,47,2.0,6.98
N713SK,652.0,2019,2,5,2,4,2019-05-02,AA,AA_CODESHARE,19805,AA,3005,,,,,OO,20304,OO,3005,11823,1182304,31823,FWA,"Fort Wayne, IN",IN,18,Indiana,42,11057,1105703,31057,CLT,"Charlotte, NC",NC,37,North Carolina,36,702,-10.0,0.0,0.0,-1.0,0700-0759,30.0,722.0,835.0,9.0,851,844.0,-7.0,0.0,0.0,-1.0,0800-0859,0.0,,0.0,109.0,112.0,73.0,1.0,460.0,2,,,0.0,,0.0,,,,0,,,,,,,,,,,,,,,,,,,,,,,,,,,,,,,,,,,,,,,,,,,,,N,0.0,0.0,6.0,8.0,3.0,3.0,27.0,35.0,7,8,0.0,3.0,28.0,35.0,6,6,0,1.0,1.0,N713SK,N713SK-AA-0,28.0,39.0,8.0,36.0,47.0,,,0.0,28,36,0.0,0.0
N713SK,938.0,2019,2,5,2,4,2019-05-02,AA,AA_CODESHARE,19805,AA,2962,,,,,OO,20304,OO,2962,11057,1105703,31057,CLT,"Charlotte, NC",NC,37,North Carolina,36,14730,1473003,33044,SDF,"Louisville, KY",KY,21,Kentucky,52,945,-7.0,0.0,0.0,-1.0,0900-0959,30.0,1008.0,1108.0,7.0,1132,1115.0,-17.0,0.0,0.0,-2.0,1100-1159,0.0,,0.0,107.0,97.0,60.0,1.0,335.0,2,,,0.0,,0.0,,,,0,,,,,,,,,,,,,,,,,,,,,,,,,,,,,,,,,,,,,,,,,,,,,N,0.0,0.0,9.0,11.0,3.0,1.0,39.0,45.0,9,11,3.0,2.0,39.0,46.0,8,8,1,1.0,0.0,N713SK,N713SK-AA-1,39.0,51.0,6.0,45.0,57.0,35.0,4.0,0.0,40,46,1.0,8.3
N713SW,525.0,2019,2,5,2,4,2019-05-02,WN,WN,19393,WN,1865,,,,,WN,19393,WN,1865,13495,1349505,33495,MSY,"New Orleans, LA",LA,22,Louisiana,72,12889,1288903,32211,LAS,"Las Vegas, NV",NV,32,Nevada,85,525,0.0,0.0,0.0,0.0,0001-0559,9.0,534.0,701.0,3.0,710,704.0,-6.0,0.0,0.0,-1.0,0700-0759,0.0,,0.0,225.0,219.0,207.0,1.0,1500.0,7,,,0.0,,0.0,,,,0,,,,,,,,,,,,,,,,,,,,,,,,,,,,,,,,,,,,,,,,,,,,,N,4.0,12.0,5.0,7.0,2.0,0.0,26.0,40.0,5,7,2.0,1.0,26.0,41.0,5,5,0,0.0,0.0,N713SW,N713SW-WN-0,26.0,38.0,14.0,40.0,52.0,,,0.0,26,40,0.0,0.0
N713UW,608.0,2019,2,5,2,4,2019-05-02,AA,AA,19805,AA,2177,,,,,AA,19805,AA,2177,14986,1498603,34986,SRQ,"Sarasota/Bradenton, FL",FL,12,Florida,33,11057,1105703,31057,CLT,"Charlotte, NC",NC,37,North Carolina,36,613,-5.0,0.0,0.0,-1.0,0600-0659,13.0,621.0,748.0,19.0,805,807.0,2.0,2.0,0.0,0.0,0800-0859,0.0,,0.0,112.0,119.0,87.0,1.0,547.0,3,,,0.0,,0.0,,,,0,,,,,,,,,,,,,,,,,,,,,,,,,,,,,,,,,,,,,,,,,,,,,N,0.0,0.0,6.0,8.0,1.0,0.0,25.0,32.0,6,8,1.0,0.0,25.0,32.0,3,3,0,0.0,0.0,N713UW,N713UW-AA-0,25.0,37.0,7.0,32.0,44.0,,,0.0,25,32,0.0,0.0
N714CB,632.0,2019,2,5,2,4,2019-05-02,WN,WN,19393,WN,2035,,,,,WN,19393,WN,2035,12191,1219102,31453,HOU,"Houston, TX",TX,48,Texas,74,12953,1295304,31703,LGA,"New York, NY",NY,36,New York,22,620,12.0,12.0,0.0,0.0,0600-0659,10.0,642.0,1049.0,15.0,1050,1104.0,14.0,14.0,0.0,0.0,1000-1059,0.0,,0.0,210.0,212.0,187.0,1.0,1428.0,6,,,0.0,,0.0,,,,0,,,,,,,,,,,,,,,,,,,,,,,,,,,,,,,,,,,,,,,,,,,,,N,4.0,0.0,6.0,11.0,2.0,0.0,30.0,44.0,6,10,1.0,3.0,29.0,43.0,5,5,0,0.0,0.0,N714CB,N714CB-WN-0,30.0,42.0,14.0,44.0,56.0,,,0.0,30,46,2.0,11.0
N714FR,651.0,2019,2,5,2,4,2019-05-02,F9,F9,20436,F9,1043,,,,,F9,20436,F9,1043,11042,1104205,30647,CLE,"Cleveland, OH",OH,39,Ohio,44,13204,1320402,31454,MCO,"Orlando, FL",FL,12,Florida,33,700,-9.0,0.0,0.0,-1.0,0700-0759,14.0,705.0,906.0,14.0,930,920.0,-10.0,0.0,0.0,-1.0,0900-0959,0.0,,0.0,150.0,149.0,121.0,1.0,895.0,4,,,0.0,,0.0,,,,0,,,,,,,,,,,,,,,,,,,,,,,,,,,,,,,,,,,,,,,,,,,,,N,0.0,0.0,6.0,9.0,3.0,1.0,27.0,37.0,7,9,0.0,2.0,28.0,38.0,2,2,0,0.0,0.0,N714FR,N714FR-F9-0,28.0,39.0,10.0,38.0,49.0,,,0.0,28,39,1.0,2.28
N714US,512.0,2019,2,5,2,4,2019-05-02,AA,AA,19805,AA,2012,,,,,AA,19805,AA,2012,12451,1245102,31136,JAX,"Jacksonville, FL",FL,12,Florida,33,14100,1410005,34100,PHL,"Philadelphia, PA",PA,42,Pennsylvania,23,515,-3.0,0.0,0.0,-1.0,0001-0559,11.0,523.0,719.0,9.0,724,728.0,4.0,4.0,0.0,0.0,0700-0759,0.0,,0.0,129.0,136.0,116.0,1.0,742.0,3,,,0.0,,0.0,,,,0,,,,,,,,,,,,,,,,,,,,,,,,,,,,,,,,,,,,,,,,,,,,,N,0.0,0.0,5.0,7.0,1.0,2.0,21.0,30.0,5,7,1.0,2.0,21.0,30.0,1,1,0,0.0,0.0,N714US,N714US-AA-0,21.0,33.0,9.0,30.0,42.0,,,0.0,21,30,0.0,0.0
N715FR,635.0,2019,2,5,2,4,2019-05-02,F9,F9,20436,F9,1162,,,,,F9,20436,F9,1162,13204,1320402,31454,MCO,"Orlando, FL",FL,12,Florida,33,14100,1410005,34100,PHL,"Philadelphia, PA",PA,42,Pennsylvania,23,635,0.0,0.0,0.0,0.0,0600-0659,18.0,653.0,853.0,7.0,912,900.0,-12.0,0.0,0.0,-1.0,0900-0959,0.0,,0.0,157.0,145.0,120.0,1.0,861.0,4,,,0.0,,0.0,,,,0,,,,,,,,,,,,,,,,,,,,,,,,,,,,,,,,,,,,,,,,,,,,,N,0.0,0.0,6.0,9.0,2.0,0.0,26.0,36.0,6,9,2.0,1.0,26.0,37.0,5,5,0,0.0,0.0,N715FR,N715FR-F9-0,26.0,38.0,10.0,36.0,48.0,,,0.0,26,38,2.0,10.78
N715JB,838.0,2019,2,5,2,4,2019-05-02,B6,B6,20409,B6,272,,,,,B6,20409,B6,272,11697,1169706,32467,FLL,"Fort Lauderdale, FL",FL,12,Florida,33,12953,1295304,31703,LGA,"New York, NY",NY,36,New York,22,605,153.0,153.0,1.0,10.0,0600-0659,21.0,859.0,1121.0,2.0,853,1123.0,150.0,150.0,1.0,10.0,0800-0859,0.0,,0.0,168.0,165.0,142.0,1.0,1076.0,5,140.0,0.0,0.0,0.0,10.0,659.0,15.0,15.0,0,,,,,,,,,,,,,,,,,,,,,,,,,,,,,,,,,,,,,,,,,,,,,N,0.0,0.0,8.0,11.0,3.0,2.0,35.0,46.0,6,8,0.0,4.0,24.0,36.0,8,8,0,0.0,0.0,N715JB,N715JB-B6-0,34.0,47.0,11.0,45.0,58.0,,,1.0,35,46,1.0,8.14
N715SW,506.0,2019,2,5,2,4,2019-05-02,WN,WN,19393,WN,746,,,,,WN,19393,WN,746,10721,1072102,30721,BOS,"Boston, MA",MA,25,Massachusetts,13,10821,1082106,30852,BWI,"Baltimore, MD",MD,24,Maryland,35,510,-4.0,0.0,0.0,-1.0,0001-0559,12.0,518.0,623.0,5.0,640,628.0,-12.0,0.0,0.0,-1.0,0600-0659,0.0,,0.0,90.0,82.0,65.0,1.0,369.0,2,,,0.0,,0.0,,,,0,,,,,,,,,,,,,,,,,,,,,,,,,,,,,,,,,,,,,,,,,,,,,N,0.0,0.0,5.0,6.0,0.0,2.0,20.0,26.0,5,6,1.0,3.0,21.0,27.0,3,3,0,1.0,1.0,N715SW,N715SW-WN-0,21.0,32.0,6.0,27.0,38.0,,,0.0,21,27,0.0,0.0
N715SW,815.0,2019,2,5,2,4,2019-05-02,WN,WN,19393,WN,1876,,,,,WN,19393,WN,1876,10821,1082106,30852,BWI,"Baltimore, MD",MD,24,Maryland,35,14492,1449202,34492,RDU,"Raleigh/Durham, NC",NC,37,North Carolina,36,815,0.0,0.0,0.0,0.0,0800-0859,12.0,827.0,916.0,3.0,930,919.0,-11.0,0.0,0.0,-1.0,0900-0959,0.0,,0.0,75.0,64.0,49.0,1.0,255.0,2,,,0.0,,0.0,,,,0,,,,,,,,,,,,,,,,,,,,,,,,,,,,,,,,,,,,,,,,,,,,,N,0.0,0.0,8.0,9.0,1.0,1.0,33.0,37.0,8,9,1.0,2.0,33.0,38.0,5,5,1,1.0,0.0,N715SW,N715SW-WN-1,33.0,45.0,4.0,37.0,49.0,26.0,7.0,0.0,34,38,1.0,5.14
N715UW,654.0,2019,2,5,2,4,2019-05-02,AA,AA,19805,AA,1434,,,,,AA,19805,AA,1434,13577,1357702,31135,MYR,"Myrtle Beach, SC",SC,45,South Carolina,37,11057,1105703,31057,CLT,"Charlotte, NC",NC,37,North Carolina,36,702,-8.0,0.0,0.0,-1.0,0700-0759,21.0,715.0,755.0,14.0,821,809.0,-12.0,0.0,0.0,-1.0,0800-0859,0.0,,0.0,79.0,75.0,40.0,1.0,157.0,1,,,0.0,,0.0,,,,0,,,,,,,,,,,,,,,,,,,,,,,,,,,,,,,,,,,,,,,,,,,,,N,0.0,0.0,6.0,8.0,4.0,1.0,28.0,33.0,7,8,0.0,1.0,28.0,33.0,9,9,0,1.0,1.0,N715UW,N715UW-AA-0,28.0,40.0,5.0,33.0,45.0,,,0.0,28,33,0.0,0.0
N715UW,919.0,2019,2,5,2,4,2019-05-02,AA,AA,19805,AA,2005,,,,,AA,19805,AA,2005,11057,1105703,31057,CLT,"Charlotte, NC",NC,37,North Carolina,36,15096,1509602,35096,SYR,"Syracuse, NY",NY,36,New York,22,920,-1.0,0.0,0.0,-1.0,0900-0959,11.0,930.0,1056.0,4.0,1107,1100.0,-7.0,0.0,0.0,-1.0,1100-1159,0.0,,0.0,107.0,101.0,86.0,1.0,603.0,3,,,0.0,,0.0,,,,0,,,,,,,,,,,,,,,,,,,,,,,,,,,,,,,,,,,,,,,,,,,,,N,0.0,0.0,9.0,11.0,1.0,0.0,37.0,44.0,9,11,1.0,0.0,37.0,44.0,5,5,1,1.0,0.0,N715UW,N715UW-AA-1,37.0,49.0,7.0,44.0,56.0,33.0,4.0,0.0,37,44,0.0,0.0
N716FR,607.0,2019,2,5,2,4,2019-05-02,F9,F9,20436,F9,486,,,,,F9,20436,F9,486,11292,1129202,30325,DEN,"Denver, CO",CO,8,Colorado,82,14635,1463502,31714,RSW,"Fort Myers, FL",FL,12,Florida,33,600,7.0,7.0,0.0,0.0,0600-0659,14.0,621.0,1141.0,12.0,1156,1153.0,-3.0,0.0,0.0,-1.0,1100-1159,0.0,,0.0,236.0,226.0,200.0,1.0,1607.0,7,,,0.0,,0.0,,,,0,,,,,,,,,,,,,,,,,,,,,,,,,,,,,,,,,,,,,,,,,,,,,N,8.0,0.0,6.0,11.0,0.0,4.0,32.0,48.0,6,11,0.0,4.0,32.0,48.0,5,5,0,0.0,0.0,N716FR,N716FR-F9-0,32.0,44.0,16.0,48.0,60.0,,,0.0,32,48,0.0,0.0
N716PS,600.0,2019,2,5,2,4,2019-05-02,AA,AA_CODESHARE,19805,AA,5202,,,,,OH,20397,OH,5202,14307,1430705,30721,PVD,"Providence, RI",RI,44,Rhode Island,15,11278,1127805,30852,DCA,"Washington, DC",VA,51,Virginia,38,609,-9.0,0.0,0.0,-1.0,0600-0659,11.0,611.0,722.0,4.0,744,726.0,-18.0,0.0,0.0,-2.0,0700-0759,0.0,,0.0,95.0,86.0,71.0,1.0,356.0,2,,,0.0,,0.0,,,,0,,,,,,,,,,,,,,,,,,,,,,,,,,,,,,,,,,,,,,,,,,,,,N,0.0,0.0,6.0,7.0,0.0,2.0,24.0,30.0,6,7,1.0,3.0,25.0,31.0,5,5,0,1.0,1.0,N716PS,N716PS-AA-0,25.0,36.0,6.0,31.0,42.0,,,0.0,25,31,0.0,0.0
N716PS,829.0,2019,2,5,2,4,2019-05-02,AA,AA_CODESHARE,19805,AA,5528,,,,,OH,20397,OH,5528,11278,1127805,30852,DCA,"Washington, DC",VA,51,Virginia,38,10599,1059904,30599,BHM,"Birmingham, AL",AL,1,Alabama,51,830,-1.0,0.0,0.0,-1.0,0800-0859,19.0,848.0,919.0,3.0,939,922.0,-17.0,0.0,0.0,-2.0,0900-0959,0.0,,0.0,129.0,113.0,91.0,1.0,653.0,3,,,0.0,,0.0,,,,0,,,,,,,,,,,,,,,,,,,,,,,,,,,,,,,,,,,,,,,,,,,,,N,0.0,4.0,8.0,9.0,2.0,1.0,34.0,41.0,8,9,2.0,3.0,34.0,43.0,6,6,1,1.0,0.0,N716PS,N716PS-AA-1,34.0,46.0,7.0,41.0,53.0,30.0,4.0,0.0,35,42,1.0,6.26
N716SK,657.0,2019,2,5,2,4,2019-05-02,AA,AA_CODESHARE,19805,AA,3049,,,,,OO,20304,OO,3049,13851,1385103,33851,OKC,"Oklahoma City, OK",OK,40,Oklahoma,73,11057,1105703,31057,CLT,"Charlotte, NC",NC,37,North Carolina,36,702,-5.0,0.0,0.0,-1.0,0700-0759,20.0,717.0,1023.0,14.0,1034,1037.0,3.0,3.0,0.0,0.0,1000-1059,0.0,,0.0,152.0,160.0,126.0,1.0,940.0,4,,,0.0,,0.0,,,,0,,,,,,,,,,,,,,,,,,,,,,,,,,,,,,,,,,,,,,,,,,,,,N,4.0,0.0,6.0,10.0,4.0,2.0,32.0,42.0,7,10,0.0,2.0,32.0,42.0,9,9,0,0.0,0.0,N716SK,N716SK-AA-0,32.0,44.0,10.0,42.0,54.0,,,0.0,32,42,0.0,0.0
N716SW,514.0,2019,2,5,2,4,2019-05-02,WN,WN,19393,WN,429,,,,,WN,19393,WN,429,14893,1489302,33192,SMF,"Sacramento, CA",CA,6,California,91,12892,1289208,32575,LAX,"Los Angeles, CA",CA,6,California,91,515,-1.0,0.0,0.0,-1.0,0001-0559,10.0,524.0,626.0,4.0,640,630.0,-10.0,0.0,0.0,-1.0,0600-0659,0.0,,0.0,85.0,76.0,62.0,1.0,373.0,2,,,0.0,,0.0,,,,0,,,,,,,,,,,,,,,,,,,,,,,,,,,,,,,,,,,,,,,,,,,,,N,12.0,12.0,5.0,6.0,1.0,2.0,33.0,38.0,5,6,1.0,3.0,33.0,39.0,7,7,0,0.0,0.0,N716SW,N716SW-WN-0,33.0,45.0,5.0,38.0,50.0,,,0.0,33,38,0.0,0.0
N716UW,622.0,2019,2,5,2,4,2019-05-02,AA,AA,19805,AA,637,,,,,AA,19805,AA,637,11066,1106606,31066,CMH,"Columbus, OH",OH,39,Ohio,44,12892,1289208,32575,LAX,"Los Angeles, CA",CA,6,California,91,625,-3.0,0.0,0.0,-1.0,0600-0659,13.0,635.0,822.0,13.0,847,835.0,-12.0,0.0,0.0,-1.0,0800-0859,0.0,,0.0,322.0,313.0,287.0,1.0,1995.0,8,,,0.0,,0.0,,,,0,,,,,,,,,,,,,,,,,,,,,,,,,,,,,,,,,,,,,,,,,,,,,N,0.0,12.0,6.0,8.0,1.0,2.0,25.0,46.0,6,8,2.0,3.0,26.0,47.0,2,2,0,0.0,0.0,N716UW,N716UW-AA-0,26.0,37.0,21.0,47.0,58.0,,,0.0,26,47,0.0,0.0
N717FR,756.0,2019,2,5,2,4,2019-05-02,F9,F9,20436,F9,100,,,,,F9,20436,F9,100,13204,1320402,31454,MCO,"Orlando, FL",FL,12,Florida,33,10397,1039707,30397,ATL,"Atlanta, GA",GA,13,Georgia,34,759,-3.0,0.0,0.0,-1.0,0700-0759,14.0,810.0,913.0,10.0,935,923.0,-12.0,0.0,0.0,-1.0,0900-0959,0.0,,0.0,96.0,87.0,63.0,1.0,404.0,2,,,0.0,,0.0,,,,0,,,,,,,,,,,,,,,,,,,,,,,,,,,,,,,,,,,,,,,,,,,,,N,0.0,0.0,7.0,9.0,4.0,2.0,32.0,38.0,7,9,4.0,2.0,32.0,38.0,5,5,0,0.0,0.0,N717FR,N717FR-F9-0,32.0,44.0,6.0,38.0,50.0,,,0.0,32,38,0.0,0.0
N718FR,53.0,2019,2,5,2,4,2019-05-02,F9,F9,20436,F9,1418,,,,,F9,20436,F9,1418,12889,1288903,32211,LAS,"Las Vegas, NV",NV,32,Nevada,85,13930,1393007,30977,ORD,"Chicago, IL",IL,17,Illinois,41,57,-4.0,0.0,0.0,-1.0,0001-0559,16.0,109.0,557.0,19.0,635,616.0,-19.0,0.0,0.0,-2.0,0600-0659,0.0,,0.0,218.0,203.0,168.0,1.0,1514.0,7,,,0.0,,0.0,,,,0,,,,,,,,,,,,,,,,,,,,,,,,,,,,,,,,,,,,,,,,,,,,,N,12.0,4.0,0.0,6.0,4.0,1.0,16.0,29.0,0,6,4.0,2.0,16.0,30.0,3,3,0,0.0,0.0,N718FR,N718FR-F9-0,16.0,28.0,13.0,29.0,41.0,,,0.0,17,30,1.0,3.38
N718PS,527.0,2019,2,5,2,4,2019-05-02,AA,AA_CODESHARE,19805,AA,5584,,,,,OH,20397,OH,5584,15249,1524906,35249,TLH,"Tallahassee, FL",FL,12,Florida,33,11057,1105703,31057,CLT,"Charlotte, NC",NC,37,North Carolina,36,526,1.0,1.0,0.0,0.0,0001-0559,13.0,540.0,646.0,8.0,655,654.0,-1.0,0.0,0.0,-1.0,0600-0659,0.0,,0.0,89.0,87.0,66.0,1.0,386.0,2,,,0.0,,0.0,,,,0,,,,,,,,,,,,,,,,,,,,,,,,,,,,,,,,,,,,,,,,,,,,,N,0.0,0.0,5.0,6.0,2.0,4.0,22.0,28.0,5,6,2.0,4.0,22.0,28.0,3,3,0,1.0,1.0,N718PS,N718PS-AA-0,22.0,34.0,6.0,28.0,40.0,,,0.0,22,28,0.0,0.0
N718PS,800.0,2019,2,5,2,4,2019-05-02,AA,AA_CODESHARE,19805,AA,5111,,,,,OH,20397,OH,5111,11057,1105703,31057,CLT,"Charlotte, NC",NC,37,North Carolina,36,11267,1126702,31267,DAY,"Dayton, OH",OH,39,Ohio,44,809,-9.0,0.0,0.0,-1.0,0800-0859,36.0,836.0,935.0,5.0,948,940.0,-8.0,0.0,0.0,-1.0,0900-0959,0.0,,0.0,99.0,100.0,59.0,1.0,370.0,2,,,0.0,,0.0,,,,0,,,,,,,,,,,,,,,,,,,,,,,,,,,,,,,,,,,,,,,,,,,,,N,0.0,0.0,8.0,9.0,0.0,3.0,32.0,39.0,8,9,1.0,3.0,33.0,39.0,1,1,1,1.0,0.0,N718PS,N718PS-AA-1,33.0,44.0,7.0,40.0,51.0,28.0,4.0,0.0,37,44,4.0,7.46
N718SK,705.0,2019,2,5,2,4,2019-05-02,AA,AA_CODESHARE,19805,AA,3232,,,,,OO,20304,OO,3232,14696,1469608,34696,SBN,"South Bend, IN",IN,18,Indiana,42,11298,1129806,30194,DFW,"Dallas/Fort Worth, TX",TX,48,Texas,74,707,-2.0,0.0,0.0,-1.0,0700-0759,14.0,719.0,851.0,11.0,900,902.0,2.0,2.0,0.0,0.0,0900-0959,0.0,,0.0,173.0,177.0,152.0,1.0,846.0,4,,,0.0,,0.0,,,,0,,,,,,,,,,,,,,,,,,,,,,,,,,,,,,,,,,,,,,,,,,,,,N,0.0,4.0,7.0,9.0,0.0,0.0,28.0,40.0,7,9,0.0,0.0,28.0,40.0,4,4,0,0.0,0.0,N718SK,N718SK-AA-0,28.0,40.0,12.0,40.0,52.0,,,0.0,28,40,0.0,0.0
N718SW,637.0,2019,2,5,2,4,2019-05-02,WN,WN,19393,WN,2024,,,,,WN,19393,WN,2024,11278,1127805,30852,DCA,"Washington, DC",VA,51,Virginia,38,10693,1069302,30693,BNA,"Nashville, TN",TN,47,Tennessee,54,640,-3.0,0.0,0.0,-1.0,0600-0659,15.0,652.0,712.0,6.0,725,718.0,-7.0,0.0,0.0,-1.0,0700-0759,0.0,,0.0,105.0,101.0,80.0,1.0,562.0,3,,,0.0,,0.0,,,,0,,,,,,,,,,,,,,,,,,,,,,,,,,,,,,,,,,,,,,,,,,,,,N,0.0,4.0,6.0,7.0,2.0,1.0,26.0,33.0,6,7,3.0,2.0,27.0,34.0,6,6,0,0.0,0.0,N718SW,N718SW-WN-0,27.0,38.0,7.0,34.0,45.0,,,0.0,27,34,0.0,0.0
N718TW,714.0,2019,2,5,2,4,2019-05-02,DL,DL,19790,DL,1419,,,,,DL,19790,DL,1419,10721,1072102,30721,BOS,"Boston, MA",MA,25,Massachusetts,13,12892,1289208,32575,LAX,"Los Angeles, CA",CA,6,California,91,715,-1.0,0.0,0.0,-1.0,0700-0759,26.0,740.0,1030.0,11.0,1040,1041.0,1.0,1.0,0.0,0.0,1000-1059,0.0,,0.0,385.0,387.0,350.0,1.0,2611.0,11,,,0.0,,0.0,,,,0,,,,,,,,,,,,,,,,,,,,,,,,,,,,,,,,,,,,,,,,,,,,,N,0.0,12.0,7.0,10.0,1.0,3.0,29.0,55.0,7,10,1.0,3.0,29.0,55.0,3,3,0,0.0,0.0,N718TW,N718TW-DL-0,29.0,41.0,26.0,55.0,67.0,,,0.0,31,58,3.0,11.42
N719FR,759.0,2019,2,5,2,4,2019-05-02,F9,F9,20436,F9,2355,,,,,F9,20436,F9,2355,14100,1410005,34100,PHL,"Philadelphia, PA",PA,42,Pennsylvania,23,14635,1463502,31714,RSW,"Fort Myers, FL",FL,12,Florida,33,600,119.0,119.0,1.0,7.0,0600-0659,18.0,817.0,1041.0,8.0,911,1049.0,98.0,98.0,1.0,6.0,0900-0959,0.0,,0.0,191.0,170.0,144.0,1.0,993.0,4,98.0,0.0,0.0,0.0,0.0,,,,0,,,,,,,,,,,,,,,,,,,,,,,,,,,,,,,,,,,,,,,,,,,,,N,0.0,0.0,7.0,10.0,4.0,3.0,32.0,43.0,6,9,0.0,1.0,24.0,37.0,5,5,0,0.0,0.0,N719FR,N719FR-F9-0,32.0,44.0,11.0,43.0,55.0,,,0.0,32,43,0.0,0.0
N719SK,708.0,2019,2,5,2,4,2019-05-02,AA,AA_CODESHARE,19805,AA,3042,,,,,OO,20304,OO,3042,13930,1393007,30977,ORD,"Chicago, IL",IL,17,Illinois,41,11423,1142307,31423,DSM,"Des Moines, IA",IA,19,Iowa,61,716,-8.0,0.0,0.0,-1.0,0700-0759,25.0,733.0,829.0,4.0,841,833.0,-8.0,0.0,0.0,-1.0,0800-0859,0.0,,0.0,85.0,85.0,56.0,1.0,299.0,2,,,0.0,,0.0,,,,0,,,,,,,,,,,,,,,,,,,,,,,,,,,,,,,,,,,,,,,,,,,,,N,4.0,4.0,7.0,8.0,1.0,2.0,33.0,38.0,7,8,1.0,3.0,33.0,39.0,5,5,0,0.0,0.0,N719SK,N719SK-AA-0,33.0,45.0,5.0,38.0,50.0,,,0.0,33,38,0.0,0.0
N719SW,559.0,2019,2,5,2,4,2019-05-02,WN,WN,19393,WN,1309,,,,,WN,19393,WN,1309,11697,1169706,32467,FLL,"Fort Lauderdale, FL",FL,12,Florida,33,13495,1349505,33495,MSY,"New Orleans, LA",LA,22,Louisiana,72,600,-1.0,0.0,0.0,-1.0,0600-0659,20.0,619.0,656.0,3.0,705,659.0,-6.0,0.0,0.0,-1.0,0700-0759,0.0,,0.0,125.0,120.0,97.0,1.0,674.0,3,,,0.0,,0.0,,,,0,,,,,,,,,,,,,,,,,,,,,,,,,,,,,,,,,,,,,,,,,,,,,N,0.0,4.0,5.0,6.0,4.0,4.0,24.0,32.0,6,7,0.0,0.0,24.0,32.0,1,1,0,1.0,1.0,N719SW,N719SW-WN-0,24.0,36.0,8.0,32.0,44.0,,,0.0,24,32,0.0,0.0
N719SW,746.0,2019,2,5,2,4,2019-05-02,WN,WN,19393,WN,1309,,,,,WN,19393,WN,1309,13495,1349505,33495,MSY,"New Orleans, LA",LA,22,Louisiana,72,14679,1467903,33570,SAN,"San Diego, CA",CA,6,California,91,740,6.0,6.0,0.0,0.0,0700-0759,9.0,755.0,943.0,4.0,945,947.0,2.0,2.0,0.0,0.0,0900-0959,0.0,,0.0,245.0,241.0,228.0,1.0,1599.0,7,,,0.0,,0.0,,,,0,,,,,,,,,,,,,,,,,,,,,,,,,,,,,,,,,,,,,,,,,,,,,N,4.0,12.0,7.0,9.0,3.0,3.0,35.0,51.0,7,9,3.0,3.0,35.0,51.0,8,8,1,1.0,0.0,N719SW,N719SW-WN-1,35.0,47.0,16.0,51.0,63.0,32.0,3.0,0.0,35,51,0.0,0.0
N720WN,647.0,2019,2,5,2,4,2019-05-02,WN,WN,19393,WN,378,,,,,WN,19393,WN,378,14683,1468305,33214,SAT,"San Antonio, TX",TX,48,Texas,74,10397,1039707,30397,ATL,"Atlanta, GA",GA,13,Georgia,34,625,22.0,22.0,1.0,1.0,0600-0659,12.0,659.0,957.0,10.0,945,1007.0,22.0,22.0,1.0,1.0,0900-0959,0.0,,0.0,140.0,140.0,118.0,1.0,874.0,4,22.0,0.0,0.0,0.0,0.0,,,,0,,,,,,,,,,,,,,,,,,,,,,,,,,,,,,,,,,,,,,,,,,,,,N,4.0,0.0,6.0,10.0,3.0,0.0,31.0,40.0,6,9,2.0,3.0,30.0,39.0,6,6,0,0.0,0.0,N720WN,N720WN-WN-0,31.0,43.0,9.0,40.0,52.0,,,0.0,31,40,0.0,0.0
N721FR,557.0,2019,2,5,2,4,2019-05-02,F9,F9,20436,F9,2415,,,,,F9,20436,F9,2415,11042,1104205,30647,CLE,"Cleveland, OH",OH,39,Ohio,44,14107,1410702,30466,PHX,"Phoenix, AZ",AZ,4,Arizona,81,600,-3.0,0.0,0.0,-1.0,0600-0659,9.0,606.0,720.0,7.0,726,727.0,1.0,1.0,0.0,0.0,0700-0759,0.0,,0.0,266.0,270.0,254.0,1.0,1737.0,7,,,0.0,,0.0,,,,0,,,,,,,,,,,,,,,,,,,,,,,,,,,,,,,,,,,,,,,,,,,,,N,0.0,8.0,5.0,7.0,4.0,2.0,24.0,38.0,6,7,0.0,2.0,24.0,38.0,9,9,0,0.0,0.0,N721FR,N721FR-F9-0,24.0,36.0,14.0,38.0,50.0,,,0.0,24,38,0.0,0.0
N721TW,658.0,2019,2,5,2,4,2019-05-02,DL,DL,19790,DL,757,,,,,DL,19790,DL,757,12478,1247805,31703,JFK,"New York, NY",NY,36,New York,22,14771,1477104,32457,SFO,"San Francisco, CA",CA,6,California,91,700,-2.0,0.0,0.0,-1.0,0700-0759,33.0,731.0,1029.0,7.0,1028,1036.0,8.0,8.0,0.0,0.0,1000-1059,0.0,,0.0,388.0,398.0,358.0,1.0,2586.0,11,,,0.0,,0.0,,,,0,,,,,,,,,,,,,,,,,,,,,,,,,,,,,,,,,,,,,,,,,,,,,N,0.0,12.0,6.0,10.0,4.0,2.0,28.0,54.0,7,10,0.0,2.0,28.0,54.0,8,8,0,0.0,0.0,N721TW,N721TW-DL-0,28.0,40.0,26.0,54.0,66.0,,,0.0,28,54,0.0,0.0
N721UW,553.0,2019,2,5,2,4,2019-05-02,AA,AA,19805,AA,1746,,,,,AA,19805,AA,1746,11057,1105703,31057,CLT,"Charlotte, NC",NC,37,North Carolina,36,12953,1295304,31703,LGA,"New York, NY",NY,36,New York,22,600,-7.0,0.0,0.0,-1.0,0600-0659,11.0,604.0,722.0,5.0,751,727.0,-24.0,0.0,0.0,-2.0,0700-0759,0.0,,0.0,111.0,94.0,78.0,1.0,544.0,3,,,0.0,,0.0,,,,0,,,,,,,,,,,,,,,,,,,,,,,,,,,,,,,,,,,,,,,,,,,,,N,0.0,0.0,5.0,7.0,4.0,2.0,24.0,30.0,6,7,0.0,3.0,24.0,31.0,8,8,0,1.0,1.0,N721UW,N721UW-AA-0,24.0,36.0,6.0,30.0,42.0,,,0.0,24,30,0.0,0.0
N721UW,831.0,2019,2,5,2,4,2019-05-02,AA,AA,19805,AA,1746,,,,,AA,19805,AA,1746,12953,1295304,31703,LGA,"New York, NY",NY,36,New York,22,11057,1105703,31057,CLT,"Charlotte, NC",NC,37,North Carolina,36,836,-5.0,0.0,0.0,-1.0,0800-0859,30.0,901.0,1029.0,7.0,1049,1036.0,-13.0,0.0,0.0,-1.0,1000-1059,0.0,,0.0,133.0,125.0,88.0,1.0,544.0,3,,,0.0,,0.0,,,,0,,,,,,,,,,,,,,,,,,,,,,,,,,,,,,,,,,,,,,,,,,,,,N,0.0,0.0,8.0,10.0,2.0,2.0,34.0,42.0,8,10,2.0,3.0,34.0,43.0,2,2,1,1.0,0.0,N721UW,N721UW-AA-1,34.0,46.0,8.0,42.0,54.0,30.0,4.0,0.0,35,43,1.0,2.26
N721YX,732.0,2019,2,5,2,4,2019-05-02,UA,UA_CODESHARE,19977,UA,3649,,,,,YX,20452,YX,3649,14321,1432105,34321,PWM,"Portland, ME",ME,23,Maine,12,11618,1161802,31703,EWR,"Newark, NJ",NJ,34,New Jersey,21,720,12.0,12.0,0.0,0.0,0700-0759,9.0,741.0,841.0,11.0,859,852.0,-7.0,0.0,0.0,-1.0,0800-0859,0.0,,0.0,99.0,80.0,60.0,1.0,284.0,2,,,0.0,,0.0,,,,0,,,,,,,,,,,,,,,,,,,,,,,,,,,,,,,,,,,,,,,,,,,,,N,0.0,0.0,7.0,8.0,2.0,3.0,30.0,35.0,7,8,1.0,4.0,29.0,36.0,8,8,0,0.0,0.0,N721YX,N721YX-UA-0,30.0,42.0,5.0,35.0,47.0,,,0.0,30,35,0.0,0.0
N722FR,721.0,2019,2,5,2,4,2019-05-02,F9,F9,20436,F9,615,,,,,F9,20436,F9,615,13303,1330303,32467,MIA,"Miami, FL",FL,12,Florida,33,11292,1129202,30325,DEN,"Denver, CO",CO,8,Colorado,82,731,-10.0,0.0,0.0,-1.0,0700-0759,14.0,735.0,949.0,15.0,949,1004.0,15.0,15.0,1.0,1.0,0900-0959,0.0,,0.0,258.0,283.0,254.0,1.0,1709.0,7,0.0,0.0,15.0,0.0,0.0,,,,0,,,,,,,,,,,,,,,,,,,,,,,,,,,,,,,,,,,,,,,,,,,,,N,0.0,8.0,7.0,10.0,1.0,0.0,29.0,48.0,7,9,2.0,3.0,30.0,47.0,8,8,0,0.0,0.0,N722FR,N722FR-F9-0,30.0,41.0,19.0,49.0,60.0,,,1.0,30,49,0.0,0.0
N722US,725.0,2019,2,5,2,4,2019-05-02,AA,AA,19805,AA,1830,,,,,AA,19805,AA,1830,11057,1105703,31057,CLT,"Charlotte, NC",NC,37,North Carolina,36,12889,1288903,32211,LAS,"Las Vegas, NV",NV,32,Nevada,85,731,-6.0,0.0,0.0,-1.0,0700-0759,13.0,738.0,919.0,5.0,926,924.0,-2.0,0.0,0.0,-1.0,0900-0959,0.0,,0.0,295.0,299.0,281.0,1.0,1916.0,8,,,0.0,,0.0,,,,0,,,,,,,,,,,,,,,,,,,,,,,,,,,,,,,,,,,,,,,,,,,,,N,0.0,12.0,7.0,9.0,2.0,2.0,30.0,50.0,7,9,2.0,2.0,30.0,50.0,6,6,0,0.0,0.0,N722US,N722US-AA-0,30.0,42.0,20.0,50.0,62.0,,,0.0,30,50,0.0,0.0
N722YX,823.0,2019,2,5,2,4,2019-05-02,UA,UA_CODESHARE,19977,UA,3485,,,,,YX,20452,YX,3485,14122,1412202,30198,PIT,"Pittsburgh, PA",PA,42,Pennsylvania,23,13930,1393007,30977,ORD,"Chicago, IL",IL,17,Illinois,41,825,-2.0,0.0,0.0,-1.0,0800-0859,55.0,918.0,932.0,14.0,920,946.0,26.0,26.0,1.0,1.0,0900-0959,0.0,,0.0,115.0,143.0,74.0,1.0,413.0,2,0.0,0.0,26.0,0.0,0.0,,,,0,,,,,,,,,,,,,,,,,,,,,,,,,,,,,,,,,,,,,,,,,,,,,N,0.0,4.0,8.0,9.0,2.0,3.0,34.0,43.0,8,9,2.0,1.0,34.0,41.0,3,3,0,0.0,0.0,N722YX,N722YX-UA-0,34.0,46.0,9.0,43.0,55.0,,,2.0,34,43,0.0,0.0
N723FR,49.0,2019,2,5,2,4,2019-05-02,F9,F9,20436,F9,678,,,,,F9,20436,F9,678,11292,1129202,30325,DEN,"Denver, CO",CO,8,Colorado,82,13204,1320402,31454,MCO,"Orlando, FL",FL,12,Florida,33,33,16.0,16.0,1.0,1.0,0001-0559,15.0,104.0,623.0,12.0,606,635.0,29.0,29.0,1.0,1.0,0600-0659,0.0,,0.0,213.0,226.0,199.0,1.0,1546.0,7,16.0,0.0,13.0,0.0,0.0,,,,0,,,,,,,,,,,,,,,,,,,,,,,,,,,,,,,,,,,,,,,,,,,,,N,8.0,0.0,0.0,6.0,3.0,2.0,11.0,26.0,0,6,2.0,0.0,10.0,24.0,9,9,0,1.0,1.0,N723FR,N723FR-F9-0,10.0,23.0,15.0,25.0,38.0,,,1.0,10,25,0.0,0.0
N723FR,725.0,2019,2,5,2,4,2019-05-02,F9,F9,20436,F9,1143,,,,,F9,20436,F9,1143,13204,1320402,31454,MCO,"Orlando, FL",FL,12,Florida,33,13851,1385103,33851,OKC,"Oklahoma City, OK",OK,40,Oklahoma,73,735,-10.0,0.0,0.0,-1.0,0700-0759,14.0,739.0,905.0,6.0,935,911.0,-24.0,0.0,0.0,-2.0,0900-0959,0.0,,0.0,180.0,166.0,146.0,1.0,1069.0,5,,,0.0,,0.0,,,,0,,,,,,,,,,,,,,,,,,,,,,,,,,,,,,,,,,,,,,,,,,,,,N,0.0,4.0,7.0,9.0,2.0,1.0,30.0,41.0,7,9,2.0,2.0,30.0,42.0,6,6,1,1.0,0.0,N723FR,N723FR-F9-1,30.0,42.0,11.0,41.0,53.0,26.0,4.0,0.0,30,41,0.0,0.0
N723PS,654.0,2019,2,5,2,4,2019-05-02,AA,AA_CODESHARE,19805,AA,5087,,,,,OH,20397,OH,5087,10208,1020803,30208,AGS,"Augusta, GA",GA,13,Georgia,34,11057,1105703,31057,CLT,"Charlotte, NC",NC,37,North Carolina,36,700,-6.0,0.0,0.0,-1.0,0700-0759,23.0,717.0,751.0,22.0,816,813.0,-3.0,0.0,0.0,-1.0,0800-0859,0.0,,0.0,76.0,79.0,34.0,1.0,140.0,1,,,0.0,,0.0,,,,0,,,,,,,,,,,,,,,,,,,,,,,,,,,,,,,,,,,,,,,,,,,,,N,0.0,0.0,6.0,8.0,4.0,1.0,28.0,33.0,7,8,0.0,1.0,28.0,33.0,1,1,0,1.0,1.0,N723PS,N723PS-AA-0,28.0,40.0,5.0,33.0,45.0,,,0.0,28,33,0.0,0.0
N723PS,913.0,2019,2,5,2,4,2019-05-02,AA,AA_CODESHARE,19805,AA,5106,,,,,OH,20397,OH,5106,11057,1105703,31057,CLT,"Charlotte, NC",NC,37,North Carolina,36,10434,1043405,30434,AVP,"Scranton/Wilkes-Barre, PA",PA,42,Pennsylvania,23,919,-6.0,0.0,0.0,-1.0,0900-0959,18.0,931.0,1051.0,3.0,1103,1054.0,-9.0,0.0,0.0,-1.0,1100-1159,0.0,,0.0,104.0,101.0,80.0,1.0,509.0,3,,,0.0,,0.0,,,,0,,,,,,,,,,,,,,,,,,,,,,,,,,,,,,,,,,,,,,,,,,,,,N,0.0,0.0,9.0,10.0,1.0,4.0,37.0,44.0,9,11,1.0,0.0,37.0,44.0,4,4,1,1.0,0.0,N723PS,N723PS-AA-1,37.0,49.0,7.0,44.0,56.0,33.0,4.0,0.0,37,44,0.0,0.0
N723SW,526.0,2019,2,5,2,4,2019-05-02,WN,WN,19393,WN,775,,,,,WN,19393,WN,775,11292,1129202,30325,DEN,"Denver, CO",CO,8,Colorado,82,15016,1501606,31123,STL,"St. Louis, MO",MO,29,Missouri,64,530,-4.0,0.0,0.0,-1.0,0001-0559,12.0,538.0,809.0,5.0,825,814.0,-11.0,0.0,0.0,-1.0,0800-0859,0.0,,0.0,115.0,108.0,91.0,1.0,770.0,4,,,0.0,,0.0,,,,0,,,,,,,,,,,,,,,,,,,,,,,,,,,,,,,,,,,,,,,,,,,,,N,8.0,4.0,5.0,8.0,2.0,1.0,30.0,37.0,5,8,2.0,2.0,30.0,38.0,8,8,0,0.0,0.0,N723SW,N723SW-WN-0,30.0,42.0,7.0,37.0,49.0,,,0.0,30,37,0.0,0.0
N723TW,657.0,2019,2,5,2,4,2019-05-02,DL,DL,19790,DL,183,,,,,DL,19790,DL,183,12478,1247805,31703,JFK,"New York, NY",NY,36,New York,22,14747,1474703,30559,SEA,"Seattle, WA",WA,53,Washington,93,700,-3.0,0.0,0.0,-1.0,0700-0759,22.0,719.0,956.0,10.0,1004,1006.0,2.0,2.0,0.0,0.0,1000-1059,0.0,,0.0,364.0,369.0,337.0,1.0,2422.0,10,,,0.0,,0.0,,,,0,,,,,,,,,,,,,,,,,,,,,,,,,,,,,,,,,,,,,,,,,,,,,N,0.0,12.0,6.0,10.0,4.0,0.0,28.0,52.0,7,10,0.0,0.0,28.0,52.0,1,1,0,0.0,0.0,N723TW,N723TW-DL-0,28.0,40.0,24.0,52.0,64.0,,,0.0,28,52,0.0,0.0
N723UW,734.0,2019,2,5,2,4,2019-05-02,AA,AA,19805,AA,746,,,,,AA,19805,AA,746,11278,1127805,30852,DCA,"Washington, DC",VA,51,Virginia,38,15304,1530402,33195,TPA,"Tampa, FL",FL,12,Florida,33,740,-6.0,0.0,0.0,-1.0,0700-0759,22.0,756.0,957.0,3.0,1000,1000.0,0.0,0.0,0.0,0.0,1000-1059,0.0,,0.0,140.0,146.0,121.0,1.0,814.0,4,,,0.0,,0.0,,,,0,,,,,,,,,,,,,,,,,,,,,,,,,,,,,,,,,,,,,,,,,,,,,N,0.0,0.0,7.0,10.0,2.0,0.0,30.0,40.0,7,10,3.0,0.0,31.0,40.0,4,4,0,0.0,0.0,N723UW,N723UW-AA-0,31.0,42.0,10.0,41.0,52.0,,,0.0,31,41,0.0,0.0
N723YX,1036.0,2019,2,5,2,4,2019-05-02,UA,UA_CODESHARE,19977,UA,3476,,,,,YX,20452,YX,3476,11066,1106606,31066,CMH,"Columbus, OH",OH,39,Ohio,44,13930,1393007,30977,ORD,"Chicago, IL",IL,17,Illinois,41,845,111.0,111.0,1.0,7.0,0800-0859,20.0,1056.0,1056.0,10.0,920,1106.0,106.0,106.0,1.0,7.0,0900-0959,0.0,,0.0,95.0,90.0,60.0,1.0,296.0,2,106.0,0.0,0.0,0.0,0.0,,,,0,,,,,,,,,,,,,,,,,,,,,,,,,,,,,,,,,,,,,,,,,,,,,N,0.0,4.0,10.0,11.0,2.0,0.0,42.0,48.0,8,9,3.0,1.0,35.0,41.0,1,1,0,0.0,0.0,N723YX,N723YX-UA-0,42.0,54.0,6.0,48.0,60.0,,,0.0,42,49,1.0,1.3
N724SK,653.0,2019,2,5,2,4,2019-05-02,AA,AA_CODESHARE,19805,AA,3017,,,,,OO,20304,OO,3017,12197,1219702,31703,HPN,"White Plains, NY",NY,36,New York,22,13930,1393007,30977,ORD,"Chicago, IL",IL,17,Illinois,41,700,-7.0,0.0,0.0,-1.0,0700-0759,16.0,709.0,811.0,18.0,846,829.0,-17.0,0.0,0.0,-2.0,0800-0859,0.0,,0.0,166.0,156.0,122.0,1.0,738.0,3,,,0.0,,0.0,,,,0,,,,,,,,,,,,,,,,,,,,,,,,,,,,,,,,,,,,,,,,,,,,,N,0.0,4.0,6.0,8.0,4.0,2.0,28.0,38.0,7,8,0.0,3.0,28.0,39.0,7,7,0,0.0,0.0,N724SK,N724SK-AA-0,28.0,40.0,10.0,38.0,50.0,,,0.0,28,38,0.0,0.0
N724SW,624.0,2019,2,5,2,4,2019-05-02,WN,WN,19393,WN,117,,,,,WN,19393,WN,117,11278,1127805,30852,DCA,"Washington, DC",VA,51,Virginia,38,12191,1219102,31453,HOU,"Houston, TX",TX,48,Texas,74,630,-6.0,0.0,0.0,-1.0,0600-0659,12.0,636.0,834.0,12.0,850,846.0,-4.0,0.0,0.0,-1.0,0800-0859,0.0,,0.0,200.0,202.0,178.0,1.0,1218.0,5,,,0.0,,0.0,,,,0,,,,,,,,,,,,,,,,,,,,,,,,,,,,,,,,,,,,,,,,,,,,,N,0.0,4.0,6.0,8.0,2.0,3.0,26.0,39.0,6,8,2.0,3.0,26.0,39.0,8,8,0,0.0,0.0,N724SW,N724SW-WN-0,26.0,38.0,13.0,39.0,51.0,,,0.0,26,39,0.0,0.0
N724UW,851.0,2019,2,5,2,4,2019-05-02,AA,AA,19805,AA,1949,,,,,AA,19805,AA,1949,13230,1323002,32070,MDT,"Harrisburg, PA",PA,42,Pennsylvania,23,11057,1105703,31057,CLT,"Charlotte, NC",NC,37,North Carolina,36,835,16.0,16.0,1.0,1.0,0800-0859,21.0,912.0,1023.0,5.0,1023,1028.0,5.0,5.0,0.0,0.0,1000-1059,0.0,,0.0,108.0,97.0,71.0,1.0,413.0,2,,,0.0,,0.0,,,,0,,,,,,,,,,,,,,,,,,,,,,,,,,,,,,,,,,,,,,,,,,,,,N,0.0,0.0,8.0,10.0,3.0,2.0,35.0,42.0,8,10,2.0,2.0,34.0,42.0,6,6,0,0.0,0.0,N724UW,N724UW-AA-0,35.0,47.0,7.0,42.0,54.0,,,0.0,35,42,0.0,0.0
N725PS,656.0,2019,2,5,2,4,2019-05-02,AA,AA_CODESHARE,19805,AA,5303,,,,,OH,20397,OH,5303,11003,1100303,31003,CID,"Cedar Rapids/Iowa City, IA",IA,19,Iowa,61,11057,1105703,31057,CLT,"Charlotte, NC",NC,37,North Carolina,36,702,-6.0,0.0,0.0,-1.0,0700-0759,9.0,705.0,956.0,19.0,1026,1015.0,-11.0,0.0,0.0,-1.0,1000-1059,0.0,,0.0,144.0,139.0,111.0,1.0,742.0,3,,,0.0,,0.0,,,,0,,,,,,,,,,,,,,,,,,,,,,,,,,,,,,,,,,,,,,,,,,,,,N,4.0,0.0,6.0,10.0,4.0,1.0,32.0,41.0,7,10,0.0,2.0,32.0,42.0,3,3,0,0.0,0.0,N725PS,N725PS-AA-0,32.0,44.0,9.0,41.0,53.0,,,0.0,32,41,0.0,0.0
N725UW,531.0,2019,2,5,2,4,2019-05-02,AA,AA,19805,AA,2006,,,,,AA,19805,AA,2006,11433,1143302,31295,DTW,"Detroit, MI",MI,26,Michigan,43,14100,1410005,34100,PHL,"Philadelphia, PA",PA,42,Pennsylvania,23,528,3.0,3.0,0.0,0.0,0001-0559,12.0,543.0,701.0,6.0,710,707.0,-3.0,0.0,0.0,-1.0,0700-0759,0.0,,0.0,102.0,96.0,78.0,1.0,453.0,2,,,0.0,,0.0,,,,0,,,,,,,,,,,,,,,,,,,,,,,,,,,,,,,,,,,,,,,,,,,,,N,0.0,0.0,5.0,7.0,2.0,0.0,22.0,28.0,5,7,2.0,1.0,22.0,29.0,8,8,0,2.0,2.0,N725UW,N725UW-AA-0,22.0,34.0,6.0,28.0,40.0,,,0.0,22,28,0.0,0.0
N725UW,901.0,2019,2,5,2,4,2019-05-02,AA,AA,19805,AA,1993,,,,,AA,19805,AA,1993,14100,1410005,34100,PHL,"Philadelphia, PA",PA,42,Pennsylvania,23,13204,1320402,31454,MCO,"Orlando, FL",FL,12,Florida,33,915,-14.0,0.0,0.0,-1.0,0900-0959,23.0,924.0,1124.0,8.0,1159,1132.0,-27.0,0.0,0.0,-2.0,1100-1159,0.0,,0.0,164.0,151.0,120.0,1.0,861.0,4,,,0.0,,0.0,,,,0,,,,,,,,,,,,,,,,,,,,,,,,,,,,,,,,,,,,,,,,,,,,,N,0.0,0.0,9.0,11.0,0.0,2.0,36.0,46.0,9,11,1.0,4.0,37.0,48.0,8,8,1,2.0,1.0,N725UW,N725UW-AA-1,37.0,48.0,10.0,47.0,58.0,28.0,8.0,0.0,37,47,0.0,0.0
N725UW,1555.0,2019,2,5,2,4,2019-05-02,AA,AA,19805,AA,1809,,,,,AA,19805,AA,1809,14100,1410005,34100,PHL,"Philadelphia, PA",PA,42,Pennsylvania,23,11057,1105703,31057,CLT,"Charlotte, NC",NC,37,North Carolina,36,500,655.0,655.0,1.0,12.0,0001-0559,41.0,1636.0,1746.0,12.0,640,1758.0,678.0,678.0,1.0,12.0,0600-0659,0.0,,0.0,100.0,123.0,70.0,1.0,449.0,2,0.0,0.0,23.0,0.0,655.0,,,,0,,,,,,,,,,,,,,,,,,,,,,,,,,,,,,,,,,,,,,,,,,,,,N,0.0,0.0,15.0,17.0,4.0,4.0,64.0,72.0,5,6,0.0,3.0,20.0,27.0,3,3,2,2.0,0.0,N725UW,N725UW-AA-2,20.0,76.0,8.0,28.0,84.0,46.0,18.0,45.0,21,32,4.0,17.74
N725YX,544.0,2019,2,5,2,4,2019-05-02,UA,UA_CODESHARE,19977,UA,3593,,,,,YX,20452,YX,3593,11193,1119302,33105,CVG,"Cincinnati, OH",KY,21,Kentucky,52,11618,1161802,31703,EWR,"Newark, NJ",NJ,34,New Jersey,21,555,-11.0,0.0,0.0,-1.0,0001-0559,17.0,601.0,722.0,13.0,758,735.0,-23.0,0.0,0.0,-2.0,0700-0759,0.0,,0.0,123.0,111.0,81.0,1.0,569.0,3,,,0.0,,0.0,,,,0,,,,,,,,,,,,,,,,,,,,,,,,,,,,,,,,,,,,,,,,,,,,,N,0.0,0.0,5.0,7.0,3.0,2.0,23.0,30.0,5,7,4.0,4.0,24.0,32.0,2,2,0,1.0,1.0,N725YX,N725YX-UA-0,24.0,35.0,7.0,31.0,42.0,,,0.0,24,32,1.0,2.22
N725YX,845.0,2019,2,5,2,4,2019-05-02,UA,UA_CODESHARE,19977,UA,3493,,,,,YX,20452,YX,3493,11618,1161802,31703,EWR,"Newark, NJ",NJ,34,New Jersey,21,13198,1319801,33198,MCI,"Kansas City, MO",MO,29,Missouri,64,845,0.0,0.0,0.0,0.0,0800-0859,25.0,910.0,1059.0,6.0,1059,1105.0,6.0,6.0,0.0,0.0,1000-1059,0.0,,0.0,194.0,200.0,169.0,1.0,1092.0,5,,,0.0,,0.0,,,,0,,,,,,,,,,,,,,,,,,,,,,,,,,,,,,,,,,,,,,,,,,,,,N,0.0,4.0,8.0,11.0,3.0,0.0,35.0,48.0,8,10,3.0,4.0,35.0,48.0,2,2,1,1.0,0.0,N725YX,N725YX-UA-1,35.0,47.0,13.0,48.0,60.0,30.0,5.0,0.0,37,51,3.0,8.42
N726SK,611.0,2019,2,5,2,4,2019-05-02,AA,AA_CODESHARE,19805,AA,3140,,,,,OO,20304,OO,3140,13290,1329002,33290,MHK,"Manhattan/Ft. Riley, KS",KS,20,Kansas,62,11298,1129806,30194,DFW,"Dallas/Fort Worth, TX",TX,48,Texas,74,617,-6.0,0.0,0.0,-1.0,0600-0659,11.0,622.0,734.0,14.0,800,748.0,-12.0,0.0,0.0,-1.0,0800-0859,0.0,,0.0,103.0,97.0,72.0,1.0,431.0,2,,,0.0,,0.0,,,,0,,,,,,,,,,,,,,,,,,,,,,,,,,,,,,,,,,,,,,,,,,,,,N,4.0,4.0,6.0,7.0,1.0,3.0,29.0,35.0,6,8,1.0,0.0,29.0,36.0,9,9,0,1.0,1.0,N726SK,N726SK-AA-0,29.0,41.0,6.0,35.0,47.0,,,0.0,29,35,0.0,0.0
N726SK,941.0,2019,2,5,2,4,2019-05-02,AA,AA_CODESHARE,19805,AA,3212,,,,,OO,20304,OO,3212,11298,1129806,30194,DFW,"Dallas/Fort Worth, TX",TX,48,Texas,74,13256,1325602,33256,MFE,"Mission/McAllen/Edinburg, TX",TX,48,Texas,74,845,56.0,56.0,1.0,3.0,0800-0859,58.0,1039.0,1150.0,5.0,1024,1155.0,91.0,91.0,1.0,6.0,1000-1059,0.0,,0.0,99.0,134.0,71.0,1.0,469.0,2,56.0,0.0,35.0,0.0,0.0,,,,0,,,,,,,,,,,,,,,,,,,,,,,,,,,,,,,,,,,,,,,,,,,,,N,4.0,4.0,9.0,11.0,3.0,4.0,43.0,52.0,8,10,3.0,2.0,39.0,46.0,7,7,1,1.0,0.0,N726SK,N726SK-AA-1,41.0,55.0,9.0,50.0,64.0,35.0,8.0,2.0,41,50,0.0,0.0
N726SW,600.0,2019,2,5,2,4,2019-05-02,WN,WN,19393,WN,1329,,,,,WN,19393,WN,1329,14893,1489302,33192,SMF,"Sacramento, CA",CA,6,California,91,14107,1410702,30466,PHX,"Phoenix, AZ",AZ,4,Arizona,81,605,-5.0,0.0,0.0,-1.0,0600-0659,12.0,612.0,735.0,4.0,750,739.0,-11.0,0.0,0.0,-1.0,0700-0759,0.0,,0.0,105.0,99.0,83.0,1.0,647.0,3,,,0.0,,0.0,,,,0,,,,,,,,,,,,,,,,,,,,,,,,,,,,,,,,,,,,,,,,,,,,,N,12.0,8.0,6.0,7.0,0.0,3.0,36.0,39.0,6,7,0.0,3.0,36.0,39.0,1,1,0,0.0,0.0,N726SW,N726SW-WN-0,36.0,48.0,3.0,39.0,51.0,,,0.0,36,39,0.0,0.0
N726YX,714.0,2019,2,5,2,4,2019-05-02,UA,UA_CODESHARE,19977,UA,3506,,,,,YX,20452,YX,3506,11066,1106606,31066,CMH,"Columbus, OH",OH,39,Ohio,44,12266,1226603,31453,IAH,"Houston, TX",TX,48,Texas,74,640,34.0,34.0,1.0,2.0,0600-0659,14.0,728.0,910.0,5.0,843,915.0,32.0,32.0,1.0,2.0,0800-0859,0.0,,0.0,183.0,181.0,162.0,1.0,986.0,4,32.0,0.0,0.0,0.0,0.0,,,,0,,,,,,,,,,,,,,,,,,,,,,,,,,,,,,,,,,,,,,,,,,,,,N,0.0,4.0,7.0,9.0,1.0,1.0,29.0,41.0,6,8,3.0,3.0,27.0,39.0,2,2,0,0.0,0.0,N726YX,N726YX-UA-0,29.0,41.0,12.0,41.0,53.0,,,0.0,29,47,6.0,20.48
N727SW,558.0,2019,2,5,2,4,2019-05-02,WN,WN,19393,WN,806,,,,,WN,19393,WN,806,14771,1477104,32457,SFO,"San Francisco, CA",CA,6,California,91,14107,1410702,30466,PHX,"Phoenix, AZ",AZ,4,Arizona,81,600,-2.0,0.0,0.0,-1.0,0600-0659,10.0,608.0,734.0,5.0,755,739.0,-16.0,0.0,0.0,-2.0,0700-0759,0.0,,0.0,115.0,101.0,86.0,1.0,651.0,3,,,0.0,,0.0,,,,0,,,,,,,,,,,,,,,,,,,,,,,,,,,,,,,,,,,,,,,,,,,,,N,12.0,8.0,5.0,7.0,4.0,3.0,36.0,39.0,6,7,0.0,4.0,36.0,40.0,3,3,0,0.0,0.0,N727SW,N727SW-WN-0,36.0,48.0,3.0,39.0,51.0,,,0.0,36,39,0.0,0.0
N727TW,828.0,2019,2,5,2,4,2019-05-02,DL,DL,19790,DL,592,,,,,DL,19790,DL,592,12478,1247805,31703,JFK,"New York, NY",NY,36,New York,22,14771,1477104,32457,SFO,"San Francisco, CA",CA,6,California,91,815,13.0,13.0,0.0,0.0,0800-0859,30.0,858.0,1152.0,9.0,1155,1201.0,6.0,6.0,0.0,0.0,1100-1159,0.0,,0.0,400.0,393.0,354.0,1.0,2586.0,11,,,0.0,,0.0,,,,0,,,,,,,,,,,,,,,,,,,,,,,,,,,,,,,,,,,,,,,,,,,,,N,0.0,12.0,8.0,12.0,2.0,0.0,34.0,60.0,8,11,1.0,4.0,33.0,60.0,7,7,0,0.0,0.0,N727TW,N727TW-DL-0,34.0,46.0,26.0,60.0,72.0,,,0.0,34,60,0.0,0.0
N727YX,552.0,2019,2,5,2,4,2019-05-02,UA,UA_CODESHARE,19977,UA,3712,,,,,YX,20452,YX,3712,11986,1198603,31986,GRR,"Grand Rapids, MI",MI,26,Michigan,43,11618,1161802,31703,EWR,"Newark, NJ",NJ,34,New Jersey,21,555,-3.0,0.0,0.0,-1.0,0001-0559,12.0,604.0,746.0,12.0,759,758.0,-1.0,0.0,0.0,-1.0,0700-0759,0.0,,0.0,124.0,126.0,102.0,1.0,605.0,3,,,0.0,,0.0,,,,0,,,,,,,,,,,,,,,,,,,,,,,,,,,,,,,,,,,,,,,,,,,,,N,0.0,0.0,5.0,7.0,3.0,4.0,23.0,32.0,5,7,4.0,4.0,24.0,32.0,9,9,0,1.0,1.0,N727YX,N727YX-UA-0,24.0,35.0,9.0,33.0,44.0,,,0.0,24,33,0.0,0.0
N727YX,852.0,2019,2,5,2,4,2019-05-02,UA,UA_CODESHARE,19977,UA,3425,,,,,YX,20452,YX,3425,11618,1161802,31703,EWR,"Newark, NJ",NJ,34,New Jersey,21,14122,1412202,30198,PIT,"Pittsburgh, PA",PA,42,Pennsylvania,23,900,-8.0,0.0,0.0,-1.0,0900-0959,30.0,922.0,1025.0,5.0,1041,1030.0,-11.0,0.0,0.0,-1.0,1000-1059,0.0,,0.0,101.0,98.0,63.0,1.0,319.0,2,,,0.0,,0.0,,,,0,,,,,,,,,,,,,,,,,,,,,,,,,,,,,,,,,,,,,,,,,,,,,N,0.0,0.0,8.0,10.0,3.0,2.0,35.0,42.0,9,10,0.0,3.0,36.0,43.0,4,4,1,1.0,0.0,N727YX,N727YX-UA-1,36.0,47.0,7.0,43.0,54.0,32.0,3.0,0.0,36,43,0.0,0.0
N728SW,552.0,2019,2,5,2,4,2019-05-02,WN,WN,19393,WN,1060,,,,,WN,19393,WN,1060,13232,1323202,30977,MDW,"Chicago, IL",IL,17,Illinois,41,11278,1127805,30852,DCA,"Washington, DC",VA,51,Virginia,38,600,-8.0,0.0,0.0,-1.0,0600-0659,7.0,559.0,818.0,3.0,845,821.0,-24.0,0.0,0.0,-2.0,0800-0859,0.0,,0.0,105.0,89.0,79.0,1.0,601.0,3,,,0.0,,0.0,,,,0,,,,,,,,,,,,,,,,,,,,,,,,,,,,,,,,,,,,,,,,,,,,,N,4.0,0.0,5.0,8.0,3.0,1.0,27.0,33.0,6,8,0.0,3.0,28.0,35.0,3,3,0,1.0,1.0,N728SW,N728SW-WN-0,28.0,39.0,6.0,34.0,45.0,,,0.0,29,35,1.0,3.14
N728SW,923.0,2019,2,5,2,4,2019-05-02,WN,WN,19393,WN,1060,,,,,WN,19393,WN,1060,11278,1127805,30852,DCA,"Washington, DC",VA,51,Virginia,38,13198,1319801,33198,MCI,"Kansas City, MO",MO,29,Missouri,64,930,-7.0,0.0,0.0,-1.0,0900-0959,9.0,932.0,1104.0,4.0,1120,1108.0,-12.0,0.0,0.0,-1.0,1100-1159,0.0,,0.0,170.0,165.0,152.0,1.0,949.0,4,,,0.0,,0.0,,,,0,,,,,,,,,,,,,,,,,,,,,,,,,,,,,,,,,,,,,,,,,,,,,N,0.0,4.0,9.0,11.0,2.0,1.0,38.0,49.0,9,11,2.0,1.0,38.0,49.0,4,4,1,1.0,0.0,N728SW,N728SW-WN-1,38.0,50.0,11.0,49.0,61.0,33.0,5.0,0.0,41,52,3.0,14.52
N728YX,653.0,2019,2,5,2,4,2019-05-02,UA,UA_CODESHARE,19977,UA,3563,,,,,YX,20452,YX,3563,12339,1233904,32337,IND,"Indianapolis, IN",IN,18,Indiana,42,12266,1226603,31453,IAH,"Houston, TX",TX,48,Texas,74,700,-7.0,0.0,0.0,-1.0,0700-0759,25.0,718.0,857.0,8.0,842,905.0,23.0,23.0,1.0,1.0,0800-0859,0.0,,0.0,162.0,192.0,159.0,1.0,844.0,4,0.0,0.0,23.0,0.0,0.0,,,,0,,,,,,,,,,,,,,,,,,,,,,,,,,,,,,,,,,,,,,,,,,,,,N,0.0,4.0,6.0,9.0,4.0,0.0,28.0,40.0,7,8,0.0,3.0,28.0,39.0,6,6,0,0.0,0.0,N728YX,N728YX-UA-0,28.0,40.0,12.0,40.0,52.0,,,2.0,28,40,0.0,0.0
N729JB,543.0,2019,2,5,2,4,2019-05-02,B6,B6,20409,B6,996,,,,,B6,20409,B6,996,10397,1039707,30397,ATL,"Atlanta, GA",GA,13,Georgia,34,10721,1072102,30721,BOS,"Boston, MA",MA,25,Massachusetts,13,545,-2.0,0.0,0.0,-1.0,0001-0559,17.0,600.0,816.0,5.0,818,821.0,3.0,3.0,0.0,0.0,0800-0859,0.0,,0.0,153.0,158.0,136.0,1.0,946.0,4,,,0.0,,0.0,,,,0,,,,,,,,,,,,,,,,,,,,,,,,,,,,,,,,,,,,,,,,,,,,,N,0.0,0.0,5.0,8.0,3.0,1.0,23.0,33.0,5,8,3.0,1.0,23.0,33.0,1,1,0,1.0,1.0,N729JB,N729JB-B6-0,23.0,35.0,10.0,33.0,45.0,,,0.0,23,33,0.0,0.0
N729JB,913.0,2019,2,5,2,4,2019-05-02,B6,B6,20409,B6,2577,,,,,B6,20409,B6,2577,10721,1072102,30721,BOS,"Boston, MA",MA,25,Massachusetts,13,12889,1288903,32211,LAS,"Las Vegas, NV",NV,32,Nevada,85,914,-1.0,0.0,0.0,-1.0,0900-0959,18.0,931.0,1205.0,7.0,1212,1212.0,0.0,0.0,0.0,0.0,1200-1259,0.0,,0.0,358.0,359.0,334.0,1.0,2381.0,10,,,0.0,,0.0,,,,0,,,,,,,,,,,,,,,,,,,,,,,,,,,,,,,,,,,,,,,,,,,,,N,0.0,12.0,9.0,12.0,1.0,1.0,37.0,61.0,9,12,1.0,1.0,37.0,61.0,9,9,1,1.0,0.0,N729JB,N729JB-B6-1,37.0,49.0,24.0,61.0,73.0,33.0,4.0,0.0,37,61,0.0,0.0
N729YX,658.0,2019,2,5,2,4,2019-05-02,UA,UA_CODESHARE,19977,UA,3717,,,,,YX,20452,YX,3717,12339,1233904,32337,IND,"Indianapolis, IN",IN,18,Indiana,42,11618,1161802,31703,EWR,"Newark, NJ",NJ,34,New Jersey,21,700,-2.0,0.0,0.0,-1.0,0700-0759,32.0,730.0,900.0,10.0,859,910.0,11.0,11.0,0.0,0.0,0800-0859,0.0,,0.0,119.0,132.0,90.0,1.0,645.0,3,,,0.0,,0.0,,,,0,,,,,,,,,,,,,,,,,,,,,,,,,,,,,,,,,,,,,,,,,,,,,N,0.0,0.0,6.0,9.0,4.0,1.0,28.0,37.0,7,8,0.0,4.0,28.0,36.0,6,6,0,0.0,0.0,N729YX,N729YX-UA-0,28.0,40.0,9.0,37.0,49.0,,,0.0,28,37,0.0,0.0
N730SK,554.0,2019,2,5,2,4,2019-05-02,AA,AA_CODESHARE,19805,AA,3239,,,,,OO,20304,OO,3239,11638,1163807,31638,FAT,"Fresno, CA",CA,6,California,91,12892,1289208,32575,LAX,"Los Angeles, CA",CA,6,California,91,600,-6.0,0.0,0.0,-1.0,0600-0659,12.0,606.0,645.0,13.0,714,658.0,-16.0,0.0,0.0,-2.0,0700-0759,0.0,,0.0,74.0,64.0,39.0,1.0,209.0,1,,,0.0,,0.0,,,,0,,,,,,,,,,,,,,,,,,,,,,,,,,,,,,,,,,,,,,,,,,,,,N,12.0,12.0,5.0,6.0,4.0,4.0,36.0,40.0,6,7,0.0,1.0,36.0,41.0,5,5,0,0.0,0.0,N730SK,N730SK-AA-0,36.0,48.0,4.0,40.0,52.0,,,0.0,36,40,0.0,0.0
N730SW,743.0,2019,2,5,2,4,2019-05-02,WN,WN,19393,WN,349,,,,,WN,19393,WN,349,13204,1320402,31454,MCO,"Orlando, FL",FL,12,Florida,33,10693,1069302,30693,BNA,"Nashville, TN",TN,47,Tennessee,54,735,8.0,8.0,0.0,0.0,0700-0759,14.0,757.0,827.0,4.0,830,831.0,1.0,1.0,0.0,0.0,0800-0859,0.0,,0.0,115.0,108.0,90.0,1.0,616.0,3,,,0.0,,0.0,,,,0,,,,,,,,,,,,,,,,,,,,,,,,,,,,,,,,,,,,,,,,,,,,,N,0.0,4.0,7.0,8.0,3.0,2.0,31.0,38.0,7,8,2.0,2.0,30.0,38.0,8,8,0,0.0,0.0,N730SW,N730SW-WN-0,31.0,43.0,7.0,38.0,50.0,,,0.0,31,38,0.0,0.0
N730YX,712.0,2019,2,5,2,4,2019-05-02,UA,UA_CODESHARE,19977,UA,3550,,,,,YX,20452,YX,3550,12266,1226603,31453,IAH,"Houston, TX",TX,48,Texas,74,11278,1127805,30852,DCA,"Washington, DC",VA,51,Virginia,38,715,-3.0,0.0,0.0,-1.0,0700-0759,22.0,734.0,1110.0,3.0,1118,1113.0,-5.0,0.0,0.0,-1.0,1100-1159,0.0,,0.0,183.0,181.0,156.0,1.0,1208.0,5,,,0.0,,0.0,,,,0,,,,,,,,,,,,,,,,,,,,,,,,,,,,,,,,,,,,,,,,,,,,,N,4.0,0.0,7.0,11.0,1.0,1.0,33.0,45.0,7,11,1.0,1.0,33.0,45.0,5,5,0,0.0,0.0,N730YX,N730YX-UA-0,33.0,45.0,12.0,45.0,57.0,,,0.0,33,46,1.0,5.24
N731YX,537.0,2019,2,5,2,4,2019-05-02,UA,UA_CODESHARE,19977,UA,3535,,,,,YX,20452,YX,3535,12339,1233904,32337,IND,"Indianapolis, IN",IN,18,Indiana,42,11618,1161802,31703,EWR,"Newark, NJ",NJ,34,New Jersey,21,545,-8.0,0.0,0.0,-1.0,0001-0559,11.0,548.0,716.0,6.0,746,722.0,-24.0,0.0,0.0,-2.0,0700-0759,0.0,,0.0,121.0,105.0,88.0,1.0,645.0,3,,,0.0,,0.0,,,,0,,,,,,,,,,,,,,,,,,,,,,,,,,,,,,,,,,,,,,,,,,,,,N,0.0,0.0,5.0,7.0,2.0,1.0,22.0,29.0,5,7,3.0,3.0,23.0,31.0,7,7,0,1.0,1.0,N731YX,N731YX-UA-0,23.0,34.0,7.0,30.0,41.0,,,0.0,23,30,0.0,0.0
N731YX,822.0,2019,2,5,2,4,2019-05-02,UA,UA_CODESHARE,19977,UA,3689,,,,,YX,20452,YX,3689,11618,1161802,31703,EWR,"Newark, NJ",NJ,34,New Jersey,21,11066,1106606,31066,CMH,"Columbus, OH",OH,39,Ohio,44,830,-8.0,0.0,0.0,-1.0,0800-0859,21.0,843.0,1002.0,7.0,1039,1009.0,-30.0,0.0,0.0,-2.0,1000-1059,0.0,,0.0,129.0,107.0,79.0,1.0,463.0,2,,,0.0,,0.0,,,,0,,,,,,,,,,,,,,,,,,,,,,,,,,,,,,,,,,,,,,,,,,,,,N,0.0,0.0,8.0,10.0,1.0,1.0,33.0,41.0,8,10,2.0,3.0,34.0,43.0,1,1,1,1.0,0.0,N731YX,N731YX-UA-1,34.0,45.0,8.0,42.0,53.0,29.0,4.0,0.0,35,43,1.0,1.18
N73251,756.0,2019,2,5,2,4,2019-05-02,UA,UA,19977,UA,2165,,,,,UA,19977,UA,2165,10721,1072102,30721,BOS,"Boston, MA",MA,25,Massachusetts,13,11618,1161802,31703,EWR,"Newark, NJ",NJ,34,New Jersey,21,800,-4.0,0.0,0.0,-1.0,0800-0859,16.0,812.0,859.0,7.0,920,906.0,-14.0,0.0,0.0,-1.0,0900-0959,0.0,,0.0,80.0,70.0,47.0,1.0,200.0,1,,,0.0,,0.0,,,,0,,,,,,,,,,,,,,,,,,,,,,,,,,,,,,,,,,,,,,,,,,,,,N,0.0,0.0,7.0,9.0,4.0,0.0,32.0,36.0,8,9,0.0,1.0,32.0,37.0,1,1,0,0.0,0.0,N73251,N73251-UA-0,32.0,44.0,4.0,36.0,48.0,,,0.0,32,37,1.0,1.14
N73256,617.0,2019,2,5,2,4,2019-05-02,UA,UA,19977,UA,1582,,,,,UA,19977,UA,1582,14570,1457002,34570,RNO,"Reno, NV",NV,32,Nevada,85,14771,1477104,32457,SFO,"San Francisco, CA",CA,6,California,91,620,-3.0,0.0,0.0,-1.0,0600-0659,11.0,628.0,711.0,3.0,730,714.0,-16.0,0.0,0.0,-2.0,0700-0759,0.0,,0.0,70.0,57.0,43.0,1.0,192.0,1,,,0.0,,0.0,,,,0,,,,,,,,,,,,,,,,,,,,,,,,,,,,,,,,,,,,,,,,,,,,,N,12.0,12.0,6.0,7.0,1.0,1.0,37.0,41.0,6,7,1.0,2.0,37.0,42.0,9,9,0,0.0,0.0,N73256,N73256-UA-0,37.0,49.0,4.0,41.0,53.0,,,0.0,37,41,0.0,0.0
N73259,853.0,2019,2,5,2,4,2019-05-02,UA,UA,19977,UA,2338,,,,,UA,19977,UA,2338,15304,1530402,33195,TPA,"Tampa, FL",FL,12,Florida,33,12264,1226402,30852,IAD,"Washington, DC",VA,51,Virginia,38,900,-7.0,0.0,0.0,-1.0,0900-0959,10.0,903.0,1046.0,6.0,1111,1052.0,-19.0,0.0,0.0,-2.0,1100-1159,0.0,,0.0,131.0,119.0,103.0,1.0,811.0,4,,,0.0,,0.0,,,,0,,,,,,,,,,,,,,,,,,,,,,,,,,,,,,,,,,,,,,,,,,,,,N,0.0,0.0,8.0,10.0,4.0,3.0,36.0,43.0,9,11,0.0,1.0,36.0,45.0,9,9,0,0.0,0.0,N73259,N73259-UA-0,36.0,48.0,7.0,43.0,55.0,,,0.0,36,43,0.0,0.0
N73275,619.0,2019,2,5,2,4,2019-05-02,UA,UA,19977,UA,495,,,,,UA,19977,UA,495,12451,1245102,31136,JAX,"Jacksonville, FL",FL,12,Florida,33,11292,1129202,30325,DEN,"Denver, CO",CO,8,Colorado,82,630,-11.0,0.0,0.0,-1.0,0600-0659,12.0,631.0,826.0,9.0,834,835.0,1.0,1.0,0.0,0.0,0800-0859,0.0,,0.0,244.0,256.0,235.0,1.0,1447.0,6,,,0.0,,0.0,,,,0,,,,,,,,,,,,,,,,,,,,,,,,,,,,,,,,,,,,,,,,,,,,,N,0.0,8.0,6.0,8.0,1.0,2.0,25.0,42.0,6,8,2.0,2.0,26.0,42.0,6,6,0,0.0,0.0,N73275,N73275-UA-0,26.0,37.0,17.0,43.0,54.0,,,0.0,26,43,0.0,0.0
N73276,706.0,2019,2,5,2,4,2019-05-02,UA,UA,19977,UA,2043,,,,,UA,19977,UA,2043,13930,1393007,30977,ORD,"Chicago, IL",IL,17,Illinois,41,12266,1226603,31453,IAH,"Houston, TX",TX,48,Texas,74,600,66.0,66.0,1.0,4.0,0600-0659,32.0,738.0,1055.0,12.0,847,1107.0,140.0,140.0,1.0,9.0,0800-0859,0.0,,0.0,167.0,241.0,197.0,1.0,925.0,4,66.0,0.0,74.0,0.0,0.0,,,,0,,,,,,,,,,,,,,,,,,,,,,,,,,,,,,,,,,,,,,,,,,,,,N,4.0,4.0,7.0,11.0,0.0,0.0,32.0,48.0,6,8,0.0,3.0,28.0,39.0,4,4,0,0.0,0.0,N73276,N73276-UA-0,28.0,44.0,16.0,44.0,60.0,,,5.0,29,46,2.0,9.28
N732SK,543.0,2019,2,5,2,4,2019-05-02,AA,AA_CODESHARE,19805,AA,2981,,,,,OO,20304,OO,2981,11433,1143302,31295,DTW,"Detroit, MI",MI,26,Michigan,43,13930,1393007,30977,ORD,"Chicago, IL",IL,17,Illinois,41,548,-5.0,0.0,0.0,-1.0,0001-0559,12.0,555.0,546.0,28.0,619,614.0,-5.0,0.0,0.0,-1.0,0600-0659,0.0,,0.0,91.0,91.0,51.0,1.0,235.0,1,,,0.0,,0.0,,,,0,,,,,,,,,,,,,,,,,,,,,,,,,,,,,,,,,,,,,,,,,,,,,N,0.0,4.0,5.0,6.0,3.0,1.0,23.0,29.0,5,6,3.0,1.0,23.0,29.0,7,7,0,1.0,1.0,N732SK,N732SK-AA-0,23.0,35.0,6.0,29.0,41.0,,,0.0,23,29,0.0,0.0
N732SK,700.0,2019,2,5,2,4,2019-05-02,AA,AA_CODESHARE,19805,AA,2953,,,,,OO,20304,OO,2953,13930,1393007,30977,ORD,"Chicago, IL",IL,17,Illinois,41,11618,1161802,31703,EWR,"Newark, NJ",NJ,34,New Jersey,21,705,-5.0,0.0,0.0,-1.0,0700-0759,34.0,734.0,1006.0,7.0,1017,1013.0,-4.0,0.0,0.0,-1.0,1000-1059,0.0,,0.0,132.0,133.0,92.0,1.0,719.0,3,,,0.0,,0.0,,,,0,,,,,,,,,,,,,,,,,,,,,,,,,,,,,,,,,,,,,,,,,,,,,N,4.0,0.0,7.0,10.0,0.0,1.0,32.0,41.0,7,10,0.0,1.0,32.0,41.0,3,3,1,1.0,0.0,N732SK,N732SK-AA-1,32.0,44.0,9.0,41.0,53.0,29.0,3.0,0.0,32,45,4.0,16.24
N732SW,727.0,2019,2,5,2,4,2019-05-02,WN,WN,19393,WN,411,,,,,WN,19393,WN,411,13487,1348702,31650,MSP,"Minneapolis, MN",MN,27,Minnesota,63,10693,1069302,30693,BNA,"Nashville, TN",TN,47,Tennessee,54,725,2.0,2.0,0.0,0.0,0700-0759,10.0,737.0,912.0,5.0,925,917.0,-8.0,0.0,0.0,-1.0,0900-0959,0.0,,0.0,120.0,110.0,95.0,1.0,695.0,3,,,0.0,,0.0,,,,0,,,,,,,,,,,,,,,,,,,,,,,,,,,,,,,,,,,,,,,,,,,,,N,4.0,4.0,7.0,9.0,2.0,1.0,34.0,41.0,7,9,2.0,2.0,34.0,42.0,7,7,0,0.0,0.0,N732SW,N732SW-WN-0,34.0,46.0,7.0,41.0,53.0,,,0.0,34,41,0.0,0.0
N732US,546.0,2019,2,5,2,4,2019-05-02,AA,AA,19805,AA,1288,,,,,AA,19805,AA,1288,13495,1349505,33495,MSY,"New Orleans, LA",LA,22,Louisiana,72,14100,1410005,34100,PHL,"Philadelphia, PA",PA,42,Pennsylvania,23,553,-7.0,0.0,0.0,-1.0,0001-0559,10.0,556.0,929.0,4.0,945,933.0,-12.0,0.0,0.0,-1.0,0900-0959,0.0,,0.0,172.0,167.0,153.0,1.0,1089.0,5,,,0.0,,0.0,,,,0,,,,,,,,,,,,,,,,,,,,,,,,,,,,,,,,,,,,,,,,,,,,,N,4.0,0.0,5.0,9.0,3.0,2.0,27.0,38.0,5,9,4.0,3.0,28.0,39.0,8,8,0,0.0,0.0,N732US,N732US-AA-0,28.0,39.0,11.0,39.0,50.0,,,0.0,28,39,0.0,0.0
N732YX,853.0,2019,2,5,2,4,2019-05-02,UA,UA_CODESHARE,19977,UA,3412,,,,,YX,20452,YX,3412,11066,1106606,31066,CMH,"Columbus, OH",OH,39,Ohio,44,12266,1226603,31453,IAH,"Houston, TX",TX,48,Texas,74,900,-7.0,0.0,0.0,-1.0,0900-0959,15.0,908.0,1112.0,11.0,1100,1123.0,23.0,23.0,1.0,1.0,1100-1159,0.0,,0.0,180.0,210.0,184.0,1.0,986.0,4,0.0,0.0,23.0,0.0,0.0,,,,0,,,,,,,,,,,,,,,,,,,,,,,,,,,,,,,,,,,,,,,,,,,,,N,0.0,4.0,8.0,11.0,4.0,2.0,36.0,50.0,9,11,0.0,0.0,36.0,48.0,2,2,0,0.0,0.0,N732YX,N732YX-UA-0,36.0,48.0,14.0,50.0,62.0,,,2.0,36,50,0.0,0.0
N733SA,659.0,2019,2,5,2,4,2019-05-02,WN,WN,19393,WN,2121,,,,,WN,19393,WN,2121,10140,1014005,30140,ABQ,"Albuquerque, NM",NM,35,New Mexico,86,11292,1129202,30325,DEN,"Denver, CO",CO,8,Colorado,82,700,-1.0,0.0,0.0,-1.0,0700-0759,13.0,712.0,807.0,13.0,815,820.0,5.0,5.0,0.0,0.0,0800-0859,0.0,,0.0,75.0,81.0,55.0,1.0,349.0,2,,,0.0,,0.0,,,,0,,,,,,,,,,,,,,,,,,,,,,,,,,,,,,,,,,,,,,,,,,,,,N,8.0,8.0,6.0,8.0,4.0,1.0,36.0,41.0,7,8,0.0,1.0,36.0,41.0,4,4,0,0.0,0.0,N733SA,N733SA-WN-0,36.0,48.0,5.0,41.0,53.0,,,0.0,36,41,0.0,0.0
N733UW,754.0,2019,2,5,2,4,2019-05-02,AA,AA,19805,AA,2126,,,,,AA,19805,AA,2126,10721,1072102,30721,BOS,"Boston, MA",MA,25,Massachusetts,13,12953,1295304,31703,LGA,"New York, NY",NY,36,New York,22,800,-6.0,0.0,0.0,-1.0,0800-0859,15.0,809.0,854.0,5.0,930,859.0,-31.0,0.0,0.0,-2.0,0900-0959,0.0,,0.0,90.0,65.0,45.0,1.0,184.0,1,,,0.0,,0.0,,,,0,,,,,,,,,,,,,,,,,,,,,,,,,,,,,,,,,,,,,,,,,,,,,N,0.0,0.0,7.0,8.0,4.0,4.0,32.0,36.0,8,9,0.0,2.0,32.0,38.0,4,4,0,0.0,0.0,N733UW,N733UW-AA-0,32.0,44.0,4.0,36.0,48.0,,,0.0,32,36,0.0,0.0
N733YX,559.0,2019,2,5,2,4,2019-05-02,UA,UA_CODESHARE,19977,UA,3444,,,,,YX,20452,YX,3444,12451,1245102,31136,JAX,"Jacksonville, FL",FL,12,Florida,33,11618,1161802,31703,EWR,"Newark, NJ",NJ,34,New Jersey,21,605,-6.0,0.0,0.0,-1.0,0600-0659,14.0,613.0,807.0,6.0,831,813.0,-18.0,0.0,0.0,-2.0,0800-0859,0.0,,0.0,146.0,134.0,114.0,1.0,820.0,4,,,0.0,,0.0,,,,0,,,,,,,,,,,,,,,,,,,,,,,,,,,,,,,,,,,,,,,,,,,,,N,0.0,0.0,5.0,8.0,4.0,1.0,24.0,33.0,6,8,0.0,2.0,24.0,34.0,5,5,0,0.0,0.0,N733YX,N733YX-UA-0,24.0,36.0,9.0,33.0,45.0,,,0.0,24,33,0.0,0.0
N73445,651.0,2019,2,5,2,4,2019-05-02,UA,UA,19977,UA,2307,,,,,UA,19977,UA,2307,12266,1226603,31453,IAH,"Houston, TX",TX,48,Texas,74,11292,1129202,30325,DEN,"Denver, CO",CO,8,Colorado,82,645,6.0,6.0,0.0,0.0,0600-0659,46.0,737.0,907.0,6.0,817,913.0,56.0,56.0,1.0,3.0,0800-0859,0.0,,0.0,152.0,202.0,150.0,1.0,862.0,4,6.0,0.0,50.0,0.0,0.0,,,,0,,,,,,,,,,,,,,,,,,,,,,,,,,,,,,,,,,,,,,,,,,,,,N,4.0,8.0,6.0,9.0,3.0,1.0,31.0,45.0,6,8,3.0,1.0,31.0,41.0,9,9,0,0.0,0.0,N73445,N73445-UA-0,31.0,43.0,14.0,45.0,57.0,,,3.0,32,46,1.0,9.32
N736SA,615.0,2019,2,5,2,4,2019-05-02,WN,WN,19393,WN,2184,,,,,WN,19393,WN,2184,10821,1082106,30852,BWI,"Baltimore, MD",MD,24,Maryland,35,10397,1039707,30397,ATL,"Atlanta, GA",GA,13,Georgia,34,620,-5.0,0.0,0.0,-1.0,0600-0659,18.0,633.0,802.0,9.0,820,811.0,-9.0,0.0,0.0,-1.0,0800-0859,0.0,,0.0,120.0,116.0,89.0,1.0,577.0,3,,,0.0,,0.0,,,,0,,,,,,,,,,,,,,,,,,,,,,,,,,,,,,,,,,,,,,,,,,,,,N,0.0,0.0,6.0,8.0,1.0,1.0,25.0,33.0,6,8,1.0,1.0,25.0,33.0,7,7,0,1.0,1.0,N736SA,N736SA-WN-0,25.0,37.0,8.0,33.0,45.0,,,0.0,25,33,0.0,0.0
N736SA,853.0,2019,2,5,2,4,2019-05-02,WN,WN,19393,WN,2048,,,,,WN,19393,WN,2048,10397,1039707,30397,ATL,"Atlanta, GA",GA,13,Georgia,34,12953,1295304,31703,LGA,"New York, NY",NY,36,New York,22,855,-2.0,0.0,0.0,-1.0,0800-0859,17.0,910.0,1051.0,15.0,1115,1106.0,-9.0,0.0,0.0,-1.0,1100-1159,0.0,,0.0,140.0,133.0,101.0,1.0,762.0,4,,,0.0,,0.0,,,,0,,,,,,,,,,,,,,,,,,,,,,,,,,,,,,,,,,,,,,,,,,,,,N,0.0,0.0,8.0,11.0,4.0,0.0,36.0,44.0,8,11,4.0,1.0,36.0,45.0,1,1,1,1.0,0.0,N736SA,N736SA-WN-1,36.0,48.0,8.0,44.0,56.0,33.0,3.0,0.0,38,49,5.0,10.7
N736YX,725.0,2019,2,5,2,4,2019-05-02,UA,UA_CODESHARE,19977,UA,3540,,,,,YX,20452,YX,3540,12266,1226603,31453,IAH,"Houston, TX",TX,48,Texas,74,14492,1449202,34492,RDU,"Raleigh/Durham, NC",NC,37,North Carolina,36,730,-5.0,0.0,0.0,-1.0,0700-0759,24.0,749.0,1113.0,6.0,1112,1119.0,7.0,7.0,0.0,0.0,1100-1159,0.0,,0.0,162.0,174.0,144.0,1.0,1042.0,5,,,0.0,,0.0,,,,0,,,,,,,,,,,,,,,,,,,,,,,,,,,,,,,,,,,,,,,,,,,,,N,4.0,0.0,7.0,11.0,2.0,1.0,34.0,45.0,7,11,2.0,1.0,34.0,45.0,9,9,0,0.0,0.0,N736YX,N736YX-UA-0,34.0,46.0,11.0,45.0,57.0,,,0.0,34,45,0.0,0.0
N737JW,631.0,2019,2,5,2,4,2019-05-02,WN,WN,19393,WN,974,,,,,WN,19393,WN,974,14679,1467903,33570,SAN,"San Diego, CA",CA,6,California,91,13796,1379608,32457,OAK,"Oakland, CA",CA,6,California,91,640,-9.0,0.0,0.0,-1.0,0600-0659,23.0,654.0,759.0,3.0,820,802.0,-18.0,0.0,0.0,-2.0,0800-0859,0.0,,0.0,100.0,91.0,65.0,1.0,446.0,2,,,0.0,,0.0,,,,0,,,,,,,,,,,,,,,,,,,,,,,,,,,,,,,,,,,,,,,,,,,,,N,12.0,12.0,6.0,8.0,2.0,0.0,38.0,44.0,6,8,3.0,1.0,39.0,45.0,6,6,0,0.0,0.0,N737JW,N737JW-WN-0,39.0,50.0,6.0,45.0,56.0,,,0.0,39,45,0.0,0.0
N737US,809.0,2019,2,5,2,4,2019-05-02,AA,AA,19805,AA,1981,,,,,AA,19805,AA,1981,11057,1105703,31057,CLT,"Charlotte, NC",NC,37,North Carolina,36,14307,1430705,30721,PVD,"Providence, RI",RI,44,Rhode Island,15,815,-6.0,0.0,0.0,-1.0,0800-0859,17.0,826.0,957.0,4.0,1022,1001.0,-21.0,0.0,0.0,-2.0,1000-1059,0.0,,0.0,127.0,112.0,91.0,1.0,683.0,3,,,0.0,,0.0,,,,0,,,,,,,,,,,,,,,,,,,,,,,,,,,,,,,,,,,,,,,,,,,,,N,0.0,0.0,8.0,10.0,1.0,0.0,33.0,40.0,8,10,1.0,1.0,33.0,41.0,6,6,0,0.0,0.0,N737US,N737US-AA-0,33.0,45.0,7.0,40.0,52.0,,,0.0,33,40,0.0,0.0
N738CB,725.0,2019,2,5,2,4,2019-05-02,WN,WN,19393,WN,2056,,,,,WN,19393,WN,2056,13198,1319801,33198,MCI,"Kansas City, MO",MO,29,Missouri,64,13487,1348702,31650,MSP,"Minneapolis, MN",MN,27,Minnesota,63,730,-5.0,0.0,0.0,-1.0,0700-0759,7.0,732.0,827.0,2.0,845,829.0,-16.0,0.0,0.0,-2.0,0800-0859,0.0,,0.0,75.0,64.0,55.0,1.0,393.0,2,,,0.0,,0.0,,,,0,,,,,,,,,,,,,,,,,,,,,,,,,,,,,,,,,,,,,,,,,,,,,N,4.0,4.0,7.0,8.0,2.0,2.0,34.0,38.0,7,8,2.0,3.0,34.0,39.0,3,3,0,0.0,0.0,N738CB,N738CB-WN-0,34.0,46.0,4.0,38.0,50.0,,,0.0,34,39,1.0,3.38
N738SK,645.0,2019,2,5,2,4,2019-05-02,AA,AA_CODESHARE,19805,AA,3103,,,,,OO,20304,OO,3103,14262,1426204,34262,PSP,"Palm Springs, CA",CA,6,California,91,14107,1410702,30466,PHX,"Phoenix, AZ",AZ,4,Arizona,81,650,-5.0,0.0,0.0,-1.0,0600-0659,10.0,655.0,737.0,14.0,802,751.0,-11.0,0.0,0.0,-1.0,0800-0859,0.0,,0.0,72.0,66.0,42.0,1.0,261.0,2,,,0.0,,0.0,,,,0,,,,,,,,,,,,,,,,,,,,,,,,,,,,,,,,,,,,,,,,,,,,,N,12.0,8.0,6.0,7.0,3.0,3.0,39.0,39.0,6,8,3.0,0.0,39.0,40.0,2,2,0,0.0,0.0,N738SK,N738SK-AA-0,39.0,51.0,0.0,39.0,51.0,,,0.0,39,40,1.0,2.2
N738US,510.0,2019,2,5,2,4,2019-05-02,AA,AA,19805,AA,485,,,,,AA,19805,AA,485,14524,1452401,34524,RIC,"Richmond, VA",VA,51,Virginia,38,11057,1105703,31057,CLT,"Charlotte, NC",NC,37,North Carolina,36,513,-3.0,0.0,0.0,-1.0,0001-0559,11.0,521.0,611.0,5.0,629,616.0,-13.0,0.0,0.0,-1.0,0600-0659,0.0,,0.0,76.0,66.0,50.0,1.0,257.0,2,,,0.0,,0.0,,,,0,,,,,,,,,,,,,,,,,,,,,,,,,,,,,,,,,,,,,,,,,,,,,N,0.0,0.0,5.0,6.0,1.0,1.0,21.0,25.0,5,6,1.0,2.0,21.0,26.0,6,6,0,2.0,2.0,N738US,N738US-AA-0,21.0,33.0,4.0,25.0,37.0,,,0.0,21,25,0.0,0.0
N738US,732.0,2019,2,5,2,4,2019-05-02,AA,AA,19805,AA,454,,,,,AA,19805,AA,454,11057,1105703,31057,CLT,"Charlotte, NC",NC,37,North Carolina,36,14524,1452401,34524,RIC,"Richmond, VA",VA,51,Virginia,38,730,2.0,2.0,0.0,0.0,0700-0759,9.0,741.0,823.0,9.0,839,832.0,-7.0,0.0,0.0,-1.0,0800-0859,0.0,,0.0,69.0,60.0,42.0,1.0,257.0,2,,,0.0,,0.0,,,,0,,,,,,,,,,,,,,,,,,,,,,,,,,,,,,,,,,,,,,,,,,,,,N,0.0,0.0,7.0,8.0,2.0,2.0,30.0,34.0,7,8,2.0,3.0,30.0,35.0,9,9,1,2.0,1.0,N738US,N738US-AA-1,30.0,42.0,4.0,34.0,46.0,25.0,5.0,0.0,30,34,0.0,0.0
N738US,914.0,2019,2,5,2,4,2019-05-02,AA,AA,19805,AA,454,,,,,AA,19805,AA,454,14524,1452401,34524,RIC,"Richmond, VA",VA,51,Virginia,38,11057,1105703,31057,CLT,"Charlotte, NC",NC,37,North Carolina,36,919,-5.0,0.0,0.0,-1.0,0900-0959,22.0,936.0,1027.0,4.0,1045,1031.0,-14.0,0.0,0.0,-1.0,1000-1059,0.0,,0.0,86.0,77.0,51.0,1.0,257.0,2,,,0.0,,0.0,,,,0,,,,,,,,,,,,,,,,,,,,,,,,,,,,,,,,,,,,,,,,,,,,,N,0.0,0.0,9.0,10.0,1.0,2.0,37.0,42.0,9,10,1.0,3.0,37.0,43.0,8,8,2,2.0,0.0,N738US,N738US-AA-2,37.0,49.0,5.0,42.0,54.0,34.0,3.0,0.0,37,42,0.0,0.0
N739YX,554.0,2019,2,5,2,4,2019-05-02,UA,UA_CODESHARE,19977,UA,3594,,,,,YX,20452,YX,3594,13930,1393007,30977,ORD,"Chicago, IL",IL,17,Illinois,41,11193,1119302,33105,CVG,"Cincinnati, OH",KY,21,Kentucky,52,600,-6.0,0.0,0.0,-1.0,0600-0659,27.0,621.0,815.0,13.0,818,828.0,10.0,10.0,0.0,0.0,0800-0859,0.0,,0.0,78.0,94.0,54.0,1.0,264.0,2,,,0.0,,0.0,,,,0,,,,,,,,,,,,,,,,,,,,,,,,,,,,,,,,,,,,,,,,,,,,,N,4.0,0.0,5.0,8.0,4.0,2.0,28.0,34.0,6,8,0.0,1.0,28.0,33.0,7,7,0,1.0,1.0,N739YX,N739YX-UA-0,28.0,40.0,6.0,34.0,46.0,,,0.0,28,34,0.0,0.0
N739YX,857.0,2019,2,5,2,4,2019-05-02,UA,UA_CODESHARE,19977,UA,3685,,,,,YX,20452,YX,3685,11193,1119302,33105,CVG,"Cincinnati, OH",KY,21,Kentucky,52,12266,1226603,31453,IAH,"Houston, TX",TX,48,Texas,74,900,-3.0,0.0,0.0,-1.0,0900-0959,13.0,910.0,1038.0,6.0,1048,1044.0,-4.0,0.0,0.0,-1.0,1000-1059,0.0,,0.0,168.0,167.0,148.0,1.0,871.0,4,,,0.0,,0.0,,,,0,,,,,,,,,,,,,,,,,,,,,,,,,,,,,,,,,,,,,,,,,,,,,N,0.0,4.0,8.0,10.0,4.0,3.0,36.0,47.0,9,10,0.0,3.0,36.0,47.0,4,4,1,1.0,0.0,N739YX,N739YX-UA-1,36.0,48.0,11.0,47.0,59.0,34.0,2.0,0.0,36,47,0.0,0.0
N740EV,544.0,2019,2,5,2,4,2019-05-02,AA,AA_CODESHARE,19805,AA,3231,,,,,OO,20304,OO,3231,14730,1473003,33044,SDF,"Louisville, KY",KY,21,Kentucky,52,13930,1393007,30977,ORD,"Chicago, IL",IL,17,Illinois,41,550,-6.0,0.0,0.0,-1.0,0001-0559,12.0,556.0,552.0,10.0,620,602.0,-18.0,0.0,0.0,-2.0,0600-0659,0.0,,0.0,90.0,78.0,56.0,1.0,286.0,2,,,0.0,,0.0,,,,0,,,,,,,,,,,,,,,,,,,,,,,,,,,,,,,,,,,,,,,,,,,,,N,0.0,4.0,5.0,6.0,3.0,0.0,23.0,28.0,5,6,3.0,1.0,23.0,29.0,9,9,0,1.0,1.0,N740EV,N740EV-AA-0,23.0,35.0,5.0,28.0,40.0,,,0.0,23,28,0.0,0.0
N740EV,710.0,2019,2,5,2,4,2019-05-02,AA,AA_CODESHARE,19805,AA,2990,,,,,OO,20304,OO,2990,13930,1393007,30977,ORD,"Chicago, IL",IL,17,Illinois,41,10693,1069302,30693,BNA,"Nashville, TN",TN,47,Tennessee,54,711,-1.0,0.0,0.0,-1.0,0700-0759,31.0,741.0,857.0,5.0,848,902.0,14.0,14.0,0.0,0.0,0800-0859,0.0,,0.0,97.0,112.0,76.0,1.0,409.0,2,,,0.0,,0.0,,,,0,,,,,,,,,,,,,,,,,,,,,,,,,,,,,,,,,,,,,,,,,,,,,N,4.0,4.0,7.0,9.0,1.0,0.0,33.0,40.0,7,8,1.0,3.0,33.0,39.0,3,3,1,1.0,0.0,N740EV,N740EV-AA-1,33.0,45.0,7.0,40.0,52.0,28.0,5.0,0.0,33,40,0.0,0.0
N740SK,716.0,2019,2,5,2,4,2019-05-02,AA,AA_CODESHARE,19805,AA,3029,,,,,OO,20304,OO,3029,11298,1129806,30194,DFW,"Dallas/Fort Worth, TX",TX,48,Texas,74,15919,1591904,31834,XNA,"Fayetteville, AR",AR,5,Arkansas,71,720,-4.0,0.0,0.0,-1.0,0700-0759,36.0,752.0,837.0,4.0,836,841.0,5.0,5.0,0.0,0.0,0800-0859,0.0,,0.0,76.0,85.0,45.0,1.0,280.0,2,,,0.0,,0.0,,,,0,,,,,,,,,,,,,,,,,,,,,,,,,,,,,,,,,,,,,,,,,,,,,N,4.0,4.0,7.0,8.0,1.0,3.0,33.0,39.0,7,8,1.0,2.0,33.0,38.0,3,3,0,0.0,0.0,N740SK,N740SK-AA-0,33.0,45.0,6.0,39.0,51.0,,,0.0,33,39,0.0,0.0
N740SW,525.0,2019,2,5,2,4,2019-05-02,WN,WN,19393,WN,6656,,,,,WN,19393,WN,6656,12889,1288903,32211,LAS,"Las Vegas, NV",NV,32,Nevada,85,14893,1489302,33192,SMF,"Sacramento, CA",CA,6,California,91,530,-5.0,0.0,0.0,-1.0,0001-0559,14.0,539.0,646.0,6.0,655,652.0,-3.0,0.0,0.0,-1.0,0600-0659,0.0,,0.0,85.0,87.0,67.0,1.0,397.0,2,,,0.0,,0.0,,,,0,,,,,,,,,,,,,,,,,,,,,,,,,,,,,,,,,,,,,,,,,,,,,N,12.0,12.0,5.0,6.0,2.0,3.0,34.0,39.0,5,6,2.0,4.0,34.0,40.0,9,9,0,0.0,0.0,N740SW,N740SW-WN-0,34.0,46.0,5.0,39.0,51.0,,,0.0,34,39,0.0,0.0
N740UW,604.0,2019,2,5,2,4,2019-05-02,AA,AA,19805,AA,594,,,,,AA,19805,AA,594,11697,1169706,32467,FLL,"Fort Lauderdale, FL",FL,12,Florida,33,14100,1410005,34100,PHL,"Philadelphia, PA",PA,42,Pennsylvania,23,608,-4.0,0.0,0.0,-1.0,0600-0659,23.0,627.0,852.0,10.0,900,902.0,2.0,2.0,0.0,0.0,0900-0959,0.0,,0.0,172.0,178.0,145.0,1.0,992.0,4,,,0.0,,0.0,,,,0,,,,,,,,,,,,,,,,,,,,,,,,,,,,,,,,,,,,,,,,,,,,,N,0.0,0.0,6.0,9.0,0.0,0.0,24.0,36.0,6,9,1.0,0.0,25.0,36.0,6,6,0,0.0,0.0,N740UW,N740UW-AA-0,25.0,36.0,12.0,37.0,48.0,,,0.0,27,39,2.0,12.84
N740YX,820.0,2019,2,5,2,4,2019-05-02,UA,UA_CODESHARE,19977,UA,3487,,,,,YX,20452,YX,3487,11618,1161802,31703,EWR,"Newark, NJ",NJ,34,New Jersey,21,11057,1105703,31057,CLT,"Charlotte, NC",NC,37,North Carolina,36,830,-10.0,0.0,0.0,-1.0,0800-0859,19.0,839.0,1005.0,15.0,1042,1020.0,-22.0,0.0,0.0,-2.0,1000-1059,0.0,,0.0,132.0,120.0,86.0,1.0,529.0,3,,,0.0,,0.0,,,,0,,,,,,,,,,,,,,,,,,,,,,,,,,,,,,,,,,,,,,,,,,,,,N,0.0,0.0,8.0,10.0,1.0,1.0,33.0,41.0,8,10,2.0,3.0,34.0,43.0,9,9,0,0.0,0.0,N740YX,N740YX-UA-0,34.0,45.0,8.0,42.0,53.0,,,0.0,34,42,0.0,0.0
N741EV,547.0,2019,2,5,2,4,2019-05-02,AA,AA_CODESHARE,19805,AA,3011,,,,,OO,20304,OO,3011,11775,1177502,31775,FSD,"Sioux Falls, SD",SD,46,South Dakota,67,13930,1393007,30977,ORD,"Chicago, IL",IL,17,Illinois,41,553,-6.0,0.0,0.0,-1.0,0001-0559,19.0,606.0,715.0,15.0,744,730.0,-14.0,0.0,0.0,-1.0,0700-0759,0.0,,0.0,111.0,103.0,69.0,1.0,463.0,2,,,0.0,,0.0,,,,0,,,,,,,,,,,,,,,,,,,,,,,,,,,,,,,,,,,,,,,,,,,,,N,4.0,4.0,5.0,7.0,3.0,2.0,27.0,34.0,5,7,4.0,3.0,28.0,35.0,5,5,0,1.0,1.0,N741EV,N741EV-AA-0,28.0,39.0,7.0,35.0,46.0,,,0.0,28,35,0.0,0.0
N741EV,838.0,2019,2,5,2,4,2019-05-02,AA,AA_CODESHARE,19805,AA,3013,,,,,OO,20304,OO,3013,13930,1393007,30977,ORD,"Chicago, IL",IL,17,Illinois,41,14730,1473003,33044,SDF,"Louisville, KY",KY,21,Kentucky,52,849,-11.0,0.0,0.0,-1.0,0800-0859,43.0,921.0,1127.0,6.0,1112,1133.0,21.0,21.0,1.0,1.0,1100-1159,0.0,,0.0,83.0,115.0,66.0,1.0,286.0,2,0.0,0.0,21.0,0.0,0.0,,,,0,,,,,,,,,,,,,,,,,,,,,,,,,,,,,,,,,,,,,,,,,,,,,N,4.0,0.0,8.0,11.0,3.0,2.0,39.0,46.0,8,11,3.0,1.0,39.0,45.0,6,6,1,1.0,0.0,N741EV,N741EV-AA-1,39.0,51.0,7.0,46.0,58.0,34.0,5.0,1.0,39,46,0.0,0.0
N741UW,612.0,2019,2,5,2,4,2019-05-02,AA,AA,19805,AA,2053,,,,,AA,19805,AA,2053,14683,1468305,33214,SAT,"San Antonio, TX",TX,48,Texas,74,14107,1410702,30466,PHX,"Phoenix, AZ",AZ,4,Arizona,81,615,-3.0,0.0,0.0,-1.0,0600-0659,14.0,626.0,639.0,9.0,647,648.0,1.0,1.0,0.0,0.0,0600-0659,0.0,,0.0,152.0,156.0,133.0,1.0,843.0,4,,,0.0,,0.0,,,,0,,,,,,,,,,,,,,,,,,,,,,,,,,,,,,,,,,,,,,,,,,,,,N,4.0,8.0,6.0,6.0,1.0,3.0,29.0,35.0,6,6,1.0,3.0,29.0,35.0,6,6,0,0.0,0.0,N741UW,N741UW-AA-0,29.0,41.0,6.0,35.0,47.0,,,0.0,29,35,0.0,0.0
N741YX,625.0,2019,2,5,2,4,2019-05-02,UA,UA_CODESHARE,19977,UA,3428,,,,,YX,20452,YX,3428,10849,1084905,30849,BZN,"Bozeman, MT",MT,30,Montana,84,13930,1393007,30977,ORD,"Chicago, IL",IL,17,Illinois,41,630,-5.0,0.0,0.0,-1.0,0600-0659,14.0,639.0,1006.0,16.0,1035,1022.0,-13.0,0.0,0.0,-1.0,1000-1059,0.0,,0.0,185.0,177.0,147.0,1.0,1186.0,5,,,0.0,,0.0,,,,0,,,,,,,,,,,,,,,,,,,,,,,,,,,,,,,,,,,,,,,,,,,,,N,8.0,4.0,6.0,10.0,2.0,1.0,34.0,45.0,6,10,2.0,2.0,34.0,46.0,3,3,0,0.0,0.0,N741YX,N741YX-UA-0,34.0,46.0,11.0,45.0,57.0,,,0.0,34,45,0.0,0.0
N742SK,544.0,2019,2,5,2,4,2019-05-02,AA,AA_CODESHARE,19805,AA,2971,,,,,OO,20304,OO,2971,14489,1448902,34489,RDM,"Bend/Redmond, OR",OR,41,Oregon,92,12892,1289208,32575,LAX,"Los Angeles, CA",CA,6,California,91,543,1.0,1.0,0.0,0.0,0001-0559,31.0,615.0,754.0,7.0,806,801.0,-5.0,0.0,0.0,-1.0,0800-0859,0.0,,0.0,143.0,137.0,99.0,1.0,726.0,3,,,0.0,,0.0,,,,0,,,,,,,,,,,,,,,,,,,,,,,,,,,,,,,,,,,,,,,,,,,,,N,12.0,12.0,5.0,8.0,3.0,0.0,35.0,44.0,5,8,3.0,0.0,35.0,44.0,7,7,0,0.0,0.0,N742SK,N742SK-AA-0,35.0,47.0,9.0,44.0,56.0,,,0.0,35,44,0.0,0.0
N742SW,745.0,2019,2,5,2,4,2019-05-02,WN,WN,19393,WN,856,,,,,WN,19393,WN,856,15376,1537604,30436,TUS,"Tucson, AZ",AZ,4,Arizona,81,12892,1289208,32575,LAX,"Los Angeles, CA",CA,6,California,91,750,-5.0,0.0,0.0,-1.0,0700-0759,30.0,815.0,934.0,7.0,930,941.0,11.0,11.0,0.0,0.0,0900-0959,0.0,,0.0,100.0,116.0,79.0,1.0,451.0,2,,,0.0,,0.0,,,,0,,,,,,,,,,,,,,,,,,,,,,,,,,,,,,,,,,,,,,,,,,,,,N,8.0,12.0,7.0,9.0,3.0,3.0,39.0,51.0,7,9,3.0,2.0,39.0,50.0,3,3,0,0.0,0.0,N742SW,N742SW-WN-0,39.0,51.0,12.0,51.0,63.0,,,0.0,39,52,1.0,3.42
N742YX,551.0,2019,2,5,2,4,2019-05-02,UA,UA_CODESHARE,19977,UA,3451,,,,,YX,20452,YX,3451,14122,1412202,30198,PIT,"Pittsburgh, PA",PA,42,Pennsylvania,23,11618,1161802,31703,EWR,"Newark, NJ",NJ,34,New Jersey,21,600,-9.0,0.0,0.0,-1.0,0600-0659,25.0,616.0,711.0,5.0,736,716.0,-20.0,0.0,0.0,-2.0,0700-0759,0.0,,0.0,96.0,85.0,55.0,1.0,319.0,2,,,0.0,,0.0,,,,0,,,,,,,,,,,,,,,,,,,,,,,,,,,,,,,,,,,,,,,,,,,,,N,0.0,0.0,5.0,7.0,3.0,1.0,23.0,29.0,6,7,0.0,2.0,24.0,30.0,6,6,0,1.0,1.0,N742YX,N742YX-UA-0,24.0,35.0,6.0,30.0,41.0,,,0.0,24,30,0.0,0.0
N742YX,822.0,2019,2,5,2,4,2019-05-02,UA,UA_CODESHARE,19977,UA,3474,,,,,YX,20452,YX,3474,11618,1161802,31703,EWR,"Newark, NJ",NJ,34,New Jersey,21,10397,1039707,30397,ATL,"Atlanta, GA",GA,13,Georgia,34,830,-8.0,0.0,0.0,-1.0,0800-0859,14.0,836.0,1026.0,7.0,1102,1033.0,-29.0,0.0,0.0,-2.0,1100-1159,0.0,,0.0,152.0,131.0,110.0,1.0,746.0,3,,,0.0,,0.0,,,,0,,,,,,,,,,,,,,,,,,,,,,,,,,,,,,,,,,,,,,,,,,,,,N,0.0,0.0,8.0,10.0,1.0,2.0,33.0,42.0,8,11,2.0,0.0,34.0,44.0,3,3,1,1.0,0.0,N742YX,N742YX-UA-1,34.0,45.0,9.0,43.0,54.0,29.0,4.0,0.0,35,44,1.0,3.3
N743SK,606.0,2019,2,5,2,4,2019-05-02,UA,UA_CODESHARE,19977,UA,5952,,,,,OO,20304,OO,5952,11775,1177502,31775,FSD,"Sioux Falls, SD",SD,46,South Dakota,67,13930,1393007,30977,ORD,"Chicago, IL",IL,17,Illinois,41,615,-9.0,0.0,0.0,-1.0,0600-0659,20.0,626.0,730.0,16.0,814,746.0,-28.0,0.0,0.0,-2.0,0800-0859,0.0,,0.0,119.0,100.0,64.0,1.0,463.0,2,,,0.0,,0.0,,,,0,,,,,,,,,,,,,,,,,,,,,,,,,,,,,,,,,,,,,,,,,,,,,N,4.0,4.0,6.0,7.0,0.0,3.0,28.0,35.0,6,8,1.0,1.0,29.0,37.0,4,4,0,1.0,1.0,N743SK,N743SK-UA-0,29.0,40.0,7.0,36.0,47.0,,,0.0,29,36,0.0,0.0
N743SK,840.0,2019,2,5,2,4,2019-05-02,UA,UA_CODESHARE,19977,UA,5673,,,,,OO,20304,OO,5673,13930,1393007,30977,ORD,"Chicago, IL",IL,17,Illinois,41,13342,1334207,33342,MKE,"Milwaukee, WI",WI,55,Wisconsin,45,750,50.0,50.0,1.0,3.0,0700-0759,36.0,916.0,933.0,6.0,842,939.0,57.0,57.0,1.0,3.0,0800-0859,0.0,,0.0,52.0,59.0,17.0,1.0,67.0,1,0.0,0.0,7.0,0.0,50.0,,,,0,,,,,,,,,,,,,,,,,,,,,,,,,,,,,,,,,,,,,,,,,,,,,N,4.0,4.0,8.0,9.0,3.0,3.0,39.0,43.0,7,8,3.0,3.0,35.0,39.0,7,7,1,1.0,0.0,N743SK,N743SK-UA-1,36.0,51.0,4.0,40.0,55.0,35.0,4.0,4.0,36,40,0.0,0.0
N743SW,513.0,2019,2,5,2,4,2019-05-02,WN,WN,19393,WN,783,,,,,WN,19393,WN,783,14869,1486903,34614,SLC,"Salt Lake City, UT",UT,49,Utah,87,12892,1289208,32575,LAX,"Los Angeles, CA",CA,6,California,91,515,-2.0,0.0,0.0,-1.0,0001-0559,11.0,524.0,555.0,7.0,610,602.0,-8.0,0.0,0.0,-1.0,0600-0659,0.0,,0.0,115.0,109.0,91.0,1.0,590.0,3,,,0.0,,0.0,,,,0,,,,,,,,,,,,,,,,,,,,,,,,,,,,,,,,,,,,,,,,,,,,,N,8.0,12.0,5.0,6.0,1.0,0.0,29.0,36.0,5,6,1.0,1.0,29.0,37.0,4,4,0,0.0,0.0,N743SW,N743SW-WN-0,29.0,41.0,7.0,36.0,48.0,,,0.0,29,36,0.0,0.0
N743YX,928.0,2019,2,5,2,4,2019-05-02,UA,UA_CODESHARE,19977,UA,3707,,,,,YX,20452,YX,3707,12951,1295106,32951,LFT,"Lafayette, LA",LA,22,Louisiana,72,12266,1226603,31453,IAH,"Houston, TX",TX,48,Texas,74,704,144.0,144.0,1.0,9.0,0700-0759,17.0,945.0,1030.0,7.0,810,1037.0,147.0,147.0,1.0,9.0,0800-0859,0.0,,0.0,66.0,69.0,45.0,1.0,201.0,1,0.0,144.0,3.0,0.0,0.0,,,,0,,,,,,,,,,,,,,,,,,,,,,,,,,,,,,,,,,,,,,,,,,,,,N,4.0,4.0,9.0,10.0,2.0,2.0,42.0,46.0,7,8,0.0,1.0,32.0,37.0,8,8,0,0.0,0.0,N743YX,N743YX-UA-0,42.0,54.0,4.0,46.0,58.0,,,0.0,42,46,0.0,0.0
N744EV,714.0,2019,2,5,2,4,2019-05-02,AA,AA_CODESHARE,19805,AA,3012,,,,,OO,20304,OO,3012,10693,1069302,30693,BNA,"Nashville, TN",TN,47,Tennessee,54,13930,1393007,30977,ORD,"Chicago, IL",IL,17,Illinois,41,706,8.0,8.0,0.0,0.0,0700-0759,20.0,734.0,914.0,17.0,904,931.0,27.0,27.0,1.0,1.0,0900-0959,0.0,,0.0,118.0,137.0,100.0,1.0,409.0,2,0.0,8.0,19.0,0.0,0.0,,,,0,,,,,,,,,,,,,,,,,,,,,,,,,,,,,,,,,,,,,,,,,,,,,N,4.0,4.0,7.0,9.0,1.0,2.0,33.0,42.0,7,9,0.0,0.0,32.0,40.0,7,7,0,0.0,0.0,N744EV,N744EV-AA-0,32.0,45.0,9.0,41.0,54.0,,,1.0,32,41,0.0,0.0
N744P,740.0,2019,2,5,2,4,2019-05-02,AA,AA,19805,AA,1528,,,,,AA,19805,AA,1528,11057,1105703,31057,CLT,"Charlotte, NC",NC,37,North Carolina,36,10792,1079206,30792,BUF,"Buffalo, NY",NY,36,New York,22,745,-5.0,0.0,0.0,-1.0,0700-0759,13.0,753.0,915.0,3.0,937,918.0,-19.0,0.0,0.0,-2.0,0900-0959,0.0,,0.0,112.0,98.0,82.0,1.0,546.0,3,,,0.0,,0.0,,,,0,,,,,,,,,,,,,,,,,,,,,,,,,,,,,,,,,,,,,,,,,,,,,N,0.0,0.0,7.0,9.0,3.0,1.0,31.0,37.0,7,9,3.0,2.0,31.0,38.0,4,4,0,0.0,0.0,N744P,N744P-AA-0,31.0,43.0,6.0,37.0,49.0,,,0.0,31,37,0.0,0.0
N744SW,701.0,2019,2,5,2,4,2019-05-02,WN,WN,19393,WN,3489,,,,,WN,19393,WN,3489,10529,1052906,30529,BDL,"Hartford, CT",CT,9,Connecticut,11,13232,1323202,30977,MDW,"Chicago, IL",IL,17,Illinois,41,620,41.0,41.0,1.0,2.0,0600-0659,11.0,712.0,816.0,3.0,745,819.0,34.0,34.0,1.0,2.0,0700-0759,0.0,,0.0,145.0,138.0,124.0,1.0,777.0,4,0.0,34.0,0.0,0.0,0.0,,,,0,,,,,,,,,,,,,,,,,,,,,,,,,,,,,,,,,,,,,,,,,,,,,N,0.0,4.0,7.0,8.0,0.0,1.0,28.0,37.0,6,7,1.0,3.0,25.0,35.0,5,5,0,0.0,0.0,N744SW,N744SW-WN-0,28.0,40.0,9.0,37.0,49.0,,,0.0,28,37,0.0,0.0
N744YX,606.0,2019,2,5,2,4,2019-05-02,UA,UA_CODESHARE,19977,UA,3446,,,,,YX,20452,YX,3446,10397,1039707,30397,ATL,"Atlanta, GA",GA,13,Georgia,34,11618,1161802,31703,EWR,"Newark, NJ",NJ,34,New Jersey,21,600,6.0,6.0,0.0,0.0,0600-0659,16.0,622.0,801.0,7.0,811,808.0,-3.0,0.0,0.0,-1.0,0800-0859,0.0,,0.0,131.0,122.0,99.0,1.0,746.0,3,,,0.0,,0.0,,,,0,,,,,,,,,,,,,,,,,,,,,,,,,,,,,,,,,,,,,,,,,,,,,N,0.0,0.0,6.0,8.0,0.0,1.0,24.0,33.0,6,8,0.0,1.0,24.0,33.0,2,2,0,1.0,1.0,N744YX,N744YX-UA-0,24.0,36.0,9.0,33.0,45.0,,,0.0,24,33,0.0,0.0
N744YX,948.0,2019,2,5,2,4,2019-05-02,UA,UA_CODESHARE,19977,UA,3442,,,,,YX,20452,YX,3442,11618,1161802,31703,EWR,"Newark, NJ",NJ,34,New Jersey,21,10994,1099402,30994,CHS,"Charleston, SC",SC,45,South Carolina,37,915,33.0,33.0,1.0,2.0,0900-0959,13.0,1001.0,1135.0,5.0,1120,1140.0,20.0,20.0,1.0,1.0,1100-1159,0.0,,0.0,125.0,112.0,94.0,1.0,628.0,3,20.0,0.0,0.0,0.0,0.0,,,,0,,,,,,,,,,,,,,,,,,,,,,,,,,,,,,,,,,,,,,,,,,,,,N,0.0,0.0,9.0,11.0,3.0,3.0,39.0,47.0,9,11,1.0,1.0,37.0,45.0,3,3,1,1.0,0.0,N744YX,N744YX-UA-1,39.0,51.0,8.0,47.0,59.0,33.0,6.0,0.0,41,49,2.0,6.92
N745SK,549.0,2019,2,5,2,4,2019-05-02,AA,AA_CODESHARE,19805,AA,3108,,,,,OO,20304,OO,3108,11603,1160302,31603,EUG,"Eugene, OR",OR,41,Oregon,92,12892,1289208,32575,LAX,"Los Angeles, CA",CA,6,California,91,555,-6.0,0.0,0.0,-1.0,0001-0559,20.0,609.0,749.0,22.0,826,811.0,-15.0,0.0,0.0,-1.0,0800-0859,0.0,,0.0,151.0,142.0,100.0,1.0,748.0,3,,,0.0,,0.0,,,,0,,,,,,,,,,,,,,,,,,,,,,,,,,,,,,,,,,,,,,,,,,,,,N,12.0,12.0,5.0,8.0,3.0,1.0,35.0,45.0,5,8,4.0,2.0,36.0,46.0,2,2,0,0.0,0.0,N745SK,N745SK-AA-0,36.0,47.0,10.0,46.0,57.0,,,0.0,36,46,0.0,0.0
N745SW,736.0,2019,2,5,2,4,2019-05-02,WN,WN,19393,WN,375,,,,,WN,19393,WN,375,11057,1105703,31057,CLT,"Charlotte, NC",NC,37,North Carolina,36,10821,1082106,30852,BWI,"Baltimore, MD",MD,24,Maryland,35,735,1.0,1.0,0.0,0.0,0700-0759,26.0,802.0,901.0,3.0,900,904.0,4.0,4.0,0.0,0.0,0900-0959,0.0,,0.0,85.0,88.0,59.0,1.0,361.0,2,,,0.0,,0.0,,,,0,,,,,,,,,,,,,,,,,,,,,,,,,,,,,,,,,,,,,,,,,,,,,N,0.0,0.0,7.0,9.0,2.0,0.0,30.0,36.0,7,9,2.0,0.0,30.0,36.0,2,2,0,1.0,1.0,N745SW,N745SW-WN-0,30.0,42.0,6.0,36.0,48.0,,,0.0,30,36,0.0,0.0
N745SW,947.0,2019,2,5,2,4,2019-05-02,WN,WN,19393,WN,375,,,,,WN,19393,WN,375,10821,1082106,30852,BWI,"Baltimore, MD",MD,24,Maryland,35,10257,1025702,30257,ALB,"Albany, NY",NY,36,New York,22,935,12.0,12.0,0.0,0.0,0900-0959,16.0,1003.0,1058.0,2.0,1055,1100.0,5.0,5.0,0.0,0.0,1000-1059,0.0,,0.0,80.0,73.0,55.0,1.0,289.0,2,,,0.0,,0.0,,,,0,,,,,,,,,,,,,,,,,,,,,,,,,,,,,,,,,,,,,,,,,,,,,N,0.0,0.0,9.0,11.0,3.0,0.0,39.0,44.0,9,10,2.0,4.0,38.0,44.0,9,9,1,1.0,0.0,N745SW,N745SW-WN-1,39.0,51.0,5.0,44.0,56.0,36.0,3.0,0.0,39,44,0.0,0.0
N745VJ,646.0,2019,2,5,2,4,2019-05-02,AA,AA,19805,AA,1718,,,,,AA,19805,AA,1718,10397,1039707,30397,ATL,"Atlanta, GA",GA,13,Georgia,34,11057,1105703,31057,CLT,"Charlotte, NC",NC,37,North Carolina,36,651,-5.0,0.0,0.0,-1.0,0600-0659,14.0,700.0,742.0,18.0,811,800.0,-11.0,0.0,0.0,-1.0,0800-0859,0.0,,0.0,80.0,74.0,42.0,1.0,226.0,1,,,0.0,,0.0,,,,0,,,,,,,,,,,,,,,,,,,,,,,,,,,,,,,,,,,,,,,,,,,,,N,0.0,0.0,6.0,8.0,3.0,0.0,27.0,32.0,6,8,3.0,1.0,27.0,33.0,3,3,0,0.0,0.0,N745VJ,N745VJ-AA-0,27.0,39.0,5.0,32.0,44.0,,,0.0,27,32,0.0,0.0
N745YX,845.0,2019,2,5,2,4,2019-05-02,UA,UA_CODESHARE,19977,UA,3473,,,,,YX,20452,YX,3473,15016,1501606,31123,STL,"St. Louis, MO",MO,29,Missouri,64,13930,1393007,30977,ORD,"Chicago, IL",IL,17,Illinois,41,745,60.0,60.0,1.0,4.0,0700-0759,27.0,912.0,1000.0,10.0,919,1010.0,51.0,51.0,1.0,3.0,0900-0959,0.0,,0.0,94.0,85.0,48.0,1.0,258.0,2,0.0,51.0,0.0,0.0,0.0,,,,0,,,,,,,,,,,,,,,,,,,,,,,,,,,,,,,,,,,,,,,,,,,,,N,4.0,4.0,8.0,10.0,3.0,1.0,39.0,45.0,7,9,3.0,1.0,35.0,41.0,5,5,0,0.0,0.0,N745YX,N745YX-UA-0,39.0,51.0,6.0,45.0,57.0,,,0.0,39,45,0.0,0.0
N746SK,709.0,2019,2,5,2,4,2019-05-02,AA,AA_CODESHARE,19805,AA,3265,,,,,OO,20304,OO,3265,13931,1393102,33667,ORF,"Norfolk, VA",VA,51,Virginia,38,13930,1393007,30977,ORD,"Chicago, IL",IL,17,Illinois,41,712,-3.0,0.0,0.0,-1.0,0700-0759,14.0,723.0,817.0,57.0,844,914.0,30.0,30.0,1.0,2.0,0800-0859,0.0,,0.0,152.0,185.0,114.0,1.0,717.0,3,0.0,0.0,30.0,0.0,0.0,,,,0,,,,,,,,,,,,,,,,,,,,,,,,,,,,,,,,,,,,,,,,,,,,,N,0.0,4.0,7.0,9.0,1.0,1.0,29.0,41.0,7,8,1.0,3.0,29.0,39.0,4,4,0,0.0,0.0,N746SK,N746SK-AA-0,29.0,41.0,12.0,41.0,53.0,,,2.0,29,41,0.0,0.0
N746SW,640.0,2019,2,5,2,4,2019-05-02,WN,WN,19393,WN,465,,,,,WN,19393,WN,465,13198,1319801,33198,MCI,"Kansas City, MO",MO,29,Missouri,64,10821,1082106,30852,BWI,"Baltimore, MD",MD,24,Maryland,35,640,0.0,0.0,0.0,0.0,0600-0659,9.0,649.0,947.0,2.0,1000,949.0,-11.0,0.0,0.0,-1.0,1000-1059,0.0,,0.0,140.0,129.0,118.0,1.0,967.0,4,,,0.0,,0.0,,,,0,,,,,,,,,,,,,,,,,,,,,,,,,,,,,,,,,,,,,,,,,,,,,N,4.0,0.0,6.0,9.0,3.0,3.0,31.0,39.0,6,10,3.0,0.0,31.0,40.0,5,5,0,0.0,0.0,N746SW,N746SW-WN-0,31.0,43.0,8.0,39.0,51.0,,,0.0,31,39,0.0,0.0
N746YX,553.0,2019,2,5,2,4,2019-05-02,UA,UA_CODESHARE,19977,UA,3422,,,,,YX,20452,YX,3422,11278,1127805,30852,DCA,"Washington, DC",VA,51,Virginia,38,11618,1161802,31703,EWR,"Newark, NJ",NJ,34,New Jersey,21,600,-7.0,0.0,0.0,-1.0,0600-0659,25.0,618.0,653.0,7.0,715,700.0,-15.0,0.0,0.0,-1.0,0700-0759,0.0,,0.0,75.0,67.0,35.0,1.0,199.0,1,,,0.0,,0.0,,,,0,,,,,,,,,,,,,,,,,,,,,,,,,,,,,,,,,,,,,,,,,,,,,N,0.0,0.0,5.0,7.0,4.0,0.0,24.0,28.0,6,7,0.0,1.0,24.0,29.0,9,9,0,1.0,1.0,N746YX,N746YX-UA-0,24.0,36.0,4.0,28.0,40.0,,,0.0,24,28,0.0,0.0
N746YX,749.0,2019,2,5,2,4,2019-05-02,UA,UA_CODESHARE,19977,UA,3430,,,,,YX,20452,YX,3430,11618,1161802,31703,EWR,"Newark, NJ",NJ,34,New Jersey,21,14492,1449202,34492,RDU,"Raleigh/Durham, NC",NC,37,North Carolina,36,759,-10.0,0.0,0.0,-1.0,0700-0759,15.0,804.0,921.0,7.0,945,928.0,-17.0,0.0,0.0,-2.0,0900-0959,0.0,,0.0,106.0,99.0,77.0,1.0,416.0,2,,,0.0,,0.0,,,,0,,,,,,,,,,,,,,,,,,,,,,,,,,,,,,,,,,,,,,,,,,,,,N,0.0,0.0,7.0,9.0,3.0,2.0,31.0,38.0,7,9,4.0,3.0,32.0,39.0,3,3,1,1.0,0.0,N746YX,N746YX-UA-1,32.0,43.0,7.0,39.0,50.0,28.0,3.0,0.0,33,40,1.0,3.28
N747YX,545.0,2019,2,5,2,4,2019-05-02,UA,UA_CODESHARE,19977,UA,3709,,,,,YX,20452,YX,3709,11140,1114008,31140,CRP,"Corpus Christi, TX",TX,48,Texas,74,12266,1226603,31453,IAH,"Houston, TX",TX,48,Texas,74,545,0.0,0.0,0.0,0.0,0001-0559,11.0,556.0,640.0,12.0,645,652.0,7.0,7.0,0.0,0.0,0600-0659,0.0,,0.0,60.0,67.0,44.0,1.0,201.0,1,,,0.0,,0.0,,,,0,,,,,,,,,,,,,,,,,,,,,,,,,,,,,,,,,,,,,,,,,,,,,N,4.0,4.0,5.0,6.0,3.0,3.0,27.0,31.0,5,6,3.0,3.0,27.0,31.0,8,8,0,1.0,1.0,N747YX,N747YX-UA-0,27.0,39.0,4.0,31.0,43.0,,,0.0,27,31,0.0,0.0
N747YX,727.0,2019,2,5,2,4,2019-05-02,UA,UA_CODESHARE,19977,UA,3674,,,,,YX,20452,YX,3674,12266,1226603,31453,IAH,"Houston, TX",TX,48,Texas,74,11193,1119302,33105,CVG,"Cincinnati, OH",KY,21,Kentucky,52,730,-3.0,0.0,0.0,-1.0,0700-0759,24.0,751.0,1058.0,7.0,1058,1105.0,7.0,7.0,0.0,0.0,1000-1059,0.0,,0.0,148.0,158.0,127.0,1.0,871.0,4,,,0.0,,0.0,,,,0,,,,,,,,,,,,,,,,,,,,,,,,,,,,,,,,,,,,,,,,,,,,,N,4.0,0.0,7.0,11.0,2.0,0.0,34.0,44.0,7,10,2.0,4.0,34.0,44.0,9,9,1,1.0,0.0,N747YX,N747YX-UA-1,34.0,46.0,10.0,44.0,56.0,31.0,3.0,0.0,34,44,0.0,0.0
N74856,803.0,2019,2,5,2,4,2019-05-02,UA,UA,19977,UA,204,,,,,UA,19977,UA,204,13930,1393007,30977,ORD,"Chicago, IL",IL,17,Illinois,41,12892,1289208,32575,LAX,"Los Angeles, CA",CA,6,California,91,805,-2.0,0.0,0.0,-1.0,0800-0859,26.0,829.0,1019.0,21.0,1036,1040.0,4.0,4.0,0.0,0.0,1000-1059,0.0,,0.0,271.0,277.0,230.0,1.0,1744.0,7,,,0.0,,0.0,,,,0,,,,,,,,,,,,,,,,,,,,,,,,,,,,,,,,,,,,,,,,,,,,,N,4.0,12.0,8.0,10.0,0.0,3.0,36.0,55.0,8,10,0.0,2.0,36.0,54.0,4,4,0,0.0,0.0,N74856,N74856-UA-0,36.0,48.0,19.0,55.0,67.0,,,0.0,36,55,0.0,0.0
N748EV,531.0,2019,2,5,2,4,2019-05-02,AA,AA_CODESHARE,19805,AA,2992,,,,,OO,20304,OO,2992,13290,1329002,33290,MHK,"Manhattan/Ft. Riley, KS",KS,20,Kansas,62,13930,1393007,30977,ORD,"Chicago, IL",IL,17,Illinois,41,532,-1.0,0.0,0.0,-1.0,0001-0559,18.0,549.0,704.0,16.0,713,720.0,7.0,7.0,0.0,0.0,0700-0759,0.0,,0.0,101.0,109.0,75.0,1.0,501.0,3,,,0.0,,0.0,,,,0,,,,,,,,,,,,,,,,,,,,,,,,,,,,,,,,,,,,,,,,,,,,,N,4.0,4.0,5.0,7.0,2.0,1.0,26.0,33.0,5,7,2.0,1.0,26.0,33.0,6,6,0,1.0,1.0,N748EV,N748EV-AA-0,26.0,38.0,7.0,33.0,45.0,,,0.0,26,33,0.0,0.0
N748EV,800.0,2019,2,5,2,4,2019-05-02,AA,AA_CODESHARE,19805,AA,2998,,,,,OO,20304,OO,2998,13930,1393007,30977,ORD,"Chicago, IL",IL,17,Illinois,41,11433,1143302,31295,DTW,"Detroit, MI",MI,26,Michigan,43,740,20.0,20.0,1.0,1.0,0700-0759,34.0,834.0,1015.0,10.0,1004,1025.0,21.0,21.0,1.0,1.0,1000-1059,0.0,,0.0,84.0,85.0,41.0,1.0,235.0,1,13.0,0.0,1.0,0.0,7.0,,,,0,,,,,,,,,,,,,,,,,,,,,,,,,,,,,,,,,,,,,,,,,,,,,N,4.0,0.0,8.0,10.0,0.0,2.0,36.0,42.0,7,10,3.0,0.0,35.0,40.0,2,2,1,1.0,0.0,N748EV,N748EV-AA-1,36.0,48.0,6.0,42.0,54.0,33.0,3.0,1.0,45,51,9.0,38.08
N748UW,803.0,2019,2,5,2,4,2019-05-02,AA,AA,19805,AA,1503,,,,,AA,19805,AA,1503,13158,1315805,33158,MAF,"Midland/Odessa, TX",TX,48,Texas,74,11298,1129806,30194,DFW,"Dallas/Fort Worth, TX",TX,48,Texas,74,807,-4.0,0.0,0.0,-1.0,0800-0859,13.0,816.0,905.0,16.0,925,921.0,-4.0,0.0,0.0,-1.0,0900-0959,0.0,,0.0,78.0,78.0,49.0,1.0,309.0,2,,,0.0,,0.0,,,,0,,,,,,,,,,,,,,,,,,,,,,,,,,,,,,,,,,,,,,,,,,,,,N,4.0,4.0,8.0,9.0,0.0,1.0,36.0,41.0,8,9,0.0,2.0,36.0,42.0,9,9,0,0.0,0.0,N748UW,N748UW-AA-0,36.0,48.0,5.0,41.0,53.0,,,0.0,36,41,0.0,0.0
N748YX,654.0,2019,2,5,2,4,2019-05-02,UA,UA_CODESHARE,19977,UA,3568,,,,,YX,20452,YX,3568,11618,1161802,31703,EWR,"Newark, NJ",NJ,34,New Jersey,21,13495,1349505,33495,MSY,"New Orleans, LA",LA,22,Louisiana,72,700,-6.0,0.0,0.0,-1.0,0700-0759,18.0,712.0,857.0,3.0,917,900.0,-17.0,0.0,0.0,-2.0,0900-0959,0.0,,0.0,197.0,186.0,165.0,1.0,1167.0,5,,,0.0,,0.0,,,,0,,,,,,,,,,,,,,,,,,,,,,,,,,,,,,,,,,,,,,,,,,,,,N,0.0,4.0,6.0,9.0,4.0,0.0,28.0,40.0,7,9,0.0,1.0,28.0,41.0,7,7,0,0.0,0.0,N748YX,N748YX-UA-0,28.0,40.0,12.0,40.0,52.0,,,0.0,28,40,0.0,0.0
N749SW,507.0,2019,2,5,2,4,2019-05-02,WN,WN,19393,WN,1078,,,,,WN,19393,WN,1078,14771,1477104,32457,SFO,"San Francisco, CA",CA,6,California,91,12889,1288903,32211,LAS,"Las Vegas, NV",NV,32,Nevada,85,510,-3.0,0.0,0.0,-1.0,0001-0559,10.0,517.0,616.0,4.0,635,620.0,-15.0,0.0,0.0,-1.0,0600-0659,0.0,,0.0,85.0,73.0,59.0,1.0,414.0,2,,,0.0,,0.0,,,,0,,,,,,,,,,,,,,,,,,,,,,,,,,,,,,,,,,,,,,,,,,,,,N,12.0,12.0,5.0,6.0,0.0,1.0,32.0,37.0,5,6,1.0,2.0,33.0,38.0,5,5,0,0.0,0.0,N749SW,N749SW-WN-0,33.0,44.0,5.0,38.0,49.0,,,0.0,33,39,1.0,5.26
N749YX,555.0,2019,2,5,2,4,2019-05-02,UA,UA_CODESHARE,19977,UA,3638,,,,,YX,20452,YX,3638,11921,1192102,31921,GJT,"Grand Junction, CO",CO,8,Colorado,82,11292,1129202,30325,DEN,"Denver, CO",CO,8,Colorado,82,600,-5.0,0.0,0.0,-1.0,0600-0659,24.0,619.0,657.0,9.0,707,706.0,-1.0,0.0,0.0,-1.0,0700-0759,0.0,,0.0,67.0,71.0,38.0,1.0,212.0,1,,,0.0,,0.0,,,,0,,,,,,,,,,,,,,,,,,,,,,,,,,,,,,,,,,,,,,,,,,,,,N,8.0,8.0,5.0,7.0,4.0,0.0,32.0,36.0,6,7,0.0,0.0,32.0,36.0,3,3,0,1.0,1.0,N749YX,N749YX-UA-0,32.0,44.0,4.0,36.0,48.0,,,0.0,32,36,0.0,0.0
N749YX,745.0,2019,2,5,2,4,2019-05-02,UA,UA_CODESHARE,19977,UA,3496,,,,,YX,20452,YX,3496,11292,1129202,30325,DEN,"Denver, CO",CO,8,Colorado,82,14457,1445702,34457,RAP,"Rapid City, SD",SD,46,South Dakota,67,750,-5.0,0.0,0.0,-1.0,0700-0759,16.0,801.0,845.0,7.0,909,852.0,-17.0,0.0,0.0,-2.0,0900-0959,0.0,,0.0,79.0,67.0,44.0,1.0,300.0,2,,,0.0,,0.0,,,,0,,,,,,,,,,,,,,,,,,,,,,,,,,,,,,,,,,,,,,,,,,,,,N,8.0,8.0,7.0,8.0,3.0,3.0,39.0,43.0,7,9,3.0,1.0,39.0,45.0,2,2,1,1.0,0.0,N749YX,N749YX-UA-1,39.0,51.0,4.0,43.0,55.0,36.0,3.0,0.0,42,46,3.0,7.96
N750SA,604.0,2019,2,5,2,4,2019-05-02,WN,WN,19393,WN,5644,,,,,WN,19393,WN,5644,12391,1239103,31703,ISP,"Islip, NY",NY,36,New York,22,10821,1082106,30852,BWI,"Baltimore, MD",MD,24,Maryland,35,605,-1.0,0.0,0.0,-1.0,0600-0659,9.0,613.0,710.0,3.0,720,713.0,-7.0,0.0,0.0,-1.0,0700-0759,0.0,,0.0,75.0,69.0,57.0,1.0,220.0,1,,,0.0,,0.0,,,,0,,,,,,,,,,,,,,,,,,,,,,,,,,,,,,,,,,,,,,,,,,,,,N,0.0,0.0,6.0,7.0,0.0,1.0,24.0,29.0,6,7,0.0,1.0,24.0,29.0,8,8,0,1.0,1.0,N750SA,N750SA-WN-0,24.0,36.0,5.0,29.0,41.0,,,0.0,24,29,0.0,0.0
N750SA,817.0,2019,2,5,2,4,2019-05-02,WN,WN,19393,WN,784,,,,,WN,19393,WN,784,10821,1082106,30852,BWI,"Baltimore, MD",MD,24,Maryland,35,11057,1105703,31057,CLT,"Charlotte, NC",NC,37,North Carolina,36,815,2.0,2.0,0.0,0.0,0800-0859,9.0,826.0,924.0,9.0,955,933.0,-22.0,0.0,0.0,-2.0,0900-0959,0.0,,0.0,100.0,76.0,58.0,1.0,361.0,2,,,0.0,,0.0,,,,0,,,,,,,,,,,,,,,,,,,,,,,,,,,,,,,,,,,,,,,,,,,,,N,0.0,0.0,8.0,9.0,1.0,2.0,33.0,38.0,8,9,1.0,4.0,33.0,40.0,1,1,1,1.0,0.0,N750SA,N750SA-WN-1,33.0,45.0,5.0,38.0,50.0,29.0,4.0,0.0,33,39,1.0,1.32
N750SK,500.0,2019,2,5,2,4,2019-05-02,AA,AA_CODESHARE,19805,AA,3077,,,,,OO,20304,OO,3077,13244,1324402,33244,MEM,"Memphis, TN",TN,47,Tennessee,54,13930,1393007,30977,ORD,"Chicago, IL",IL,17,Illinois,41,505,-5.0,0.0,0.0,-1.0,0001-0559,13.0,513.0,648.0,8.0,700,656.0,-4.0,0.0,0.0,-1.0,0700-0759,0.0,,0.0,115.0,116.0,95.0,1.0,491.0,2,,,0.0,,0.0,,,,0,,,,,,,,,,,,,,,,,,,,,,,,,,,,,,,,,,,,,,,,,,,,,N,4.0,4.0,5.0,6.0,0.0,4.0,24.0,32.0,5,7,0.0,0.0,24.0,32.0,4,4,0,1.0,1.0,N750SK,N750SK-AA-0,24.0,36.0,8.0,32.0,44.0,,,0.0,24,32,0.0,0.0
N750SK,827.0,2019,2,5,2,4,2019-05-02,AA,AA_CODESHARE,19805,AA,3267,,,,,OO,20304,OO,3267,13930,1393007,30977,ORD,"Chicago, IL",IL,17,Illinois,41,13198,1319801,33198,MCI,"Kansas City, MO",MO,29,Missouri,64,830,-3.0,0.0,0.0,-1.0,0800-0859,25.0,852.0,1002.0,4.0,1012,1006.0,-6.0,0.0,0.0,-1.0,1000-1059,0.0,,0.0,102.0,99.0,70.0,1.0,403.0,2,,,0.0,,0.0,,,,0,,,,,,,,,,,,,,,,,,,,,,,,,,,,,,,,,,,,,,,,,,,,,N,4.0,4.0,8.0,10.0,2.0,0.0,38.0,44.0,8,10,2.0,1.0,38.0,45.0,1,1,1,1.0,0.0,N750SK,N750SK-AA-1,38.0,50.0,6.0,44.0,56.0,32.0,6.0,0.0,38,44,0.0,0.0
N750UW,704.0,2019,2,5,2,4,2019-05-02,AA,AA,19805,AA,1846,,,,,AA,19805,AA,1846,13244,1324402,33244,MEM,"Memphis, TN",TN,47,Tennessee,54,11057,1105703,31057,CLT,"Charlotte, NC",NC,37,North Carolina,36,710,-6.0,0.0,0.0,-1.0,0700-0759,10.0,714.0,927.0,27.0,1005,954.0,-11.0,0.0,0.0,-1.0,1000-1059,0.0,,0.0,115.0,110.0,73.0,1.0,511.0,3,,,0.0,,0.0,,,,0,,,,,,,,,,,,,,,,,,,,,,,,,,,,,,,,,,,,,,,,,,,,,N,4.0,0.0,7.0,9.0,0.0,4.0,32.0,40.0,7,10,1.0,0.0,33.0,40.0,3,3,0,0.0,0.0,N750UW,N750UW-AA-0,33.0,44.0,8.0,41.0,52.0,,,0.0,33,41,0.0,0.0
N750YX,723.0,2019,2,5,2,4,2019-05-02,UA,UA_CODESHARE,19977,UA,3678,,,,,YX,20452,YX,3678,11618,1161802,31703,EWR,"Newark, NJ",NJ,34,New Jersey,21,14683,1468305,33214,SAT,"San Antonio, TX",TX,48,Texas,74,730,-7.0,0.0,0.0,-1.0,0700-0759,20.0,743.0,1031.0,3.0,1046,1034.0,-12.0,0.0,0.0,-1.0,1000-1059,0.0,,0.0,256.0,251.0,228.0,1.0,1569.0,7,,,0.0,,0.0,,,,0,,,,,,,,,,,,,,,,,,,,,,,,,,,,,,,,,,,,,,,,,,,,,N,0.0,4.0,7.0,10.0,2.0,2.0,30.0,46.0,7,10,2.0,3.0,30.0,47.0,1,1,0,0.0,0.0,N750YX,N750YX-UA-0,30.0,42.0,16.0,46.0,58.0,,,0.0,31,47,1.0,1.28
N751EV,802.0,2019,2,5,2,4,2019-05-02,AA,AA_CODESHARE,19805,AA,3229,,,,,OO,20304,OO,3229,14730,1473003,33044,SDF,"Louisville, KY",KY,21,Kentucky,52,13930,1393007,30977,ORD,"Chicago, IL",IL,17,Illinois,41,810,-8.0,0.0,0.0,-1.0,0800-0859,85.0,927.0,930.0,15.0,855,945.0,50.0,50.0,1.0,3.0,0800-0859,0.0,,0.0,105.0,163.0,63.0,1.0,286.0,2,0.0,0.0,50.0,0.0,0.0,,,,0,,,,,,,,,,,,,,,,,,,,,,,,,,,,,,,,,,,,,,,,,,,,,N,0.0,4.0,8.0,9.0,0.0,3.0,32.0,43.0,8,8,1.0,4.0,33.0,40.0,7,7,0,0.0,0.0,N751EV,N751EV-AA-0,33.0,44.0,11.0,44.0,55.0,,,3.0,33,44,0.0,0.0
N751SK,552.0,2019,2,5,2,4,2019-05-02,AA,AA_CODESHARE,19805,AA,3038,,,,,OO,20304,OO,3038,10561,1056103,30561,BFL,"Bakersfield, CA",CA,6,California,91,14107,1410702,30466,PHX,"Phoenix, AZ",AZ,4,Arizona,81,605,-13.0,0.0,0.0,-1.0,0600-0659,17.0,609.0,707.0,30.0,741,737.0,-4.0,0.0,0.0,-1.0,0700-0759,0.0,,0.0,96.0,105.0,58.0,1.0,425.0,2,,,0.0,,0.0,,,,0,,,,,,,,,,,,,,,,,,,,,,,,,,,,,,,,,,,,,,,,,,,,,N,12.0,8.0,5.0,7.0,3.0,2.0,35.0,38.0,6,7,0.0,3.0,36.0,39.0,2,2,0,0.0,0.0,N751SK,N751SK-AA-0,36.0,47.0,3.0,39.0,50.0,,,0.0,36,39,0.0,0.0
N751SW,535.0,2019,2,5,2,4,2019-05-02,WN,WN,19393,WN,1383,,,,,WN,19393,WN,1383,14747,1474703,30559,SEA,"Seattle, WA",WA,53,Washington,93,12889,1288903,32211,LAS,"Las Vegas, NV",NV,32,Nevada,85,540,-5.0,0.0,0.0,-1.0,0001-0559,11.0,546.0,737.0,6.0,800,743.0,-17.0,0.0,0.0,-2.0,0800-0859,0.0,,0.0,140.0,128.0,111.0,1.0,867.0,4,,,0.0,,0.0,,,,0,,,,,,,,,,,,,,,,,,,,,,,,,,,,,,,,,,,,,,,,,,,,,N,12.0,12.0,5.0,7.0,2.0,3.0,34.0,43.0,5,8,3.0,0.0,35.0,44.0,3,3,0,0.0,0.0,N751SW,N751SW-WN-0,35.0,46.0,9.0,44.0,55.0,,,0.0,35,44,0.0,0.0
N751UW,1047.0,2019,2,5,2,4,2019-05-02,AA,AA,19805,AA,2616,,,,,AA,19805,AA,2616,13851,1385103,33851,OKC,"Oklahoma City, OK",OK,40,Oklahoma,73,11298,1129806,30194,DFW,"Dallas/Fort Worth, TX",TX,48,Texas,74,847,120.0,120.0,1.0,8.0,0800-0859,12.0,1059.0,1139.0,12.0,955,1151.0,116.0,116.0,1.0,7.0,0900-0959,0.0,,0.0,68.0,64.0,40.0,1.0,175.0,1,0.0,116.0,0.0,0.0,0.0,,,,0,,,,,,,,,,,,,,,,,,,,,,,,,,,,,,,,,,,,,,,,,,,,,N,4.0,4.0,10.0,11.0,3.0,3.0,47.0,51.0,8,9,3.0,4.0,39.0,44.0,1,1,0,0.0,0.0,N751UW,N751UW-AA-0,47.0,59.0,4.0,51.0,63.0,,,0.0,47,51,0.0,0.0
N751YX,554.0,2019,2,5,2,4,2019-05-02,UA,UA_CODESHARE,19977,UA,3665,,,,,YX,20452,YX,3665,11618,1161802,31703,EWR,"Newark, NJ",NJ,34,New Jersey,21,14492,1449202,34492,RDU,"Raleigh/Durham, NC",NC,37,North Carolina,36,605,-11.0,0.0,0.0,-1.0,0600-0659,14.0,608.0,716.0,7.0,748,723.0,-25.0,0.0,0.0,-2.0,0700-0759,0.0,,0.0,103.0,89.0,68.0,1.0,416.0,2,,,0.0,,0.0,,,,0,,,,,,,,,,,,,,,,,,,,,,,,,,,,,,,,,,,,,,,,,,,,,N,0.0,0.0,5.0,7.0,4.0,2.0,24.0,30.0,6,7,0.0,3.0,24.0,31.0,5,5,0,1.0,1.0,N751YX,N751YX-UA-0,24.0,36.0,6.0,30.0,42.0,,,0.0,24,30,0.0,0.0
N751YX,838.0,2019,2,5,2,4,2019-05-02,UA,UA_CODESHARE,19977,UA,3713,,,,,YX,20452,YX,3713,14492,1449202,34492,RDU,"Raleigh/Durham, NC",NC,37,North Carolina,36,12266,1226603,31453,IAH,"Houston, TX",TX,48,Texas,74,845,-7.0,0.0,0.0,-1.0,0800-0859,18.0,856.0,1037.0,9.0,1051,1046.0,-5.0,0.0,0.0,-1.0,1000-1059,0.0,,0.0,186.0,188.0,161.0,1.0,1042.0,5,,,0.0,,0.0,,,,0,,,,,,,,,,,,,,,,,,,,,,,,,,,,,,,,,,,,,,,,,,,,,N,0.0,4.0,8.0,10.0,3.0,3.0,35.0,47.0,8,10,3.0,3.0,35.0,47.0,3,3,1,1.0,0.0,N751YX,N751YX-UA-1,35.0,47.0,12.0,47.0,59.0,30.0,5.0,0.0,35,47,0.0,0.0
N752EV,659.0,2019,2,5,2,4,2019-05-02,AA,AA_CODESHARE,19805,AA,2966,,,,,OO,20304,OO,2966,11695,1169502,31695,FLG,"Flagstaff, AZ",AZ,4,Arizona,81,11298,1129806,30194,DFW,"Dallas/Fort Worth, TX",TX,48,Texas,74,710,-11.0,0.0,0.0,-1.0,0700-0759,28.0,727.0,1117.0,13.0,1137,1130.0,-7.0,0.0,0.0,-1.0,1100-1159,0.0,,0.0,147.0,151.0,110.0,1.0,853.0,4,,,0.0,,0.0,,,,0,,,,,,,,,,,,,,,,,,,,,,,,,,,,,,,,,,,,,,,,,,,,,N,8.0,4.0,6.0,11.0,4.0,2.0,36.0,50.0,7,11,1.0,2.0,37.0,50.0,9,9,0,0.0,0.0,N752EV,N752EV-AA-0,37.0,48.0,14.0,51.0,62.0,,,0.0,37,51,0.0,0.0
N752SK,641.0,2019,2,5,2,4,2019-05-02,AA,AA_CODESHARE,19805,AA,2954,,,,,OO,20304,OO,2954,15376,1537604,30436,TUS,"Tucson, AZ",AZ,4,Arizona,81,12892,1289208,32575,LAX,"Los Angeles, CA",CA,6,California,91,650,-9.0,0.0,0.0,-1.0,0600-0659,17.0,658.0,812.0,27.0,850,839.0,-11.0,0.0,0.0,-1.0,0800-0859,0.0,,0.0,120.0,118.0,74.0,1.0,451.0,2,,,0.0,,0.0,,,,0,,,,,,,,,,,,,,,,,,,,,,,,,,,,,,,,,,,,,,,,,,,,,N,8.0,12.0,6.0,8.0,3.0,3.0,35.0,47.0,6,8,3.0,3.0,35.0,47.0,9,9,0,0.0,0.0,N752SK,N752SK-AA-0,35.0,47.0,12.0,47.0,59.0,,,0.0,35,47,0.0,0.0
N752SW,708.0,2019,2,5,2,4,2019-05-02,WN,WN,19393,WN,1123,,,,,WN,19393,WN,1123,10821,1082106,30852,BWI,"Baltimore, MD",MD,24,Maryland,35,11697,1169706,32467,FLL,"Fort Lauderdale, FL",FL,12,Florida,33,710,-2.0,0.0,0.0,-1.0,0700-0759,12.0,720.0,927.0,5.0,945,932.0,-13.0,0.0,0.0,-1.0,0900-0959,0.0,,0.0,155.0,144.0,127.0,1.0,925.0,4,,,0.0,,0.0,,,,0,,,,,,,,,,,,,,,,,,,,,,,,,,,,,,,,,,,,,,,,,,,,,N,0.0,0.0,7.0,9.0,1.0,2.0,29.0,38.0,7,9,1.0,3.0,29.0,39.0,5,5,0,0.0,0.0,N752SW,N752SW-WN-0,29.0,41.0,9.0,38.0,50.0,,,0.0,29,38,0.0,0.0
N752US,813.0,2019,2,5,2,4,2019-05-02,AA,AA,19805,AA,1633,,,,,AA,19805,AA,1633,14683,1468305,33214,SAT,"San Antonio, TX",TX,48,Texas,74,14107,1410702,30466,PHX,"Phoenix, AZ",AZ,4,Arizona,81,820,-7.0,0.0,0.0,-1.0,0800-0859,9.0,822.0,826.0,43.0,902,909.0,7.0,7.0,0.0,0.0,0900-0959,0.0,,0.0,162.0,176.0,124.0,1.0,843.0,4,,,0.0,,0.0,,,,0,,,,,,,,,,,,,,,,,,,,,,,,,,,,,,,,,,,,,,,,,,,,,N,4.0,8.0,8.0,9.0,1.0,1.0,37.0,45.0,8,9,1.0,0.0,37.0,44.0,5,5,0,0.0,0.0,N752US,N752US-AA-0,37.0,49.0,8.0,45.0,57.0,,,0.0,37,45,0.0,0.0
N752YX,626.0,2019,2,5,2,4,2019-05-02,UA,UA_CODESHARE,19977,UA,3549,,,,,YX,20452,YX,3549,13485,1348502,33485,MSN,"Madison, WI",WI,55,Wisconsin,45,11618,1161802,31703,EWR,"Newark, NJ",NJ,34,New Jersey,21,630,-4.0,0.0,0.0,-1.0,0600-0659,13.0,639.0,921.0,11.0,947,932.0,-15.0,0.0,0.0,-1.0,0900-0959,0.0,,0.0,137.0,126.0,102.0,1.0,799.0,4,,,0.0,,0.0,,,,0,,,,,,,,,,,,,,,,,,,,,,,,,,,,,,,,,,,,,,,,,,,,,N,4.0,0.0,6.0,9.0,2.0,2.0,30.0,38.0,6,9,2.0,3.0,30.0,39.0,2,2,0,0.0,0.0,N752YX,N752YX-UA-0,30.0,42.0,8.0,38.0,50.0,,,0.0,30,39,1.0,2.36
N753US,615.0,2019,2,5,2,4,2019-05-02,AA,AA,19805,AA,1861,,,,,AA,19805,AA,1861,10423,1042302,30423,AUS,"Austin, TX",TX,48,Texas,74,14107,1410702,30466,PHX,"Phoenix, AZ",AZ,4,Arizona,81,615,0.0,0.0,0.0,0.0,0600-0659,15.0,630.0,642.0,8.0,650,650.0,0.0,0.0,0.0,0.0,0600-0659,0.0,,0.0,155.0,155.0,132.0,1.0,872.0,4,,,0.0,,0.0,,,,0,,,,,,,,,,,,,,,,,,,,,,,,,,,,,,,,,,,,,,,,,,,,,N,4.0,8.0,6.0,6.0,1.0,3.0,29.0,35.0,6,6,1.0,3.0,29.0,35.0,3,3,0,0.0,0.0,N753US,N753US-AA-0,29.0,41.0,6.0,35.0,47.0,,,0.0,29,35,0.0,0.0
N75410,602.0,2019,2,5,2,4,2019-05-02,UA,UA,19977,UA,368,,,,,UA,19977,UA,368,14771,1477104,32457,SFO,"San Francisco, CA",CA,6,California,91,14107,1410702,30466,PHX,"Phoenix, AZ",AZ,4,Arizona,81,607,-5.0,0.0,0.0,-1.0,0600-0659,14.0,616.0,741.0,7.0,804,748.0,-16.0,0.0,0.0,-2.0,0800-0859,0.0,,0.0,117.0,106.0,85.0,1.0,651.0,3,,,0.0,,0.0,,,,0,,,,,,,,,,,,,,,,,,,,,,,,,,,,,,,,,,,,,,,,,,,,,N,12.0,8.0,6.0,7.0,0.0,3.0,36.0,39.0,6,8,0.0,0.0,36.0,40.0,6,6,0,0.0,0.0,N75410,N75410-UA-0,36.0,48.0,3.0,39.0,51.0,,,0.0,36,39,0.0,0.0
N75426,100.0,2019,2,5,2,4,2019-05-02,UA,UA,19977,UA,634,,,,,UA,19977,UA,634,12889,1288903,32211,LAS,"Las Vegas, NV",NV,32,Nevada,85,12266,1226603,31453,IAH,"Houston, TX",TX,48,Texas,74,100,0.0,0.0,0.0,0.0,0001-0559,15.0,115.0,543.0,7.0,552,550.0,-2.0,0.0,0.0,-1.0,0001-0559,0.0,,0.0,172.0,170.0,148.0,1.0,1222.0,5,,,0.0,,0.0,,,,0,,,,,,,,,,,,,,,,,,,,,,,,,,,,,,,,,,,,,,,,,,,,,N,12.0,4.0,1.0,5.0,0.0,3.0,16.0,27.0,1,5,0.0,3.0,16.0,27.0,9,9,0,0.0,0.0,N75426,N75426-UA-0,16.0,28.0,11.0,27.0,39.0,,,0.0,16,27,0.0,0.0
N75428,630.0,2019,2,5,2,4,2019-05-02,UA,UA,19977,UA,1881,,,,,UA,19977,UA,1881,12264,1226402,30852,IAD,"Washington, DC",VA,51,Virginia,38,14771,1477104,32457,SFO,"San Francisco, CA",CA,6,California,91,630,0.0,0.0,0.0,0.0,0600-0659,18.0,648.0,930.0,7.0,927,937.0,10.0,10.0,0.0,0.0,0900-0959,0.0,,0.0,357.0,367.0,342.0,1.0,2419.0,10,,,0.0,,0.0,,,,0,,,,,,,,,,,,,,,,,,,,,,,,,,,,,,,,,,,,,,,,,,,,,N,0.0,12.0,6.0,9.0,2.0,2.0,26.0,50.0,6,9,2.0,2.0,26.0,50.0,8,8,0,0.0,0.0,N75428,N75428-UA-0,26.0,38.0,24.0,50.0,62.0,,,0.0,26,50,0.0,0.0
N75429,709.0,2019,2,5,2,4,2019-05-02,UA,UA,19977,UA,449,,,,,UA,19977,UA,449,10721,1072102,30721,BOS,"Boston, MA",MA,25,Massachusetts,13,13930,1393007,30977,ORD,"Chicago, IL",IL,17,Illinois,41,715,-6.0,0.0,0.0,-1.0,0700-0759,22.0,731.0,852.0,16.0,901,908.0,7.0,7.0,0.0,0.0,0900-0959,0.0,,0.0,166.0,179.0,141.0,1.0,867.0,4,,,0.0,,0.0,,,,0,,,,,,,,,,,,,,,,,,,,,,,,,,,,,,,,,,,,,,,,,,,,,N,0.0,4.0,7.0,9.0,1.0,1.0,29.0,41.0,7,9,1.0,0.0,29.0,40.0,6,6,0,0.0,0.0,N75429,N75429-UA-0,29.0,41.0,12.0,41.0,53.0,,,0.0,29,41,0.0,0.0
N75432,551.0,2019,2,5,2,4,2019-05-02,UA,UA,19977,UA,636,,,,,UA,19977,UA,636,13930,1393007,30977,ORD,"Chicago, IL",IL,17,Illinois,41,11618,1161802,31703,EWR,"Newark, NJ",NJ,34,New Jersey,21,600,-9.0,0.0,0.0,-1.0,0600-0659,18.0,609.0,844.0,14.0,904,858.0,-6.0,0.0,0.0,-1.0,0900-0959,0.0,,0.0,124.0,127.0,95.0,1.0,719.0,3,,,0.0,,0.0,,,,0,,,,,,,,,,,,,,,,,,,,,,,,,,,,,,,,,,,,,,,,,,,,,N,4.0,0.0,5.0,8.0,3.0,4.0,27.0,36.0,6,9,0.0,0.0,28.0,36.0,3,3,0,0.0,0.0,N75432,N75432-UA-0,28.0,39.0,9.0,37.0,48.0,,,0.0,29,39,2.0,7.26
N75435,609.0,2019,2,5,2,4,2019-05-02,UA,UA,19977,UA,1410,,,,,UA,19977,UA,1410,13930,1393007,30977,ORD,"Chicago, IL",IL,17,Illinois,41,10785,1078502,30785,BTV,"Burlington, VT",VT,50,Vermont,16,623,-14.0,0.0,0.0,-1.0,0600-0659,18.0,627.0,911.0,4.0,930,915.0,-15.0,0.0,0.0,-1.0,0900-0959,0.0,,0.0,127.0,126.0,104.0,1.0,763.0,4,,,0.0,,0.0,,,,0,,,,,,,,,,,,,,,,,,,,,,,,,,,,,,,,,,,,,,,,,,,,,N,4.0,0.0,6.0,9.0,1.0,1.0,29.0,37.0,6,9,2.0,2.0,30.0,38.0,5,5,0,0.0,0.0,N75435,N75435-UA-0,30.0,41.0,8.0,38.0,49.0,,,0.0,30,38,0.0,0.0
N754EV,600.0,2019,2,5,2,4,2019-05-02,AA,AA_CODESHARE,19805,AA,3102,,,,,OO,20304,OO,3102,11986,1198603,31986,GRR,"Grand Rapids, MI",MI,26,Michigan,43,13930,1393007,30977,ORD,"Chicago, IL",IL,17,Illinois,41,606,-6.0,0.0,0.0,-1.0,0600-0659,19.0,619.0,602.0,12.0,614,614.0,0.0,0.0,0.0,0.0,0600-0659,0.0,,0.0,68.0,74.0,43.0,1.0,137.0,1,,,0.0,,0.0,,,,0,,,,,,,,,,,,,,,,,,,,,,,,,,,,,,,,,,,,,,,,,,,,,N,0.0,4.0,6.0,6.0,0.0,1.0,24.0,29.0,6,6,0.0,1.0,24.0,29.0,2,2,0,0.0,0.0,N754EV,N754EV-AA-0,24.0,36.0,5.0,29.0,41.0,,,0.0,24,29,0.0,0.0
N754SK,549.0,2019,2,5,2,4,2019-05-02,AA,AA_CODESHARE,19805,AA,3036,,,,,OO,20304,OO,3036,10693,1069302,30693,BNA,"Nashville, TN",TN,47,Tennessee,54,13930,1393007,30977,ORD,"Chicago, IL",IL,17,Illinois,41,553,-4.0,0.0,0.0,-1.0,0001-0559,18.0,607.0,725.0,10.0,745,735.0,-10.0,0.0,0.0,-1.0,0700-0759,0.0,,0.0,112.0,106.0,78.0,1.0,409.0,2,,,0.0,,0.0,,,,0,,,,,,,,,,,,,,,,,,,,,,,,,,,,,,,,,,,,,,,,,,,,,N,4.0,4.0,5.0,7.0,3.0,2.0,27.0,34.0,5,7,4.0,3.0,28.0,35.0,3,3,0,0.0,0.0,N754SK,N754SK-AA-0,28.0,39.0,7.0,35.0,46.0,,,0.0,28,36,1.0,3.14
N754SW,658.0,2019,2,5,2,4,2019-05-02,WN,WN,19393,WN,1694,,,,,WN,19393,WN,1694,12896,1289607,32896,LBB,"Lubbock, TX",TX,48,Texas,74,11292,1129202,30325,DEN,"Denver, CO",CO,8,Colorado,82,705,-7.0,0.0,0.0,-1.0,0700-0759,7.0,705.0,714.0,6.0,735,720.0,-15.0,0.0,0.0,-1.0,0700-0759,0.0,,0.0,90.0,82.0,69.0,1.0,456.0,2,,,0.0,,0.0,,,,0,,,,,,,,,,,,,,,,,,,,,,,,,,,,,,,,,,,,,,,,,,,,,N,4.0,8.0,6.0,7.0,4.0,1.0,32.0,37.0,7,7,0.0,2.0,32.0,38.0,7,7,0,0.0,0.0,N754SW,N754SW-WN-0,32.0,44.0,5.0,37.0,49.0,,,0.0,32,37,0.0,0.0
N754UW,817.0,2019,2,5,2,4,2019-05-02,AA,AA,19805,AA,467,,,,,AA,19805,AA,467,15304,1530402,33195,TPA,"Tampa, FL",FL,12,Florida,33,11278,1127805,30852,DCA,"Washington, DC",VA,51,Virginia,38,824,-7.0,0.0,0.0,-1.0,0800-0859,15.0,832.0,1023.0,4.0,1039,1027.0,-12.0,0.0,0.0,-1.0,1000-1059,0.0,,0.0,135.0,130.0,111.0,1.0,814.0,4,,,0.0,,0.0,,,,0,,,,,,,,,,,,,,,,,,,,,,,,,,,,,,,,,,,,,,,,,,,,,N,0.0,0.0,8.0,10.0,1.0,2.0,33.0,42.0,8,10,2.0,3.0,34.0,43.0,1,1,0,0.0,0.0,N754UW,N754UW-AA-0,34.0,45.0,9.0,43.0,54.0,,,0.0,39,50,7.0,18.94
N755SA,735.0,2019,2,5,2,4,2019-05-02,WN,WN,19393,WN,928,,,,,WN,19393,WN,928,11697,1169706,32467,FLL,"Fort Lauderdale, FL",FL,12,Florida,33,11259,1125904,30194,DAL,"Dallas, TX",TX,48,Texas,74,730,5.0,5.0,0.0,0.0,0700-0759,18.0,753.0,945.0,4.0,935,949.0,14.0,14.0,0.0,0.0,0900-0959,0.0,,0.0,185.0,194.0,172.0,1.0,1108.0,5,,,0.0,,0.0,,,,0,,,,,,,,,,,,,,,,,,,,,,,,,,,,,,,,,,,,,,,,,,,,,N,0.0,4.0,7.0,9.0,2.0,3.0,30.0,43.0,7,9,2.0,2.0,30.0,42.0,3,3,0,0.0,0.0,N755SA,N755SA-WN-0,30.0,42.0,13.0,43.0,55.0,,,0.0,30,43,0.0,0.0
N755US,505.0,2019,2,5,2,4,2019-05-02,AA,AA,19805,AA,2059,,,,,AA,19805,AA,2059,10721,1072102,30721,BOS,"Boston, MA",MA,25,Massachusetts,13,11057,1105703,31057,CLT,"Charlotte, NC",NC,37,North Carolina,36,500,5.0,5.0,0.0,0.0,0001-0559,14.0,519.0,711.0,6.0,730,717.0,-13.0,0.0,0.0,-1.0,0700-0759,0.0,,0.0,150.0,132.0,112.0,1.0,728.0,3,,,0.0,,0.0,,,,0,,,,,,,,,,,,,,,,,,,,,,,,,,,,,,,,,,,,,,,,,,,,,N,0.0,0.0,5.0,7.0,0.0,1.0,20.0,29.0,5,7,0.0,2.0,20.0,30.0,9,9,0,1.0,1.0,N755US,N755US-AA-0,20.0,32.0,9.0,29.0,41.0,,,0.0,20,30,1.0,9.14
N755US,753.0,2019,2,5,2,4,2019-05-02,AA,AA,19805,AA,1750,,,,,AA,19805,AA,1750,11057,1105703,31057,CLT,"Charlotte, NC",NC,37,North Carolina,36,13244,1324402,33244,MEM,"Memphis, TN",TN,47,Tennessee,54,756,-3.0,0.0,0.0,-1.0,0700-0759,20.0,813.0,835.0,5.0,855,840.0,-15.0,0.0,0.0,-1.0,0800-0859,0.0,,0.0,119.0,107.0,82.0,1.0,511.0,3,,,0.0,,0.0,,,,0,,,,,,,,,,,,,,,,,,,,,,,,,,,,,,,,,,,,,,,,,,,,,N,0.0,4.0,7.0,8.0,4.0,3.0,32.0,39.0,7,8,4.0,4.0,32.0,40.0,9,9,1,1.0,0.0,N755US,N755US-AA-1,32.0,44.0,7.0,39.0,51.0,29.0,3.0,0.0,33,40,1.0,9.3
N756US,719.0,2019,2,5,2,4,2019-05-02,AA,AA,19805,AA,2050,,,,,AA,19805,AA,2050,14730,1473003,33044,SDF,"Louisville, KY",KY,21,Kentucky,52,12892,1289208,32575,LAX,"Los Angeles, CA",CA,6,California,91,724,-5.0,0.0,0.0,-1.0,0700-0759,21.0,740.0,920.0,10.0,900,930.0,30.0,30.0,1.0,2.0,0900-0959,0.0,,0.0,276.0,311.0,280.0,1.0,1843.0,8,0.0,0.0,30.0,0.0,0.0,,,,0,,,,,,,,,,,,,,,,,,,,,,,,,,,,,,,,,,,,,,,,,,,,,N,0.0,12.0,7.0,9.0,1.0,2.0,29.0,50.0,7,9,2.0,0.0,30.0,48.0,1,1,0,0.0,0.0,N756US,N756US-AA-0,30.0,41.0,21.0,51.0,62.0,,,2.0,30,57,6.0,16.44
N757LV,523.0,2019,2,5,2,4,2019-05-02,WN,WN,19393,WN,984,,,,,WN,19393,WN,984,13198,1319801,33198,MCI,"Kansas City, MO",MO,29,Missouri,64,12892,1289208,32575,LAX,"Los Angeles, CA",CA,6,California,91,520,3.0,3.0,0.0,0.0,0001-0559,10.0,533.0,650.0,8.0,650,658.0,8.0,8.0,0.0,0.0,0600-0659,0.0,,0.0,210.0,215.0,197.0,1.0,1363.0,6,,,0.0,,0.0,,,,0,,,,,,,,,,,,,,,,,,,,,,,,,,,,,,,,,,,,,,,,,,,,,N,4.0,12.0,5.0,6.0,2.0,4.0,26.0,40.0,5,6,1.0,3.0,25.0,39.0,1,1,0,0.0,0.0,N757LV,N757LV-WN-0,26.0,38.0,14.0,40.0,52.0,,,0.0,26,40,0.0,0.0
N757UW,718.0,2019,2,5,2,4,2019-05-02,AA,AA,19805,AA,414,,,,,AA,19805,AA,414,14107,1410702,30466,PHX,"Phoenix, AZ",AZ,4,Arizona,81,14057,1405702,34057,PDX,"Portland, OR",OR,41,Oregon,92,720,-2.0,0.0,0.0,-1.0,0700-0759,18.0,736.0,1011.0,3.0,1009,1014.0,5.0,5.0,0.0,0.0,1000-1059,0.0,,0.0,169.0,176.0,155.0,1.0,1009.0,5,,,0.0,,0.0,,,,0,,,,,,,,,,,,,,,,,,,,,,,,,,,,,,,,,,,,,,,,,,,,,N,8.0,12.0,7.0,10.0,1.0,1.0,37.0,53.0,7,10,1.0,1.0,37.0,53.0,3,3,0,0.0,0.0,N757UW,N757UW-AA-0,37.0,49.0,16.0,53.0,65.0,,,0.0,37,53,0.0,0.0
N75854,648.0,2019,2,5,2,4,2019-05-02,UA,UA,19977,UA,532,,,,,UA,19977,UA,532,11292,1129202,30325,DEN,"Denver, CO",CO,8,Colorado,82,13930,1393007,30977,ORD,"Chicago, IL",IL,17,Illinois,41,650,-2.0,0.0,0.0,-1.0,0600-0659,14.0,702.0,950.0,12.0,1014,1002.0,-12.0,0.0,0.0,-1.0,1000-1059,0.0,,0.0,144.0,134.0,108.0,1.0,888.0,4,,,0.0,,0.0,,,,0,,,,,,,,,,,,,,,,,,,,,,,,,,,,,,,,,,,,,,,,,,,,,N,8.0,4.0,6.0,10.0,3.0,0.0,35.0,44.0,6,10,3.0,1.0,35.0,45.0,8,8,0,0.0,0.0,N75854,N75854-UA-0,35.0,47.0,9.0,44.0,56.0,,,0.0,35,44,0.0,0.0
N75861,625.0,2019,2,5,2,4,2019-05-02,UA,UA,19977,UA,2376,,,,,UA,19977,UA,2376,13930,1393007,30977,ORD,"Chicago, IL",IL,17,Illinois,41,14771,1477104,32457,SFO,"San Francisco, CA",CA,6,California,91,630,-5.0,0.0,0.0,-1.0,0600-0659,18.0,643.0,901.0,4.0,907,905.0,-2.0,0.0,0.0,-1.0,0900-0959,0.0,,0.0,277.0,280.0,258.0,1.0,1846.0,8,,,0.0,,0.0,,,,0,,,,,,,,,,,,,,,,,,,,,,,,,,,,,,,,,,,,,,,,,,,,,N,4.0,12.0,6.0,9.0,2.0,0.0,30.0,48.0,6,9,2.0,0.0,30.0,48.0,7,7,0,0.0,0.0,N75861,N75861-UA-0,30.0,42.0,18.0,48.0,60.0,,,0.0,31,49,1.0,7.38
N758EV,654.0,2019,2,5,2,4,2019-05-02,AA,AA_CODESHARE,19805,AA,3056,,,,,OO,20304,OO,3056,13230,1323002,32070,MDT,"Harrisburg, PA",PA,42,Pennsylvania,23,13930,1393007,30977,ORD,"Chicago, IL",IL,17,Illinois,41,702,-8.0,0.0,0.0,-1.0,0700-0759,23.0,717.0,800.0,23.0,819,823.0,4.0,4.0,0.0,0.0,0800-0859,0.0,,0.0,137.0,149.0,103.0,1.0,594.0,3,,,0.0,,0.0,,,,0,,,,,,,,,,,,,,,,,,,,,,,,,,,,,,,,,,,,,,,,,,,,,N,0.0,4.0,6.0,8.0,4.0,2.0,28.0,38.0,7,8,0.0,1.0,28.0,37.0,9,9,0,0.0,0.0,N758EV,N758EV-AA-0,28.0,40.0,10.0,38.0,50.0,,,0.0,28,38,0.0,0.0
N758US,553.0,2019,2,5,2,4,2019-05-02,AA,AA,19805,AA,516,,,,,AA,19805,AA,516,13796,1379608,32457,OAK,"Oakland, CA",CA,6,California,91,14107,1410702,30466,PHX,"Phoenix, AZ",AZ,4,Arizona,81,555,-2.0,0.0,0.0,-1.0,0001-0559,11.0,604.0,732.0,10.0,756,742.0,-14.0,0.0,0.0,-1.0,0700-0759,0.0,,0.0,121.0,109.0,88.0,1.0,646.0,3,,,0.0,,0.0,,,,0,,,,,,,,,,,,,,,,,,,,,,,,,,,,,,,,,,,,,,,,,,,,,N,12.0,8.0,5.0,7.0,4.0,3.0,36.0,39.0,5,7,4.0,4.0,36.0,40.0,7,7,0,0.0,0.0,N758US,N758US-AA-0,36.0,48.0,3.0,39.0,51.0,,,0.0,36,39,0.0,0.0
N759EV,547.0,2019,2,5,2,4,2019-05-02,AA,AA_CODESHARE,19805,AA,3151,,,,,OO,20304,OO,3151,11481,1148102,31481,ECP,"Panama City, FL",FL,12,Florida,33,11057,1105703,31057,CLT,"Charlotte, NC",NC,37,North Carolina,36,551,-4.0,0.0,0.0,-1.0,0001-0559,19.0,606.0,817.0,11.0,831,828.0,-3.0,0.0,0.0,-1.0,0800-0859,0.0,,0.0,100.0,101.0,71.0,1.0,437.0,2,,,0.0,,0.0,,,,0,,,,,,,,,,,,,,,,,,,,,,,,,,,,,,,,,,,,,,,,,,,,,N,4.0,0.0,5.0,8.0,3.0,2.0,27.0,34.0,5,8,3.0,2.0,27.0,34.0,8,8,0,1.0,1.0,N759EV,N759EV-AA-0,27.0,39.0,7.0,34.0,46.0,,,0.0,27,34,0.0,0.0
N759EV,905.0,2019,2,5,2,4,2019-05-02,AA,AA_CODESHARE,19805,AA,3035,,,,,OO,20304,OO,3035,11057,1105703,31057,CLT,"Charlotte, NC",NC,37,North Carolina,36,10781,1078105,30781,BTR,"Baton Rouge, LA",LA,22,Louisiana,72,917,-12.0,0.0,0.0,-1.0,0900-0959,15.0,920.0,958.0,2.0,1030,1000.0,-30.0,0.0,0.0,-2.0,1000-1059,0.0,,0.0,133.0,115.0,98.0,1.0,675.0,3,,,0.0,,0.0,,,,0,,,,,,,,,,,,,,,,,,,,,,,,,,,,,,,,,,,,,,,,,,,,,N,0.0,4.0,9.0,10.0,0.0,0.0,36.0,44.0,9,10,1.0,2.0,37.0,46.0,7,7,1,1.0,0.0,N759EV,N759EV-AA-1,37.0,48.0,8.0,45.0,56.0,34.0,2.0,0.0,37,45,0.0,0.0
N759GS,605.0,2019,2,5,2,4,2019-05-02,WN,WN,19393,WN,202,,,,,WN,19393,WN,202,11259,1125904,30194,DAL,"Dallas, TX",TX,48,Texas,74,11697,1169706,32467,FLL,"Fort Lauderdale, FL",FL,12,Florida,33,605,0.0,0.0,0.0,0.0,0600-0659,13.0,618.0,944.0,8.0,955,952.0,-3.0,0.0,0.0,-1.0,0900-0959,0.0,,0.0,170.0,167.0,146.0,1.0,1108.0,5,,,0.0,,0.0,,,,0,,,,,,,,,,,,,,,,,,,,,,,,,,,,,,,,,,,,,,,,,,,,,N,4.0,0.0,6.0,9.0,0.0,3.0,28.0,39.0,6,9,0.0,4.0,28.0,40.0,5,5,0,0.0,0.0,N759GS,N759GS-WN-0,28.0,40.0,11.0,39.0,51.0,,,0.0,28,39,0.0,0.0
N760AN,1214.0,2019,2,5,2,4,2019-05-02,AA,AA,19805,AA,2808,,,,,AA,19805,AA,2808,13303,1330303,32467,MIA,"Miami, FL",FL,12,Florida,33,11298,1129806,30194,DFW,"Dallas/Fort Worth, TX",TX,48,Texas,74,900,194.0,194.0,1.0,12.0,0900-0959,20.0,1234.0,1405.0,5.0,1116,1410.0,174.0,174.0,1.0,11.0,1100-1159,0.0,,0.0,196.0,176.0,151.0,1.0,1121.0,5,174.0,0.0,0.0,0.0,0.0,900.0,20.0,20.0,0,,,,,,,,,,,,,,,,,,,,,,,,,,,,,,,,,,,,,,,,,,,,,N,0.0,4.0,12.0,14.0,1.0,1.0,49.0,61.0,9,11,0.0,1.0,36.0,49.0,6,6,0,0.0,0.0,N760AN,N760AN-AA-0,49.0,61.0,12.0,61.0,73.0,,,0.0,49,61,0.0,0.0
N760JB,549.0,2019,2,5,2,4,2019-05-02,B6,B6,20409,B6,1145,,,,,B6,20409,B6,1145,14524,1452401,34524,RIC,"Richmond, VA",VA,51,Virginia,38,11697,1169706,32467,FLL,"Fort Lauderdale, FL",FL,12,Florida,33,600,-11.0,0.0,0.0,-1.0,0600-0659,21.0,610.0,758.0,5.0,823,803.0,-20.0,0.0,0.0,-2.0,0800-0859,0.0,,0.0,143.0,134.0,108.0,1.0,805.0,4,,,0.0,,0.0,,,,0,,,,,,,,,,,,,,,,,,,,,,,,,,,,,,,,,,,,,,,,,,,,,N,0.0,0.0,5.0,8.0,3.0,0.0,23.0,32.0,6,8,0.0,2.0,24.0,34.0,4,4,0,1.0,1.0,N760JB,N760JB-B6-0,24.0,35.0,9.0,33.0,44.0,,,0.0,24,33,0.0,0.0
N760JB,900.0,2019,2,5,2,4,2019-05-02,B6,B6,20409,B6,1653,,,,,B6,20409,B6,1653,11697,1169706,32467,FLL,"Fort Lauderdale, FL",FL,12,Florida,33,14843,1484306,34819,SJU,"San Juan, PR",PR,72,Puerto Rico,3,908,-8.0,0.0,0.0,-1.0,0900-0959,12.0,912.0,1121.0,3.0,1146,1124.0,-22.0,0.0,0.0,-2.0,1100-1159,0.0,,0.0,158.0,144.0,129.0,1.0,1046.0,5,,,0.0,,0.0,,,,0,,,,,,,,,,,,,,,,,,,,,,,,,,,,,,,,,,,,,,,,,,,,,N,0.0,-4.0,9.0,11.0,0.0,2.0,36.0,42.0,9,11,1.0,3.0,37.0,43.0,6,6,1,1.0,0.0,N760JB,N760JB-B6-1,37.0,48.0,6.0,43.0,54.0,32.0,4.0,0.0,37,43,0.0,0.0
N760SW,657.0,2019,2,5,2,4,2019-05-02,WN,WN,19393,WN,1702,,,,,WN,19393,WN,1702,13232,1323202,30977,MDW,"Chicago, IL",IL,17,Illinois,41,11292,1129202,30325,DEN,"Denver, CO",CO,8,Colorado,82,700,-3.0,0.0,0.0,-1.0,0700-0759,13.0,710.0,828.0,8.0,830,836.0,6.0,6.0,0.0,0.0,0800-0859,0.0,,0.0,150.0,159.0,138.0,1.0,895.0,4,,,0.0,,0.0,,,,0,,,,,,,,,,,,,,,,,,,,,,,,,,,,,,,,,,,,,,,,,,,,,N,4.0,8.0,6.0,8.0,4.0,2.0,32.0,42.0,7,8,0.0,2.0,32.0,42.0,7,7,0,0.0,0.0,N760SW,N760SW-WN-0,32.0,44.0,10.0,42.0,54.0,,,0.0,32,42,0.0,0.0
N761RR,554.0,2019,2,5,2,4,2019-05-02,WN,WN,19393,WN,1862,,,,,WN,19393,WN,1862,11697,1169706,32467,FLL,"Fort Lauderdale, FL",FL,12,Florida,33,10821,1082106,30852,BWI,"Baltimore, MD",MD,24,Maryland,35,600,-6.0,0.0,0.0,-1.0,0600-0659,9.0,603.0,808.0,4.0,825,812.0,-13.0,0.0,0.0,-1.0,0800-0859,0.0,,0.0,145.0,138.0,125.0,1.0,925.0,4,,,0.0,,0.0,,,,0,,,,,,,,,,,,,,,,,,,,,,,,,,,,,,,,,,,,,,,,,,,,,N,0.0,0.0,5.0,8.0,4.0,1.0,24.0,33.0,6,8,0.0,2.0,24.0,34.0,3,3,0,1.0,1.0,N761RR,N761RR-WN-0,24.0,36.0,9.0,33.0,45.0,,,0.0,24,33,0.0,0.0
N761RR,910.0,2019,2,5,2,4,2019-05-02,WN,WN,19393,WN,1862,,,,,WN,19393,WN,1862,10821,1082106,30852,BWI,"Baltimore, MD",MD,24,Maryland,35,13232,1323202,30977,MDW,"Chicago, IL",IL,17,Illinois,41,905,5.0,5.0,0.0,0.0,0900-0959,15.0,925.0,1001.0,7.0,1010,1008.0,-2.0,0.0,0.0,-1.0,1000-1059,0.0,,0.0,125.0,118.0,96.0,1.0,611.0,3,,,0.0,,0.0,,,,0,,,,,,,,,,,,,,,,,,,,,,,,,,,,,,,,,,,,,,,,,,,,,N,0.0,4.0,9.0,10.0,1.0,1.0,37.0,45.0,9,10,0.0,1.0,36.0,45.0,4,4,1,1.0,0.0,N761RR,N761RR-WN-1,37.0,49.0,8.0,45.0,57.0,33.0,4.0,0.0,37,45,0.0,0.0
N76288,734.0,2019,2,5,2,4,2019-05-02,UA,UA,19977,UA,1755,,,,,UA,19977,UA,1755,10792,1079206,30792,BUF,"Buffalo, NY",NY,36,New York,22,11618,1161802,31703,EWR,"Newark, NJ",NJ,34,New Jersey,21,730,4.0,4.0,0.0,0.0,0700-0759,14.0,748.0,833.0,13.0,853,846.0,-7.0,0.0,0.0,-1.0,0800-0859,0.0,,0.0,83.0,72.0,45.0,1.0,282.0,2,,,0.0,,0.0,,,,0,,,,,,,,,,,,,,,,,,,,,,,,,,,,,,,,,,,,,,,,,,,,,N,0.0,0.0,7.0,8.0,2.0,3.0,30.0,35.0,7,8,2.0,4.0,30.0,36.0,2,2,0,0.0,0.0,N76288,N76288-UA-0,30.0,42.0,5.0,35.0,47.0,,,0.0,30,35,0.0,0.0
N762SW,613.0,2019,2,5,2,4,2019-05-02,WN,WN,19393,WN,978,,,,,WN,19393,WN,978,14747,1474703,30559,SEA,"Seattle, WA",WA,53,Washington,93,11292,1129202,30325,DEN,"Denver, CO",CO,8,Colorado,82,615,-2.0,0.0,0.0,-1.0,0600-0659,11.0,624.0,929.0,7.0,950,936.0,-14.0,0.0,0.0,-1.0,0900-0959,0.0,,0.0,155.0,143.0,125.0,1.0,1024.0,5,,,0.0,,0.0,,,,0,,,,,,,,,,,,,,,,,,,,,,,,,,,,,,,,,,,,,,,,,,,,,N,12.0,8.0,6.0,9.0,1.0,2.0,37.0,46.0,6,9,1.0,3.0,37.0,47.0,5,5,0,0.0,0.0,N762SW,N762SW-WN-0,37.0,49.0,9.0,46.0,58.0,,,0.0,37,46,0.0,0.0
N762US,524.0,2019,2,5,2,4,2019-05-02,AA,AA,19805,AA,1865,,,,,AA,19805,AA,1865,11278,1127805,30852,DCA,"Washington, DC",VA,51,Virginia,38,11057,1105703,31057,CLT,"Charlotte, NC",NC,37,North Carolina,36,530,-6.0,0.0,0.0,-1.0,0001-0559,10.0,534.0,634.0,7.0,700,641.0,-19.0,0.0,0.0,-2.0,0700-0759,0.0,,0.0,90.0,77.0,60.0,1.0,331.0,2,,,0.0,,0.0,,,,0,,,,,,,,,,,,,,,,,,,,,,,,,,,,,,,,,,,,,,,,,,,,,N,0.0,0.0,5.0,6.0,2.0,3.0,22.0,27.0,5,7,2.0,0.0,22.0,28.0,4,4,0,1.0,1.0,N762US,N762US-AA-0,22.0,34.0,5.0,27.0,39.0,,,0.0,22,27,0.0,0.0
N762US,816.0,2019,2,5,2,4,2019-05-02,AA,AA,19805,AA,772,,,,,AA,19805,AA,772,11057,1105703,31057,CLT,"Charlotte, NC",NC,37,North Carolina,36,12451,1245102,31136,JAX,"Jacksonville, FL",FL,12,Florida,33,825,-9.0,0.0,0.0,-1.0,0800-0859,15.0,831.0,923.0,6.0,947,929.0,-18.0,0.0,0.0,-2.0,0900-0959,0.0,,0.0,82.0,73.0,52.0,1.0,328.0,2,,,0.0,,0.0,,,,0,,,,,,,,,,,,,,,,,,,,,,,,,,,,,,,,,,,,,,,,,,,,,N,0.0,0.0,8.0,9.0,1.0,2.0,33.0,38.0,8,9,2.0,3.0,34.0,39.0,6,6,1,1.0,0.0,N762US,N762US-AA-1,34.0,45.0,5.0,39.0,50.0,27.0,6.0,0.0,34,39,0.0,0.0
N763SK,601.0,2019,2,5,2,4,2019-05-02,AA,AA_CODESHARE,19805,AA,3082,,,,,OO,20304,OO,3082,11977,1197705,31977,GRB,"Green Bay, WI",WI,55,Wisconsin,45,13930,1393007,30977,ORD,"Chicago, IL",IL,17,Illinois,41,609,-8.0,0.0,0.0,-1.0,0600-0659,11.0,612.0,655.0,39.0,724,734.0,10.0,10.0,0.0,0.0,0700-0759,0.0,,0.0,75.0,93.0,43.0,1.0,174.0,1,,,0.0,,0.0,,,,0,,,,,,,,,,,,,,,,,,,,,,,,,,,,,,,,,,,,,,,,,,,,,N,4.0,4.0,6.0,7.0,0.0,2.0,28.0,34.0,6,7,1.0,2.0,29.0,34.0,8,8,0,1.0,1.0,N763SK,N763SK-AA-0,29.0,40.0,6.0,35.0,46.0,,,0.0,29,35,0.0,0.0
N763SK,817.0,2019,2,5,2,4,2019-05-02,AA,AA_CODESHARE,19805,AA,3093,,,,,OO,20304,OO,3093,13930,1393007,30977,ORD,"Chicago, IL",IL,17,Illinois,41,12339,1233904,32337,IND,"Indianapolis, IN",IN,18,Indiana,42,817,0.0,0.0,0.0,0.0,0800-0859,62.0,919.0,1107.0,7.0,1026,1114.0,48.0,48.0,1.0,3.0,1000-1059,0.0,,0.0,69.0,117.0,48.0,1.0,177.0,1,0.0,0.0,48.0,0.0,0.0,,,,0,,,,,,,,,,,,,,,,,,,,,,,,,,,,,,,,,,,,,,,,,,,,,N,4.0,0.0,8.0,11.0,1.0,1.0,37.0,45.0,8,10,1.0,2.0,37.0,42.0,3,3,1,1.0,0.0,N763SK,N763SK-AA-1,37.0,49.0,8.0,45.0,57.0,34.0,3.0,3.0,37,45,0.0,0.0
N763SW,608.0,2019,2,5,2,4,2019-05-02,WN,WN,19393,WN,2076,,,,,WN,19393,WN,2076,14843,1484306,34819,SJU,"San Juan, PR",PR,72,Puerto Rico,3,13204,1320402,31454,MCO,"Orlando, FL",FL,12,Florida,33,610,-2.0,0.0,0.0,-1.0,0600-0659,12.0,620.0,859.0,11.0,925,910.0,-15.0,0.0,0.0,-1.0,0900-0959,0.0,,0.0,195.0,182.0,159.0,1.0,1189.0,5,,,0.0,,0.0,,,,0,,,,,,,,,,,,,,,,,,,,,,,,,,,,,,,,,,,,,,,,,,,,,N,-4.0,0.0,6.0,9.0,1.0,1.0,21.0,37.0,6,9,1.0,2.0,21.0,38.0,3,3,0,0.0,0.0,N763SW,N763SW-WN-0,21.0,33.0,16.0,37.0,49.0,,,0.0,21,37,0.0,0.0
N763US,730.0,2019,2,5,2,4,2019-05-02,AA,AA,19805,AA,762,,,,,AA,19805,AA,762,14122,1412202,30198,PIT,"Pittsburgh, PA",PA,42,Pennsylvania,23,11298,1129806,30194,DFW,"Dallas/Fort Worth, TX",TX,48,Texas,74,735,-5.0,0.0,0.0,-1.0,0700-0759,19.0,749.0,948.0,8.0,955,956.0,1.0,1.0,0.0,0.0,0900-0959,0.0,,0.0,200.0,206.0,179.0,1.0,1067.0,5,,,0.0,,0.0,,,,0,,,,,,,,,,,,,,,,,,,,,,,,,,,,,,,,,,,,,,,,,,,,,N,0.0,4.0,7.0,9.0,2.0,4.0,30.0,44.0,7,9,2.0,4.0,30.0,44.0,4,4,0,0.0,0.0,N763US,N763US-AA-0,30.0,42.0,14.0,44.0,56.0,,,0.0,30,44,0.0,0.0
N764SK,655.0,2019,2,5,2,4,2019-05-02,AA,AA_CODESHARE,19805,AA,2997,,,,,OO,20304,OO,2997,13851,1385103,33851,OKC,"Oklahoma City, OK",OK,40,Oklahoma,73,13930,1393007,30977,ORD,"Chicago, IL",IL,17,Illinois,41,700,-5.0,0.0,0.0,-1.0,0700-0759,16.0,711.0,844.0,10.0,916,854.0,-22.0,0.0,0.0,-2.0,0900-0959,0.0,,0.0,136.0,119.0,93.0,1.0,693.0,3,,,0.0,,0.0,,,,0,,,,,,,,,,,,,,,,,,,,,,,,,,,,,,,,,,,,,,,,,,,,,N,4.0,4.0,6.0,8.0,4.0,4.0,32.0,40.0,7,9,0.0,1.0,32.0,41.0,7,7,0,0.0,0.0,N764SK,N764SK-AA-0,32.0,44.0,8.0,40.0,52.0,,,0.0,32,40,0.0,0.0
N764SW,555.0,2019,2,5,2,4,2019-05-02,WN,WN,19393,WN,1921,,,,,WN,19393,WN,1921,12191,1219102,31453,HOU,"Houston, TX",TX,48,Texas,74,11292,1129202,30325,DEN,"Denver, CO",CO,8,Colorado,82,555,0.0,0.0,0.0,0.0,0001-0559,11.0,606.0,723.0,5.0,720,728.0,8.0,8.0,0.0,0.0,0700-0759,0.0,,0.0,145.0,153.0,137.0,1.0,883.0,4,,,0.0,,0.0,,,,0,,,,,,,,,,,,,,,,,,,,,,,,,,,,,,,,,,,,,,,,,,,,,N,4.0,8.0,5.0,7.0,4.0,2.0,28.0,38.0,5,7,4.0,1.0,28.0,37.0,4,4,0,0.0,0.0,N764SW,N764SW-WN-0,28.0,40.0,10.0,38.0,50.0,,,0.0,28,38,0.0,0.0
N76504,729.0,2019,2,5,2,4,2019-05-02,UA,UA,19977,UA,1098,,,,,UA,19977,UA,1098,11618,1161802,31703,EWR,"Newark, NJ",NJ,34,New Jersey,21,13204,1320402,31454,MCO,"Orlando, FL",FL,12,Florida,33,730,-1.0,0.0,0.0,-1.0,0700-0759,15.0,744.0,952.0,9.0,1015,1001.0,-14.0,0.0,0.0,-1.0,1000-1059,0.0,,0.0,165.0,152.0,128.0,1.0,937.0,4,,,0.0,,0.0,,,,0,,,,,,,,,,,,,,,,,,,,,,,,,,,,,,,,,,,,,,,,,,,,,N,0.0,0.0,7.0,10.0,2.0,0.0,30.0,40.0,7,10,2.0,1.0,30.0,41.0,6,6,0,0.0,0.0,N76504,N76504-UA-0,30.0,42.0,10.0,40.0,52.0,,,0.0,30,40,0.0,0.0
N76505,631.0,2019,2,5,2,4,2019-05-02,UA,UA,19977,UA,2413,,,,,UA,19977,UA,2413,11603,1160302,31603,EUG,"Eugene, OR",OR,41,Oregon,92,11292,1129202,30325,DEN,"Denver, CO",CO,8,Colorado,82,640,-9.0,0.0,0.0,-1.0,0600-0659,13.0,644.0,951.0,5.0,1011,956.0,-15.0,0.0,0.0,-1.0,1000-1059,0.0,,0.0,151.0,145.0,127.0,1.0,996.0,4,,,0.0,,0.0,,,,0,,,,,,,,,,,,,,,,,,,,,,,,,,,,,,,,,,,,,,,,,,,,,N,12.0,8.0,6.0,9.0,2.0,4.0,38.0,48.0,6,10,3.0,1.0,39.0,49.0,4,4,0,0.0,0.0,N76505,N76505-UA-0,39.0,50.0,10.0,49.0,60.0,,,0.0,39,49,0.0,0.0
N76514,753.0,2019,2,5,2,4,2019-05-02,UA,UA,19977,UA,922,,,,,UA,19977,UA,922,11697,1169706,32467,FLL,"Fort Lauderdale, FL",FL,12,Florida,33,14771,1477104,32457,SFO,"San Francisco, CA",CA,6,California,91,754,-1.0,0.0,0.0,-1.0,0700-0759,16.0,809.0,1104.0,20.0,1126,1124.0,-2.0,0.0,0.0,-1.0,1100-1159,0.0,,0.0,392.0,391.0,355.0,1.0,2584.0,11,,,0.0,,0.0,,,,0,,,,,,,,,,,,,,,,,,,,,,,,,,,,,,,,,,,,,,,,,,,,,N,0.0,12.0,7.0,11.0,4.0,2.0,32.0,58.0,7,11,4.0,2.0,32.0,58.0,3,3,0,0.0,0.0,N76514,N76514-UA-0,32.0,44.0,26.0,58.0,70.0,,,0.0,32,58,0.0,0.0
N76516,622.0,2019,2,5,2,4,2019-05-02,UA,UA,19977,UA,1508,,,,,UA,19977,UA,1508,14747,1474703,30559,SEA,"Seattle, WA",WA,53,Washington,93,11292,1129202,30325,DEN,"Denver, CO",CO,8,Colorado,82,630,-8.0,0.0,0.0,-1.0,0600-0659,15.0,637.0,945.0,10.0,1007,955.0,-12.0,0.0,0.0,-1.0,1000-1059,0.0,,0.0,157.0,153.0,128.0,1.0,1024.0,5,,,0.0,,0.0,,,,0,,,,,,,,,,,,,,,,,,,,,,,,,,,,,,,,,,,,,,,,,,,,,N,12.0,8.0,6.0,9.0,1.0,4.0,37.0,48.0,6,10,2.0,0.0,38.0,48.0,2,2,0,0.0,0.0,N76516,N76516-UA-0,38.0,49.0,11.0,49.0,60.0,,,0.0,41,53,4.0,11.72
N76522,926.0,2019,2,5,2,4,2019-05-02,UA,UA,19977,UA,221,,,,,UA,19977,UA,221,13204,1320402,31454,MCO,"Orlando, FL",FL,12,Florida,33,12264,1226402,30852,IAD,"Washington, DC",VA,51,Virginia,38,930,-4.0,0.0,0.0,-1.0,0900-0959,11.0,937.0,1117.0,5.0,1135,1122.0,-13.0,0.0,0.0,-1.0,1100-1159,0.0,,0.0,125.0,116.0,100.0,1.0,758.0,4,,,0.0,,0.0,,,,0,,,,,,,,,,,,,,,,,,,,,,,,,,,,,,,,,,,,,,,,,,,,,N,0.0,0.0,9.0,11.0,2.0,1.0,38.0,45.0,9,11,2.0,2.0,38.0,46.0,9,9,0,0.0,0.0,N76522,N76522-UA-0,38.0,50.0,7.0,45.0,57.0,,,0.0,38,45,0.0,0.0
N76523,654.0,2019,2,5,2,4,2019-05-02,UA,UA,19977,UA,763,,,,,UA,19977,UA,763,11042,1104205,30647,CLE,"Cleveland, OH",OH,39,Ohio,44,11292,1129202,30325,DEN,"Denver, CO",CO,8,Colorado,82,701,-7.0,0.0,0.0,-1.0,0700-0759,15.0,709.0,802.0,5.0,821,807.0,-14.0,0.0,0.0,-1.0,0800-0859,0.0,,0.0,200.0,193.0,173.0,1.0,1201.0,5,,,0.0,,0.0,,,,0,,,,,,,,,,,,,,,,,,,,,,,,,,,,,,,,,,,,,,,,,,,,,N,0.0,8.0,6.0,8.0,4.0,0.0,28.0,40.0,7,8,0.0,1.0,28.0,41.0,3,3,0,0.0,0.0,N76523,N76523-UA-0,28.0,40.0,12.0,40.0,52.0,,,0.0,28,40,0.0,0.0
N76526,739.0,2019,2,5,2,4,2019-05-02,UA,UA,19977,UA,1769,,,,,UA,19977,UA,1769,13930,1393007,30977,ORD,"Chicago, IL",IL,17,Illinois,41,14908,1490803,32575,SNA,"Santa Ana, CA",CA,6,California,91,745,-6.0,0.0,0.0,-1.0,0700-0759,27.0,806.0,1009.0,6.0,1010,1015.0,5.0,5.0,0.0,0.0,1000-1059,0.0,,0.0,265.0,276.0,243.0,1.0,1726.0,7,,,0.0,,0.0,,,,0,,,,,,,,,,,,,,,,,,,,,,,,,,,,,,,,,,,,,,,,,,,,,N,4.0,12.0,7.0,10.0,3.0,1.0,35.0,53.0,7,10,3.0,1.0,35.0,53.0,7,7,0,0.0,0.0,N76526,N76526-UA-0,35.0,47.0,18.0,53.0,65.0,,,0.0,35,53,0.0,0.0
N76529,636.0,2019,2,5,2,4,2019-05-02,UA,UA,19977,UA,759,,,,,UA,19977,UA,759,13204,1320402,31454,MCO,"Orlando, FL",FL,12,Florida,33,14771,1477104,32457,SFO,"San Francisco, CA",CA,6,California,91,640,-4.0,0.0,0.0,-1.0,0600-0659,14.0,650.0,932.0,25.0,945,957.0,12.0,12.0,0.0,0.0,0900-0959,0.0,,0.0,365.0,381.0,342.0,1.0,2446.0,10,,,0.0,,0.0,,,,0,,,,,,,,,,,,,,,,,,,,,,,,,,,,,,,,,,,,,,,,,,,,,N,0.0,12.0,6.0,9.0,2.0,4.0,26.0,52.0,6,9,3.0,3.0,27.0,51.0,2,2,0,0.0,0.0,N76529,N76529-UA-0,27.0,38.0,26.0,53.0,64.0,,,0.0,28,54,1.0,2.26
N76533,756.0,2019,2,5,2,4,2019-05-02,UA,UA,19977,UA,635,,,,,UA,19977,UA,635,10821,1082106,30852,BWI,"Baltimore, MD",MD,24,Maryland,35,13930,1393007,30977,ORD,"Chicago, IL",IL,17,Illinois,41,800,-4.0,0.0,0.0,-1.0,0800-0859,46.0,842.0,923.0,8.0,906,931.0,25.0,25.0,1.0,1.0,0900-0959,0.0,,0.0,126.0,155.0,101.0,1.0,621.0,3,0.0,0.0,25.0,0.0,0.0,,,,0,,,,,,,,,,,,,,,,,,,,,,,,,,,,,,,,,,,,,,,,,,,,,N,0.0,4.0,7.0,9.0,4.0,2.0,32.0,42.0,8,9,0.0,0.0,32.0,40.0,7,7,0,0.0,0.0,N76533,N76533-UA-0,32.0,44.0,10.0,42.0,54.0,,,2.0,32,42,0.0,0.0
N765SW,527.0,2019,2,5,2,4,2019-05-02,WN,WN,19393,WN,2225,,,,,WN,19393,WN,2225,11292,1129202,30325,DEN,"Denver, CO",CO,8,Colorado,82,14107,1410702,30466,PHX,"Phoenix, AZ",AZ,4,Arizona,81,530,-3.0,0.0,0.0,-1.0,0001-0559,10.0,537.0,610.0,4.0,625,614.0,-11.0,0.0,0.0,-1.0,0600-0659,0.0,,0.0,115.0,107.0,93.0,1.0,602.0,3,,,0.0,,0.0,,,,0,,,,,,,,,,,,,,,,,,,,,,,,,,,,,,,,,,,,,,,,,,,,,N,8.0,8.0,5.0,6.0,2.0,1.0,30.0,33.0,5,6,2.0,2.0,30.0,34.0,2,2,0,1.0,1.0,N765SW,N765SW-WN-0,30.0,42.0,3.0,33.0,45.0,,,0.0,30,33,0.0,0.0
N765SW,700.0,2019,2,5,2,4,2019-05-02,WN,WN,19393,WN,2225,,,,,WN,19393,WN,2225,14107,1410702,30466,PHX,"Phoenix, AZ",AZ,4,Arizona,81,12191,1219102,31453,HOU,"Houston, TX",TX,48,Texas,74,700,0.0,0.0,0.0,0.0,0700-0759,17.0,717.0,1114.0,3.0,1130,1117.0,-13.0,0.0,0.0,-1.0,1100-1159,0.0,,0.0,150.0,137.0,117.0,1.0,1020.0,5,,,0.0,,0.0,,,,0,,,,,,,,,,,,,,,,,,,,,,,,,,,,,,,,,,,,,,,,,,,,,N,8.0,4.0,7.0,11.0,0.0,1.0,36.0,49.0,7,11,0.0,2.0,36.0,50.0,2,2,1,1.0,0.0,N765SW,N765SW-WN-1,36.0,48.0,13.0,49.0,61.0,33.0,3.0,0.0,36,49,0.0,0.0
N766SK,449.0,2019,2,5,2,4,2019-05-02,AA,AA_CODESHARE,19805,AA,3170,,,,,OO,20304,OO,3170,13061,1306106,33038,LRD,"Laredo, TX",TX,48,Texas,74,11298,1129806,30194,DFW,"Dallas/Fort Worth, TX",TX,48,Texas,74,500,-11.0,0.0,0.0,-1.0,0001-0559,11.0,500.0,559.0,26.0,631,625.0,-6.0,0.0,0.0,-1.0,0600-0659,0.0,,0.0,91.0,96.0,59.0,1.0,396.0,2,,,0.0,,0.0,,,,0,,,,,,,,,,,,,,,,,,,,,,,,,,,,,,,,,,,,,,,,,,,,,N,4.0,4.0,4.0,6.0,3.0,2.0,23.0,30.0,5,6,0.0,2.0,24.0,30.0,9,9,0,1.0,1.0,N766SK,N766SK-AA-0,24.0,35.0,7.0,31.0,42.0,,,0.0,24,31,0.0,0.0
N766SK,712.0,2019,2,5,2,4,2019-05-02,AA,AA_CODESHARE,19805,AA,2958,,,,,OO,20304,OO,2958,11298,1129806,30194,DFW,"Dallas/Fort Worth, TX",TX,48,Texas,74,11423,1142307,31423,DSM,"Des Moines, IA",IA,19,Iowa,61,712,0.0,0.0,0.0,0.0,0700-0759,33.0,745.0,859.0,4.0,910,903.0,-7.0,0.0,0.0,-1.0,0900-0959,0.0,,0.0,118.0,111.0,74.0,1.0,624.0,3,,,0.0,,0.0,,,,0,,,,,,,,,,,,,,,,,,,,,,,,,,,,,,,,,,,,,,,,,,,,,N,4.0,4.0,7.0,9.0,1.0,0.0,33.0,40.0,7,9,1.0,1.0,33.0,41.0,2,2,1,1.0,0.0,N766SK,N766SK-AA-1,33.0,45.0,7.0,40.0,52.0,30.0,3.0,0.0,34,41,1.0,2.28
N766SW,945.0,2019,2,5,2,4,2019-05-02,WN,WN,19393,WN,1237,,,,,WN,19393,WN,1237,14635,1463502,31714,RSW,"Fort Myers, FL",FL,12,Florida,33,10821,1082106,30852,BWI,"Baltimore, MD",MD,24,Maryland,35,935,10.0,10.0,0.0,0.0,0900-0959,11.0,956.0,1153.0,4.0,1200,1157.0,-3.0,0.0,0.0,-1.0,1200-1259,0.0,,0.0,145.0,132.0,117.0,1.0,919.0,4,,,0.0,,0.0,,,,0,,,,,,,,,,,,,,,,,,,,,,,,,,,,,,,,,,,,,,,,,,,,,N,0.0,0.0,9.0,11.0,3.0,4.0,39.0,48.0,9,12,2.0,0.0,38.0,48.0,5,5,0,0.0,0.0,N766SW,N766SW-WN-0,39.0,51.0,9.0,48.0,60.0,,,0.0,39,48,0.0,0.0
N766US,848.0,2019,2,5,2,4,2019-05-02,AA,AA,19805,AA,834,,,,,AA,19805,AA,834,12266,1226603,31453,IAH,"Houston, TX",TX,48,Texas,74,14107,1410702,30466,PHX,"Phoenix, AZ",AZ,4,Arizona,81,815,33.0,33.0,1.0,2.0,0800-0859,23.0,911.0,942.0,8.0,918,950.0,32.0,32.0,1.0,2.0,0900-0959,0.0,,0.0,183.0,182.0,151.0,1.0,1009.0,5,32.0,0.0,0.0,0.0,0.0,,,,0,,,,,,,,,,,,,,,,,,,,,,,,,,,,,,,,,,,,,,,,,,,,,N,4.0,8.0,8.0,9.0,3.0,3.0,39.0,47.0,8,9,1.0,1.0,37.0,45.0,7,7,0,0.0,0.0,N766US,N766US-AA-0,39.0,51.0,8.0,47.0,59.0,,,0.0,39,47,0.0,0.0
N767UW,658.0,2019,2,5,2,4,2019-05-02,AA,AA,19805,AA,351,,,,,AA,19805,AA,351,13198,1319801,33198,MCI,"Kansas City, MO",MO,29,Missouri,64,11057,1105703,31057,CLT,"Charlotte, NC",NC,37,North Carolina,36,703,-5.0,0.0,0.0,-1.0,0700-0759,11.0,709.0,1009.0,12.0,1021,1021.0,0.0,0.0,0.0,0.0,1000-1059,0.0,,0.0,138.0,143.0,120.0,1.0,808.0,4,,,0.0,,0.0,,,,0,,,,,,,,,,,,,,,,,,,,,,,,,,,,,,,,,,,,,,,,,,,,,N,4.0,0.0,6.0,10.0,4.0,1.0,32.0,41.0,7,10,0.0,1.0,32.0,41.0,8,8,0,0.0,0.0,N767UW,N767UW-AA-0,32.0,44.0,9.0,41.0,53.0,,,0.0,32,41,0.0,0.0
N768JB,703.0,2019,2,5,2,4,2019-05-02,B6,B6,20409,B6,2416,,,,,B6,20409,B6,2416,10423,1042302,30423,AUS,"Austin, TX",TX,48,Texas,74,13204,1320402,31454,MCO,"Orlando, FL",FL,12,Florida,33,715,-12.0,0.0,0.0,-1.0,0700-0759,26.0,729.0,1054.0,7.0,1052,1101.0,9.0,9.0,0.0,0.0,1000-1059,0.0,,0.0,157.0,178.0,145.0,1.0,994.0,4,,,0.0,,0.0,,,,0,,,,,,,,,,,,,,,,,,,,,,,,,,,,,,,,,,,,,,,,,,,,,N,4.0,0.0,7.0,11.0,0.0,0.0,32.0,44.0,7,10,1.0,3.0,33.0,43.0,4,4,0,0.0,0.0,N768JB,N768JB-B6-0,33.0,44.0,12.0,45.0,56.0,,,0.0,33,45,0.0,0.0
N768US,715.0,2019,2,5,2,4,2019-05-02,AA,AA,19805,AA,572,,,,,AA,19805,AA,572,14122,1412202,30198,PIT,"Pittsburgh, PA",PA,42,Pennsylvania,23,14107,1410702,30466,PHX,"Phoenix, AZ",AZ,4,Arizona,81,720,-5.0,0.0,0.0,-1.0,0700-0759,15.0,730.0,839.0,28.0,904,907.0,3.0,3.0,0.0,0.0,0900-0959,0.0,,0.0,284.0,292.0,249.0,1.0,1814.0,8,,,0.0,,0.0,,,,0,,,,,,,,,,,,,,,,,,,,,,,,,,,,,,,,,,,,,,,,,,,,,N,0.0,8.0,7.0,9.0,1.0,0.0,29.0,44.0,7,9,1.0,0.0,29.0,44.0,5,5,0,0.0,0.0,N768US,N768US-AA-0,29.0,41.0,15.0,44.0,56.0,,,0.0,29,44,0.0,0.0
N769UA,41.0,2019,2,5,2,4,2019-05-02,UA,UA,19977,UA,2377,,,,,UA,19977,UA,2377,14771,1477104,32457,SFO,"San Francisco, CA",CA,6,California,91,12266,1226603,31453,IAH,"Houston, TX",TX,48,Texas,74,45,-4.0,0.0,0.0,-1.0,0001-0559,16.0,57.0,556.0,6.0,615,602.0,-13.0,0.0,0.0,-1.0,0600-0659,0.0,,0.0,210.0,201.0,179.0,1.0,1635.0,7,,,0.0,,0.0,,,,0,,,,,,,,,,,,,,,,,,,,,,,,,,,,,,,,,,,,,,,,,,,,,N,12.0,4.0,0.0,6.0,3.0,0.0,15.0,28.0,0,6,3.0,1.0,15.0,29.0,7,7,0,0.0,0.0,N769UA,N769UA-UA-0,15.0,27.0,13.0,28.0,40.0,,,0.0,15,28,0.0,0.0
N769US,622.0,2019,2,5,2,4,2019-05-02,AA,AA,19805,AA,2160,,,,,AA,19805,AA,2160,11278,1127805,30852,DCA,"Washington, DC",VA,51,Virginia,38,10721,1072102,30721,BOS,"Boston, MA",MA,25,Massachusetts,13,630,-8.0,0.0,0.0,-1.0,0600-0659,17.0,639.0,750.0,12.0,758,802.0,4.0,4.0,0.0,0.0,0700-0759,0.0,,0.0,88.0,100.0,71.0,1.0,399.0,2,,,0.0,,0.0,,,,0,,,,,,,,,,,,,,,,,,,,,,,,,,,,,,,,,,,,,,,,,,,,,N,0.0,0.0,6.0,8.0,1.0,0.0,25.0,32.0,6,7,2.0,4.0,26.0,32.0,8,8,0,1.0,1.0,N769US,N769US-AA-0,26.0,37.0,7.0,33.0,44.0,,,0.0,27,34,1.0,8.32
N769US,854.0,2019,2,5,2,4,2019-05-02,AA,AA,19805,AA,2160,,,,,AA,19805,AA,2160,10721,1072102,30721,BOS,"Boston, MA",MA,25,Massachusetts,13,11278,1127805,30852,DCA,"Washington, DC",VA,51,Virginia,38,900,-6.0,0.0,0.0,-1.0,0900-0959,17.0,911.0,1029.0,3.0,1045,1032.0,-13.0,0.0,0.0,-1.0,1000-1059,0.0,,0.0,105.0,98.0,78.0,1.0,399.0,2,,,0.0,,0.0,,,,0,,,,,,,,,,,,,,,,,,,,,,,,,,,,,,,,,,,,,,,,,,,,,N,0.0,0.0,8.0,10.0,4.0,2.0,36.0,42.0,9,10,0.0,3.0,36.0,43.0,6,6,1,1.0,0.0,N769US,N769US-AA-1,36.0,48.0,6.0,42.0,54.0,32.0,4.0,0.0,38,44,2.0,13.34
N7701B,903.0,2019,2,5,2,4,2019-05-02,WN,WN,19393,WN,1690,,,,,WN,19393,WN,1690,15016,1501606,31123,STL,"St. Louis, MO",MO,29,Missouri,64,13232,1323202,30977,MDW,"Chicago, IL",IL,17,Illinois,41,830,33.0,33.0,1.0,2.0,0800-0859,10.0,913.0,1015.0,3.0,940,1018.0,38.0,38.0,1.0,2.0,0900-0959,0.0,,0.0,70.0,75.0,62.0,1.0,251.0,2,33.0,0.0,5.0,0.0,0.0,,,,0,,,,,,,,,,,,,,,,,,,,,,,,,,,,,,,,,,,,,,,,,,,,,N,4.0,4.0,9.0,10.0,0.0,1.0,40.0,45.0,8,9,2.0,3.0,38.0,43.0,4,4,0,0.0,0.0,N7701B,N7701B-WN-0,40.0,52.0,5.0,45.0,57.0,,,0.0,40,45,0.0,0.0
N7702A,618.0,2019,2,5,2,4,2019-05-02,WN,WN,19393,WN,2091,,,,,WN,19393,WN,2091,12953,1295304,31703,LGA,"New York, NY",NY,36,New York,22,12191,1219102,31453,HOU,"Houston, TX",TX,48,Texas,74,610,8.0,8.0,0.0,0.0,0600-0659,19.0,637.0,909.0,4.0,910,913.0,3.0,3.0,0.0,0.0,0900-0959,0.0,,0.0,240.0,235.0,212.0,1.0,1428.0,6,,,0.0,,0.0,,,,0,,,,,,,,,,,,,,,,,,,,,,,,,,,,,,,,,,,,,,,,,,,,,N,0.0,4.0,6.0,9.0,1.0,1.0,25.0,41.0,6,9,1.0,1.0,25.0,41.0,8,8,0,0.0,0.0,N7702A,N7702A-WN-0,25.0,37.0,16.0,41.0,53.0,,,0.0,25,41,0.0,0.0
N7705A,600.0,2019,2,5,2,4,2019-05-02,WN,WN,19393,WN,1794,,,,,WN,19393,WN,1794,12191,1219102,31453,HOU,"Houston, TX",TX,48,Texas,74,12892,1289208,32575,LAX,"Los Angeles, CA",CA,6,California,91,550,10.0,10.0,0.0,0.0,0001-0559,13.0,613.0,740.0,5.0,730,745.0,15.0,15.0,1.0,1.0,0700-0759,0.0,,0.0,220.0,225.0,207.0,1.0,1390.0,6,10.0,0.0,5.0,0.0,0.0,,,,0,,,,,,,,,,,,,,,,,,,,,,,,,,,,,,,,,,,,,,,,,,,,,N,4.0,12.0,6.0,7.0,0.0,3.0,28.0,43.0,5,7,3.0,2.0,27.0,42.0,7,7,0,0.0,0.0,N7705A,N7705A-WN-0,28.0,40.0,15.0,43.0,55.0,,,0.0,28,43,0.0,0.0
N7706A,904.0,2019,2,5,2,4,2019-05-02,WN,WN,19393,WN,483,,,,,WN,19393,WN,483,12391,1239103,31703,ISP,"Islip, NY",NY,36,New York,22,10821,1082106,30852,BWI,"Baltimore, MD",MD,24,Maryland,35,910,-6.0,0.0,0.0,-1.0,0900-0959,8.0,912.0,1009.0,3.0,1020,1012.0,-8.0,0.0,0.0,-1.0,1000-1059,0.0,,0.0,70.0,68.0,57.0,1.0,220.0,1,,,0.0,,0.0,,,,0,,,,,,,,,,,,,,,,,,,,,,,,,,,,,,,,,,,,,,,,,,,,,N,0.0,0.0,9.0,10.0,0.0,1.0,36.0,41.0,9,10,1.0,1.0,37.0,41.0,1,1,0,0.0,0.0,N7706A,N7706A-WN-0,37.0,48.0,5.0,42.0,53.0,,,0.0,37,43,1.0,1.24
N7708E,554.0,2019,2,5,2,4,2019-05-02,WN,WN,19393,WN,1871,,,,,WN,19393,WN,1871,11193,1119302,33105,CVG,"Cincinnati, OH",KY,21,Kentucky,52,10821,1082106,30852,BWI,"Baltimore, MD",MD,24,Maryland,35,550,4.0,4.0,0.0,0.0,0001-0559,13.0,607.0,709.0,8.0,715,717.0,2.0,2.0,0.0,0.0,0700-0759,0.0,,0.0,85.0,83.0,62.0,1.0,430.0,2,,,0.0,,0.0,,,,0,,,,,,,,,,,,,,,,,,,,,,,,,,,,,,,,,,,,,,,,,,,,,N,0.0,0.0,5.0,7.0,4.0,1.0,24.0,29.0,5,7,3.0,1.0,23.0,29.0,6,6,0,0.0,0.0,N7708E,N7708E-WN-0,24.0,36.0,5.0,29.0,41.0,,,0.0,24,29,0.0,0.0
N7709A,520.0,2019,2,5,2,4,2019-05-02,WN,WN,19393,WN,1790,,,,,WN,19393,WN,1790,15016,1501606,31123,STL,"St. Louis, MO",MO,29,Missouri,64,11292,1129202,30325,DEN,"Denver, CO",CO,8,Colorado,82,520,0.0,0.0,0.0,0.0,0001-0559,10.0,530.0,630.0,5.0,640,635.0,-5.0,0.0,0.0,-1.0,0600-0659,0.0,,0.0,140.0,135.0,120.0,1.0,770.0,4,,,0.0,,0.0,,,,0,,,,,,,,,,,,,,,,,,,,,,,,,,,,,,,,,,,,,,,,,,,,,N,4.0,8.0,5.0,6.0,1.0,2.0,25.0,34.0,5,6,1.0,3.0,25.0,35.0,8,8,0,0.0,0.0,N7709A,N7709A-WN-0,25.0,37.0,9.0,34.0,46.0,,,0.0,25,34,0.0,0.0
N7710A,604.0,2019,2,5,2,4,2019-05-02,WN,WN,19393,WN,1031,,,,,WN,19393,WN,1031,11697,1169706,32467,FLL,"Fort Lauderdale, FL",FL,12,Florida,33,10397,1039707,30397,ATL,"Atlanta, GA",GA,13,Georgia,34,605,-1.0,0.0,0.0,-1.0,0600-0659,24.0,628.0,750.0,4.0,800,754.0,-6.0,0.0,0.0,-1.0,0800-0859,0.0,,0.0,115.0,110.0,82.0,1.0,581.0,3,,,0.0,,0.0,,,,0,,,,,,,,,,,,,,,,,,,,,,,,,,,,,,,,,,,,,,,,,,,,,N,0.0,0.0,6.0,7.0,0.0,4.0,24.0,32.0,6,8,0.0,0.0,24.0,32.0,6,6,0,1.0,1.0,N7710A,N7710A-WN-0,24.0,36.0,8.0,32.0,44.0,,,0.0,24,32,0.0,0.0
N7710A,841.0,2019,2,5,2,4,2019-05-02,WN,WN,19393,WN,1031,,,,,WN,19393,WN,1031,10397,1039707,30397,ATL,"Atlanta, GA",GA,13,Georgia,34,13487,1348702,31650,MSP,"Minneapolis, MN",MN,27,Minnesota,63,845,-4.0,0.0,0.0,-1.0,0800-0859,19.0,900.0,1015.0,3.0,1025,1018.0,-7.0,0.0,0.0,-1.0,1000-1059,0.0,,0.0,160.0,157.0,135.0,1.0,907.0,4,,,0.0,,0.0,,,,0,,,,,,,,,,,,,,,,,,,,,,,,,,,,,,,,,,,,,,,,,,,,,N,0.0,4.0,8.0,10.0,3.0,1.0,35.0,45.0,8,10,3.0,2.0,35.0,46.0,4,4,1,1.0,0.0,N7710A,N7710A-WN-1,35.0,47.0,10.0,45.0,57.0,32.0,3.0,0.0,35,45,0.0,0.0
N7711N,617.0,2019,2,5,2,4,2019-05-02,WN,WN,19393,WN,1034,,,,,WN,19393,WN,1034,13232,1323202,30977,MDW,"Chicago, IL",IL,17,Illinois,41,12953,1295304,31703,LGA,"New York, NY",NY,36,New York,22,615,2.0,2.0,0.0,0.0,0600-0659,11.0,628.0,915.0,6.0,925,921.0,-4.0,0.0,0.0,-1.0,0900-0959,0.0,,0.0,130.0,124.0,107.0,1.0,725.0,3,,,0.0,,0.0,,,,0,,,,,,,,,,,,,,,,,,,,,,,,,,,,,,,,,,,,,,,,,,,,,N,4.0,0.0,6.0,9.0,1.0,1.0,29.0,37.0,6,9,1.0,2.0,29.0,38.0,6,6,0,0.0,0.0,N7711N,N7711N-WN-0,29.0,41.0,8.0,37.0,49.0,,,0.0,30,38,1.0,6.2
N7712G,721.0,2019,2,5,2,4,2019-05-02,WN,WN,19393,WN,1784,,,,,WN,19393,WN,1784,11259,1125904,30194,DAL,"Dallas, TX",TX,48,Texas,74,13232,1323202,30977,MDW,"Chicago, IL",IL,17,Illinois,41,720,1.0,1.0,0.0,0.0,0700-0759,9.0,730.0,909.0,4.0,935,913.0,-22.0,0.0,0.0,-2.0,0900-0959,0.0,,0.0,135.0,112.0,99.0,1.0,793.0,4,,,0.0,,0.0,,,,0,,,,,,,,,,,,,,,,,,,,,,,,,,,,,,,,,,,,,,,,,,,,,N,4.0,4.0,7.0,9.0,1.0,1.0,33.0,41.0,7,9,1.0,2.0,33.0,42.0,6,6,0,0.0,0.0,N7712G,N7712G-WN-0,33.0,45.0,8.0,41.0,53.0,,,0.0,33,41,0.0,0.0
N7713A,603.0,2019,2,5,2,4,2019-05-02,WN,WN,19393,WN,1652,,,,,WN,19393,WN,1652,11540,1154005,30615,ELP,"El Paso, TX",TX,48,Texas,74,12889,1288903,32211,LAS,"Las Vegas, NV",NV,32,Nevada,85,605,-2.0,0.0,0.0,-1.0,0600-0659,15.0,618.0,642.0,4.0,650,646.0,-4.0,0.0,0.0,-1.0,0600-0659,0.0,,0.0,105.0,103.0,84.0,1.0,583.0,3,,,0.0,,0.0,,,,0,,,,,,,,,,,,,,,,,,,,,,,,,,,,,,,,,,,,,,,,,,,,,N,8.0,12.0,6.0,6.0,0.0,3.0,32.0,39.0,6,6,0.0,3.0,32.0,39.0,7,7,0,0.0,0.0,N7713A,N7713A-WN-0,32.0,44.0,7.0,39.0,51.0,,,0.0,32,39,0.0,0.0
N7719A,620.0,2019,2,5,2,4,2019-05-02,WN,WN,19393,WN,1107,,,,,WN,19393,WN,1107,11259,1125904,30194,DAL,"Dallas, TX",TX,48,Texas,74,10397,1039707,30397,ATL,"Atlanta, GA",GA,13,Georgia,34,615,5.0,5.0,0.0,0.0,0600-0659,13.0,633.0,912.0,6.0,920,918.0,-2.0,0.0,0.0,-1.0,0900-0959,0.0,,0.0,125.0,118.0,99.0,1.0,721.0,3,,,0.0,,0.0,,,,0,,,,,,,,,,,,,,,,,,,,,,,,,,,,,,,,,,,,,,,,,,,,,N,4.0,0.0,6.0,9.0,1.0,1.0,29.0,37.0,6,9,1.0,1.0,29.0,37.0,4,4,0,0.0,0.0,N7719A,N7719A-WN-0,29.0,41.0,8.0,37.0,49.0,,,0.0,29,37,0.0,0.0
N771SA,711.0,2019,2,5,2,4,2019-05-02,WN,WN,19393,WN,570,,,,,WN,19393,WN,570,13204,1320402,31454,MCO,"Orlando, FL",FL,12,Florida,33,10821,1082106,30852,BWI,"Baltimore, MD",MD,24,Maryland,35,715,-4.0,0.0,0.0,-1.0,0700-0759,12.0,723.0,908.0,4.0,925,912.0,-13.0,0.0,0.0,-1.0,0900-0959,0.0,,0.0,130.0,121.0,105.0,1.0,787.0,4,,,0.0,,0.0,,,,0,,,,,,,,,,,,,,,,,,,,,,,,,,,,,,,,,,,,,,,,,,,,,N,0.0,0.0,7.0,9.0,1.0,1.0,29.0,37.0,7,9,1.0,2.0,29.0,38.0,5,5,0,0.0,0.0,N771SA,N771SA-WN-0,29.0,41.0,8.0,37.0,49.0,,,0.0,30,38,1.0,5.2
N771SK,1054.0,2019,2,5,2,4,2019-05-02,AA,AA_CODESHARE,19805,AA,3147,,,,,OO,20304,OO,3147,15380,1538005,35380,TVC,"Traverse City, MI",MI,26,Michigan,43,13930,1393007,30977,ORD,"Chicago, IL",IL,17,Illinois,41,558,296.0,296.0,1.0,12.0,0001-0559,18.0,1112.0,1104.0,22.0,620,1126.0,306.0,306.0,1.0,12.0,0600-0659,0.0,,0.0,82.0,92.0,52.0,1.0,224.0,1,296.0,0.0,10.0,0.0,0.0,,,,0,,,,,,,,,,,,,,,,,,,,,,,,,,,,,,,,,,,,,,,,,,,,,N,0.0,4.0,10.0,11.0,4.0,2.0,44.0,50.0,5,6,4.0,1.0,24.0,29.0,1,1,0,0.0,0.0,N771SK,N771SK-AA-0,43.0,56.0,6.0,49.0,62.0,,,1.0,43,55,6.0,16.26
N7721E,658.0,2019,2,5,2,4,2019-05-02,WN,WN,19393,WN,2087,,,,,WN,19393,WN,2087,10693,1069302,30693,BNA,"Nashville, TN",TN,47,Tennessee,54,11292,1129202,30325,DEN,"Denver, CO",CO,8,Colorado,82,700,-2.0,0.0,0.0,-1.0,0700-0759,10.0,708.0,839.0,7.0,845,846.0,1.0,1.0,0.0,0.0,0800-0859,0.0,,0.0,165.0,168.0,151.0,1.0,1014.0,5,,,0.0,,0.0,,,,0,,,,,,,,,,,,,,,,,,,,,,,,,,,,,,,,,,,,,,,,,,,,,N,4.0,8.0,6.0,8.0,4.0,3.0,32.0,43.0,7,8,0.0,3.0,32.0,43.0,1,1,0,0.0,0.0,N7721E,N7721E-WN-0,32.0,44.0,11.0,43.0,55.0,,,0.0,32,43,0.0,0.0
N7724A,708.0,2019,2,5,2,4,2019-05-02,WN,WN,19393,WN,745,,,,,WN,19393,WN,745,12953,1295304,31703,LGA,"New York, NY",NY,36,New York,22,15304,1530402,33195,TPA,"Tampa, FL",FL,12,Florida,33,700,8.0,8.0,0.0,0.0,0700-0759,17.0,725.0,953.0,5.0,1000,958.0,-2.0,0.0,0.0,-1.0,1000-1059,0.0,,0.0,180.0,170.0,148.0,1.0,1010.0,5,,,0.0,,0.0,,,,0,,,,,,,,,,,,,,,,,,,,,,,,,,,,,,,,,,,,,,,,,,,,,N,0.0,0.0,7.0,9.0,1.0,4.0,29.0,40.0,7,10,0.0,0.0,28.0,40.0,1,1,0,0.0,0.0,N7724A,N7724A-WN-0,29.0,41.0,11.0,40.0,52.0,,,0.0,29,40,0.0,0.0
N77258,802.0,2019,2,5,2,4,2019-05-02,UA,UA,19977,UA,2326,,,,,UA,19977,UA,2326,13930,1393007,30977,ORD,"Chicago, IL",IL,17,Illinois,41,15304,1530402,33195,TPA,"Tampa, FL",FL,12,Florida,33,805,-3.0,0.0,0.0,-1.0,0800-0859,33.0,835.0,1147.0,8.0,1146,1155.0,9.0,9.0,0.0,0.0,1100-1159,0.0,,0.0,161.0,173.0,132.0,1.0,1011.0,5,,,0.0,,0.0,,,,0,,,,,,,,,,,,,,,,,,,,,,,,,,,,,,,,,,,,,,,,,,,,,N,4.0,0.0,8.0,11.0,0.0,4.0,36.0,48.0,8,11,0.0,3.0,36.0,47.0,2,2,0,0.0,0.0,N77258,N77258-UA-0,36.0,48.0,12.0,48.0,60.0,,,0.0,37,49,1.0,2.22
N7726A,554.0,2019,2,5,2,4,2019-05-02,WN,WN,19393,WN,1243,,,,,WN,19393,WN,1243,10397,1039707,30397,ATL,"Atlanta, GA",GA,13,Georgia,34,15304,1530402,33195,TPA,"Tampa, FL",FL,12,Florida,33,600,-6.0,0.0,0.0,-1.0,0600-0659,10.0,604.0,708.0,8.0,720,716.0,-4.0,0.0,0.0,-1.0,0700-0759,0.0,,0.0,80.0,82.0,64.0,1.0,406.0,2,,,0.0,,0.0,,,,0,,,,,,,,,,,,,,,,,,,,,,,,,,,,,,,,,,,,,,,,,,,,,N,0.0,0.0,5.0,7.0,4.0,1.0,24.0,29.0,6,7,0.0,1.0,24.0,29.0,1,1,0,1.0,1.0,N7726A,N7726A-WN-0,24.0,36.0,5.0,29.0,41.0,,,0.0,24,29,0.0,0.0
N7726A,755.0,2019,2,5,2,4,2019-05-02,WN,WN,19393,WN,1243,,,,,WN,19393,WN,1243,15304,1530402,33195,TPA,"Tampa, FL",FL,12,Florida,33,10821,1082106,30852,BWI,"Baltimore, MD",MD,24,Maryland,35,755,0.0,0.0,0.0,0.0,0700-0759,14.0,809.0,1003.0,3.0,1015,1006.0,-9.0,0.0,0.0,-1.0,1000-1059,0.0,,0.0,140.0,131.0,114.0,1.0,842.0,4,,,0.0,,0.0,,,,0,,,,,,,,,,,,,,,,,,,,,,,,,,,,,,,,,,,,,,,,,,,,,N,0.0,0.0,7.0,10.0,4.0,0.0,32.0,40.0,7,10,4.0,1.0,32.0,41.0,1,1,1,1.0,0.0,N7726A,N7726A-WN-1,32.0,44.0,8.0,40.0,52.0,29.0,3.0,0.0,33,41,1.0,1.22
N7728D,522.0,2019,2,5,2,4,2019-05-02,WN,WN,19393,WN,2148,,,,,WN,19393,WN,2148,13495,1349505,33495,MSY,"New Orleans, LA",LA,22,Louisiana,72,13204,1320402,31454,MCO,"Orlando, FL",FL,12,Florida,33,525,-3.0,0.0,0.0,-1.0,0001-0559,9.0,531.0,749.0,10.0,800,759.0,-1.0,0.0,0.0,-1.0,0800-0859,0.0,,0.0,95.0,97.0,78.0,1.0,551.0,3,,,0.0,,0.0,,,,0,,,,,,,,,,,,,,,,,,,,,,,,,,,,,,,,,,,,,,,,,,,,,N,4.0,0.0,5.0,7.0,1.0,4.0,25.0,32.0,5,8,2.0,0.0,26.0,32.0,1,1,0,1.0,1.0,N7728D,N7728D-WN-0,26.0,37.0,7.0,33.0,44.0,,,0.0,26,33,0.0,0.0
N7728D,842.0,2019,2,5,2,4,2019-05-02,WN,WN,19393,WN,2148,,,,,WN,19393,WN,2148,13204,1320402,31454,MCO,"Orlando, FL",FL,12,Florida,33,14576,1457606,34576,ROC,"Rochester, NY",NY,36,New York,22,835,7.0,7.0,0.0,0.0,0800-0859,13.0,855.0,1103.0,2.0,1120,1105.0,-15.0,0.0,0.0,-1.0,1100-1159,0.0,,0.0,165.0,143.0,128.0,1.0,1033.0,5,,,0.0,,0.0,,,,0,,,,,,,,,,,,,,,,,,,,,,,,,,,,,,,,,,,,,,,,,,,,,N,0.0,0.0,8.0,11.0,3.0,0.0,35.0,44.0,8,11,2.0,1.0,34.0,45.0,3,3,1,1.0,0.0,N7728D,N7728D-WN-1,35.0,47.0,9.0,44.0,56.0,32.0,3.0,0.0,36,45,1.0,3.2
N77296,724.0,2019,2,5,2,4,2019-05-02,UA,UA,19977,UA,1412,,,,,UA,19977,UA,1412,14831,1483106,32457,SJC,"San Jose, CA",CA,6,California,91,11292,1129202,30325,DEN,"Denver, CO",CO,8,Colorado,82,633,51.0,51.0,1.0,3.0,0600-0659,12.0,736.0,1033.0,5.0,1003,1038.0,35.0,35.0,1.0,2.0,1000-1059,0.0,,0.0,150.0,134.0,117.0,1.0,948.0,4,35.0,0.0,0.0,0.0,0.0,,,,0,,,,,,,,,,,,,,,,,,,,,,,,,,,,,,,,,,,,,,,,,,,,,N,12.0,8.0,7.0,10.0,2.0,3.0,42.0,51.0,6,10,2.0,0.0,38.0,48.0,7,7,0,0.0,0.0,N77296,N77296-UA-0,42.0,54.0,9.0,51.0,63.0,,,0.0,42,51,0.0,0.0
N772SK,613.0,2019,2,5,2,4,2019-05-02,DL,DL_CODESHARE,19790,DL,3598,,,,,OO,20304,OO,3598,13232,1323202,30977,MDW,"Chicago, IL",IL,17,Illinois,41,13487,1348702,31650,MSP,"Minneapolis, MN",MN,27,Minnesota,63,615,-2.0,0.0,0.0,-1.0,0600-0659,21.0,634.0,733.0,8.0,759,741.0,-18.0,0.0,0.0,-2.0,0700-0759,0.0,,0.0,104.0,88.0,59.0,1.0,349.0,2,,,0.0,,0.0,,,,0,,,,,,,,,,,,,,,,,,,,,,,,,,,,,,,,,,,,,,,,,,,,,N,4.0,4.0,6.0,7.0,1.0,3.0,29.0,35.0,6,7,1.0,4.0,29.0,36.0,8,8,0,1.0,1.0,N772SK,N772SK-DL-0,29.0,41.0,6.0,35.0,47.0,,,0.0,29,35,0.0,0.0
N772SK,849.0,2019,2,5,2,4,2019-05-02,DL,DL_CODESHARE,19790,DL,3622,,,,,OO,20304,OO,3622,13487,1348702,31650,MSP,"Minneapolis, MN",MN,27,Minnesota,63,13232,1323202,30977,MDW,"Chicago, IL",IL,17,Illinois,41,850,-1.0,0.0,0.0,-1.0,0800-0859,24.0,913.0,1017.0,4.0,1026,1021.0,-5.0,0.0,0.0,-1.0,1000-1059,0.0,,0.0,96.0,92.0,64.0,1.0,349.0,2,,,0.0,,0.0,,,,0,,,,,,,,,,,,,,,,,,,,,,,,,,,,,,,,,,,,,,,,,,,,,N,4.0,4.0,8.0,10.0,3.0,1.0,39.0,45.0,8,10,3.0,2.0,39.0,46.0,6,6,1,1.0,0.0,N772SK,N772SK-DL-1,39.0,51.0,6.0,45.0,57.0,35.0,4.0,0.0,39,46,1.0,6.22
N772XF,703.0,2019,2,5,2,4,2019-05-02,AA,AA,19805,AA,2021,,,,,AA,19805,AA,2021,11042,1104205,30647,CLE,"Cleveland, OH",OH,39,Ohio,44,11057,1105703,31057,CLT,"Charlotte, NC",NC,37,North Carolina,36,706,-3.0,0.0,0.0,-1.0,0700-0759,13.0,716.0,824.0,5.0,855,829.0,-26.0,0.0,0.0,-2.0,0800-0859,0.0,,0.0,109.0,86.0,68.0,1.0,430.0,2,,,0.0,,0.0,,,,0,,,,,,,,,,,,,,,,,,,,,,,,,,,,,,,,,,,,,,,,,,,,,N,0.0,0.0,7.0,8.0,0.0,2.0,28.0,34.0,7,8,0.0,4.0,28.0,36.0,7,7,0,0.0,0.0,N772XF,N772XF-AA-0,28.0,40.0,6.0,34.0,46.0,,,0.0,28,34,0.0,0.0
N7730A,748.0,2019,2,5,2,4,2019-05-02,WN,WN,19393,WN,2253,,,,,WN,19393,WN,2253,12191,1219102,31453,HOU,"Houston, TX",TX,48,Texas,74,12889,1288903,32211,LAS,"Las Vegas, NV",NV,32,Nevada,85,750,-2.0,0.0,0.0,-1.0,0700-0759,7.0,755.0,859.0,14.0,910,913.0,3.0,3.0,0.0,0.0,0900-0959,0.0,,0.0,200.0,205.0,184.0,1.0,1235.0,5,,,0.0,,0.0,,,,0,,,,,,,,,,,,,,,,,,,,,,,,,,,,,,,,,,,,,,,,,,,,,N,4.0,12.0,7.0,9.0,3.0,1.0,35.0,49.0,7,9,3.0,1.0,35.0,49.0,9,9,0,0.0,0.0,N7730A,N7730A-WN-0,35.0,47.0,14.0,49.0,61.0,,,0.0,35,49,0.0,0.0
N7731A,750.0,2019,2,5,2,4,2019-05-02,WN,WN,19393,WN,1261,,,,,WN,19393,WN,1261,11259,1125904,30194,DAL,"Dallas, TX",TX,48,Texas,74,15304,1530402,33195,TPA,"Tampa, FL",FL,12,Florida,33,740,10.0,10.0,0.0,0.0,0700-0759,21.0,811.0,1127.0,4.0,1100,1131.0,31.0,31.0,1.0,2.0,1100-1159,0.0,,0.0,140.0,161.0,136.0,1.0,917.0,4,10.0,0.0,21.0,0.0,0.0,,,,0,,,,,,,,,,,,,,,,,,,,,,,,,,,,,,,,,,,,,,,,,,,,,N,4.0,0.0,7.0,11.0,3.0,2.0,35.0,46.0,7,11,3.0,0.0,35.0,44.0,8,8,0,0.0,0.0,N7731A,N7731A-WN-0,35.0,47.0,11.0,46.0,58.0,,,1.0,35,46,0.0,0.0
N7732A,611.0,2019,2,5,2,4,2019-05-02,WN,WN,19393,WN,449,,,,,WN,19393,WN,449,10423,1042302,30423,AUS,"Austin, TX",TX,48,Texas,74,14107,1410702,30466,PHX,"Phoenix, AZ",AZ,4,Arizona,81,615,-4.0,0.0,0.0,-1.0,0600-0659,10.0,621.0,626.0,3.0,645,629.0,-16.0,0.0,0.0,-2.0,0600-0659,0.0,,0.0,150.0,138.0,125.0,1.0,872.0,4,,,0.0,,0.0,,,,0,,,,,,,,,,,,,,,,,,,,,,,,,,,,,,,,,,,,,,,,,,,,,N,4.0,8.0,6.0,6.0,1.0,2.0,29.0,34.0,6,6,1.0,3.0,29.0,35.0,5,5,0,1.0,1.0,N7732A,N7732A-WN-0,29.0,41.0,5.0,34.0,46.0,,,0.0,29,34,0.0,0.0
N7732A,711.0,2019,2,5,2,4,2019-05-02,WN,WN,19393,WN,2272,,,,,WN,19393,WN,2272,14107,1410702,30466,PHX,"Phoenix, AZ",AZ,4,Arizona,81,12889,1288903,32211,LAS,"Las Vegas, NV",NV,32,Nevada,85,700,11.0,11.0,0.0,0.0,0700-0759,12.0,723.0,806.0,2.0,800,808.0,8.0,8.0,0.0,0.0,0800-0859,0.0,,0.0,60.0,57.0,43.0,1.0,255.0,2,,,0.0,,0.0,,,,0,,,,,,,,,,,,,,,,,,,,,,,,,,,,,,,,,,,,,,,,,,,,,N,8.0,12.0,7.0,8.0,1.0,1.0,37.0,45.0,7,8,0.0,0.0,36.0,44.0,5,5,1,1.0,0.0,N7732A,N7732A-WN-1,37.0,49.0,8.0,45.0,57.0,34.0,3.0,0.0,37,45,0.0,0.0
N7733B,612.0,2019,2,5,2,4,2019-05-02,WN,WN,19393,WN,2046,,,,,WN,19393,WN,2046,12191,1219102,31453,HOU,"Houston, TX",TX,48,Texas,74,15304,1530402,33195,TPA,"Tampa, FL",FL,12,Florida,33,615,-3.0,0.0,0.0,-1.0,0600-0659,9.0,621.0,908.0,4.0,915,912.0,-3.0,0.0,0.0,-1.0,0900-0959,0.0,,0.0,120.0,120.0,107.0,1.0,781.0,4,,,0.0,,0.0,,,,0,,,,,,,,,,,,,,,,,,,,,,,,,,,,,,,,,,,,,,,,,,,,,N,4.0,0.0,6.0,9.0,1.0,1.0,29.0,37.0,6,9,1.0,1.0,29.0,37.0,3,3,0,1.0,1.0,N7733B,N7733B-WN-0,29.0,41.0,8.0,37.0,49.0,,,0.0,29,37,0.0,0.0
N7733B,953.0,2019,2,5,2,4,2019-05-02,WN,WN,19393,WN,2046,,,,,WN,19393,WN,2046,15304,1530402,33195,TPA,"Tampa, FL",FL,12,Florida,33,10397,1039707,30397,ATL,"Atlanta, GA",GA,13,Georgia,34,950,3.0,3.0,0.0,0.0,0900-0959,17.0,1010.0,1113.0,10.0,1130,1123.0,-7.0,0.0,0.0,-1.0,1100-1159,0.0,,0.0,100.0,90.0,63.0,1.0,406.0,2,,,0.0,,0.0,,,,0,,,,,,,,,,,,,,,,,,,,,,,,,,,,,,,,,,,,,,,,,,,,,N,0.0,0.0,9.0,11.0,4.0,2.0,40.0,46.0,9,11,3.0,2.0,39.0,46.0,6,6,1,1.0,0.0,N7733B,N7733B-WN-1,40.0,52.0,6.0,46.0,58.0,37.0,3.0,0.0,40,46,0.0,0.0
N7738A,611.0,2019,2,5,2,4,2019-05-02,WN,WN,19393,WN,142,,,,,WN,19393,WN,142,12889,1288903,32211,LAS,"Las Vegas, NV",NV,32,Nevada,85,14683,1468305,33214,SAT,"San Antonio, TX",TX,48,Texas,74,615,-4.0,0.0,0.0,-1.0,0600-0659,10.0,621.0,1027.0,3.0,1050,1030.0,-20.0,0.0,0.0,-2.0,1000-1059,0.0,,0.0,155.0,139.0,126.0,1.0,1069.0,5,,,0.0,,0.0,,,,0,,,,,,,,,,,,,,,,,,,,,,,,,,,,,,,,,,,,,,,,,,,,,N,12.0,4.0,6.0,10.0,1.0,2.0,37.0,46.0,6,10,1.0,3.0,37.0,47.0,9,9,0,0.0,0.0,N7738A,N7738A-WN-0,37.0,49.0,9.0,46.0,58.0,,,0.0,37,46,0.0,0.0
N7739A,711.0,2019,2,5,2,4,2019-05-02,WN,WN,19393,WN,1576,,,,,WN,19393,WN,1576,13871,1387102,33316,OMA,"Omaha, NE",NE,31,Nebraska,65,11292,1129202,30325,DEN,"Denver, CO",CO,8,Colorado,82,705,6.0,6.0,0.0,0.0,0700-0759,9.0,720.0,739.0,7.0,735,746.0,11.0,11.0,0.0,0.0,0700-0759,0.0,,0.0,90.0,95.0,79.0,1.0,472.0,2,,,0.0,,0.0,,,,0,,,,,,,,,,,,,,,,,,,,,,,,,,,,,,,,,,,,,,,,,,,,,N,4.0,8.0,7.0,7.0,1.0,3.0,33.0,39.0,7,7,0.0,2.0,32.0,38.0,7,7,0,0.0,0.0,N7739A,N7739A-WN-0,33.0,45.0,6.0,39.0,51.0,,,0.0,33,39,0.0,0.0
N773SA,518.0,2019,2,5,2,4,2019-05-02,WN,WN,19393,WN,490,,,,,WN,19393,WN,490,14570,1457002,34570,RNO,"Reno, NV",NV,32,Nevada,85,12889,1288903,32211,LAS,"Las Vegas, NV",NV,32,Nevada,85,525,-7.0,0.0,0.0,-1.0,0001-0559,8.0,526.0,618.0,3.0,640,621.0,-19.0,0.0,0.0,-2.0,0600-0659,0.0,,0.0,75.0,63.0,52.0,1.0,345.0,2,,,0.0,,0.0,,,,0,,,,,,,,,,,,,,,,,,,,,,,,,,,,,,,,,,,,,,,,,,,,,N,12.0,12.0,5.0,6.0,1.0,1.0,33.0,37.0,5,6,2.0,3.0,34.0,39.0,2,2,0,0.0,0.0,N773SA,N773SA-WN-0,34.0,45.0,4.0,38.0,49.0,,,0.0,34,39,1.0,2.2
N773SK,653.0,2019,2,5,2,4,2019-05-02,DL,DL_CODESHARE,19790,DL,3563,,,,,OO,20304,OO,3563,13851,1385103,33851,OKC,"Oklahoma City, OK",OK,40,Oklahoma,73,13487,1348702,31650,MSP,"Minneapolis, MN",MN,27,Minnesota,63,700,-7.0,0.0,0.0,-1.0,0700-0759,12.0,705.0,833.0,6.0,917,839.0,-38.0,0.0,0.0,-2.0,0900-0959,0.0,,0.0,137.0,106.0,88.0,1.0,694.0,3,,,0.0,,0.0,,,,0,,,,,,,,,,,,,,,,,,,,,,,,,,,,,,,,,,,,,,,,,,,,,N,4.0,4.0,6.0,8.0,4.0,3.0,32.0,39.0,7,9,0.0,1.0,32.0,41.0,2,2,0,0.0,0.0,N773SK,N773SK-DL-0,32.0,44.0,7.0,39.0,51.0,,,0.0,32,43,4.0,12.4
N7743B,607.0,2019,2,5,2,4,2019-05-02,WN,WN,19393,WN,1160,,,,,WN,19393,WN,1160,11259,1125904,30194,DAL,"Dallas, TX",TX,48,Texas,74,11278,1127805,30852,DCA,"Washington, DC",VA,51,Virginia,38,610,-3.0,0.0,0.0,-1.0,0600-0659,10.0,617.0,944.0,3.0,1005,947.0,-18.0,0.0,0.0,-2.0,1000-1059,0.0,,0.0,175.0,160.0,147.0,1.0,1184.0,5,,,0.0,,0.0,,,,0,,,,,,,,,,,,,,,,,,,,,,,,,,,,,,,,,,,,,,,,,,,,,N,4.0,0.0,6.0,9.0,0.0,3.0,28.0,39.0,6,10,1.0,0.0,29.0,40.0,9,9,0,0.0,0.0,N7743B,N7743B-WN-0,29.0,40.0,11.0,40.0,51.0,,,0.0,29,40,0.0,0.0
N7744A,611.0,2019,2,5,2,4,2019-05-02,WN,WN,19393,WN,1899,,,,,WN,19393,WN,1899,11292,1129202,30325,DEN,"Denver, CO",CO,8,Colorado,82,12191,1219102,31453,HOU,"Houston, TX",TX,48,Texas,74,615,-4.0,0.0,0.0,-1.0,0600-0659,10.0,621.0,928.0,3.0,935,931.0,-4.0,0.0,0.0,-1.0,0900-0959,0.0,,0.0,140.0,140.0,127.0,1.0,883.0,4,,,0.0,,0.0,,,,0,,,,,,,,,,,,,,,,,,,,,,,,,,,,,,,,,,,,,,,,,,,,,N,8.0,4.0,6.0,9.0,1.0,2.0,33.0,42.0,6,9,1.0,2.0,33.0,42.0,3,3,0,0.0,0.0,N7744A,N7744A-WN-0,33.0,45.0,9.0,42.0,54.0,,,0.0,33,42,0.0,0.0
N7746C,627.0,2019,2,5,2,4,2019-05-02,WN,WN,19393,WN,1447,,,,,WN,19393,WN,1447,14893,1489302,33192,SMF,"Sacramento, CA",CA,6,California,91,11292,1129202,30325,DEN,"Denver, CO",CO,8,Colorado,82,625,2.0,2.0,0.0,0.0,0600-0659,14.0,641.0,930.0,9.0,940,939.0,-1.0,0.0,0.0,-1.0,0900-0959,0.0,,0.0,135.0,132.0,109.0,1.0,909.0,4,,,0.0,,0.0,,,,0,,,,,,,,,,,,,,,,,,,,,,,,,,,,,,,,,,,,,,,,,,,,,N,12.0,8.0,6.0,9.0,2.0,3.0,38.0,47.0,6,9,2.0,3.0,38.0,47.0,7,7,0,0.0,0.0,N7746C,N7746C-WN-0,38.0,50.0,9.0,47.0,59.0,,,0.0,38,47,0.0,0.0
N7747C,503.0,2019,2,5,2,4,2019-05-02,WN,WN,19393,WN,1884,,,,,WN,19393,WN,1884,10423,1042302,30423,AUS,"Austin, TX",TX,48,Texas,74,12889,1288903,32211,LAS,"Las Vegas, NV",NV,32,Nevada,85,505,-2.0,0.0,0.0,-1.0,0001-0559,19.0,522.0,558.0,7.0,600,605.0,5.0,5.0,0.0,0.0,0600-0659,0.0,,0.0,175.0,182.0,156.0,1.0,1090.0,5,,,0.0,,0.0,,,,0,,,,,,,,,,,,,,,,,,,,,,,,,,,,,,,,,,,,,,,,,,,,,N,4.0,12.0,5.0,6.0,0.0,0.0,24.0,36.0,5,6,0.0,0.0,24.0,36.0,2,2,0,0.0,0.0,N7747C,N7747C-WN-0,24.0,36.0,12.0,36.0,48.0,,,0.0,24,36,0.0,0.0
N7748A,557.0,2019,2,5,2,4,2019-05-02,WN,WN,19393,WN,1363,,,,,WN,19393,WN,1363,12892,1289208,32575,LAX,"Los Angeles, CA",CA,6,California,91,11292,1129202,30325,DEN,"Denver, CO",CO,8,Colorado,82,600,-3.0,0.0,0.0,-1.0,0600-0659,14.0,611.0,858.0,5.0,925,903.0,-22.0,0.0,0.0,-2.0,0900-0959,0.0,,0.0,145.0,126.0,107.0,1.0,862.0,4,,,0.0,,0.0,,,,0,,,,,,,,,,,,,,,,,,,,,,,,,,,,,,,,,,,,,,,,,,,,,N,12.0,8.0,5.0,9.0,4.0,0.0,36.0,44.0,6,9,0.0,2.0,36.0,46.0,2,2,0,0.0,0.0,N7748A,N7748A-WN-0,36.0,48.0,8.0,44.0,56.0,,,0.0,36,44,0.0,0.0
N7749B,600.0,2019,2,5,2,4,2019-05-02,WN,WN,19393,WN,495,,,,,WN,19393,WN,495,14107,1410702,30466,PHX,"Phoenix, AZ",AZ,4,Arizona,81,14679,1467903,33570,SAN,"San Diego, CA",CA,6,California,91,600,0.0,0.0,0.0,0.0,0600-0659,20.0,620.0,712.0,2.0,705,714.0,9.0,9.0,0.0,0.0,0700-0759,0.0,,0.0,65.0,74.0,52.0,1.0,304.0,2,,,0.0,,0.0,,,,0,,,,,,,,,,,,,,,,,,,,,,,,,,,,,,,,,,,,,,,,,,,,,N,8.0,12.0,6.0,7.0,0.0,1.0,32.0,41.0,6,7,0.0,0.0,32.0,40.0,7,7,0,0.0,0.0,N7749B,N7749B-WN-0,32.0,44.0,9.0,41.0,53.0,,,0.0,32,41,0.0,0.0
N774DE,558.0,2019,2,5,2,4,2019-05-02,DL,DL,19790,DL,2377,,,,,DL,19790,DL,2377,12892,1289208,32575,LAX,"Los Angeles, CA",CA,6,California,91,14869,1486903,34614,SLC,"Salt Lake City, UT",UT,49,Utah,87,600,-2.0,0.0,0.0,-1.0,0600-0659,12.0,610.0,837.0,24.0,859,901.0,2.0,2.0,0.0,0.0,0800-0859,0.0,,0.0,119.0,123.0,87.0,1.0,590.0,3,,,0.0,,0.0,,,,0,,,,,,,,,,,,,,,,,,,,,,,,,,,,,,,,,,,,,,,,,,,,,N,12.0,8.0,5.0,9.0,4.0,0.0,36.0,44.0,6,8,0.0,4.0,36.0,44.0,4,4,0,0.0,0.0,N774DE,N774DE-DL-0,36.0,48.0,8.0,44.0,56.0,,,0.0,36,44,0.0,0.0
N774SK,551.0,2019,2,5,2,4,2019-05-02,DL,DL_CODESHARE,19790,DL,3521,,,,,OO,20304,OO,3521,12197,1219702,31703,HPN,"White Plains, NY",NY,36,New York,22,11433,1143302,31295,DTW,"Detroit, MI",MI,26,Michigan,43,556,-5.0,0.0,0.0,-1.0,0001-0559,28.0,619.0,741.0,7.0,750,748.0,-2.0,0.0,0.0,-1.0,0700-0759,0.0,,0.0,114.0,117.0,82.0,1.0,505.0,3,,,0.0,,0.0,,,,0,,,,,,,,,,,,,,,,,,,,,,,,,,,,,,,,,,,,,,,,,,,,,N,0.0,0.0,5.0,7.0,3.0,3.0,23.0,31.0,5,7,4.0,3.0,24.0,31.0,3,3,0,1.0,1.0,N774SK,N774SK-DL-0,24.0,35.0,8.0,32.0,43.0,,,0.0,24,32,0.0,0.0
N774SK,844.0,2019,2,5,2,4,2019-05-02,DL,DL_CODESHARE,19790,DL,3679,,,,,OO,20304,OO,3679,11433,1143302,31295,DTW,"Detroit, MI",MI,26,Michigan,43,11996,1199603,31871,GSP,"Greer, SC",SC,45,South Carolina,37,840,4.0,4.0,0.0,0.0,0800-0859,16.0,900.0,1015.0,2.0,1031,1017.0,-14.0,0.0,0.0,-1.0,1000-1059,0.0,,0.0,111.0,93.0,75.0,1.0,508.0,3,,,0.0,,0.0,,,,0,,,,,,,,,,,,,,,,,,,,,,,,,,,,,,,,,,,,,,,,,,,,,N,0.0,0.0,8.0,10.0,3.0,1.0,35.0,41.0,8,10,3.0,2.0,35.0,42.0,8,8,1,1.0,0.0,N774SK,N774SK-DL-1,35.0,47.0,6.0,41.0,53.0,31.0,4.0,0.0,36,42,1.0,8.32
N77510,552.0,2019,2,5,2,4,2019-05-02,UA,UA,19977,UA,324,,,,,UA,19977,UA,324,12889,1288903,32211,LAS,"Las Vegas, NV",NV,32,Nevada,85,12892,1289208,32575,LAX,"Los Angeles, CA",CA,6,California,91,600,-8.0,0.0,0.0,-1.0,0600-0659,10.0,602.0,644.0,5.0,715,649.0,-26.0,0.0,0.0,-2.0,0700-0759,0.0,,0.0,75.0,57.0,42.0,1.0,236.0,1,,,0.0,,0.0,,,,0,,,,,,,,,,,,,,,,,,,,,,,,,,,,,,,,,,,,,,,,,,,,,N,12.0,12.0,5.0,6.0,3.0,3.0,35.0,39.0,6,7,0.0,1.0,36.0,41.0,9,9,0,0.0,0.0,N77510,N77510-UA-0,36.0,47.0,4.0,40.0,51.0,,,0.0,36,40,0.0,0.0
N7751A,545.0,2019,2,5,2,4,2019-05-02,WN,WN,19393,WN,1136,,,,,WN,19393,WN,1136,14869,1486903,34614,SLC,"Salt Lake City, UT",UT,49,Utah,87,12889,1288903,32211,LAS,"Las Vegas, NV",NV,32,Nevada,85,545,0.0,0.0,0.0,0.0,0001-0559,11.0,556.0,554.0,3.0,605,557.0,-8.0,0.0,0.0,-1.0,0600-0659,0.0,,0.0,80.0,72.0,58.0,1.0,368.0,2,,,0.0,,0.0,,,,0,,,,,,,,,,,,,,,,,,,,,,,,,,,,,,,,,,,,,,,,,,,,,N,8.0,12.0,5.0,5.0,3.0,4.0,31.0,36.0,5,6,3.0,0.0,31.0,36.0,2,2,0,1.0,1.0,N7751A,N7751A-WN-0,31.0,43.0,5.0,36.0,48.0,,,0.0,31,36,0.0,0.0
N7751A,640.0,2019,2,5,2,4,2019-05-02,WN,WN,19393,WN,1136,,,,,WN,19393,WN,1136,12889,1288903,32211,LAS,"Las Vegas, NV",NV,32,Nevada,85,11259,1125904,30194,DAL,"Dallas, TX",TX,48,Texas,74,640,0.0,0.0,0.0,0.0,0600-0659,18.0,658.0,1126.0,5.0,1115,1131.0,16.0,16.0,1.0,1.0,1100-1159,0.0,,0.0,155.0,171.0,148.0,1.0,1067.0,5,0.0,0.0,16.0,0.0,0.0,,,,0,,,,,,,,,,,,,,,,,,,,,,,,,,,,,,,,,,,,,,,,,,,,,N,12.0,4.0,6.0,11.0,3.0,2.0,39.0,50.0,6,11,3.0,1.0,39.0,49.0,3,3,1,1.0,0.0,N7751A,N7751A-WN-1,39.0,51.0,11.0,50.0,62.0,36.0,3.0,1.0,40,51,1.0,3.2
N77520,839.0,2019,2,5,2,4,2019-05-02,UA,UA,19977,UA,2421,,,,,UA,19977,UA,2421,12266,1226603,31453,IAH,"Houston, TX",TX,48,Texas,74,12889,1288903,32211,LAS,"Las Vegas, NV",NV,32,Nevada,85,800,39.0,39.0,1.0,2.0,0800-0859,28.0,907.0,958.0,7.0,920,1005.0,45.0,45.0,1.0,3.0,0900-0959,0.0,,0.0,200.0,206.0,171.0,1.0,1222.0,5,0.0,39.0,6.0,0.0,0.0,,,,0,,,,,,,,,,,,,,,,,,,,,,,,,,,,,,,,,,,,,,,,,,,,,N,4.0,12.0,8.0,10.0,3.0,0.0,39.0,52.0,8,9,0.0,1.0,36.0,49.0,1,1,0,0.0,0.0,N77520,N77520-UA-0,39.0,51.0,13.0,52.0,64.0,,,0.0,39,52,0.0,0.0
N77525,811.0,2019,2,5,2,4,2019-05-02,UA,UA,19977,UA,796,,,,,UA,19977,UA,796,12264,1226402,30852,IAD,"Washington, DC",VA,51,Virginia,38,12889,1288903,32211,LAS,"Las Vegas, NV",NV,32,Nevada,85,815,-4.0,0.0,0.0,-1.0,0800-0859,29.0,840.0,1035.0,6.0,1018,1041.0,23.0,23.0,1.0,1.0,1000-1059,0.0,,0.0,303.0,330.0,295.0,1.0,2065.0,9,0.0,0.0,23.0,0.0,0.0,,,,0,,,,,,,,,,,,,,,,,,,,,,,,,,,,,,,,,,,,,,,,,,,,,N,0.0,12.0,8.0,10.0,1.0,3.0,33.0,55.0,8,10,1.0,1.0,33.0,53.0,4,4,0,0.0,0.0,N77525,N77525-UA-0,33.0,45.0,22.0,55.0,67.0,,,2.0,33,56,1.0,4.32
N77535,725.0,2019,2,5,2,4,2019-05-02,UA,UA,19977,UA,1994,,,,,UA,19977,UA,1994,12266,1226603,31453,IAH,"Houston, TX",TX,48,Texas,74,14683,1468305,33214,SAT,"San Antonio, TX",TX,48,Texas,74,735,-10.0,0.0,0.0,-1.0,0700-0759,21.0,746.0,836.0,3.0,835,839.0,4.0,4.0,0.0,0.0,0800-0859,0.0,,0.0,60.0,74.0,50.0,1.0,191.0,1,,,0.0,,0.0,,,,0,,,,,,,,,,,,,,,,,,,,,,,,,,,,,,,,,,,,,,,,,,,,,N,4.0,4.0,7.0,8.0,2.0,3.0,34.0,39.0,7,8,2.0,2.0,34.0,38.0,8,8,0,0.0,0.0,N77535,N77535-UA-0,34.0,46.0,5.0,39.0,51.0,,,0.0,34,39,0.0,0.0
N77537,635.0,2019,2,5,2,4,2019-05-02,UA,UA,19977,UA,1290,,,,,UA,19977,UA,1290,11618,1161802,31703,EWR,"Newark, NJ",NJ,34,New Jersey,21,11697,1169706,32467,FLL,"Fort Lauderdale, FL",FL,12,Florida,33,640,-5.0,0.0,0.0,-1.0,0600-0659,23.0,658.0,925.0,6.0,939,931.0,-8.0,0.0,0.0,-1.0,0900-0959,0.0,,0.0,179.0,176.0,147.0,1.0,1065.0,5,,,0.0,,0.0,,,,0,,,,,,,,,,,,,,,,,,,,,,,,,,,,,,,,,,,,,,,,,,,,,N,0.0,0.0,6.0,9.0,2.0,2.0,26.0,38.0,6,9,3.0,3.0,27.0,39.0,3,3,0,0.0,0.0,N77537,N77537-UA-0,27.0,38.0,12.0,39.0,50.0,,,0.0,27,39,0.0,0.0
N775DE,602.0,2019,2,5,2,4,2019-05-02,DL,DL,19790,DL,736,,,,,DL,19790,DL,736,14057,1405702,34057,PDX,"Portland, OR",OR,41,Oregon,92,12892,1289208,32575,LAX,"Los Angeles, CA",CA,6,California,91,607,-5.0,0.0,0.0,-1.0,0600-0659,14.0,616.0,809.0,10.0,835,819.0,-16.0,0.0,0.0,-2.0,0800-0859,0.0,,0.0,148.0,137.0,113.0,1.0,834.0,4,,,0.0,,0.0,,,,0,,,,,,,,,,,,,,,,,,,,,,,,,,,,,,,,,,,,,,,,,,,,,N,12.0,12.0,6.0,8.0,0.0,1.0,36.0,45.0,6,8,0.0,2.0,36.0,46.0,1,1,0,0.0,0.0,N775DE,N775DE-DL-0,36.0,48.0,9.0,45.0,57.0,,,0.0,36,45,0.0,0.0
N775JB,852.0,2019,2,5,2,4,2019-05-02,B6,B6,20409,B6,643,,,,,B6,20409,B6,643,11618,1161802,31703,EWR,"Newark, NJ",NJ,34,New Jersey,21,14027,1402702,34027,PBI,"West Palm Beach/Palm Beach, FL",FL,12,Florida,33,902,-10.0,0.0,0.0,-1.0,0900-0959,32.0,924.0,1137.0,3.0,1205,1140.0,-25.0,0.0,0.0,-2.0,1200-1259,0.0,,0.0,183.0,168.0,133.0,1.0,1023.0,5,,,0.0,,0.0,,,,0,,,,,,,,,,,,,,,,,,,,,,,,,,,,,,,,,,,,,,,,,,,,,N,0.0,0.0,8.0,11.0,3.0,3.0,35.0,47.0,9,12,0.0,0.0,36.0,48.0,2,2,0,0.0,0.0,N775JB,N775JB-B6-0,36.0,47.0,12.0,48.0,59.0,,,0.0,36,48,0.0,0.0
N776SK,740.0,2019,2,5,2,4,2019-05-02,AA,AA_CODESHARE,19805,AA,3238,,,,,OO,20304,OO,3238,10781,1078105,30781,BTR,"Baton Rouge, LA",LA,22,Louisiana,72,11057,1105703,31057,CLT,"Charlotte, NC",NC,37,North Carolina,36,743,-3.0,0.0,0.0,-1.0,0700-0759,10.0,750.0,1032.0,12.0,1045,1044.0,-1.0,0.0,0.0,-1.0,1000-1059,0.0,,0.0,122.0,124.0,102.0,1.0,675.0,3,,,0.0,,0.0,,,,0,,,,,,,,,,,,,,,,,,,,,,,,,,,,,,,,,,,,,,,,,,,,,N,4.0,0.0,7.0,10.0,3.0,3.0,35.0,43.0,7,10,3.0,3.0,35.0,43.0,9,9,0,0.0,0.0,N776SK,N776SK-AA-0,35.0,47.0,8.0,43.0,55.0,,,0.0,35,43,0.0,0.0
N776UA,903.0,2019,2,5,2,4,2019-05-02,UA,UA,19977,UA,2143,,,,,UA,19977,UA,2143,11618,1161802,31703,EWR,"Newark, NJ",NJ,34,New Jersey,21,14771,1477104,32457,SFO,"San Francisco, CA",CA,6,California,91,915,-12.0,0.0,0.0,-1.0,0900-0959,42.0,945.0,1224.0,7.0,1225,1231.0,6.0,6.0,0.0,0.0,1200-1259,0.0,,0.0,370.0,388.0,339.0,1.0,2565.0,11,,,0.0,,0.0,,,,0,,,,,,,,,,,,,,,,,,,,,,,,,,,,,,,,,,,,,,,,,,,,,N,0.0,12.0,9.0,12.0,0.0,2.0,36.0,62.0,9,12,1.0,2.0,37.0,62.0,1,1,0,0.0,0.0,N776UA,N776UA-UA-0,37.0,48.0,26.0,63.0,74.0,,,0.0,37,63,0.0,0.0
N776WN,651.0,2019,2,5,2,4,2019-05-02,WN,WN,19393,WN,1980,,,,,WN,19393,WN,1980,15376,1537604,30436,TUS,"Tucson, AZ",AZ,4,Arizona,81,11292,1129202,30325,DEN,"Denver, CO",CO,8,Colorado,82,650,1.0,1.0,0.0,0.0,0600-0659,9.0,700.0,932.0,8.0,940,940.0,0.0,0.0,0.0,0.0,0900-0959,0.0,,0.0,110.0,109.0,92.0,1.0,639.0,3,,,0.0,,0.0,,,,0,,,,,,,,,,,,,,,,,,,,,,,,,,,,,,,,,,,,,,,,,,,,,N,8.0,8.0,6.0,9.0,3.0,3.0,35.0,47.0,6,9,3.0,3.0,35.0,47.0,2,2,0,0.0,0.0,N776WN,N776WN-WN-0,35.0,47.0,12.0,47.0,59.0,,,0.0,35,47,0.0,0.0
N777QC,610.0,2019,2,5,2,4,2019-05-02,WN,WN,19393,WN,42,,,,,WN,19393,WN,42,10821,1082106,30852,BWI,"Baltimore, MD",MD,24,Maryland,35,14635,1463502,31714,RSW,"Fort Myers, FL",FL,12,Florida,33,615,-5.0,0.0,0.0,-1.0,0600-0659,18.0,628.0,846.0,3.0,850,849.0,-1.0,0.0,0.0,-1.0,0800-0859,0.0,,0.0,155.0,159.0,138.0,1.0,919.0,4,,,0.0,,0.0,,,,0,,,,,,,,,,,,,,,,,,,,,,,,,,,,,,,,,,,,,,,,,,,,,N,0.0,0.0,6.0,8.0,1.0,3.0,25.0,35.0,6,8,1.0,3.0,25.0,35.0,1,1,0,0.0,0.0,N777QC,N777QC-WN-0,25.0,37.0,10.0,35.0,47.0,,,0.0,28,38,3.0,5.86
N77871,830.0,2019,2,5,2,4,2019-05-02,UA,UA,19977,UA,761,,,,,UA,19977,UA,761,13930,1393007,30977,ORD,"Chicago, IL",IL,17,Illinois,41,14771,1477104,32457,SFO,"San Francisco, CA",CA,6,California,91,830,0.0,0.0,0.0,0.0,0800-0859,26.0,856.0,1106.0,18.0,1115,1124.0,9.0,9.0,0.0,0.0,1100-1159,0.0,,0.0,285.0,294.0,250.0,1.0,1846.0,8,,,0.0,,0.0,,,,0,,,,,,,,,,,,,,,,,,,,,,,,,,,,,,,,,,,,,,,,,,,,,N,4.0,12.0,8.0,11.0,2.0,2.0,38.0,58.0,8,11,2.0,1.0,38.0,57.0,9,9,0,0.0,0.0,N77871,N77871-UA-0,38.0,50.0,20.0,58.0,70.0,,,0.0,38,58,0.0,0.0
N778XF,555.0,2019,2,5,2,4,2019-05-02,AA,AA,19805,AA,1953,,,,,AA,19805,AA,1953,10529,1052906,30529,BDL,"Hartford, CT",CT,9,Connecticut,11,14100,1410005,34100,PHL,"Philadelphia, PA",PA,42,Pennsylvania,23,547,8.0,8.0,0.0,0.0,0001-0559,17.0,612.0,723.0,6.0,708,729.0,21.0,21.0,1.0,1.0,0700-0759,0.0,,0.0,81.0,94.0,71.0,1.0,196.0,1,8.0,0.0,13.0,0.0,0.0,,,,0,,,,,,,,,,,,,,,,,,,,,,,,,,,,,,,,,,,,,,,,,,,,,N,0.0,0.0,5.0,7.0,4.0,2.0,24.0,30.0,5,7,3.0,1.0,23.0,29.0,1,1,0,1.0,1.0,N778XF,N778XF-AA-0,23.0,36.0,6.0,29.0,42.0,,,1.0,23,30,1.0,1.14
N778XF,811.0,2019,2,5,2,4,2019-05-02,AA,AA,19805,AA,1820,,,,,AA,19805,AA,1820,14100,1410005,34100,PHL,"Philadelphia, PA",PA,42,Pennsylvania,23,14027,1402702,34027,PBI,"West Palm Beach/Palm Beach, FL",FL,12,Florida,33,759,12.0,12.0,0.0,0.0,0700-0759,20.0,831.0,1047.0,4.0,1041,1051.0,10.0,10.0,0.0,0.0,1000-1059,0.0,,0.0,162.0,160.0,136.0,1.0,951.0,4,,,0.0,,0.0,,,,0,,,,,,,,,,,,,,,,,,,,,,,,,,,,,,,,,,,,,,,,,,,,,N,0.0,0.0,8.0,10.0,1.0,3.0,33.0,43.0,7,10,4.0,3.0,32.0,43.0,5,5,1,1.0,0.0,N778XF,N778XF-AA-1,33.0,45.0,10.0,43.0,55.0,30.0,3.0,0.0,33,43,0.0,0.0
N779JB,552.0,2019,2,5,2,4,2019-05-02,B6,B6,20409,B6,1007,,,,,B6,20409,B6,1007,14747,1474703,30559,SEA,"Seattle, WA",WA,53,Washington,93,12954,1295407,32575,LGB,"Long Beach, CA",CA,6,California,91,601,-9.0,0.0,0.0,-1.0,0600-0659,12.0,604.0,809.0,3.0,838,812.0,-26.0,0.0,0.0,-2.0,0800-0859,0.0,,0.0,157.0,140.0,125.0,1.0,965.0,4,,,0.0,,0.0,,,,0,,,,,,,,,,,,,,,,,,,,,,,,,,,,,,,,,,,,,,,,,,,,,N,12.0,12.0,5.0,8.0,3.0,1.0,35.0,45.0,6,8,0.0,3.0,36.0,47.0,8,8,0,0.0,0.0,N779JB,N779JB-B6-0,36.0,47.0,10.0,46.0,57.0,,,0.0,36,46,0.0,0.0
N779SW,657.0,2019,2,5,2,4,2019-05-02,WN,WN,19393,WN,2202,,,,,WN,19393,WN,2202,14122,1412202,30198,PIT,"Pittsburgh, PA",PA,42,Pennsylvania,23,10821,1082106,30852,BWI,"Baltimore, MD",MD,24,Maryland,35,620,37.0,37.0,1.0,2.0,0600-0659,8.0,705.0,741.0,5.0,725,746.0,21.0,21.0,1.0,1.0,0700-0759,0.0,,0.0,65.0,49.0,36.0,1.0,210.0,1,21.0,0.0,0.0,0.0,0.0,,,,0,,,,,,,,,,,,,,,,,,,,,,,,,,,,,,,,,,,,,,,,,,,,,N,0.0,0.0,6.0,7.0,4.0,3.0,28.0,31.0,6,7,1.0,2.0,25.0,30.0,4,4,0,1.0,1.0,N779SW,N779SW-WN-0,28.0,40.0,3.0,31.0,43.0,,,0.0,28,31,0.0,0.0
N779SW,829.0,2019,2,5,2,4,2019-05-02,WN,WN,19393,WN,2202,,,,,WN,19393,WN,2202,10821,1082106,30852,BWI,"Baltimore, MD",MD,24,Maryland,35,12451,1245102,31136,JAX,"Jacksonville, FL",FL,12,Florida,33,820,9.0,9.0,0.0,0.0,0800-0859,25.0,854.0,1031.0,4.0,1030,1035.0,5.0,5.0,0.0,0.0,1000-1059,0.0,,0.0,130.0,126.0,97.0,1.0,663.0,3,,,0.0,,0.0,,,,0,,,,,,,,,,,,,,,,,,,,,,,,,,,,,,,,,,,,,,,,,,,,,N,0.0,0.0,8.0,10.0,2.0,2.0,34.0,42.0,8,10,1.0,2.0,33.0,42.0,5,5,1,1.0,0.0,N779SW,N779SW-WN-1,34.0,46.0,8.0,42.0,54.0,31.0,3.0,0.0,34,42,0.0,0.0
N78008,852.0,2019,2,5,2,4,2019-05-02,UA,UA,19977,UA,1839,,,,,UA,19977,UA,1839,12266,1226603,31453,IAH,"Houston, TX",TX,48,Texas,74,13930,1393007,30977,ORD,"Chicago, IL",IL,17,Illinois,41,750,62.0,62.0,1.0,4.0,0700-0759,17.0,909.0,1109.0,10.0,1025,1119.0,54.0,54.0,1.0,3.0,1000-1059,0.0,,0.0,155.0,147.0,120.0,1.0,925.0,4,0.0,54.0,0.0,0.0,0.0,,,,0,,,,,,,,,,,,,,,,,,,,,,,,,,,,,,,,,,,,,,,,,,,,,N,4.0,4.0,8.0,11.0,3.0,1.0,39.0,49.0,7,10,3.0,2.0,35.0,46.0,6,6,0,0.0,0.0,N78008,N78008-UA-0,39.0,51.0,10.0,49.0,61.0,,,0.0,39,49,0.0,0.0
N780SK,853.0,2019,2,5,2,4,2019-05-02,UA,UA_CODESHARE,19977,UA,5580,,,,,OO,20304,OO,5580,10693,1069302,30693,BNA,"Nashville, TN",TN,47,Tennessee,54,12266,1226603,31453,IAH,"Houston, TX",TX,48,Texas,74,850,3.0,3.0,0.0,0.0,0800-0859,17.0,910.0,1117.0,12.0,1110,1129.0,19.0,19.0,1.0,1.0,1100-1159,0.0,,0.0,140.0,156.0,127.0,1.0,657.0,3,0.0,0.0,19.0,0.0,0.0,,,,0,,,,,,,,,,,,,,,,,,,,,,,,,,,,,,,,,,,,,,,,,,,,,N,4.0,4.0,8.0,11.0,4.0,2.0,40.0,50.0,8,11,3.0,1.0,39.0,49.0,1,1,0,0.0,0.0,N780SK,N780SK-UA-0,39.0,52.0,10.0,49.0,62.0,,,1.0,39,51,2.0,2.88
N7811F,621.0,2019,2,5,2,4,2019-05-02,WN,WN,19393,WN,2165,,,,,WN,19393,WN,2165,13204,1320402,31454,MCO,"Orlando, FL",FL,12,Florida,33,11259,1125904,30194,DAL,"Dallas, TX",TX,48,Texas,74,615,6.0,6.0,0.0,0.0,0600-0659,23.0,644.0,844.0,4.0,755,848.0,53.0,53.0,1.0,3.0,0700-0759,0.0,,0.0,160.0,207.0,180.0,1.0,973.0,4,6.0,0.0,47.0,0.0,0.0,,,,0,,,,,,,,,,,,,,,,,,,,,,,,,,,,,,,,,,,,,,,,,,,,,N,0.0,4.0,6.0,8.0,1.0,3.0,25.0,39.0,6,7,1.0,4.0,25.0,36.0,7,7,0,0.0,0.0,N7811F,N7811F-WN-0,25.0,37.0,14.0,39.0,51.0,,,3.0,25,39,0.0,0.0
N7812G,630.0,2019,2,5,2,4,2019-05-02,WN,WN,19393,WN,1137,,,,,WN,19393,WN,1137,13204,1320402,31454,MCO,"Orlando, FL",FL,12,Florida,33,14679,1467903,33570,SAN,"San Diego, CA",CA,6,California,91,630,0.0,0.0,0.0,0.0,0600-0659,18.0,648.0,847.0,3.0,840,850.0,10.0,10.0,0.0,0.0,0800-0859,0.0,,0.0,310.0,320.0,299.0,1.0,2149.0,9,,,0.0,,0.0,,,,0,,,,,,,,,,,,,,,,,,,,,,,,,,,,,,,,,,,,,,,,,,,,,N,0.0,12.0,6.0,8.0,2.0,3.0,26.0,47.0,6,8,2.0,3.0,26.0,47.0,5,5,0,0.0,0.0,N7812G,N7812G-WN-0,26.0,38.0,21.0,47.0,59.0,,,0.0,26,47,0.0,0.0
N7814B,539.0,2019,2,5,2,4,2019-05-02,WN,WN,19393,WN,1909,,,,,WN,19393,WN,1909,13232,1323202,30977,MDW,"Chicago, IL",IL,17,Illinois,41,11697,1169706,32467,FLL,"Fort Lauderdale, FL",FL,12,Florida,33,540,-1.0,0.0,0.0,-1.0,0001-0559,12.0,551.0,924.0,7.0,935,931.0,-4.0,0.0,0.0,-1.0,0900-0959,0.0,,0.0,175.0,172.0,153.0,1.0,1167.0,5,,,0.0,,0.0,,,,0,,,,,,,,,,,,,,,,,,,,,,,,,,,,,,,,,,,,,,,,,,,,,N,4.0,0.0,5.0,9.0,3.0,2.0,27.0,38.0,5,9,3.0,2.0,27.0,38.0,5,5,0,0.0,0.0,N7814B,N7814B-WN-0,27.0,39.0,11.0,38.0,50.0,,,0.0,27,38,0.0,0.0
N7816B,642.0,2019,2,5,2,4,2019-05-02,WN,WN,19393,WN,1528,,,,,WN,19393,WN,1528,14492,1449202,34492,RDU,"Raleigh/Durham, NC",NC,37,North Carolina,36,13232,1323202,30977,MDW,"Chicago, IL",IL,17,Illinois,41,600,42.0,42.0,1.0,2.0,0600-0659,6.0,648.0,738.0,2.0,700,740.0,40.0,40.0,1.0,2.0,0700-0759,0.0,,0.0,120.0,118.0,110.0,1.0,632.0,3,0.0,40.0,0.0,0.0,0.0,,,,0,,,,,,,,,,,,,,,,,,,,,,,,,,,,,,,,,,,,,,,,,,,,,N,0.0,4.0,6.0,7.0,3.0,3.0,27.0,35.0,6,7,0.0,0.0,24.0,32.0,6,6,0,1.0,1.0,N7816B,N7816B-WN-0,27.0,39.0,8.0,35.0,47.0,,,0.0,27,35,0.0,0.0
N7816B,850.0,2019,2,5,2,4,2019-05-02,WN,WN,19393,WN,1528,,,,,WN,19393,WN,1528,13232,1323202,30977,MDW,"Chicago, IL",IL,17,Illinois,41,14831,1483106,32457,SJC,"San Jose, CA",CA,6,California,91,750,60.0,60.0,1.0,4.0,0700-0759,10.0,900.0,1126.0,2.0,1025,1128.0,63.0,63.0,1.0,4.0,1000-1059,0.0,,0.0,275.0,278.0,266.0,1.0,1838.0,8,20.0,0.0,3.0,0.0,40.0,,,,0,,,,,,,,,,,,,,,,,,,,,,,,,,,,,,,,,,,,,,,,,,,,,N,4.0,12.0,8.0,11.0,3.0,2.0,39.0,58.0,7,10,3.0,2.0,35.0,54.0,6,6,1,1.0,0.0,N7816B,N7816B-WN-1,36.0,51.0,19.0,55.0,70.0,35.0,4.0,3.0,36,55,0.0,0.0
N7819A,645.0,2019,2,5,2,4,2019-05-02,WN,WN,19393,WN,1718,,,,,WN,19393,WN,1718,10821,1082106,30852,BWI,"Baltimore, MD",MD,24,Maryland,35,14307,1430705,30721,PVD,"Providence, RI",RI,44,Rhode Island,15,650,-5.0,0.0,0.0,-1.0,0600-0659,7.0,652.0,740.0,4.0,810,744.0,-26.0,0.0,0.0,-2.0,0800-0859,0.0,,0.0,80.0,59.0,48.0,1.0,327.0,2,,,0.0,,0.0,,,,0,,,,,,,,,,,,,,,,,,,,,,,,,,,,,,,,,,,,,,,,,,,,,N,0.0,0.0,6.0,7.0,3.0,3.0,27.0,31.0,6,8,3.0,1.0,27.0,33.0,9,9,0,1.0,1.0,N7819A,N7819A-WN-0,27.0,39.0,4.0,31.0,43.0,,,0.0,27,31,0.0,0.0
N7819A,847.0,2019,2,5,2,4,2019-05-02,WN,WN,19393,WN,1719,,,,,WN,19393,WN,1719,14307,1430705,30721,PVD,"Providence, RI",RI,44,Rhode Island,15,11278,1127805,30852,DCA,"Washington, DC",VA,51,Virginia,38,850,-3.0,0.0,0.0,-1.0,0800-0859,10.0,857.0,1003.0,5.0,1025,1008.0,-17.0,0.0,0.0,-2.0,1000-1059,0.0,,0.0,95.0,81.0,66.0,1.0,356.0,2,,,0.0,,0.0,,,,0,,,,,,,,,,,,,,,,,,,,,,,,,,,,,,,,,,,,,,,,,,,,,N,0.0,0.0,8.0,10.0,3.0,1.0,35.0,41.0,8,10,3.0,2.0,35.0,42.0,2,2,1,1.0,0.0,N7819A,N7819A-WN-1,35.0,47.0,6.0,41.0,53.0,31.0,4.0,0.0,35,41,0.0,0.0
N781WN,757.0,2019,2,5,2,4,2019-05-02,WN,WN,19393,WN,1051,,,,,WN,19393,WN,1051,12264,1226402,30852,IAD,"Washington, DC",VA,51,Virginia,38,10397,1039707,30397,ATL,"Atlanta, GA",GA,13,Georgia,34,800,-3.0,0.0,0.0,-1.0,0800-0859,25.0,822.0,943.0,7.0,950,950.0,0.0,0.0,0.0,0.0,0900-0959,0.0,,0.0,110.0,113.0,81.0,1.0,534.0,3,,,0.0,,0.0,,,,0,,,,,,,,,,,,,,,,,,,,,,,,,,,,,,,,,,,,,,,,,,,,,N,0.0,0.0,7.0,9.0,4.0,3.0,32.0,39.0,8,9,0.0,3.0,32.0,39.0,7,7,0,0.0,0.0,N781WN,N781WN-WN-0,32.0,44.0,7.0,39.0,51.0,,,0.0,32,39,0.0,0.0
N7821L,515.0,2019,2,5,2,4,2019-05-02,WN,WN,19393,WN,802,,,,,WN,19393,WN,802,12892,1289208,32575,LAX,"Los Angeles, CA",CA,6,California,91,14057,1405702,34057,PDX,"Portland, OR",OR,41,Oregon,92,510,5.0,5.0,0.0,0.0,0001-0559,8.0,523.0,722.0,9.0,730,731.0,1.0,1.0,0.0,0.0,0700-0759,0.0,,0.0,140.0,136.0,119.0,1.0,834.0,4,,,0.0,,0.0,,,,0,,,,,,,,,,,,,,,,,,,,,,,,,,,,,,,,,,,,,,,,,,,,,N,12.0,12.0,5.0,7.0,1.0,2.0,33.0,42.0,5,7,1.0,2.0,33.0,42.0,5,5,0,0.0,0.0,N7821L,N7821L-WN-0,33.0,45.0,9.0,42.0,54.0,,,0.0,33,42,0.0,0.0
N7822A,559.0,2019,2,5,2,4,2019-05-02,WN,WN,19393,WN,1287,,,,,WN,19393,WN,1287,13487,1348702,31650,MSP,"Minneapolis, MN",MN,27,Minnesota,63,13198,1319801,33198,MCI,"Kansas City, MO",MO,29,Missouri,64,515,44.0,44.0,1.0,2.0,0001-0559,12.0,611.0,722.0,5.0,635,727.0,52.0,52.0,1.0,3.0,0600-0659,0.0,,0.0,80.0,88.0,71.0,1.0,393.0,2,44.0,0.0,8.0,0.0,0.0,,,,0,,,,,,,,,,,,,,,,,,,,,,,,,,,,,,,,,,,,,,,,,,,,,N,4.0,4.0,5.0,7.0,4.0,2.0,28.0,34.0,5,6,1.0,2.0,25.0,30.0,4,4,0,1.0,1.0,N7822A,N7822A-WN-0,27.0,40.0,6.0,33.0,46.0,,,1.0,27,33,0.0,0.0
N7822A,757.0,2019,2,5,2,4,2019-05-02,WN,WN,19393,WN,1287,,,,,WN,19393,WN,1287,13198,1319801,33198,MCI,"Kansas City, MO",MO,29,Missouri,64,13232,1323202,30977,MDW,"Chicago, IL",IL,17,Illinois,41,705,52.0,52.0,1.0,3.0,0700-0759,6.0,803.0,858.0,6.0,830,904.0,34.0,34.0,1.0,2.0,0800-0859,0.0,,0.0,85.0,67.0,55.0,1.0,405.0,2,0.0,0.0,0.0,0.0,34.0,,,,0,,,,,,,,,,,,,,,,,,,,,,,,,,,,,,,,,,,,,,,,,,,,,N,4.0,4.0,7.0,9.0,4.0,0.0,36.0,40.0,7,8,0.0,2.0,32.0,38.0,1,1,1,1.0,0.0,N7822A,N7822A-WN-1,34.0,48.0,4.0,38.0,52.0,34.0,2.0,2.0,34,39,1.0,1.18
N7823A,709.0,2019,2,5,2,4,2019-05-02,WN,WN,19393,WN,1793,,,,,WN,19393,WN,1793,11259,1125904,30194,DAL,"Dallas, TX",TX,48,Texas,74,14771,1477104,32457,SFO,"San Francisco, CA",CA,6,California,91,710,-1.0,0.0,0.0,-1.0,0700-0759,13.0,722.0,848.0,6.0,910,854.0,-16.0,0.0,0.0,-2.0,0900-0959,0.0,,0.0,240.0,225.0,206.0,1.0,1476.0,6,,,0.0,,0.0,,,,0,,,,,,,,,,,,,,,,,,,,,,,,,,,,,,,,,,,,,,,,,,,,,N,4.0,12.0,7.0,8.0,1.0,4.0,33.0,48.0,7,9,1.0,1.0,33.0,49.0,5,5,0,0.0,0.0,N7823A,N7823A-WN-0,33.0,45.0,15.0,48.0,60.0,,,0.0,33,48,0.0,0.0
N7824A,619.0,2019,2,5,2,4,2019-05-02,WN,WN,19393,WN,1923,,,,,WN,19393,WN,1923,13342,1334207,33342,MKE,"Milwaukee, WI",WI,55,Wisconsin,45,10821,1082106,30852,BWI,"Baltimore, MD",MD,24,Maryland,35,620,-1.0,0.0,0.0,-1.0,0600-0659,16.0,635.0,902.0,10.0,910,912.0,2.0,2.0,0.0,0.0,0900-0959,0.0,,0.0,110.0,113.0,87.0,1.0,641.0,3,,,0.0,,0.0,,,,0,,,,,,,,,,,,,,,,,,,,,,,,,,,,,,,,,,,,,,,,,,,,,N,4.0,0.0,6.0,9.0,1.0,1.0,29.0,37.0,6,9,1.0,1.0,29.0,37.0,6,6,0,1.0,1.0,N7824A,N7824A-WN-0,29.0,41.0,8.0,37.0,49.0,,,0.0,29,37,0.0,0.0
N7824A,951.0,2019,2,5,2,4,2019-05-02,WN,WN,19393,WN,1923,,,,,WN,19393,WN,1923,10821,1082106,30852,BWI,"Baltimore, MD",MD,24,Maryland,35,14307,1430705,30721,PVD,"Providence, RI",RI,44,Rhode Island,15,950,1.0,1.0,0.0,0.0,0900-0959,10.0,1001.0,1050.0,3.0,1110,1053.0,-17.0,0.0,0.0,-2.0,1100-1159,0.0,,0.0,80.0,62.0,49.0,1.0,327.0,2,,,0.0,,0.0,,,,0,,,,,,,,,,,,,,,,,,,,,,,,,,,,,,,,,,,,,,,,,,,,,N,0.0,0.0,9.0,10.0,3.0,4.0,39.0,44.0,9,11,3.0,1.0,39.0,45.0,5,5,1,1.0,0.0,N7824A,N7824A-WN-1,39.0,51.0,5.0,44.0,56.0,37.0,2.0,0.0,39,44,0.0,0.0
N7825A,625.0,2019,2,5,2,4,2019-05-02,WN,WN,19393,WN,212,,,,,WN,19393,WN,212,14771,1477104,32457,SFO,"San Francisco, CA",CA,6,California,91,14679,1467903,33570,SAN,"San Diego, CA",CA,6,California,91,630,-5.0,0.0,0.0,-1.0,0600-0659,13.0,638.0,747.0,9.0,815,756.0,-19.0,0.0,0.0,-2.0,0800-0859,0.0,,0.0,105.0,91.0,69.0,1.0,447.0,2,,,0.0,,0.0,,,,0,,,,,,,,,,,,,,,,,,,,,,,,,,,,,,,,,,,,,,,,,,,,,N,12.0,12.0,6.0,7.0,2.0,4.0,38.0,44.0,6,8,2.0,1.0,38.0,45.0,6,6,0,0.0,0.0,N7825A,N7825A-WN-0,38.0,50.0,6.0,44.0,56.0,,,0.0,38,44,0.0,0.0
N7826B,639.0,2019,2,5,2,4,2019-05-02,WN,WN,19393,WN,2299,,,,,WN,19393,WN,2299,15304,1530402,33195,TPA,"Tampa, FL",FL,12,Florida,33,13232,1323202,30977,MDW,"Chicago, IL",IL,17,Illinois,41,625,14.0,14.0,0.0,0.0,0600-0659,7.0,646.0,802.0,11.0,805,813.0,8.0,8.0,0.0,0.0,0800-0859,0.0,,0.0,160.0,154.0,136.0,1.0,997.0,4,,,0.0,,0.0,,,,0,,,,,,,,,,,,,,,,,,,,,,,,,,,,,,,,,,,,,,,,,,,,,N,0.0,4.0,6.0,8.0,3.0,1.0,27.0,37.0,6,8,2.0,0.0,26.0,36.0,3,3,0,1.0,1.0,N7826B,N7826B-WN-0,27.0,39.0,10.0,37.0,49.0,,,0.0,27,37,0.0,0.0
N7826B,851.0,2019,2,5,2,4,2019-05-02,WN,WN,19393,WN,705,,,,,WN,19393,WN,705,13232,1323202,30977,MDW,"Chicago, IL",IL,17,Illinois,41,14747,1474703,30559,SEA,"Seattle, WA",WA,53,Washington,93,835,16.0,16.0,1.0,1.0,0800-0859,16.0,907.0,1101.0,9.0,1110,1110.0,0.0,0.0,0.0,0.0,1100-1159,0.0,,0.0,275.0,259.0,234.0,1.0,1733.0,7,,,0.0,,0.0,,,,0,,,,,,,,,,,,,,,,,,,,,,,,,,,,,,,,,,,,,,,,,,,,,N,4.0,12.0,8.0,11.0,3.0,1.0,39.0,57.0,8,11,2.0,1.0,38.0,57.0,9,9,1,1.0,0.0,N7826B,N7826B-WN-1,39.0,51.0,18.0,57.0,69.0,37.0,2.0,0.0,39,57,0.0,0.0
N7827A,603.0,2019,2,5,2,4,2019-05-02,WN,WN,19393,WN,171,,,,,WN,19393,WN,171,13342,1334207,33342,MKE,"Milwaukee, WI",WI,55,Wisconsin,45,13204,1320402,31454,MCO,"Orlando, FL",FL,12,Florida,33,605,-2.0,0.0,0.0,-1.0,0600-0659,13.0,616.0,941.0,6.0,950,947.0,-3.0,0.0,0.0,-1.0,0900-0959,0.0,,0.0,165.0,164.0,145.0,1.0,1066.0,5,,,0.0,,0.0,,,,0,,,,,,,,,,,,,,,,,,,,,,,,,,,,,,,,,,,,,,,,,,,,,N,4.0,0.0,6.0,9.0,0.0,3.0,28.0,39.0,6,9,0.0,3.0,28.0,39.0,1,1,0,0.0,0.0,N7827A,N7827A-WN-0,28.0,40.0,11.0,39.0,51.0,,,0.0,28,39,0.0,0.0
N782SA,544.0,2019,2,5,2,4,2019-05-02,WN,WN,19393,WN,352,,,,,WN,19393,WN,352,11292,1129202,30325,DEN,"Denver, CO",CO,8,Colorado,82,13198,1319801,33198,MCI,"Kansas City, MO",MO,29,Missouri,64,545,-1.0,0.0,0.0,-1.0,0001-0559,10.0,554.0,805.0,5.0,820,810.0,-10.0,0.0,0.0,-1.0,0800-0859,0.0,,0.0,95.0,86.0,71.0,1.0,533.0,3,,,0.0,,0.0,,,,0,,,,,,,,,,,,,,,,,,,,,,,,,,,,,,,,,,,,,,,,,,,,,N,8.0,4.0,5.0,8.0,3.0,1.0,31.0,37.0,5,8,3.0,1.0,31.0,37.0,4,4,0,0.0,0.0,N782SA,N782SA-WN-0,31.0,43.0,6.0,37.0,49.0,,,0.0,31,37,0.0,0.0
N7830A,612.0,2019,2,5,2,4,2019-05-02,WN,WN,19393,WN,2196,,,,,WN,19393,WN,2196,11697,1169706,32467,FLL,"Fort Lauderdale, FL",FL,12,Florida,33,15304,1530402,33195,TPA,"Tampa, FL",FL,12,Florida,33,615,-3.0,0.0,0.0,-1.0,0600-0659,20.0,632.0,706.0,8.0,720,714.0,-6.0,0.0,0.0,-1.0,0700-0759,0.0,,0.0,65.0,62.0,34.0,1.0,197.0,1,,,0.0,,0.0,,,,0,,,,,,,,,,,,,,,,,,,,,,,,,,,,,,,,,,,,,,,,,,,,,N,0.0,0.0,6.0,7.0,1.0,1.0,25.0,29.0,6,7,1.0,1.0,25.0,29.0,4,4,0,1.0,1.0,N7830A,N7830A-WN-0,25.0,37.0,4.0,29.0,41.0,,,0.0,25,29,0.0,0.0
N7830A,756.0,2019,2,5,2,4,2019-05-02,WN,WN,19393,WN,2196,,,,,WN,19393,WN,2196,15304,1530402,33195,TPA,"Tampa, FL",FL,12,Florida,33,13296,1329604,30721,MHT,"Manchester, NH",NH,33,New Hampshire,14,755,1.0,1.0,0.0,0.0,0700-0759,15.0,811.0,1041.0,6.0,1055,1047.0,-8.0,0.0,0.0,-1.0,1000-1059,0.0,,0.0,180.0,171.0,150.0,1.0,1204.0,5,,,0.0,,0.0,,,,0,,,,,,,,,,,,,,,,,,,,,,,,,,,,,,,,,,,,,,,,,,,,,N,0.0,0.0,7.0,10.0,4.0,3.0,32.0,43.0,7,10,4.0,4.0,32.0,44.0,6,6,1,1.0,0.0,N7830A,N7830A-WN-1,32.0,44.0,11.0,43.0,55.0,29.0,3.0,0.0,32,43,0.0,0.0
N7831B,607.0,2019,2,5,2,4,2019-05-02,WN,WN,19393,WN,693,,,,,WN,19393,WN,693,14576,1457606,34576,ROC,"Rochester, NY",NY,36,New York,22,10821,1082106,30852,BWI,"Baltimore, MD",MD,24,Maryland,35,610,-3.0,0.0,0.0,-1.0,0600-0659,10.0,617.0,705.0,5.0,720,710.0,-10.0,0.0,0.0,-1.0,0700-0759,0.0,,0.0,70.0,63.0,48.0,1.0,277.0,2,,,0.0,,0.0,,,,0,,,,,,,,,,,,,,,,,,,,,,,,,,,,,,,,,,,,,,,,,,,,,N,0.0,0.0,6.0,7.0,0.0,1.0,24.0,29.0,6,7,1.0,1.0,25.0,29.0,7,7,0,1.0,1.0,N7831B,N7831B-WN-0,25.0,36.0,5.0,30.0,41.0,,,0.0,25,30,0.0,0.0
N7831B,824.0,2019,2,5,2,4,2019-05-02,WN,WN,19393,WN,425,,,,,WN,19393,WN,425,10821,1082106,30852,BWI,"Baltimore, MD",MD,24,Maryland,35,12339,1233904,32337,IND,"Indianapolis, IN",IN,18,Indiana,42,820,4.0,4.0,0.0,0.0,0800-0859,16.0,840.0,1005.0,4.0,1015,1009.0,-6.0,0.0,0.0,-1.0,1000-1059,0.0,,0.0,115.0,105.0,85.0,1.0,516.0,3,,,0.0,,0.0,,,,0,,,,,,,,,,,,,,,,,,,,,,,,,,,,,,,,,,,,,,,,,,,,,N,0.0,0.0,8.0,10.0,2.0,1.0,34.0,41.0,8,10,1.0,1.0,33.0,41.0,7,7,1,1.0,0.0,N7831B,N7831B-WN-1,34.0,46.0,7.0,41.0,53.0,29.0,5.0,0.0,35,42,1.0,7.28
N7832A,606.0,2019,2,5,2,4,2019-05-02,WN,WN,19393,WN,784,,,,,WN,19393,WN,784,10257,1025702,30257,ALB,"Albany, NY",NY,36,New York,22,10821,1082106,30852,BWI,"Baltimore, MD",MD,24,Maryland,35,605,1.0,1.0,0.0,0.0,0600-0659,8.0,614.0,714.0,3.0,720,717.0,-3.0,0.0,0.0,-1.0,0700-0759,0.0,,0.0,75.0,71.0,60.0,1.0,289.0,2,,,0.0,,0.0,,,,0,,,,,,,,,,,,,,,,,,,,,,,,,,,,,,,,,,,,,,,,,,,,,N,0.0,0.0,6.0,7.0,0.0,1.0,24.0,29.0,6,7,0.0,1.0,24.0,29.0,2,2,0,0.0,0.0,N7832A,N7832A-WN-0,24.0,36.0,5.0,29.0,41.0,,,0.0,24,30,1.0,2.28
N7835A,717.0,2019,2,5,2,4,2019-05-02,WN,WN,19393,WN,884,,,,,WN,19393,WN,884,11042,1104205,30647,CLE,"Cleveland, OH",OH,39,Ohio,44,13232,1323202,30977,MDW,"Chicago, IL",IL,17,Illinois,41,555,82.0,82.0,1.0,5.0,0001-0559,12.0,729.0,722.0,2.0,610,724.0,74.0,74.0,1.0,4.0,0600-0659,0.0,,0.0,75.0,67.0,53.0,1.0,307.0,2,0.0,0.0,74.0,0.0,0.0,,,,0,,,,,,,,,,,,,,,,,,,,,,,,,,,,,,,,,,,,,,,,,,,,,N,0.0,4.0,7.0,7.0,1.0,2.0,29.0,34.0,5,6,4.0,1.0,24.0,29.0,4,4,0,1.0,1.0,N7835A,N7835A-WN-0,24.0,41.0,5.0,29.0,46.0,,,5.0,24,29,0.0,0.0
N7835A,812.0,2019,2,5,2,4,2019-05-02,WN,WN,19393,WN,1505,,,,,WN,19393,WN,1505,13232,1323202,30977,MDW,"Chicago, IL",IL,17,Illinois,41,10397,1039707,30397,ATL,"Atlanta, GA",GA,13,Georgia,34,710,62.0,62.0,1.0,4.0,0700-0759,16.0,828.0,1056.0,7.0,1010,1103.0,53.0,53.0,1.0,3.0,1000-1059,0.0,,0.0,120.0,111.0,88.0,1.0,591.0,3,53.0,0.0,0.0,0.0,0.0,,,,0,,,,,,,,,,,,,,,,,,,,,,,,,,,,,,,,,,,,,,,,,,,,,N,4.0,0.0,8.0,11.0,1.0,0.0,37.0,44.0,7,10,1.0,1.0,33.0,41.0,3,3,1,1.0,0.0,N7835A,N7835A-WN-1,37.0,49.0,7.0,44.0,56.0,34.0,3.0,0.0,37,44,0.0,0.0
N7837A,541.0,2019,2,5,2,4,2019-05-02,WN,WN,19393,WN,1145,,,,,WN,19393,WN,1145,14107,1410702,30466,PHX,"Phoenix, AZ",AZ,4,Arizona,81,14831,1483106,32457,SJC,"San Jose, CA",CA,6,California,91,545,-4.0,0.0,0.0,-1.0,0001-0559,10.0,551.0,731.0,3.0,735,734.0,-1.0,0.0,0.0,-1.0,0700-0759,0.0,,0.0,110.0,113.0,100.0,1.0,621.0,3,,,0.0,,0.0,,,,0,,,,,,,,,,,,,,,,,,,,,,,,,,,,,,,,,,,,,,,,,,,,,N,8.0,12.0,5.0,7.0,3.0,2.0,31.0,42.0,5,7,3.0,2.0,31.0,42.0,5,5,0,0.0,0.0,N7837A,N7837A-WN-0,31.0,43.0,11.0,42.0,54.0,,,0.0,31,42,0.0,0.0
N7838A,644.0,2019,2,5,2,4,2019-05-02,WN,WN,19393,WN,981,,,,,WN,19393,WN,981,10397,1039707,30397,ATL,"Atlanta, GA",GA,13,Georgia,34,11697,1169706,32467,FLL,"Fort Lauderdale, FL",FL,12,Florida,33,645,-1.0,0.0,0.0,-1.0,0600-0659,11.0,655.0,819.0,4.0,840,823.0,-17.0,0.0,0.0,-2.0,0800-0859,0.0,,0.0,115.0,99.0,84.0,1.0,581.0,3,,,0.0,,0.0,,,,0,,,,,,,,,,,,,,,,,,,,,,,,,,,,,,,,,,,,,,,,,,,,,N,0.0,0.0,6.0,8.0,3.0,2.0,27.0,34.0,6,8,3.0,3.0,27.0,35.0,2,2,0,0.0,0.0,N7838A,N7838A-WN-0,27.0,39.0,7.0,34.0,46.0,,,0.0,27,34,0.0,0.0
N7839A,633.0,2019,2,5,2,4,2019-05-02,WN,WN,19393,WN,1696,,,,,WN,19393,WN,1696,12953,1295304,31703,LGA,"New York, NY",NY,36,New York,22,13232,1323202,30977,MDW,"Chicago, IL",IL,17,Illinois,41,600,33.0,33.0,1.0,2.0,0600-0659,14.0,647.0,742.0,3.0,720,745.0,25.0,25.0,1.0,1.0,0700-0759,0.0,,0.0,140.0,132.0,115.0,1.0,725.0,3,25.0,0.0,0.0,0.0,0.0,,,,0,,,,,,,,,,,,,,,,,,,,,,,,,,,,,,,,,,,,,,,,,,,,,N,0.0,4.0,6.0,7.0,2.0,3.0,26.0,35.0,6,7,0.0,1.0,24.0,33.0,3,3,0,1.0,1.0,N7839A,N7839A-WN-0,26.0,38.0,9.0,35.0,47.0,,,0.0,26,35,0.0,0.0
N7839A,834.0,2019,2,5,2,4,2019-05-02,WN,WN,19393,WN,1697,,,,,WN,19393,WN,1697,13232,1323202,30977,MDW,"Chicago, IL",IL,17,Illinois,41,12953,1295304,31703,LGA,"New York, NY",NY,36,New York,22,810,24.0,24.0,1.0,1.0,0800-0859,9.0,843.0,1124.0,10.0,1120,1134.0,14.0,14.0,0.0,0.0,1100-1159,0.0,,0.0,130.0,120.0,101.0,1.0,725.0,3,,,0.0,,0.0,,,,0,,,,,,,,,,,,,,,,,,,,,,,,,,,,,,,,,,,,,,,,,,,,,N,4.0,0.0,8.0,11.0,2.0,2.0,38.0,46.0,8,11,1.0,1.0,37.0,45.0,7,7,1,1.0,0.0,N7839A,N7839A-WN-1,38.0,50.0,8.0,46.0,58.0,35.0,3.0,0.0,39,47,1.0,7.16
N783SK,735.0,2019,2,5,2,4,2019-05-02,UA,UA_CODESHARE,19977,UA,5961,,,,,OO,20304,OO,5961,10372,1037205,30372,ASE,"Aspen, CO",CO,8,Colorado,82,11292,1129202,30325,DEN,"Denver, CO",CO,8,Colorado,82,740,-5.0,0.0,0.0,-1.0,0700-0759,27.0,802.0,833.0,7.0,840,840.0,0.0,0.0,0.0,0.0,0800-0859,0.0,,0.0,60.0,65.0,31.0,1.0,125.0,1,,,0.0,,0.0,,,,0,,,,,,,,,,,,,,,,,,,,,,,,,,,,,,,,,,,,,,,,,,,,,N,8.0,8.0,7.0,8.0,2.0,3.0,38.0,43.0,7,8,3.0,3.0,39.0,43.0,7,7,0,0.0,0.0,N783SK,N783SK-UA-0,39.0,50.0,5.0,44.0,55.0,,,0.0,39,44,0.0,0.0
N7841A,558.0,2019,2,5,2,4,2019-05-02,WN,WN,19393,WN,1416,,,,,WN,19393,WN,1416,11042,1104205,30647,CLE,"Cleveland, OH",OH,39,Ohio,44,10821,1082106,30852,BWI,"Baltimore, MD",MD,24,Maryland,35,600,-2.0,0.0,0.0,-1.0,0600-0659,14.0,612.0,702.0,4.0,715,706.0,-9.0,0.0,0.0,-1.0,0700-0759,0.0,,0.0,75.0,68.0,50.0,1.0,314.0,2,,,0.0,,0.0,,,,0,,,,,,,,,,,,,,,,,,,,,,,,,,,,,,,,,,,,,,,,,,,,,N,0.0,0.0,5.0,7.0,4.0,0.0,24.0,28.0,6,7,0.0,1.0,24.0,29.0,7,7,0,1.0,1.0,N7841A,N7841A-WN-0,24.0,36.0,4.0,28.0,40.0,,,0.0,24,28,0.0,0.0
N7841A,825.0,2019,2,5,2,4,2019-05-02,WN,WN,19393,WN,2173,,,,,WN,19393,WN,2173,10821,1082106,30852,BWI,"Baltimore, MD",MD,24,Maryland,35,14730,1473003,33044,SDF,"Louisville, KY",KY,21,Kentucky,52,830,-5.0,0.0,0.0,-1.0,0800-0859,13.0,838.0,1001.0,6.0,1020,1007.0,-13.0,0.0,0.0,-1.0,1000-1059,0.0,,0.0,110.0,102.0,83.0,1.0,495.0,2,,,0.0,,0.0,,,,0,,,,,,,,,,,,,,,,,,,,,,,,,,,,,,,,,,,,,,,,,,,,,N,0.0,0.0,8.0,10.0,2.0,0.0,34.0,40.0,8,10,2.0,1.0,34.0,41.0,5,5,1,1.0,0.0,N7841A,N7841A-WN-1,34.0,46.0,6.0,40.0,52.0,28.0,6.0,0.0,34,40,0.0,0.0
N7842A,537.0,2019,2,5,2,4,2019-05-02,WN,WN,19393,WN,560,,,,,WN,19393,WN,560,14321,1432105,34321,PWM,"Portland, ME",ME,23,Maine,12,10821,1082106,30852,BWI,"Baltimore, MD",MD,24,Maryland,35,545,-8.0,0.0,0.0,-1.0,0001-0559,12.0,549.0,700.0,3.0,715,703.0,-12.0,0.0,0.0,-1.0,0700-0759,0.0,,0.0,90.0,86.0,71.0,1.0,452.0,2,,,0.0,,0.0,,,,0,,,,,,,,,,,,,,,,,,,,,,,,,,,,,,,,,,,,,,,,,,,,,N,0.0,0.0,5.0,7.0,2.0,0.0,22.0,28.0,5,7,3.0,1.0,23.0,29.0,7,7,0,1.0,1.0,N7842A,N7842A-WN-0,23.0,34.0,6.0,29.0,40.0,,,0.0,23,29,0.0,0.0
N7842A,820.0,2019,2,5,2,4,2019-05-02,WN,WN,19393,WN,179,,,,,WN,19393,WN,179,10821,1082106,30852,BWI,"Baltimore, MD",MD,24,Maryland,35,11193,1119302,33105,CVG,"Cincinnati, OH",KY,21,Kentucky,52,825,-5.0,0.0,0.0,-1.0,0800-0859,11.0,831.0,945.0,3.0,1005,948.0,-17.0,0.0,0.0,-2.0,1000-1059,0.0,,0.0,100.0,88.0,74.0,1.0,430.0,2,,,0.0,,0.0,,,,0,,,,,,,,,,,,,,,,,,,,,,,,,,,,,,,,,,,,,,,,,,,,,N,0.0,0.0,8.0,9.0,1.0,3.0,33.0,39.0,8,10,2.0,0.0,34.0,40.0,3,3,1,1.0,0.0,N7842A,N7842A-WN-1,34.0,45.0,6.0,40.0,51.0,28.0,5.0,0.0,34,40,0.0,0.0
N78438,621.0,2019,2,5,2,4,2019-05-02,UA,UA,19977,UA,387,,,,,UA,19977,UA,387,13930,1393007,30977,ORD,"Chicago, IL",IL,17,Illinois,41,10821,1082106,30852,BWI,"Baltimore, MD",MD,24,Maryland,35,630,-9.0,0.0,0.0,-1.0,0600-0659,10.0,631.0,853.0,3.0,921,856.0,-25.0,0.0,0.0,-2.0,0900-0959,0.0,,0.0,111.0,95.0,82.0,1.0,621.0,3,,,0.0,,0.0,,,,0,,,,,,,,,,,,,,,,,,,,,,,,,,,,,,,,,,,,,,,,,,,,,N,4.0,0.0,6.0,8.0,1.0,4.0,29.0,36.0,6,9,2.0,1.0,30.0,37.0,1,1,0,0.0,0.0,N78438,N78438-UA-0,30.0,41.0,7.0,37.0,48.0,,,0.0,30,37,0.0,0.0
N7843A,701.0,2019,2,5,2,4,2019-05-02,WN,WN,19393,WN,144,,,,,WN,19393,WN,144,10397,1039707,30397,ATL,"Atlanta, GA",GA,13,Georgia,34,12892,1289208,32575,LAX,"Los Angeles, CA",CA,6,California,91,700,1.0,1.0,0.0,0.0,0700-0759,13.0,714.0,835.0,9.0,850,844.0,-6.0,0.0,0.0,-1.0,0800-0859,0.0,,0.0,290.0,283.0,261.0,1.0,1947.0,8,,,0.0,,0.0,,,,0,,,,,,,,,,,,,,,,,,,,,,,,,,,,,,,,,,,,,,,,,,,,,N,0.0,12.0,7.0,8.0,0.0,3.0,28.0,47.0,7,8,0.0,3.0,28.0,47.0,7,7,0,0.0,0.0,N7843A,N7843A-WN-0,28.0,40.0,19.0,47.0,59.0,,,0.0,28,47,0.0,0.0
N7844A,700.0,2019,2,5,2,4,2019-05-02,WN,WN,19393,WN,1860,,,,,WN,19393,WN,1860,14100,1410005,34100,PHL,"Philadelphia, PA",PA,42,Pennsylvania,23,10397,1039707,30397,ATL,"Atlanta, GA",GA,13,Georgia,34,705,-5.0,0.0,0.0,-1.0,0700-0759,15.0,715.0,901.0,10.0,915,911.0,-4.0,0.0,0.0,-1.0,0900-0959,0.0,,0.0,130.0,131.0,106.0,1.0,666.0,3,,,0.0,,0.0,,,,0,,,,,,,,,,,,,,,,,,,,,,,,,,,,,,,,,,,,,,,,,,,,,N,0.0,0.0,7.0,9.0,0.0,1.0,28.0,37.0,7,9,0.0,1.0,28.0,37.0,1,1,0,0.0,0.0,N7844A,N7844A-WN-0,28.0,40.0,9.0,37.0,49.0,,,0.0,28,37,0.0,0.0
N7845A,832.0,2019,2,5,2,4,2019-05-02,WN,WN,19393,WN,671,,,,,WN,19393,WN,671,10821,1082106,30852,BWI,"Baltimore, MD",MD,24,Maryland,35,14843,1484306,34819,SJU,"San Juan, PR",PR,72,Puerto Rico,3,835,-3.0,0.0,0.0,-1.0,0800-0859,26.0,858.0,1236.0,4.0,1240,1240.0,0.0,0.0,0.0,0.0,1200-1259,0.0,,0.0,245.0,248.0,218.0,1.0,1565.0,7,,,0.0,,0.0,,,,0,,,,,,,,,,,,,,,,,,,,,,,,,,,,,,,,,,,,,,,,,,,,,N,0.0,-4.0,8.0,12.0,2.0,3.0,34.0,47.0,8,12,2.0,3.0,34.0,47.0,5,5,0,0.0,0.0,N7845A,N7845A-WN-0,34.0,46.0,13.0,47.0,59.0,,,0.0,34,47,0.0,0.0
N7846A,548.0,2019,2,5,2,4,2019-05-02,WN,WN,19393,WN,1283,,,,,WN,19393,WN,1283,11292,1129202,30325,DEN,"Denver, CO",CO,8,Colorado,82,12892,1289208,32575,LAX,"Los Angeles, CA",CA,6,California,91,550,-2.0,0.0,0.0,-1.0,0001-0559,8.0,556.0,702.0,6.0,725,708.0,-17.0,0.0,0.0,-2.0,0700-0759,0.0,,0.0,155.0,140.0,126.0,1.0,862.0,4,,,0.0,,0.0,,,,0,,,,,,,,,,,,,,,,,,,,,,,,,,,,,,,,,,,,,,,,,,,,,N,8.0,12.0,5.0,7.0,3.0,1.0,31.0,41.0,5,7,3.0,2.0,31.0,42.0,4,4,0,0.0,0.0,N7846A,N7846A-WN-0,31.0,43.0,10.0,41.0,53.0,,,0.0,31,41,0.0,0.0
N7847A,615.0,2019,2,5,2,4,2019-05-02,WN,WN,19393,WN,1020,,,,,WN,19393,WN,1020,11278,1127805,30852,DCA,"Washington, DC",VA,51,Virginia,38,13204,1320402,31454,MCO,"Orlando, FL",FL,12,Florida,33,605,10.0,10.0,0.0,0.0,0600-0659,15.0,630.0,826.0,10.0,825,836.0,11.0,11.0,0.0,0.0,0800-0859,0.0,,0.0,140.0,141.0,116.0,1.0,759.0,4,,,0.0,,0.0,,,,0,,,,,,,,,,,,,,,,,,,,,,,,,,,,,,,,,,,,,,,,,,,,,N,0.0,0.0,6.0,8.0,1.0,2.0,25.0,34.0,6,8,0.0,2.0,24.0,34.0,1,1,0,1.0,1.0,N7847A,N7847A-WN-0,25.0,37.0,9.0,34.0,46.0,,,0.0,25,34,0.0,0.0
N7847A,918.0,2019,2,5,2,4,2019-05-02,WN,WN,19393,WN,1020,,,,,WN,19393,WN,1020,13204,1320402,31454,MCO,"Orlando, FL",FL,12,Florida,33,11259,1125904,30194,DAL,"Dallas, TX",TX,48,Texas,74,905,13.0,13.0,0.0,0.0,0900-0959,11.0,929.0,1114.0,5.0,1050,1119.0,29.0,29.0,1.0,1.0,1000-1059,0.0,,0.0,165.0,181.0,165.0,1.0,973.0,4,2.0,0.0,16.0,0.0,11.0,,,,0,,,,,,,,,,,,,,,,,,,,,,,,,,,,,,,,,,,,,,,,,,,,,N,0.0,4.0,9.0,11.0,1.0,1.0,37.0,49.0,9,10,0.0,3.0,36.0,47.0,3,3,1,1.0,0.0,N7847A,N7847A-WN-1,36.0,49.0,12.0,48.0,61.0,34.0,3.0,2.0,37,49,1.0,3.22
N7848A,559.0,2019,2,5,2,4,2019-05-02,WN,WN,19393,WN,2258,,,,,WN,19393,WN,2258,11259,1125904,30194,DAL,"Dallas, TX",TX,48,Texas,74,12889,1288903,32211,LAS,"Las Vegas, NV",NV,32,Nevada,85,600,-1.0,0.0,0.0,-1.0,0600-0659,8.0,607.0,640.0,4.0,655,644.0,-11.0,0.0,0.0,-1.0,0600-0659,0.0,,0.0,175.0,165.0,153.0,1.0,1067.0,5,,,0.0,,0.0,,,,0,,,,,,,,,,,,,,,,,,,,,,,,,,,,,,,,,,,,,,,,,,,,,N,4.0,12.0,5.0,6.0,4.0,3.0,28.0,39.0,6,6,0.0,4.0,28.0,40.0,1,1,0,0.0,0.0,N7848A,N7848A-WN-0,28.0,40.0,11.0,39.0,51.0,,,0.0,28,40,1.0,1.24
N7849A,627.0,2019,2,5,2,4,2019-05-02,WN,WN,19393,WN,2020,,,,,WN,19393,WN,2020,10693,1069302,30693,BNA,"Nashville, TN",TN,47,Tennessee,54,12953,1295304,31703,LGA,"New York, NY",NY,36,New York,22,630,-3.0,0.0,0.0,-1.0,0600-0659,10.0,637.0,923.0,6.0,940,929.0,-11.0,0.0,0.0,-1.0,0900-0959,0.0,,0.0,130.0,122.0,106.0,1.0,764.0,4,,,0.0,,0.0,,,,0,,,,,,,,,,,,,,,,,,,,,,,,,,,,,,,,,,,,,,,,,,,,,N,4.0,0.0,6.0,9.0,2.0,2.0,30.0,38.0,6,9,2.0,3.0,30.0,39.0,8,8,0,0.0,0.0,N7849A,N7849A-WN-0,30.0,42.0,8.0,38.0,50.0,,,0.0,30,38,0.0,0.0
N784JB,756.0,2019,2,5,2,4,2019-05-02,B6,B6,20409,B6,2359,,,,,B6,20409,B6,2359,12478,1247805,31703,JFK,"New York, NY",NY,36,New York,22,10800,1080003,32575,BUR,"Burbank, CA",CA,6,California,91,800,-4.0,0.0,0.0,-1.0,0800-0859,14.0,810.0,1123.0,5.0,1124,1128.0,4.0,4.0,0.0,0.0,1100-1159,0.0,,0.0,384.0,392.0,373.0,1.0,2465.0,10,,,0.0,,0.0,,,,0,,,,,,,,,,,,,,,,,,,,,,,,,,,,,,,,,,,,,,,,,,,,,N,0.0,12.0,7.0,11.0,4.0,2.0,32.0,58.0,8,11,0.0,2.0,32.0,58.0,3,3,0,0.0,0.0,N784JB,N784JB-B6-0,32.0,44.0,26.0,58.0,70.0,,,0.0,32,58,0.0,0.0
N784SK,623.0,2019,2,5,2,4,2019-05-02,UA,UA_CODESHARE,19977,UA,5232,,,,,OO,20304,OO,5232,10599,1059904,30599,BHM,"Birmingham, AL",AL,1,Alabama,51,11292,1129202,30325,DEN,"Denver, CO",CO,8,Colorado,82,625,-2.0,0.0,0.0,-1.0,0600-0659,17.0,640.0,820.0,4.0,834,824.0,-10.0,0.0,0.0,-1.0,0800-0859,0.0,,0.0,189.0,181.0,160.0,1.0,1083.0,5,,,0.0,,0.0,,,,0,,,,,,,,,,,,,,,,,,,,,,,,,,,,,,,,,,,,,,,,,,,,,N,4.0,8.0,6.0,8.0,2.0,2.0,30.0,42.0,6,8,2.0,2.0,30.0,42.0,2,2,0,0.0,0.0,N784SK,N784SK-UA-0,30.0,42.0,12.0,42.0,54.0,,,0.0,30,42,0.0,0.0
N784SW,555.0,2019,2,5,2,4,2019-05-02,WN,WN,19393,WN,1510,,,,,WN,19393,WN,1510,10529,1052906,30529,BDL,"Hartford, CT",CT,9,Connecticut,11,13204,1320402,31454,MCO,"Orlando, FL",FL,12,Florida,33,600,-5.0,0.0,0.0,-1.0,0600-0659,8.0,603.0,829.0,7.0,855,836.0,-19.0,0.0,0.0,-2.0,0800-0859,0.0,,0.0,175.0,161.0,146.0,1.0,1050.0,5,,,0.0,,0.0,,,,0,,,,,,,,,,,,,,,,,,,,,,,,,,,,,,,,,,,,,,,,,,,,,N,0.0,0.0,5.0,8.0,4.0,2.0,24.0,34.0,6,8,0.0,4.0,24.0,36.0,7,7,0,1.0,1.0,N784SW,N784SW-WN-0,24.0,36.0,10.0,34.0,46.0,,,0.0,24,34,0.0,0.0
N784SW,1336.0,2019,2,5,2,4,2019-05-02,WN,WN,19393,WN,1510,,,,,WN,19393,WN,1510,13204,1320402,31454,MCO,"Orlando, FL",FL,12,Florida,33,10693,1069302,30693,BNA,"Nashville, TN",TN,47,Tennessee,54,930,246.0,246.0,1.0,12.0,0900-0959,12.0,1348.0,1419.0,10.0,1030,1429.0,239.0,239.0,1.0,12.0,1000-1059,0.0,,0.0,120.0,113.0,91.0,1.0,616.0,3,239.0,0.0,0.0,0.0,0.0,,,,0,,,,,,,,,,,,,,,,,,,,,,,,,,,,,,,,,,,,,,,,,,,,,N,0.0,4.0,13.0,14.0,2.0,2.0,54.0,62.0,9,10,2.0,2.0,38.0,46.0,5,5,1,1.0,0.0,N784SW,N784SW-WN-1,54.0,66.0,8.0,62.0,74.0,34.0,20.0,0.0,54,62,0.0,0.0
N78506,640.0,2019,2,5,2,4,2019-05-02,UA,UA,19977,UA,2150,,,,,UA,19977,UA,2150,14908,1490803,32575,SNA,"Santa Ana, CA",CA,6,California,91,14771,1477104,32457,SFO,"San Francisco, CA",CA,6,California,91,650,-10.0,0.0,0.0,-1.0,0600-0659,21.0,701.0,803.0,34.0,835,837.0,2.0,2.0,0.0,0.0,0800-0859,0.0,,0.0,105.0,117.0,62.0,1.0,372.0,2,,,0.0,,0.0,,,,0,,,,,,,,,,,,,,,,,,,,,,,,,,,,,,,,,,,,,,,,,,,,,N,12.0,12.0,6.0,8.0,3.0,2.0,39.0,46.0,6,8,3.0,2.0,39.0,46.0,1,1,0,0.0,0.0,N78506,N78506-UA-0,39.0,51.0,7.0,46.0,58.0,,,0.0,39,46,0.0,0.0
N78511,615.0,2019,2,5,2,4,2019-05-02,UA,UA,19977,UA,1013,,,,,UA,19977,UA,1013,13495,1349505,33495,MSY,"New Orleans, LA",LA,22,Louisiana,72,14771,1477104,32457,SFO,"San Francisco, CA",CA,6,California,91,618,-3.0,0.0,0.0,-1.0,0600-0659,11.0,626.0,858.0,6.0,904,904.0,0.0,0.0,0.0,0.0,0900-0959,0.0,,0.0,286.0,289.0,272.0,1.0,1911.0,8,,,0.0,,0.0,,,,0,,,,,,,,,,,,,,,,,,,,,,,,,,,,,,,,,,,,,,,,,,,,,N,4.0,12.0,6.0,9.0,1.0,0.0,29.0,48.0,6,9,1.0,0.0,29.0,48.0,5,5,0,0.0,0.0,N78511,N78511-UA-0,29.0,41.0,19.0,48.0,60.0,,,0.0,29,48,0.0,0.0
N7851A,640.0,2019,2,5,2,4,2019-05-02,WN,WN,19393,WN,2236,,,,,WN,19393,WN,2236,11292,1129202,30325,DEN,"Denver, CO",CO,8,Colorado,82,13232,1323202,30977,MDW,"Chicago, IL",IL,17,Illinois,41,640,0.0,0.0,0.0,0.0,0600-0659,12.0,652.0,942.0,5.0,955,947.0,-8.0,0.0,0.0,-1.0,0900-0959,0.0,,0.0,135.0,127.0,110.0,1.0,895.0,4,,,0.0,,0.0,,,,0,,,,,,,,,,,,,,,,,,,,,,,,,,,,,,,,,,,,,,,,,,,,,N,8.0,4.0,6.0,9.0,3.0,3.0,35.0,43.0,6,9,3.0,4.0,35.0,44.0,2,2,0,0.0,0.0,N7851A,N7851A-WN-0,35.0,47.0,8.0,43.0,55.0,,,0.0,36,44,1.0,2.3
N78524,822.0,2019,2,5,2,4,2019-05-02,UA,UA,19977,UA,426,,,,,UA,19977,UA,426,11618,1161802,31703,EWR,"Newark, NJ",NJ,34,New Jersey,21,13930,1393007,30977,ORD,"Chicago, IL",IL,17,Illinois,41,830,-8.0,0.0,0.0,-1.0,0800-0859,29.0,851.0,951.0,12.0,1013,1003.0,-10.0,0.0,0.0,-1.0,1000-1059,0.0,,0.0,163.0,161.0,120.0,1.0,719.0,3,,,0.0,,0.0,,,,0,,,,,,,,,,,,,,,,,,,,,,,,,,,,,,,,,,,,,,,,,,,,,N,0.0,4.0,8.0,10.0,1.0,0.0,33.0,44.0,8,10,2.0,1.0,34.0,45.0,3,3,0,0.0,0.0,N78524,N78524-UA-0,34.0,45.0,11.0,45.0,56.0,,,0.0,44,56,11.0,64.44
N7852A,716.0,2019,2,5,2,4,2019-05-02,WN,WN,19393,WN,536,,,,,WN,19393,WN,536,15016,1501606,31123,STL,"St. Louis, MO",MO,29,Missouri,64,13232,1323202,30977,MDW,"Chicago, IL",IL,17,Illinois,41,700,16.0,16.0,1.0,1.0,0700-0759,17.0,733.0,844.0,2.0,800,846.0,46.0,46.0,1.0,3.0,0800-0859,0.0,,0.0,60.0,90.0,71.0,1.0,251.0,2,16.0,0.0,30.0,0.0,0.0,,,,0,,,,,,,,,,,,,,,,,,,,,,,,,,,,,,,,,,,,,,,,,,,,,N,4.0,4.0,7.0,8.0,1.0,3.0,33.0,39.0,7,8,0.0,0.0,32.0,36.0,2,2,0,1.0,1.0,N7852A,N7852A-WN-0,32.0,45.0,6.0,38.0,51.0,,,2.0,32,38,0.0,0.0
N7852A,937.0,2019,2,5,2,4,2019-05-02,WN,WN,19393,WN,1543,,,,,WN,19393,WN,1543,13232,1323202,30977,MDW,"Chicago, IL",IL,17,Illinois,41,15376,1537604,30436,TUS,"Tucson, AZ",AZ,4,Arizona,81,845,52.0,52.0,1.0,3.0,0800-0859,12.0,949.0,1117.0,2.0,1035,1119.0,44.0,44.0,1.0,2.0,1000-1059,0.0,,0.0,230.0,222.0,208.0,1.0,1440.0,6,5.0,0.0,0.0,0.0,39.0,,,,0,,,,,,,,,,,,,,,,,,,,,,,,,,,,,,,,,,,,,,,,,,,,,N,4.0,8.0,9.0,11.0,2.0,1.0,42.0,53.0,8,10,3.0,2.0,39.0,50.0,2,2,1,1.0,0.0,N7852A,N7852A-WN-1,39.0,54.0,11.0,50.0,65.0,39.0,3.0,3.0,39,50,0.0,0.0
N7853B,704.0,2019,2,5,2,4,2019-05-02,WN,WN,19393,WN,409,,,,,WN,19393,WN,409,15304,1530402,33195,TPA,"Tampa, FL",FL,12,Florida,33,14100,1410005,34100,PHL,"Philadelphia, PA",PA,42,Pennsylvania,23,705,-1.0,0.0,0.0,-1.0,0700-0759,10.0,714.0,926.0,6.0,935,932.0,-3.0,0.0,0.0,-1.0,0900-0959,0.0,,0.0,150.0,148.0,132.0,1.0,920.0,4,,,0.0,,0.0,,,,0,,,,,,,,,,,,,,,,,,,,,,,,,,,,,,,,,,,,,,,,,,,,,N,0.0,0.0,7.0,9.0,0.0,2.0,28.0,38.0,7,9,0.0,2.0,28.0,38.0,2,2,0,0.0,0.0,N7853B,N7853B-WN-0,28.0,40.0,10.0,38.0,50.0,,,0.0,28,38,0.0,0.0
N7854B,541.0,2019,2,5,2,4,2019-05-02,WN,WN,19393,WN,1441,,,,,WN,19393,WN,1441,14107,1410702,30466,PHX,"Phoenix, AZ",AZ,4,Arizona,81,10693,1069302,30693,BNA,"Nashville, TN",TN,47,Tennessee,54,535,6.0,6.0,0.0,0.0,0001-0559,17.0,558.0,1047.0,5.0,1040,1052.0,12.0,12.0,0.0,0.0,1000-1059,0.0,,0.0,185.0,191.0,169.0,1.0,1449.0,6,,,0.0,,0.0,,,,0,,,,,,,,,,,,,,,,,,,,,,,,,,,,,,,,,,,,,,,,,,,,,N,8.0,4.0,5.0,10.0,3.0,3.0,31.0,47.0,5,10,2.0,3.0,30.0,47.0,6,6,0,0.0,0.0,N7854B,N7854B-WN-0,31.0,43.0,16.0,47.0,59.0,,,0.0,31,47,0.0,0.0
N7855A,606.0,2019,2,5,2,4,2019-05-02,WN,WN,19393,WN,6598,,,,,WN,19393,WN,6598,12892,1289208,32575,LAX,"Los Angeles, CA",CA,6,California,91,13796,1379608,32457,OAK,"Oakland, CA",CA,6,California,91,610,-4.0,0.0,0.0,-1.0,0600-0659,11.0,617.0,710.0,4.0,725,714.0,-11.0,0.0,0.0,-1.0,0700-0759,0.0,,0.0,75.0,68.0,53.0,1.0,337.0,2,,,0.0,,0.0,,,,0,,,,,,,,,,,,,,,,,,,,,,,,,,,,,,,,,,,,,,,,,,,,,N,12.0,12.0,6.0,7.0,0.0,1.0,36.0,41.0,6,7,1.0,2.0,37.0,42.0,1,1,0,0.0,0.0,N7855A,N7855A-WN-0,37.0,48.0,5.0,42.0,53.0,,,0.0,37,42,0.0,0.0
N7857B,628.0,2019,2,5,2,4,2019-05-02,WN,WN,19393,WN,1200,,,,,WN,19393,WN,1200,12889,1288903,32211,LAS,"Las Vegas, NV",NV,32,Nevada,85,14831,1483106,32457,SJC,"San Jose, CA",CA,6,California,91,630,-2.0,0.0,0.0,-1.0,0600-0659,16.0,644.0,746.0,3.0,755,749.0,-6.0,0.0,0.0,-1.0,0700-0759,0.0,,0.0,85.0,81.0,62.0,1.0,386.0,2,,,0.0,,0.0,,,,0,,,,,,,,,,,,,,,,,,,,,,,,,,,,,,,,,,,,,,,,,,,,,N,12.0,12.0,6.0,7.0,2.0,3.0,38.0,43.0,6,7,2.0,4.0,38.0,44.0,5,5,0,0.0,0.0,N7857B,N7857B-WN-0,38.0,50.0,5.0,43.0,55.0,,,0.0,38,43,0.0,0.0
N7859B,831.0,2019,2,5,2,4,2019-05-02,WN,WN,19393,WN,2029,,,,,WN,19393,WN,2029,10821,1082106,30852,BWI,"Baltimore, MD",MD,24,Maryland,35,10994,1099402,30994,CHS,"Charleston, SC",SC,45,South Carolina,37,835,-4.0,0.0,0.0,-1.0,0800-0859,14.0,845.0,957.0,5.0,1015,1002.0,-13.0,0.0,0.0,-1.0,1000-1059,0.0,,0.0,100.0,91.0,72.0,1.0,472.0,2,,,0.0,,0.0,,,,0,,,,,,,,,,,,,,,,,,,,,,,,,,,,,,,,,,,,,,,,,,,,,N,0.0,0.0,8.0,10.0,2.0,0.0,34.0,40.0,8,10,2.0,1.0,34.0,41.0,3,3,0,0.0,0.0,N7859B,N7859B-WN-0,34.0,46.0,6.0,40.0,52.0,,,0.0,34,40,0.0,0.0
N785SW,542.0,2019,2,5,2,4,2019-05-02,WN,WN,19393,WN,263,,,,,WN,19393,WN,263,13487,1348702,31650,MSP,"Minneapolis, MN",MN,27,Minnesota,63,11292,1129202,30325,DEN,"Denver, CO",CO,8,Colorado,82,545,-3.0,0.0,0.0,-1.0,0001-0559,11.0,553.0,639.0,5.0,650,644.0,-6.0,0.0,0.0,-1.0,0600-0659,0.0,,0.0,125.0,122.0,106.0,1.0,680.0,3,,,0.0,,0.0,,,,0,,,,,,,,,,,,,,,,,,,,,,,,,,,,,,,,,,,,,,,,,,,,,N,4.0,8.0,5.0,6.0,3.0,3.0,27.0,35.0,5,6,3.0,3.0,27.0,35.0,5,5,0,1.0,1.0,N785SW,N785SW-WN-0,27.0,39.0,8.0,35.0,47.0,,,0.0,27,35,0.0,0.0
N785SW,723.0,2019,2,5,2,4,2019-05-02,WN,WN,19393,WN,263,,,,,WN,19393,WN,263,11292,1129202,30325,DEN,"Denver, CO",CO,8,Colorado,82,14908,1490803,32575,SNA,"Santa Ana, CA",CA,6,California,91,725,-2.0,0.0,0.0,-1.0,0700-0759,11.0,734.0,841.0,2.0,850,843.0,-7.0,0.0,0.0,-1.0,0800-0859,0.0,,0.0,145.0,140.0,127.0,1.0,846.0,4,,,0.0,,0.0,,,,0,,,,,,,,,,,,,,,,,,,,,,,,,,,,,,,,,,,,,,,,,,,,,N,8.0,12.0,7.0,8.0,2.0,3.0,38.0,47.0,7,8,2.0,3.0,38.0,47.0,5,5,1,1.0,0.0,N785SW,N785SW-WN-1,38.0,50.0,9.0,47.0,59.0,35.0,3.0,0.0,38,47,0.0,0.0
N7860A,606.0,2019,2,5,2,4,2019-05-02,WN,WN,19393,WN,1853,,,,,WN,19393,WN,1853,10821,1082106,30852,BWI,"Baltimore, MD",MD,24,Maryland,35,15304,1530402,33195,TPA,"Tampa, FL",FL,12,Florida,33,610,-4.0,0.0,0.0,-1.0,0600-0659,8.0,614.0,817.0,5.0,840,822.0,-18.0,0.0,0.0,-2.0,0800-0859,0.0,,0.0,150.0,136.0,123.0,1.0,842.0,4,,,0.0,,0.0,,,,0,,,,,,,,,,,,,,,,,,,,,,,,,,,,,,,,,,,,,,,,,,,,,N,0.0,0.0,6.0,8.0,0.0,1.0,24.0,33.0,6,8,1.0,3.0,25.0,35.0,1,1,0,1.0,1.0,N7860A,N7860A-WN-0,25.0,36.0,9.0,34.0,45.0,,,0.0,25,34,0.0,0.0
N7860A,913.0,2019,2,5,2,4,2019-05-02,WN,WN,19393,WN,1853,,,,,WN,19393,WN,1853,15304,1530402,33195,TPA,"Tampa, FL",FL,12,Florida,33,14730,1473003,33044,SDF,"Louisville, KY",KY,21,Kentucky,52,915,-2.0,0.0,0.0,-1.0,0900-0959,9.0,922.0,1103.0,4.0,1120,1107.0,-13.0,0.0,0.0,-1.0,1100-1159,0.0,,0.0,125.0,114.0,101.0,1.0,727.0,3,,,0.0,,0.0,,,,0,,,,,,,,,,,,,,,,,,,,,,,,,,,,,,,,,,,,,,,,,,,,,N,0.0,0.0,9.0,11.0,1.0,0.0,37.0,44.0,9,11,1.0,1.0,37.0,45.0,9,9,1,1.0,0.0,N7860A,N7860A-WN-1,37.0,49.0,7.0,44.0,56.0,33.0,4.0,0.0,38,45,1.0,9.26
N7861J,536.0,2019,2,5,2,4,2019-05-02,WN,WN,19393,WN,460,,,,,WN,19393,WN,460,12339,1233904,32337,IND,"Indianapolis, IN",IN,18,Indiana,42,13204,1320402,31454,MCO,"Orlando, FL",FL,12,Florida,33,540,-4.0,0.0,0.0,-1.0,0001-0559,9.0,545.0,741.0,7.0,755,748.0,-7.0,0.0,0.0,-1.0,0700-0759,0.0,,0.0,135.0,132.0,116.0,1.0,829.0,4,,,0.0,,0.0,,,,0,,,,,,,,,,,,,,,,,,,,,,,,,,,,,,,,,,,,,,,,,,,,,N,0.0,0.0,5.0,7.0,2.0,3.0,22.0,31.0,5,7,3.0,4.0,23.0,32.0,9,9,0,1.0,1.0,N7861J,N7861J-WN-0,23.0,34.0,9.0,32.0,43.0,,,0.0,23,32,0.0,0.0
N7861J,848.0,2019,2,5,2,4,2019-05-02,WN,WN,19393,WN,460,,,,,WN,19393,WN,460,13204,1320402,31454,MCO,"Orlando, FL",FL,12,Florida,33,10529,1052906,30529,BDL,"Hartford, CT",CT,9,Connecticut,11,850,-2.0,0.0,0.0,-1.0,0800-0859,11.0,859.0,1113.0,4.0,1125,1117.0,-8.0,0.0,0.0,-1.0,1100-1159,0.0,,0.0,155.0,149.0,134.0,1.0,1050.0,5,,,0.0,,0.0,,,,0,,,,,,,,,,,,,,,,,,,,,,,,,,,,,,,,,,,,,,,,,,,,,N,0.0,0.0,8.0,11.0,3.0,1.0,35.0,45.0,8,11,3.0,2.0,35.0,46.0,5,5,1,1.0,0.0,N7861J,N7861J-WN-1,35.0,47.0,10.0,45.0,57.0,31.0,4.0,0.0,36,46,1.0,5.22
N7862A,525.0,2019,2,5,2,4,2019-05-02,WN,WN,19393,WN,485,,,,,WN,19393,WN,485,11292,1129202,30325,DEN,"Denver, CO",CO,8,Colorado,82,10423,1042302,30423,AUS,"Austin, TX",TX,48,Texas,74,530,-5.0,0.0,0.0,-1.0,0001-0559,10.0,535.0,818.0,3.0,830,821.0,-9.0,0.0,0.0,-1.0,0800-0859,0.0,,0.0,120.0,116.0,103.0,1.0,775.0,4,,,0.0,,0.0,,,,0,,,,,,,,,,,,,,,,,,,,,,,,,,,,,,,,,,,,,,,,,,,,,N,8.0,4.0,5.0,8.0,2.0,1.0,30.0,37.0,5,8,2.0,2.0,30.0,38.0,1,1,0,0.0,0.0,N7862A,N7862A-WN-0,30.0,42.0,7.0,37.0,49.0,,,0.0,30,37,0.0,0.0
N7863A,634.0,2019,2,5,2,4,2019-05-02,WN,WN,19393,WN,37,,,,,WN,19393,WN,37,10821,1082106,30852,BWI,"Baltimore, MD",MD,24,Maryland,35,11697,1169706,32467,FLL,"Fort Lauderdale, FL",FL,12,Florida,33,620,14.0,14.0,0.0,0.0,0600-0659,12.0,646.0,853.0,4.0,855,857.0,2.0,2.0,0.0,0.0,0800-0859,0.0,,0.0,155.0,143.0,127.0,1.0,925.0,4,,,0.0,,0.0,,,,0,,,,,,,,,,,,,,,,,,,,,,,,,,,,,,,,,,,,,,,,,,,,,N,0.0,0.0,6.0,8.0,2.0,4.0,26.0,36.0,6,8,1.0,4.0,25.0,36.0,5,5,0,1.0,1.0,N7863A,N7863A-WN-0,26.0,38.0,10.0,36.0,48.0,,,0.0,26,36,0.0,0.0
N7863A,938.0,2019,2,5,2,4,2019-05-02,WN,WN,19393,WN,37,,,,,WN,19393,WN,37,11697,1169706,32467,FLL,"Fort Lauderdale, FL",FL,12,Florida,33,13204,1320402,31454,MCO,"Orlando, FL",FL,12,Florida,33,935,3.0,3.0,0.0,0.0,0900-0959,13.0,951.0,1022.0,8.0,1045,1030.0,-15.0,0.0,0.0,-1.0,1000-1059,0.0,,0.0,70.0,52.0,31.0,1.0,177.0,1,,,0.0,,0.0,,,,0,,,,,,,,,,,,,,,,,,,,,,,,,,,,,,,,,,,,,,,,,,,,,N,0.0,0.0,9.0,10.0,3.0,2.0,39.0,42.0,9,10,2.0,3.0,38.0,43.0,3,3,1,1.0,0.0,N7863A,N7863A-WN-1,39.0,51.0,3.0,42.0,54.0,36.0,3.0,0.0,39,42,0.0,0.0
N7864B,656.0,2019,2,5,2,4,2019-05-02,WN,WN,19393,WN,588,,,,,WN,19393,WN,588,10397,1039707,30397,ATL,"Atlanta, GA",GA,13,Georgia,34,10423,1042302,30423,AUS,"Austin, TX",TX,48,Texas,74,700,-4.0,0.0,0.0,-1.0,0700-0759,11.0,707.0,815.0,6.0,825,821.0,-4.0,0.0,0.0,-1.0,0800-0859,0.0,,0.0,145.0,145.0,128.0,1.0,813.0,4,,,0.0,,0.0,,,,0,,,,,,,,,,,,,,,,,,,,,,,,,,,,,,,,,,,,,,,,,,,,,N,0.0,4.0,6.0,8.0,4.0,1.0,28.0,37.0,7,8,0.0,2.0,28.0,38.0,6,6,0,0.0,0.0,N7864B,N7864B-WN-0,28.0,40.0,9.0,37.0,49.0,,,0.0,28,37,0.0,0.0
N7866A,619.0,2019,2,5,2,4,2019-05-02,WN,WN,19393,WN,763,,,,,WN,19393,WN,763,12953,1295304,31703,LGA,"New York, NY",NY,36,New York,22,10693,1069302,30693,BNA,"Nashville, TN",TN,47,Tennessee,54,620,-1.0,0.0,0.0,-1.0,0600-0659,13.0,632.0,721.0,5.0,745,726.0,-19.0,0.0,0.0,-2.0,0700-0759,0.0,,0.0,145.0,127.0,109.0,1.0,764.0,4,,,0.0,,0.0,,,,0,,,,,,,,,,,,,,,,,,,,,,,,,,,,,,,,,,,,,,,,,,,,,N,0.0,4.0,6.0,7.0,1.0,2.0,25.0,34.0,6,7,1.0,3.0,25.0,35.0,3,3,0,0.0,0.0,N7866A,N7866A-WN-0,25.0,37.0,9.0,34.0,46.0,,,0.0,25,34,0.0,0.0
N7867A,758.0,2019,2,5,2,4,2019-05-02,WN,WN,19393,WN,1485,,,,,WN,19393,WN,1485,13232,1323202,30977,MDW,"Chicago, IL",IL,17,Illinois,41,14635,1463502,31714,RSW,"Fort Myers, FL",FL,12,Florida,33,745,13.0,13.0,0.0,0.0,0700-0759,10.0,808.0,1133.0,2.0,1135,1135.0,0.0,0.0,0.0,0.0,1100-1159,0.0,,0.0,170.0,157.0,145.0,1.0,1105.0,5,,,0.0,,0.0,,,,0,,,,,,,,,,,,,,,,,,,,,,,,,,,,,,,,,,,,,,,,,,,,,N,4.0,0.0,7.0,11.0,4.0,2.0,36.0,46.0,7,11,3.0,2.0,35.0,46.0,4,4,0,0.0,0.0,N7867A,N7867A-WN-0,36.0,48.0,10.0,46.0,58.0,,,0.0,36,46,0.0,0.0
N7868K,629.0,2019,2,5,2,4,2019-05-02,WN,WN,19393,WN,767,,,,,WN,19393,WN,767,11259,1125904,30194,DAL,"Dallas, TX",TX,48,Texas,74,14107,1410702,30466,PHX,"Phoenix, AZ",AZ,4,Arizona,81,615,14.0,14.0,0.0,0.0,0600-0659,10.0,639.0,656.0,4.0,655,700.0,5.0,5.0,0.0,0.0,0600-0659,0.0,,0.0,160.0,151.0,137.0,1.0,879.0,4,,,0.0,,0.0,,,,0,,,,,,,,,,,,,,,,,,,,,,,,,,,,,,,,,,,,,,,,,,,,,N,4.0,8.0,6.0,7.0,2.0,0.0,30.0,36.0,6,6,1.0,4.0,29.0,36.0,9,9,0,1.0,1.0,N7868K,N7868K-WN-0,30.0,42.0,6.0,36.0,48.0,,,0.0,30,36,0.0,0.0
N7868K,745.0,2019,2,5,2,4,2019-05-02,WN,WN,19393,WN,767,,,,,WN,19393,WN,767,14107,1410702,30466,PHX,"Phoenix, AZ",AZ,4,Arizona,81,15016,1501606,31123,STL,"St. Louis, MO",MO,29,Missouri,64,730,15.0,15.0,1.0,1.0,0700-0759,16.0,801.0,1228.0,4.0,1225,1232.0,7.0,7.0,0.0,0.0,1200-1259,0.0,,0.0,175.0,167.0,147.0,1.0,1262.0,6,,,0.0,,0.0,,,,0,,,,,,,,,,,,,,,,,,,,,,,,,,,,,,,,,,,,,,,,,,,,,N,8.0,4.0,7.0,12.0,3.0,2.0,39.0,54.0,7,12,2.0,2.0,38.0,54.0,9,9,1,1.0,0.0,N7868K,N7868K-WN-1,39.0,51.0,15.0,54.0,66.0,36.0,3.0,0.0,39,54,0.0,0.0
N7869A,620.0,2019,2,5,2,4,2019-05-02,WN,WN,19393,WN,1595,,,,,WN,19393,WN,1595,10821,1082106,30852,BWI,"Baltimore, MD",MD,24,Maryland,35,10792,1079206,30792,BUF,"Buffalo, NY",NY,36,New York,22,630,-10.0,0.0,0.0,-1.0,0600-0659,16.0,636.0,725.0,2.0,740,727.0,-13.0,0.0,0.0,-1.0,0700-0759,0.0,,0.0,70.0,67.0,49.0,1.0,281.0,2,,,0.0,,0.0,,,,0,,,,,,,,,,,,,,,,,,,,,,,,,,,,,,,,,,,,,,,,,,,,,N,0.0,0.0,6.0,7.0,1.0,2.0,25.0,30.0,6,7,2.0,3.0,26.0,31.0,5,5,0,1.0,1.0,N7869A,N7869A-WN-0,26.0,37.0,5.0,31.0,42.0,,,0.0,26,31,0.0,0.0
N7869A,832.0,2019,2,5,2,4,2019-05-02,WN,WN,19393,WN,1596,,,,,WN,19393,WN,1596,10792,1079206,30792,BUF,"Buffalo, NY",NY,36,New York,22,10821,1082106,30852,BWI,"Baltimore, MD",MD,24,Maryland,35,830,2.0,2.0,0.0,0.0,0800-0859,16.0,848.0,940.0,5.0,935,945.0,10.0,10.0,0.0,0.0,0900-0959,0.0,,0.0,65.0,73.0,52.0,1.0,281.0,2,,,0.0,,0.0,,,,0,,,,,,,,,,,,,,,,,,,,,,,,,,,,,,,,,,,,,,,,,,,,,N,0.0,0.0,8.0,9.0,2.0,3.0,34.0,39.0,8,9,2.0,2.0,34.0,38.0,8,8,1,1.0,0.0,N7869A,N7869A-WN-1,34.0,46.0,5.0,39.0,51.0,30.0,4.0,0.0,35,40,1.0,8.26
N786SK,628.0,2019,2,5,2,4,2019-05-02,UA,UA_CODESHARE,19977,UA,5900,,,,,OO,20304,OO,5900,14771,1477104,32457,SFO,"San Francisco, CA",CA,6,California,91,14570,1457002,34570,RNO,"Reno, NV",NV,32,Nevada,85,635,-7.0,0.0,0.0,-1.0,0600-0659,21.0,649.0,725.0,5.0,751,730.0,-21.0,0.0,0.0,-2.0,0700-0759,0.0,,0.0,76.0,62.0,36.0,1.0,192.0,1,,,0.0,,0.0,,,,0,,,,,,,,,,,,,,,,,,,,,,,,,,,,,,,,,,,,,,,,,,,,,N,12.0,12.0,6.0,7.0,2.0,2.0,38.0,42.0,6,7,2.0,3.0,38.0,43.0,9,9,0,0.0,0.0,N786SK,N786SK-UA-0,38.0,50.0,4.0,42.0,54.0,,,0.0,38,42,0.0,0.0
N786SW,609.0,2019,2,5,2,4,2019-05-02,WN,WN,19393,WN,591,,,,,WN,19393,WN,591,14893,1489302,33192,SMF,"Sacramento, CA",CA,6,California,91,12889,1288903,32211,LAS,"Las Vegas, NV",NV,32,Nevada,85,600,9.0,9.0,0.0,0.0,0600-0659,13.0,622.0,717.0,6.0,715,723.0,8.0,8.0,0.0,0.0,0700-0759,0.0,,0.0,75.0,74.0,55.0,1.0,397.0,2,,,0.0,,0.0,,,,0,,,,,,,,,,,,,,,,,,,,,,,,,,,,,,,,,,,,,,,,,,,,,N,12.0,12.0,6.0,7.0,1.0,2.0,37.0,42.0,6,7,0.0,1.0,36.0,41.0,9,9,0,0.0,0.0,N786SW,N786SW-WN-0,37.0,49.0,5.0,42.0,54.0,,,0.0,37,42,0.0,0.0
N7873A,624.0,2019,2,5,2,4,2019-05-02,WN,WN,19393,WN,183,,,,,WN,19393,WN,183,13931,1393102,33667,ORF,"Norfolk, VA",VA,51,Virginia,38,10821,1082106,30852,BWI,"Baltimore, MD",MD,24,Maryland,35,625,-1.0,0.0,0.0,-1.0,0600-0659,8.0,632.0,712.0,5.0,725,717.0,-8.0,0.0,0.0,-1.0,0700-0759,0.0,,0.0,60.0,53.0,40.0,1.0,159.0,1,,,0.0,,0.0,,,,0,,,,,,,,,,,,,,,,,,,,,,,,,,,,,,,,,,,,,,,,,,,,,N,0.0,0.0,6.0,7.0,2.0,1.0,26.0,29.0,6,7,2.0,2.0,26.0,30.0,8,8,0,1.0,1.0,N7873A,N7873A-WN-0,26.0,38.0,3.0,29.0,41.0,,,0.0,26,29,0.0,0.0
N7873A,828.0,2019,2,5,2,4,2019-05-02,WN,WN,19393,WN,3178,,,,,WN,19393,WN,3178,10821,1082106,30852,BWI,"Baltimore, MD",MD,24,Maryland,35,14027,1402702,34027,PBI,"West Palm Beach/Palm Beach, FL",FL,12,Florida,33,830,-2.0,0.0,0.0,-1.0,0800-0859,35.0,903.0,1105.0,4.0,1105,1109.0,4.0,4.0,0.0,0.0,1100-1159,0.0,,0.0,155.0,161.0,122.0,1.0,883.0,4,,,0.0,,0.0,,,,0,,,,,,,,,,,,,,,,,,,,,,,,,,,,,,,,,,,,,,,,,,,,,N,0.0,0.0,8.0,11.0,2.0,1.0,34.0,45.0,8,11,2.0,0.0,34.0,44.0,7,7,1,1.0,0.0,N7873A,N7873A-WN-1,34.0,46.0,11.0,45.0,57.0,29.0,5.0,0.0,34,45,0.0,0.0
N7874B,707.0,2019,2,5,2,4,2019-05-02,WN,WN,19393,WN,494,,,,,WN,19393,WN,494,15304,1530402,33195,TPA,"Tampa, FL",FL,12,Florida,33,13495,1349505,33495,MSY,"New Orleans, LA",LA,22,Louisiana,72,710,-3.0,0.0,0.0,-1.0,0700-0759,19.0,726.0,741.0,3.0,750,744.0,-6.0,0.0,0.0,-1.0,0700-0759,0.0,,0.0,100.0,97.0,75.0,1.0,488.0,2,,,0.0,,0.0,,,,0,,,,,,,,,,,,,,,,,,,,,,,,,,,,,,,,,,,,,,,,,,,,,N,0.0,4.0,7.0,7.0,0.0,3.0,28.0,35.0,7,7,1.0,3.0,29.0,35.0,4,4,0,0.0,0.0,N7874B,N7874B-WN-0,29.0,40.0,7.0,36.0,47.0,,,0.0,30,37,1.0,4.16
N7875A,516.0,2019,2,5,2,4,2019-05-02,WN,WN,19393,WN,1688,,,,,WN,19393,WN,1688,10721,1072102,30721,BOS,"Boston, MA",MA,25,Massachusetts,13,13342,1334207,33342,MKE,"Milwaukee, WI",WI,55,Wisconsin,45,520,-4.0,0.0,0.0,-1.0,0001-0559,9.0,525.0,639.0,2.0,655,641.0,-14.0,0.0,0.0,-1.0,0600-0659,0.0,,0.0,155.0,145.0,134.0,1.0,860.0,4,,,0.0,,0.0,,,,0,,,,,,,,,,,,,,,,,,,,,,,,,,,,,,,,,,,,,,,,,,,,,N,0.0,4.0,5.0,6.0,1.0,3.0,21.0,31.0,5,6,1.0,4.0,21.0,32.0,2,2,0,1.0,1.0,N7875A,N7875A-WN-0,21.0,33.0,10.0,31.0,43.0,,,0.0,22,32,1.0,2.32
N7875A,728.0,2019,2,5,2,4,2019-05-02,WN,WN,19393,WN,1689,,,,,WN,19393,WN,1689,13342,1334207,33342,MKE,"Milwaukee, WI",WI,55,Wisconsin,45,10721,1072102,30721,BOS,"Boston, MA",MA,25,Massachusetts,13,730,-2.0,0.0,0.0,-1.0,0700-0759,11.0,739.0,1036.0,9.0,1050,1045.0,-5.0,0.0,0.0,-1.0,1000-1059,0.0,,0.0,140.0,137.0,117.0,1.0,860.0,4,,,0.0,,0.0,,,,0,,,,,,,,,,,,,,,,,,,,,,,,,,,,,,,,,,,,,,,,,,,,,N,4.0,0.0,7.0,10.0,2.0,3.0,34.0,43.0,7,10,2.0,3.0,34.0,43.0,6,6,1,1.0,0.0,N7875A,N7875A-WN-1,34.0,46.0,9.0,43.0,55.0,31.0,3.0,0.0,35,44,1.0,6.28
N7879A,700.0,2019,2,5,2,4,2019-05-02,WN,WN,19393,WN,1882,,,,,WN,19393,WN,1882,13871,1387102,33316,OMA,"Omaha, NE",NE,31,Nebraska,65,12889,1288903,32211,LAS,"Las Vegas, NV",NV,32,Nevada,85,700,0.0,0.0,0.0,0.0,0700-0759,9.0,709.0,747.0,6.0,755,753.0,-2.0,0.0,0.0,-1.0,0700-0759,0.0,,0.0,175.0,173.0,158.0,1.0,1099.0,5,,,0.0,,0.0,,,,0,,,,,,,,,,,,,,,,,,,,,,,,,,,,,,,,,,,,,,,,,,,,,N,4.0,12.0,7.0,7.0,0.0,4.0,32.0,44.0,7,7,0.0,4.0,32.0,44.0,2,2,0,0.0,0.0,N7879A,N7879A-WN-0,32.0,44.0,12.0,44.0,56.0,,,0.0,32,44,0.0,0.0
N787SK,806.0,2019,2,5,2,4,2019-05-02,UA,UA_CODESHARE,19977,UA,5296,,,,,OO,20304,OO,5296,13342,1334207,33342,MKE,"Milwaukee, WI",WI,55,Wisconsin,45,12266,1226603,31453,IAH,"Houston, TX",TX,48,Texas,74,800,6.0,6.0,0.0,0.0,0800-0859,20.0,826.0,1200.0,10.0,1058,1210.0,72.0,72.0,1.0,4.0,1000-1059,0.0,,0.0,178.0,244.0,214.0,1.0,984.0,4,6.0,0.0,66.0,0.0,0.0,,,,0,,,,,,,,,,,,,,,,,,,,,,,,,,,,,,,,,,,,,,,,,,,,,N,4.0,4.0,8.0,12.0,0.0,1.0,36.0,53.0,8,10,0.0,4.0,36.0,48.0,5,5,0,0.0,0.0,N787SK,N787SK-UA-0,36.0,48.0,17.0,53.0,65.0,,,4.0,36,53,0.0,0.0
N7880D,736.0,2019,2,5,2,4,2019-05-02,WN,WN,19393,WN,1141,,,,,WN,19393,WN,1141,14492,1449202,34492,RDU,"Raleigh/Durham, NC",NC,37,North Carolina,36,13232,1323202,30977,MDW,"Chicago, IL",IL,17,Illinois,41,745,-9.0,0.0,0.0,-1.0,0700-0759,9.0,745.0,822.0,3.0,845,825.0,-20.0,0.0,0.0,-2.0,0800-0859,0.0,,0.0,120.0,109.0,97.0,1.0,632.0,3,,,0.0,,0.0,,,,0,,,,,,,,,,,,,,,,,,,,,,,,,,,,,,,,,,,,,,,,,,,,,N,0.0,4.0,7.0,8.0,2.0,2.0,30.0,38.0,7,8,3.0,3.0,31.0,39.0,1,1,0,0.0,0.0,N7880D,N7880D-WN-0,31.0,42.0,8.0,39.0,50.0,,,0.0,31,39,0.0,0.0
N7881A,635.0,2019,2,5,2,4,2019-05-02,WN,WN,19393,WN,585,,,,,WN,19393,WN,585,13244,1324402,33244,MEM,"Memphis, TN",TN,47,Tennessee,54,12191,1219102,31453,HOU,"Houston, TX",TX,48,Texas,74,545,50.0,50.0,1.0,3.0,0001-0559,5.0,640.0,803.0,5.0,725,808.0,43.0,43.0,1.0,2.0,0700-0759,0.0,,0.0,100.0,93.0,83.0,1.0,484.0,2,43.0,0.0,0.0,0.0,0.0,,,,0,,,,,,,,,,,,,,,,,,,,,,,,,,,,,,,,,,,,,,,,,,,,,N,4.0,4.0,6.0,8.0,2.0,1.0,30.0,37.0,5,7,3.0,2.0,27.0,34.0,9,9,0,0.0,0.0,N7881A,N7881A-WN-0,30.0,42.0,7.0,37.0,49.0,,,0.0,30,37,0.0,0.0
N7882B,611.0,2019,2,5,2,4,2019-05-02,WN,WN,19393,WN,1149,,,,,WN,19393,WN,1149,10821,1082106,30852,BWI,"Baltimore, MD",MD,24,Maryland,35,11292,1129202,30325,DEN,"Denver, CO",CO,8,Colorado,82,615,-4.0,0.0,0.0,-1.0,0600-0659,19.0,630.0,809.0,5.0,810,814.0,4.0,4.0,0.0,0.0,0800-0859,0.0,,0.0,235.0,243.0,219.0,1.0,1491.0,6,,,0.0,,0.0,,,,0,,,,,,,,,,,,,,,,,,,,,,,,,,,,,,,,,,,,,,,,,,,,,N,0.0,8.0,6.0,8.0,1.0,1.0,25.0,41.0,6,8,1.0,1.0,25.0,41.0,8,8,0,0.0,0.0,N7882B,N7882B-WN-0,25.0,37.0,16.0,41.0,53.0,,,0.0,25,41,0.0,0.0
N7884G,704.0,2019,2,5,2,4,2019-05-02,WN,WN,19393,WN,1131,,,,,WN,19393,WN,1131,14307,1430705,30721,PVD,"Providence, RI",RI,44,Rhode Island,15,11697,1169706,32467,FLL,"Fort Lauderdale, FL",FL,12,Florida,33,705,-1.0,0.0,0.0,-1.0,0700-0759,11.0,715.0,1000.0,6.0,1020,1006.0,-14.0,0.0,0.0,-1.0,1000-1059,0.0,,0.0,195.0,182.0,165.0,1.0,1188.0,5,,,0.0,,0.0,,,,0,,,,,,,,,,,,,,,,,,,,,,,,,,,,,,,,,,,,,,,,,,,,,N,0.0,0.0,7.0,10.0,0.0,0.0,28.0,40.0,7,10,0.0,1.0,28.0,41.0,8,8,0,0.0,0.0,N7884G,N7884G-WN-0,28.0,40.0,12.0,40.0,52.0,,,0.0,28,41,1.0,8.24
N7885A,632.0,2019,2,5,2,4,2019-05-02,WN,WN,19393,WN,696,,,,,WN,19393,WN,696,14831,1483106,32457,SJC,"San Jose, CA",CA,6,California,91,12892,1289208,32575,LAX,"Los Angeles, CA",CA,6,California,91,635,-3.0,0.0,0.0,-1.0,0600-0659,19.0,651.0,744.0,9.0,800,753.0,-7.0,0.0,0.0,-1.0,0800-0859,0.0,,0.0,85.0,81.0,53.0,1.0,308.0,2,,,0.0,,0.0,,,,0,,,,,,,,,,,,,,,,,,,,,,,,,,,,,,,,,,,,,,,,,,,,,N,12.0,12.0,6.0,7.0,2.0,4.0,38.0,44.0,6,8,2.0,0.0,38.0,44.0,2,2,0,0.0,0.0,N7885A,N7885A-WN-0,38.0,50.0,6.0,44.0,56.0,,,0.0,38,44,0.0,0.0
N78866,624.0,2019,2,5,2,4,2019-05-02,UA,UA,19977,UA,2194,,,,,UA,19977,UA,2194,13930,1393007,30977,ORD,"Chicago, IL",IL,17,Illinois,41,12892,1289208,32575,LAX,"Los Angeles, CA",CA,6,California,91,630,-6.0,0.0,0.0,-1.0,0600-0659,22.0,646.0,847.0,19.0,901,906.0,5.0,5.0,0.0,0.0,0900-0959,0.0,,0.0,271.0,282.0,241.0,1.0,1744.0,7,,,0.0,,0.0,,,,0,,,,,,,,,,,,,,,,,,,,,,,,,,,,,,,,,,,,,,,,,,,,,N,4.0,12.0,6.0,9.0,2.0,0.0,30.0,48.0,6,9,2.0,0.0,30.0,48.0,7,7,0,0.0,0.0,N78866,N78866-UA-0,30.0,42.0,18.0,48.0,60.0,,,0.0,30,48,0.0,0.0
N7888A,724.0,2019,2,5,2,4,2019-05-02,WN,WN,19393,WN,173,,,,,WN,19393,WN,173,11618,1161802,31703,EWR,"Newark, NJ",NJ,34,New Jersey,21,10423,1042302,30423,AUS,"Austin, TX",TX,48,Texas,74,730,-6.0,0.0,0.0,-1.0,0700-0759,24.0,748.0,1010.0,7.0,1030,1017.0,-13.0,0.0,0.0,-1.0,1000-1059,0.0,,0.0,240.0,233.0,202.0,1.0,1504.0,7,,,0.0,,0.0,,,,0,,,,,,,,,,,,,,,,,,,,,,,,,,,,,,,,,,,,,,,,,,,,,N,0.0,4.0,7.0,10.0,2.0,1.0,30.0,45.0,7,10,2.0,2.0,30.0,46.0,7,7,0,0.0,0.0,N7888A,N7888A-WN-0,30.0,42.0,15.0,45.0,57.0,,,0.0,30,45,0.0,0.0
N7889A,641.0,2019,2,5,2,4,2019-05-02,WN,WN,19393,WN,1453,,,,,WN,19393,WN,1453,13204,1320402,31454,MCO,"Orlando, FL",FL,12,Florida,33,14100,1410005,34100,PHL,"Philadelphia, PA",PA,42,Pennsylvania,23,645,-4.0,0.0,0.0,-1.0,0600-0659,19.0,700.0,900.0,27.0,905,927.0,22.0,22.0,1.0,1.0,0900-0959,0.0,,0.0,140.0,166.0,120.0,1.0,861.0,4,0.0,0.0,22.0,0.0,0.0,,,,0,,,,,,,,,,,,,,,,,,,,,,,,,,,,,,,,,,,,,,,,,,,,,N,0.0,0.0,6.0,9.0,3.0,2.0,27.0,38.0,6,9,3.0,0.0,27.0,36.0,1,1,0,1.0,1.0,N7889A,N7889A-WN-0,27.0,39.0,11.0,38.0,50.0,,,1.0,27,38,0.0,0.0
N7889A,1005.0,2019,2,5,2,4,2019-05-02,WN,WN,19393,WN,1453,,,,,WN,19393,WN,1453,14100,1410005,34100,PHL,"Philadelphia, PA",PA,42,Pennsylvania,23,13232,1323202,30977,MDW,"Chicago, IL",IL,17,Illinois,41,945,20.0,20.0,1.0,1.0,0900-0959,10.0,1015.0,1103.0,4.0,1100,1107.0,7.0,7.0,0.0,0.0,1100-1159,0.0,,0.0,135.0,122.0,108.0,1.0,668.0,3,,,0.0,,0.0,,,,0,,,,,,,,,,,,,,,,,,,,,,,,,,,,,,,,,,,,,,,,,,,,,N,0.0,4.0,10.0,11.0,0.0,0.0,40.0,48.0,9,11,3.0,0.0,39.0,48.0,7,7,1,1.0,0.0,N7889A,N7889A-WN-1,40.0,52.0,8.0,48.0,60.0,38.0,2.0,0.0,40,48,0.0,0.0
N788SA,650.0,2019,2,5,2,4,2019-05-02,WN,WN,19393,WN,251,,,,,WN,19393,WN,251,11618,1161802,31703,EWR,"Newark, NJ",NJ,34,New Jersey,21,13232,1323202,30977,MDW,"Chicago, IL",IL,17,Illinois,41,600,50.0,50.0,1.0,3.0,0600-0659,19.0,709.0,755.0,3.0,720,758.0,38.0,38.0,1.0,2.0,0700-0759,0.0,,0.0,140.0,128.0,106.0,1.0,711.0,3,0.0,0.0,38.0,0.0,0.0,,,,0,,,,,,,,,,,,,,,,,,,,,,,,,,,,,,,,,,,,,,,,,,,,,N,0.0,4.0,6.0,7.0,3.0,4.0,27.0,36.0,6,7,0.0,1.0,24.0,33.0,9,9,0,1.0,1.0,N788SA,N788SA-WN-0,24.0,39.0,9.0,33.0,48.0,,,3.0,24,33,0.0,0.0
N788SA,845.0,2019,2,5,2,4,2019-05-02,WN,WN,19393,WN,1550,,,,,WN,19393,WN,1550,13232,1323202,30977,MDW,"Chicago, IL",IL,17,Illinois,41,10693,1069302,30693,BNA,"Nashville, TN",TN,47,Tennessee,54,815,30.0,30.0,1.0,2.0,0800-0859,9.0,854.0,953.0,4.0,940,957.0,17.0,17.0,1.0,1.0,0900-0959,0.0,,0.0,85.0,72.0,59.0,1.0,395.0,2,2.0,0.0,0.0,0.0,15.0,,,,0,,,,,,,,,,,,,,,,,,,,,,,,,,,,,,,,,,,,,,,,,,,,,N,4.0,4.0,8.0,9.0,3.0,4.0,39.0,44.0,8,9,1.0,3.0,37.0,43.0,4,4,1,1.0,0.0,N788SA,N788SA-WN-1,38.0,51.0,5.0,43.0,56.0,36.0,3.0,1.0,38,43,0.0,0.0
N789SW,537.0,2019,2,5,2,4,2019-05-02,WN,WN,19393,WN,2218,,,,,WN,19393,WN,2218,11292,1129202,30325,DEN,"Denver, CO",CO,8,Colorado,82,11259,1125904,30194,DAL,"Dallas, TX",TX,48,Texas,74,535,2.0,2.0,0.0,0.0,0001-0559,8.0,545.0,832.0,5.0,830,837.0,7.0,7.0,0.0,0.0,0800-0859,0.0,,0.0,115.0,120.0,107.0,1.0,651.0,3,,,0.0,,0.0,,,,0,,,,,,,,,,,,,,,,,,,,,,,,,,,,,,,,,,,,,,,,,,,,,N,8.0,4.0,5.0,8.0,2.0,2.0,30.0,38.0,5,8,2.0,2.0,30.0,38.0,4,4,0,0.0,0.0,N789SW,N789SW-WN-0,30.0,42.0,8.0,38.0,50.0,,,0.0,30,38,0.0,0.0
N790SK,725.0,2019,2,5,2,4,2019-05-02,UA,UA_CODESHARE,19977,UA,5979,,,,,OO,20304,OO,5979,11775,1177502,31775,FSD,"Sioux Falls, SD",SD,46,South Dakota,67,11292,1129202,30325,DEN,"Denver, CO",CO,8,Colorado,82,735,-10.0,0.0,0.0,-1.0,0700-0759,12.0,737.0,757.0,7.0,824,804.0,-20.0,0.0,0.0,-2.0,0800-0859,0.0,,0.0,109.0,99.0,80.0,1.0,483.0,2,,,0.0,,0.0,,,,0,,,,,,,,,,,,,,,,,,,,,,,,,,,,,,,,,,,,,,,,,,,,,N,4.0,8.0,7.0,8.0,2.0,0.0,34.0,40.0,7,8,2.0,2.0,34.0,42.0,3,3,0,0.0,0.0,N790SK,N790SK-UA-0,34.0,46.0,6.0,40.0,52.0,,,0.0,34,40,0.0,0.0
N790SW,709.0,2019,2,5,2,4,2019-05-02,WN,WN,19393,WN,1492,,,,,WN,19393,WN,1492,14122,1412202,30198,PIT,"Pittsburgh, PA",PA,42,Pennsylvania,23,11697,1169706,32467,FLL,"Fort Lauderdale, FL",FL,12,Florida,33,700,9.0,9.0,0.0,0.0,0700-0759,34.0,743.0,1009.0,5.0,940,1014.0,34.0,34.0,1.0,2.0,0900-0959,0.0,,0.0,160.0,185.0,146.0,1.0,994.0,4,9.0,0.0,25.0,0.0,0.0,,,,0,,,,,,,,,,,,,,,,,,,,,,,,,,,,,,,,,,,,,,,,,,,,,N,0.0,0.0,7.0,10.0,1.0,1.0,29.0,41.0,7,9,0.0,3.0,28.0,39.0,9,9,0,0.0,0.0,N790SW,N790SW-WN-0,28.0,41.0,12.0,40.0,53.0,,,2.0,28,40,0.0,0.0
N791SK,623.0,2019,2,5,2,4,2019-05-02,UA,UA_CODESHARE,19977,UA,5217,,,,,OO,20304,OO,5217,10874,1087402,30647,CAK,"Akron, OH",OH,39,Ohio,44,12266,1226603,31453,IAH,"Houston, TX",TX,48,Texas,74,630,-7.0,0.0,0.0,-1.0,0600-0659,13.0,636.0,853.0,10.0,843,903.0,20.0,20.0,1.0,1.0,0800-0859,0.0,,0.0,193.0,220.0,197.0,1.0,1085.0,5,0.0,0.0,20.0,0.0,0.0,,,,0,,,,,,,,,,,,,,,,,,,,,,,,,,,,,,,,,,,,,,,,,,,,,N,0.0,4.0,6.0,9.0,2.0,0.0,26.0,40.0,6,8,2.0,3.0,26.0,39.0,5,5,0,0.0,0.0,N791SK,N791SK-UA-0,26.0,38.0,14.0,40.0,52.0,,,1.0,26,40,0.0,0.0
N791SW,555.0,2019,2,5,2,4,2019-05-02,WN,WN,19393,WN,2192,,,,,WN,19393,WN,2192,11278,1127805,30852,DCA,"Washington, DC",VA,51,Virginia,38,11259,1125904,30194,DAL,"Dallas, TX",TX,48,Texas,74,600,-5.0,0.0,0.0,-1.0,0600-0659,17.0,612.0,835.0,2.0,810,837.0,27.0,27.0,1.0,1.0,0800-0859,0.0,,0.0,190.0,222.0,203.0,1.0,1184.0,5,0.0,0.0,27.0,0.0,0.0,,,,0,,,,,,,,,,,,,,,,,,,,,,,,,,,,,,,,,,,,,,,,,,,,,N,0.0,4.0,5.0,8.0,4.0,2.0,24.0,38.0,6,8,0.0,1.0,24.0,37.0,7,7,0,0.0,0.0,N791SW,N791SW-WN-0,24.0,36.0,14.0,38.0,50.0,,,2.0,24,38,0.0,0.0
N793JB,812.0,2019,2,5,2,4,2019-05-02,B6,B6,20409,B6,959,,,,,B6,20409,B6,959,10529,1052906,30529,BDL,"Hartford, CT",CT,9,Connecticut,11,11697,1169706,32467,FLL,"Fort Lauderdale, FL",FL,12,Florida,33,818,-6.0,0.0,0.0,-1.0,0800-0859,12.0,824.0,1103.0,5.0,1129,1108.0,-21.0,0.0,0.0,-2.0,1100-1159,0.0,,0.0,191.0,176.0,159.0,1.0,1173.0,5,,,0.0,,0.0,,,,0,,,,,,,,,,,,,,,,,,,,,,,,,,,,,,,,,,,,,,,,,,,,,N,0.0,0.0,8.0,11.0,1.0,1.0,33.0,45.0,8,11,1.0,2.0,33.0,46.0,5,5,0,0.0,0.0,N793JB,N793JB-B6-0,33.0,45.0,12.0,45.0,57.0,,,0.0,33,45,0.0,0.0
N793SA,604.0,2019,2,5,2,4,2019-05-02,WN,WN,19393,WN,1992,,,,,WN,19393,WN,1992,10821,1082106,30852,BWI,"Baltimore, MD",MD,24,Maryland,35,13204,1320402,31454,MCO,"Orlando, FL",FL,12,Florida,33,605,-1.0,0.0,0.0,-1.0,0600-0659,8.0,612.0,803.0,9.0,825,812.0,-13.0,0.0,0.0,-1.0,0800-0859,0.0,,0.0,140.0,128.0,111.0,1.0,787.0,4,,,0.0,,0.0,,,,0,,,,,,,,,,,,,,,,,,,,,,,,,,,,,,,,,,,,,,,,,,,,,N,0.0,0.0,6.0,8.0,0.0,1.0,24.0,33.0,6,8,0.0,2.0,24.0,34.0,2,2,0,1.0,1.0,N793SA,N793SA-WN-0,24.0,36.0,9.0,33.0,45.0,,,0.0,24,33,0.0,0.0
N793SA,856.0,2019,2,5,2,4,2019-05-02,WN,WN,19393,WN,1992,,,,,WN,19393,WN,1992,13204,1320402,31454,MCO,"Orlando, FL",FL,12,Florida,33,14683,1468305,33214,SAT,"San Antonio, TX",TX,48,Texas,74,900,-4.0,0.0,0.0,-1.0,0900-0959,16.0,912.0,1043.0,3.0,1055,1046.0,-9.0,0.0,0.0,-1.0,1000-1059,0.0,,0.0,175.0,170.0,151.0,1.0,1041.0,5,,,0.0,,0.0,,,,0,,,,,,,,,,,,,,,,,,,,,,,,,,,,,,,,,,,,,,,,,,,,,N,0.0,4.0,8.0,10.0,4.0,3.0,36.0,47.0,9,10,0.0,4.0,36.0,48.0,9,9,1,1.0,0.0,N793SA,N793SA-WN-1,36.0,48.0,11.0,47.0,59.0,33.0,3.0,0.0,36,47,0.0,0.0
N79402,535.0,2019,2,5,2,4,2019-05-02,UA,UA,19977,UA,1246,,,,,UA,19977,UA,1246,14893,1489302,33192,SMF,"Sacramento, CA",CA,6,California,91,12266,1226603,31453,IAH,"Houston, TX",TX,48,Texas,74,535,0.0,0.0,0.0,0.0,0001-0559,13.0,548.0,1057.0,5.0,1112,1102.0,-10.0,0.0,0.0,-1.0,1100-1159,0.0,,0.0,217.0,207.0,189.0,1.0,1609.0,7,,,0.0,,0.0,,,,0,,,,,,,,,,,,,,,,,,,,,,,,,,,,,,,,,,,,,,,,,,,,,N,12.0,4.0,5.0,11.0,2.0,0.0,34.0,48.0,5,11,2.0,1.0,34.0,49.0,4,4,0,0.0,0.0,N79402,N79402-UA-0,34.0,46.0,14.0,48.0,60.0,,,0.0,34,48,0.0,0.0
N794JB,349.0,2019,2,5,2,4,2019-05-02,B6,B6,20409,B6,1990,,,,,B6,20409,B6,1990,14843,1484306,34819,SJU,"San Juan, PR",PR,72,Puerto Rico,3,11618,1161802,31703,EWR,"Newark, NJ",NJ,34,New Jersey,21,344,5.0,5.0,0.0,0.0,0001-0559,15.0,404.0,743.0,6.0,748,749.0,1.0,1.0,0.0,0.0,0700-0759,0.0,,0.0,244.0,240.0,219.0,1.0,1608.0,7,,,0.0,,0.0,,,,0,,,,,,,,,,,,,,,,,,,,,,,,,,,,,,,,,,,,,,,,,,,,,N,-4.0,0.0,3.0,7.0,3.0,3.0,11.0,31.0,3,7,3.0,3.0,11.0,31.0,4,4,0,1.0,1.0,N794JB,N794JB-B6-0,11.0,23.0,20.0,31.0,43.0,,,0.0,11,31,0.0,0.0
N794JB,948.0,2019,2,5,2,4,2019-05-02,B6,B6,20409,B6,705,,,,,B6,20409,B6,705,11618,1161802,31703,EWR,"Newark, NJ",NJ,34,New Jersey,21,14635,1463502,31714,RSW,"Fort Myers, FL",FL,12,Florida,33,935,13.0,13.0,0.0,0.0,0900-0959,18.0,1006.0,1234.0,5.0,1239,1239.0,0.0,0.0,0.0,0.0,1200-1259,0.0,,0.0,184.0,171.0,148.0,1.0,1068.0,5,,,0.0,,0.0,,,,0,,,,,,,,,,,,,,,,,,,,,,,,,,,,,,,,,,,,,,,,,,,,,N,0.0,0.0,9.0,12.0,3.0,3.0,39.0,51.0,9,12,2.0,3.0,38.0,51.0,8,8,1,1.0,0.0,N794JB,N794JB-B6-1,39.0,51.0,12.0,51.0,63.0,31.0,8.0,0.0,39,51,0.0,0.0
N794SW,629.0,2019,2,5,2,4,2019-05-02,WN,WN,19393,WN,1217,,,,,WN,19393,WN,1217,15304,1530402,33195,TPA,"Tampa, FL",FL,12,Florida,33,12339,1233904,32337,IND,"Indianapolis, IN",IN,18,Indiana,42,630,-1.0,0.0,0.0,-1.0,0600-0659,14.0,643.0,834.0,6.0,840,840.0,0.0,0.0,0.0,0.0,0800-0859,0.0,,0.0,130.0,131.0,111.0,1.0,837.0,4,,,0.0,,0.0,,,,0,,,,,,,,,,,,,,,,,,,,,,,,,,,,,,,,,,,,,,,,,,,,,N,0.0,0.0,6.0,8.0,2.0,3.0,26.0,35.0,6,8,2.0,3.0,26.0,35.0,1,1,0,1.0,1.0,N794SW,N794SW-WN-0,26.0,38.0,9.0,35.0,47.0,,,0.0,26,35,0.0,0.0
N794SW,925.0,2019,2,5,2,4,2019-05-02,WN,WN,19393,WN,1217,,,,,WN,19393,WN,1217,12339,1233904,32337,IND,"Indianapolis, IN",IN,18,Indiana,42,11292,1129202,30325,DEN,"Denver, CO",CO,8,Colorado,82,915,10.0,10.0,0.0,0.0,0900-0959,17.0,942.0,1014.0,6.0,1000,1020.0,20.0,20.0,1.0,1.0,1000-1059,0.0,,0.0,165.0,175.0,152.0,1.0,977.0,4,10.0,0.0,10.0,0.0,0.0,,,,0,,,,,,,,,,,,,,,,,,,,,,,,,,,,,,,,,,,,,,,,,,,,,N,0.0,8.0,9.0,10.0,2.0,1.0,38.0,49.0,9,10,1.0,0.0,37.0,48.0,6,6,1,1.0,0.0,N794SW,N794SW-WN-1,37.0,50.0,11.0,48.0,61.0,35.0,3.0,1.0,37,48,0.0,0.0
N79541,741.0,2019,2,5,2,4,2019-05-02,UA,UA,19977,UA,531,,,,,UA,19977,UA,531,11278,1127805,30852,DCA,"Washington, DC",VA,51,Virginia,38,13930,1393007,30977,ORD,"Chicago, IL",IL,17,Illinois,41,745,-4.0,0.0,0.0,-1.0,0700-0759,19.0,800.0,841.0,15.0,856,856.0,0.0,0.0,0.0,0.0,0800-0859,0.0,,0.0,131.0,135.0,101.0,1.0,612.0,3,,,0.0,,0.0,,,,0,,,,,,,,,,,,,,,,,,,,,,,,,,,,,,,,,,,,,,,,,,,,,N,0.0,4.0,7.0,8.0,3.0,4.0,31.0,40.0,7,8,3.0,4.0,31.0,40.0,7,7,0,0.0,0.0,N79541,N79541-UA-0,31.0,43.0,9.0,40.0,52.0,,,0.0,32,41,1.0,7.14
N795SK,713.0,2019,2,5,2,4,2019-05-02,UA,UA_CODESHARE,19977,UA,5622,,,,,OO,20304,OO,5622,12451,1245102,31136,JAX,"Jacksonville, FL",FL,12,Florida,33,13930,1393007,30977,ORD,"Chicago, IL",IL,17,Illinois,41,715,-2.0,0.0,0.0,-1.0,0700-0759,15.0,728.0,841.0,10.0,905,851.0,-14.0,0.0,0.0,-1.0,0900-0959,0.0,,0.0,170.0,158.0,133.0,1.0,864.0,4,,,0.0,,0.0,,,,0,,,,,,,,,,,,,,,,,,,,,,,,,,,,,,,,,,,,,,,,,,,,,N,0.0,4.0,7.0,8.0,1.0,3.0,29.0,39.0,7,9,1.0,0.0,29.0,40.0,7,7,0,0.0,0.0,N795SK,N795SK-UA-0,29.0,41.0,10.0,39.0,51.0,,,0.0,29,39,0.0,0.0
N796SK,621.0,2019,2,5,2,4,2019-05-02,UA,UA_CODESHARE,19977,UA,5628,,,,,OO,20304,OO,5628,11986,1198603,31986,GRR,"Grand Rapids, MI",MI,26,Michigan,43,12266,1226603,31453,IAH,"Houston, TX",TX,48,Texas,74,630,-9.0,0.0,0.0,-1.0,0600-0659,23.0,644.0,859.0,10.0,833,909.0,36.0,36.0,1.0,2.0,0800-0859,0.0,,0.0,183.0,228.0,195.0,1.0,1042.0,5,0.0,0.0,36.0,0.0,0.0,,,,0,,,,,,,,,,,,,,,,,,,,,,,,,,,,,,,,,,,,,,,,,,,,,N,0.0,4.0,6.0,9.0,1.0,1.0,25.0,41.0,6,8,2.0,2.0,26.0,38.0,8,8,0,0.0,0.0,N796SK,N796SK-UA-0,26.0,37.0,16.0,42.0,53.0,,,2.0,26,42,0.0,0.0
N796SW,549.0,2019,2,5,2,4,2019-05-02,WN,WN,19393,WN,2053,,,,,WN,19393,WN,2053,10713,1071302,30713,BOI,"Boise, ID",ID,16,Idaho,83,12889,1288903,32211,LAS,"Las Vegas, NV",NV,32,Nevada,85,550,-1.0,0.0,0.0,-1.0,0001-0559,12.0,601.0,620.0,7.0,630,627.0,-3.0,0.0,0.0,-1.0,0600-0659,0.0,,0.0,100.0,98.0,79.0,1.0,519.0,3,,,0.0,,0.0,,,,0,,,,,,,,,,,,,,,,,,,,,,,,,,,,,,,,,,,,,,,,,,,,,N,8.0,12.0,5.0,6.0,3.0,2.0,31.0,38.0,5,6,3.0,2.0,31.0,38.0,6,6,0,0.0,0.0,N796SW,N796SW-WN-0,31.0,43.0,7.0,38.0,50.0,,,0.0,31,38,0.0,0.0
N797SK,714.0,2019,2,5,2,4,2019-05-02,UA,UA_CODESHARE,19977,UA,5593,,,,,OO,20304,OO,5593,14869,1486903,34614,SLC,"Salt Lake City, UT",UT,49,Utah,87,12266,1226603,31453,IAH,"Houston, TX",TX,48,Texas,74,700,14.0,14.0,0.0,0.0,0700-0759,14.0,728.0,1102.0,4.0,1100,1106.0,6.0,6.0,0.0,0.0,1100-1159,0.0,,0.0,180.0,172.0,154.0,1.0,1195.0,5,,,0.0,,0.0,,,,0,,,,,,,,,,,,,,,,,,,,,,,,,,,,,,,,,,,,,,,,,,,,,N,8.0,4.0,7.0,11.0,1.0,0.0,37.0,48.0,7,11,0.0,0.0,36.0,48.0,4,4,0,0.0,0.0,N797SK,N797SK-UA-0,37.0,49.0,11.0,48.0,60.0,,,0.0,37,48,0.0,0.0
N798SW,617.0,2019,2,5,2,4,2019-05-02,WN,WN,19393,WN,204,,,,,WN,19393,WN,204,13342,1334207,33342,MKE,"Milwaukee, WI",WI,55,Wisconsin,45,12953,1295304,31703,LGA,"New York, NY",NY,36,New York,22,620,-3.0,0.0,0.0,-1.0,0600-0659,15.0,632.0,918.0,11.0,925,929.0,4.0,4.0,0.0,0.0,0900-0959,0.0,,0.0,125.0,132.0,106.0,1.0,738.0,3,,,0.0,,0.0,,,,0,,,,,,,,,,,,,,,,,,,,,,,,,,,,,,,,,,,,,,,,,,,,,N,4.0,0.0,6.0,9.0,1.0,2.0,29.0,38.0,6,9,1.0,2.0,29.0,38.0,1,1,0,0.0,0.0,N798SW,N798SW-WN-0,29.0,41.0,9.0,38.0,50.0,,,0.0,29,40,2.0,3.08
N799SW,532.0,2019,2,5,2,4,2019-05-02,WN,WN,19393,WN,1660,,,,,WN,19393,WN,1660,13198,1319801,33198,MCI,"Kansas City, MO",MO,29,Missouri,64,11292,1129202,30325,DEN,"Denver, CO",CO,8,Colorado,82,530,2.0,2.0,0.0,0.0,0001-0559,10.0,542.0,612.0,4.0,615,616.0,1.0,1.0,0.0,0.0,0600-0659,0.0,,0.0,105.0,104.0,90.0,1.0,533.0,3,,,0.0,,0.0,,,,0,,,,,,,,,,,,,,,,,,,,,,,,,,,,,,,,,,,,,,,,,,,,,N,4.0,8.0,5.0,6.0,2.0,1.0,26.0,33.0,5,6,2.0,1.0,26.0,33.0,4,4,0,1.0,1.0,N799SW,N799SW-WN-0,26.0,38.0,7.0,33.0,45.0,,,0.0,26,33,0.0,0.0
N799SW,705.0,2019,2,5,2,4,2019-05-02,WN,WN,19393,WN,1660,,,,,WN,19393,WN,1660,11292,1129202,30325,DEN,"Denver, CO",CO,8,Colorado,82,12953,1295304,31703,LGA,"New York, NY",NY,36,New York,22,700,5.0,5.0,0.0,0.0,0700-0759,11.0,716.0,1225.0,6.0,1250,1231.0,-19.0,0.0,0.0,-2.0,1200-1259,0.0,,0.0,230.0,206.0,189.0,1.0,1620.0,7,,,0.0,,0.0,,,,0,,,,,,,,,,,,,,,,,,,,,,,,,,,,,,,,,,,,,,,,,,,,,N,8.0,0.0,7.0,12.0,0.0,2.0,36.0,50.0,7,12,0.0,3.0,36.0,51.0,1,1,1,1.0,0.0,N799SW,N799SW-WN-1,36.0,48.0,14.0,50.0,62.0,33.0,3.0,0.0,36,51,1.0,1.28
N8001N,457.0,2019,2,5,2,4,2019-05-02,AA,AA,19805,AA,1372,,,,,AA,19805,AA,1372,13487,1348702,31650,MSP,"Minneapolis, MN",MN,27,Minnesota,63,13303,1330303,32467,MIA,"Miami, FL",FL,12,Florida,33,501,-4.0,0.0,0.0,-1.0,0001-0559,10.0,507.0,923.0,10.0,951,933.0,-18.0,0.0,0.0,-2.0,0900-0959,0.0,,0.0,230.0,216.0,196.0,1.0,1501.0,7,,,0.0,,0.0,,,,0,,,,,,,,,,,,,,,,,,,,,,,,,,,,,,,,,,,,,,,,,,,,,N,4.0,0.0,4.0,9.0,4.0,2.0,24.0,38.0,5,9,0.0,3.0,24.0,39.0,5,5,0,0.0,0.0,N8001N,N8001N-AA-0,24.0,36.0,14.0,38.0,50.0,,,0.0,24,38,0.0,0.0
N800AE,628.0,2019,2,5,2,4,2019-05-02,AA,AA_CODESHARE,19805,AA,3616,,,,,MQ,20398,MQ,3616,11066,1106606,31066,CMH,"Columbus, OH",OH,39,Ohio,44,12953,1295304,31703,LGA,"New York, NY",NY,36,New York,22,630,-2.0,0.0,0.0,-1.0,0600-0659,13.0,641.0,759.0,20.0,820,819.0,-1.0,0.0,0.0,-1.0,0800-0859,0.0,,0.0,110.0,111.0,78.0,1.0,479.0,2,,,0.0,,0.0,,,,0,,,,,,,,,,,,,,,,,,,,,,,,,,,,,,,,,,,,,,,,,,,,,N,0.0,0.0,6.0,8.0,2.0,1.0,26.0,33.0,6,8,2.0,1.0,26.0,33.0,5,5,0,1.0,1.0,N800AE,N800AE-AA-0,26.0,38.0,7.0,33.0,45.0,,,0.0,26,33,0.0,0.0
N800AE,929.0,2019,2,5,2,4,2019-05-02,AA,AA_CODESHARE,19805,AA,3521,,,,,MQ,20398,MQ,3521,12953,1295304,31703,LGA,"New York, NY",NY,36,New York,22,11042,1104205,30647,CLE,"Cleveland, OH",OH,39,Ohio,44,929,0.0,0.0,0.0,0.0,0900-0959,39.0,1008.0,1126.0,2.0,1122,1128.0,6.0,6.0,0.0,0.0,1100-1159,0.0,,0.0,113.0,119.0,78.0,1.0,419.0,2,,,0.0,,0.0,,,,0,,,,,,,,,,,,,,,,,,,,,,,,,,,,,,,,,,,,,,,,,,,,,N,0.0,0.0,9.0,11.0,2.0,2.0,38.0,46.0,9,11,2.0,1.0,38.0,45.0,5,5,1,1.0,0.0,N800AE,N800AE-AA-1,38.0,50.0,8.0,46.0,58.0,33.0,5.0,0.0,38,46,0.0,0.0
N800AY,553.0,2019,2,5,2,4,2019-05-02,DL,DL_CODESHARE,19790,DL,3293,,,,,9E,20363,9E,3293,11617,1161708,31617,EWN,"New Bern/Morehead/Beaufort, NC",NC,37,North Carolina,36,10397,1039707,30397,ATL,"Atlanta, GA",GA,13,Georgia,34,600,-7.0,0.0,0.0,-1.0,0600-0659,10.0,603.0,720.0,5.0,735,725.0,-10.0,0.0,0.0,-1.0,0700-0759,0.0,,0.0,95.0,92.0,77.0,1.0,433.0,2,,,0.0,,0.0,,,,0,,,,,,,,,,,,,,,,,,,,,,,,,,,,,,,,,,,,,,,,,,,,,N,0.0,0.0,5.0,7.0,4.0,2.0,24.0,30.0,6,7,0.0,2.0,24.0,30.0,1,1,0,1.0,1.0,N800AY,N800AY-DL-0,24.0,36.0,6.0,30.0,42.0,,,0.0,24,30,0.0,0.0
N800AY,824.0,2019,2,5,2,4,2019-05-02,DL,DL_CODESHARE,19790,DL,5299,,,,,9E,20363,9E,5299,10397,1039707,30397,ATL,"Atlanta, GA",GA,13,Georgia,34,14814,1481402,30476,SHV,"Shreveport, LA",LA,22,Louisiana,72,826,-2.0,0.0,0.0,-1.0,0800-0859,16.0,840.0,907.0,4.0,919,911.0,-8.0,0.0,0.0,-1.0,0900-0959,0.0,,0.0,113.0,107.0,87.0,1.0,551.0,3,,,0.0,,0.0,,,,0,,,,,,,,,,,,,,,,,,,,,,,,,,,,,,,,,,,,,,,,,,,,,N,0.0,4.0,8.0,9.0,2.0,1.0,34.0,41.0,8,9,2.0,1.0,34.0,41.0,9,9,1,1.0,0.0,N800AY,N800AY-DL-1,34.0,46.0,7.0,41.0,53.0,30.0,4.0,0.0,34,41,0.0,0.0
N800SK,742.0,2019,2,5,2,4,2019-05-02,DL,DL_CODESHARE,19790,DL,3908,,,,,OO,20304,OO,3908,11433,1143302,31295,DTW,"Detroit, MI",MI,26,Michigan,43,12264,1226402,30852,IAD,"Washington, DC",VA,51,Virginia,38,750,-8.0,0.0,0.0,-1.0,0700-0759,13.0,755.0,854.0,3.0,921,857.0,-24.0,0.0,0.0,-2.0,0900-0959,0.0,,0.0,91.0,75.0,59.0,1.0,383.0,2,,,0.0,,0.0,,,,0,,,,,,,,,,,,,,,,,,,,,,,,,,,,,,,,,,,,,,,,,,,,,N,0.0,0.0,7.0,8.0,3.0,4.0,31.0,36.0,7,9,3.0,1.0,31.0,37.0,2,2,0,0.0,0.0,N800SK,N800SK-DL-0,31.0,43.0,5.0,36.0,48.0,,,0.0,31,36,0.0,0.0
N801AE,555.0,2019,2,5,2,4,2019-05-02,AA,AA_CODESHARE,19805,AA,3631,,,,,MQ,20398,MQ,3631,11995,1199502,31995,GSO,"Greensboro/High Point, NC",NC,37,North Carolina,36,11057,1105703,31057,CLT,"Charlotte, NC",NC,37,North Carolina,36,557,-2.0,0.0,0.0,-1.0,0001-0559,28.0,623.0,646.0,11.0,703,657.0,-6.0,0.0,0.0,-1.0,0700-0759,0.0,,0.0,66.0,62.0,23.0,1.0,83.0,1,,,0.0,,0.0,,,,0,,,,,,,,,,,,,,,,,,,,,,,,,,,,,,,,,,,,,,,,,,,,,N,0.0,0.0,5.0,6.0,4.0,4.0,24.0,28.0,5,7,4.0,0.0,24.0,28.0,1,1,0,2.0,2.0,N801AE,N801AE-AA-0,24.0,36.0,4.0,28.0,40.0,,,0.0,24,28,0.0,0.0
N801AE,741.0,2019,2,5,2,4,2019-05-02,AA,AA_CODESHARE,19805,AA,3481,,,,,MQ,20398,MQ,3481,11057,1105703,31057,CLT,"Charlotte, NC",NC,37,North Carolina,36,15412,1541205,35412,TYS,"Knoxville, TN",TN,47,Tennessee,54,745,-4.0,0.0,0.0,-1.0,0700-0759,25.0,806.0,838.0,4.0,856,842.0,-14.0,0.0,0.0,-1.0,0800-0859,0.0,,0.0,71.0,61.0,32.0,1.0,177.0,1,,,0.0,,0.0,,,,0,,,,,,,,,,,,,,,,,,,,,,,,,,,,,,,,,,,,,,,,,,,,,N,0.0,0.0,7.0,8.0,3.0,3.0,31.0,35.0,7,8,3.0,4.0,31.0,36.0,8,8,1,2.0,1.0,N801AE,N801AE-AA-1,31.0,43.0,4.0,35.0,47.0,28.0,3.0,0.0,31,35,0.0,0.0
N801AE,917.0,2019,2,5,2,4,2019-05-02,AA,AA_CODESHARE,19805,AA,3481,,,,,MQ,20398,MQ,3481,15412,1541205,35412,TYS,"Knoxville, TN",TN,47,Tennessee,54,11057,1105703,31057,CLT,"Charlotte, NC",NC,37,North Carolina,36,922,-5.0,0.0,0.0,-1.0,0900-0959,32.0,949.0,1029.0,15.0,1040,1044.0,4.0,4.0,0.0,0.0,1000-1059,0.0,,0.0,78.0,87.0,40.0,1.0,177.0,1,,,0.0,,0.0,,,,0,,,,,,,,,,,,,,,,,,,,,,,,,,,,,,,,,,,,,,,,,,,,,N,0.0,0.0,9.0,10.0,1.0,3.0,37.0,43.0,9,10,1.0,3.0,37.0,43.0,2,2,2,2.0,0.0,N801AE,N801AE-AA-2,37.0,49.0,6.0,43.0,55.0,35.0,2.0,0.0,37,43,0.0,0.0
N801AY,740.0,2019,2,5,2,4,2019-05-02,DL,DL_CODESHARE,19790,DL,3383,,,,,9E,20363,9E,3383,10581,1058102,30581,BGR,"Bangor, ME",ME,23,Maine,12,12953,1295304,31703,LGA,"New York, NY",NY,36,New York,22,750,-10.0,0.0,0.0,-1.0,0700-0759,11.0,751.0,858.0,8.0,931,906.0,-25.0,0.0,0.0,-2.0,0900-0959,0.0,,0.0,101.0,86.0,67.0,1.0,378.0,2,,,0.0,,0.0,,,,0,,,,,,,,,,,,,,,,,,,,,,,,,,,,,,,,,,,,,,,,,,,,,N,0.0,0.0,7.0,9.0,3.0,0.0,31.0,36.0,7,9,3.0,2.0,31.0,38.0,8,8,0,0.0,0.0,N801AY,N801AY-DL-0,31.0,43.0,5.0,36.0,48.0,,,0.0,31,36,0.0,0.0
N801NN,703.0,2019,2,5,2,4,2019-05-02,AA,AA,19805,AA,220,,,,,AA,19805,AA,220,13495,1349505,33495,MSY,"New Orleans, LA",LA,22,Louisiana,72,11057,1105703,31057,CLT,"Charlotte, NC",NC,37,North Carolina,36,710,-7.0,0.0,0.0,-1.0,0700-0759,13.0,716.0,947.0,16.0,1013,1003.0,-10.0,0.0,0.0,-1.0,1000-1059,0.0,,0.0,123.0,120.0,91.0,1.0,651.0,3,,,0.0,,0.0,,,,0,,,,,,,,,,,,,,,,,,,,,,,,,,,,,,,,,,,,,,,,,,,,,N,4.0,0.0,7.0,10.0,0.0,0.0,32.0,40.0,7,10,1.0,1.0,33.0,41.0,2,2,0,0.0,0.0,N801NN,N801NN-AA-0,33.0,44.0,8.0,41.0,52.0,,,0.0,33,41,0.0,0.0
N801UA,939.0,2019,2,5,2,4,2019-05-02,UA,UA,19977,UA,1920,,,,,UA,19977,UA,1920,10423,1042302,30423,AUS,"Austin, TX",TX,48,Texas,74,12266,1226603,31453,IAH,"Houston, TX",TX,48,Texas,74,545,234.0,234.0,1.0,12.0,0001-0559,19.0,958.0,1030.0,9.0,641,1039.0,238.0,238.0,1.0,12.0,0600-0659,0.0,,0.0,56.0,60.0,32.0,1.0,140.0,1,0.0,0.0,238.0,0.0,0.0,610.0,124.0,124.0,0,,,,,,,,,,,,,,,,,,,,,,,,,,,,,,,,,,,,,,,,,,,,,N,4.0,4.0,9.0,10.0,3.0,3.0,43.0,47.0,5,6,3.0,3.0,27.0,31.0,1,1,0,1.0,1.0,N801UA,N801UA-UA-0,27.0,55.0,4.0,31.0,59.0,,,16.0,27,34,3.0,5.32
N801UA,1130.0,2019,2,5,2,4,2019-05-02,UA,UA,19977,UA,1614,,,,,UA,19977,UA,1614,12266,1226603,31453,IAH,"Houston, TX",TX,48,Texas,74,13303,1330303,32467,MIA,"Miami, FL",FL,12,Florida,33,730,240.0,240.0,1.0,12.0,0700-0759,14.0,1144.0,1443.0,5.0,1055,1448.0,233.0,233.0,1.0,12.0,1000-1059,0.0,,0.0,145.0,138.0,119.0,1.0,964.0,4,0.0,16.0,0.0,0.0,217.0,,,,0,,,,,,,,,,,,,,,,,,,,,,,,,,,,,,,,,,,,,,,,,,,,,N,4.0,0.0,11.0,14.0,2.0,3.0,50.0,59.0,7,10,2.0,4.0,34.0,44.0,5,5,1,1.0,0.0,N801UA,N801UA-UA-1,36.0,62.0,9.0,45.0,71.0,47.0,3.0,14.0,39,48,3.0,17.2
N802AW,559.0,2019,2,5,2,4,2019-05-02,AA,AA,19805,AA,2748,,,,,AA,19805,AA,2748,14893,1489302,33192,SMF,"Sacramento, CA",CA,6,California,91,12892,1289208,32575,LAX,"Los Angeles, CA",CA,6,California,91,600,-1.0,0.0,0.0,-1.0,0600-0659,14.0,613.0,714.0,17.0,735,731.0,-4.0,0.0,0.0,-1.0,0700-0759,0.0,,0.0,95.0,92.0,61.0,1.0,373.0,2,,,0.0,,0.0,,,,0,,,,,,,,,,,,,,,,,,,,,,,,,,,,,,,,,,,,,,,,,,,,,N,12.0,12.0,5.0,7.0,4.0,2.0,36.0,42.0,6,7,0.0,2.0,36.0,42.0,7,7,0,0.0,0.0,N802AW,N802AW-AA-0,36.0,48.0,6.0,42.0,54.0,,,0.0,36,42,0.0,0.0
N802NN,935.0,2019,2,5,2,4,2019-05-02,AA,AA,19805,AA,2227,,,,,AA,19805,AA,2227,15027,1502704,34992,STX,"Christiansted, VI",VI,78,U.S. Virgin Islands,4,13303,1330303,32467,MIA,"Miami, FL",FL,12,Florida,33,846,49.0,49.0,1.0,3.0,0800-0859,14.0,949.0,1229.0,10.0,1159,1239.0,40.0,40.0,1.0,2.0,1100-1159,0.0,,0.0,193.0,184.0,160.0,1.0,1139.0,5,40.0,0.0,0.0,0.0,0.0,,,,0,,,,,,,,,,,,,,,,,,,,,,,,,,,,,,,,,,,,,,,,,,,,,N,-4.0,0.0,9.0,12.0,2.0,3.0,34.0,51.0,8,11,3.0,4.0,31.0,48.0,1,1,0,0.0,0.0,N802NN,N802NN-AA-0,34.0,46.0,17.0,51.0,63.0,,,0.0,34,51,0.0,0.0
N802UA,755.0,2019,2,5,2,4,2019-05-02,UA,UA,19977,UA,859,,,,,UA,19977,UA,859,10423,1042302,30423,AUS,"Austin, TX",TX,48,Texas,74,13930,1393007,30977,ORD,"Chicago, IL",IL,17,Illinois,41,800,-5.0,0.0,0.0,-1.0,0800-0859,12.0,807.0,1019.0,10.0,1040,1029.0,-11.0,0.0,0.0,-1.0,1000-1059,0.0,,0.0,160.0,154.0,132.0,1.0,977.0,4,,,0.0,,0.0,,,,0,,,,,,,,,,,,,,,,,,,,,,,,,,,,,,,,,,,,,,,,,,,,,N,4.0,4.0,7.0,10.0,4.0,2.0,36.0,46.0,8,10,0.0,3.0,36.0,47.0,8,8,0,0.0,0.0,N802UA,N802UA-UA-0,36.0,48.0,10.0,46.0,58.0,,,0.0,36,46,0.0,0.0
N8030F,644.0,2019,2,5,2,4,2019-05-02,AA,AA,19805,AA,1118,,,,,AA,19805,AA,1118,13303,1330303,32467,MIA,"Miami, FL",FL,12,Florida,33,15304,1530402,33195,TPA,"Tampa, FL",FL,12,Florida,33,650,-6.0,0.0,0.0,-1.0,0600-0659,27.0,711.0,748.0,5.0,752,753.0,1.0,1.0,0.0,0.0,0700-0759,0.0,,0.0,62.0,69.0,37.0,1.0,204.0,1,,,0.0,,0.0,,,,0,,,,,,,,,,,,,,,,,,,,,,,,,,,,,,,,,,,,,,,,,,,,,N,0.0,0.0,6.0,7.0,3.0,4.0,27.0,32.0,6,7,3.0,3.0,27.0,31.0,8,8,0,1.0,1.0,N8030F,N8030F-AA-0,27.0,39.0,5.0,32.0,44.0,,,0.0,27,32,0.0,0.0
N8030F,828.0,2019,2,5,2,4,2019-05-02,AA,AA,19805,AA,1118,,,,,AA,19805,AA,1118,15304,1530402,33195,TPA,"Tampa, FL",FL,12,Florida,33,13303,1330303,32467,MIA,"Miami, FL",FL,12,Florida,33,832,-4.0,0.0,0.0,-1.0,0800-0859,16.0,844.0,926.0,4.0,940,930.0,-10.0,0.0,0.0,-1.0,0900-0959,0.0,,0.0,68.0,62.0,42.0,1.0,204.0,1,,,0.0,,0.0,,,,0,,,,,,,,,,,,,,,,,,,,,,,,,,,,,,,,,,,,,,,,,,,,,N,0.0,0.0,8.0,9.0,2.0,2.0,34.0,38.0,8,9,2.0,3.0,34.0,39.0,8,8,1,1.0,0.0,N8030F,N8030F-AA-1,34.0,46.0,4.0,38.0,50.0,32.0,2.0,0.0,34,38,0.0,0.0
N8031M,712.0,2019,2,5,2,4,2019-05-02,AA,AA,19805,AA,1257,,,,,AA,19805,AA,1257,11298,1129806,30194,DFW,"Dallas/Fort Worth, TX",TX,48,Texas,74,11066,1106606,31066,CMH,"Columbus, OH",OH,39,Ohio,44,715,-3.0,0.0,0.0,-1.0,0700-0759,28.0,740.0,1037.0,6.0,1037,1043.0,6.0,6.0,0.0,0.0,1000-1059,0.0,,0.0,142.0,151.0,117.0,1.0,926.0,4,,,0.0,,0.0,,,,0,,,,,,,,,,,,,,,,,,,,,,,,,,,,,,,,,,,,,,,,,,,,,N,4.0,0.0,7.0,10.0,1.0,3.0,33.0,43.0,7,10,1.0,2.0,33.0,42.0,2,2,0,0.0,0.0,N8031M,N8031M-AA-0,33.0,45.0,10.0,43.0,55.0,,,0.0,33,43,0.0,0.0
N80343,605.0,2019,2,5,2,4,2019-05-02,UA,UA_CODESHARE,19977,UA,6052,,,,,YV,20378,YV,6052,12953,1295304,31703,LGA,"New York, NY",NY,36,New York,22,12264,1226402,30852,IAD,"Washington, DC",VA,51,Virginia,38,610,-5.0,0.0,0.0,-1.0,0600-0659,23.0,628.0,717.0,6.0,728,723.0,-5.0,0.0,0.0,-1.0,0700-0759,0.0,,0.0,78.0,78.0,49.0,1.0,229.0,1,,,0.0,,0.0,,,,0,,,,,,,,,,,,,,,,,,,,,,,,,,,,,,,,,,,,,,,,,,,,,N,0.0,0.0,6.0,7.0,0.0,2.0,24.0,30.0,6,7,1.0,2.0,25.0,30.0,7,7,0,0.0,0.0,N80343,N80343-UA-0,25.0,36.0,6.0,31.0,42.0,,,0.0,27,34,3.0,23.4
N80348,925.0,2019,2,5,2,4,2019-05-02,UA,UA_CODESHARE,19977,UA,6379,,,,,YV,20378,YV,6379,10397,1039707,30397,ATL,"Atlanta, GA",GA,13,Georgia,34,12266,1226603,31453,IAH,"Houston, TX",TX,48,Texas,74,925,0.0,0.0,0.0,0.0,0900-0959,57.0,1022.0,1122.0,12.0,1042,1134.0,52.0,52.0,1.0,3.0,1000-1059,0.0,,0.0,137.0,189.0,120.0,1.0,689.0,3,0.0,0.0,52.0,0.0,0.0,,,,0,,,,,,,,,,,,,,,,,,,,,,,,,,,,,,,,,,,,,,,,,,,,,N,0.0,4.0,9.0,11.0,2.0,2.0,38.0,50.0,9,10,2.0,3.0,38.0,47.0,5,5,0,0.0,0.0,N80348,N80348-UA-0,38.0,50.0,12.0,50.0,62.0,,,3.0,38,50,0.0,0.0
N803AE,632.0,2019,2,5,2,4,2019-05-02,AA,AA_CODESHARE,19805,AA,3803,,,,,MQ,20398,MQ,3803,12953,1295304,31703,LGA,"New York, NY",NY,36,New York,22,14492,1449202,34492,RDU,"Raleigh/Durham, NC",NC,37,North Carolina,36,629,3.0,3.0,0.0,0.0,0600-0659,17.0,649.0,759.0,11.0,813,810.0,-3.0,0.0,0.0,-1.0,0800-0859,0.0,,0.0,104.0,98.0,70.0,1.0,431.0,2,,,0.0,,0.0,,,,0,,,,,,,,,,,,,,,,,,,,,,,,,,,,,,,,,,,,,,,,,,,,,N,0.0,0.0,6.0,8.0,2.0,1.0,26.0,33.0,6,8,2.0,1.0,26.0,33.0,5,5,0,1.0,1.0,N803AE,N803AE-AA-0,26.0,38.0,7.0,33.0,45.0,,,0.0,26,33,0.0,0.0
N803AE,920.0,2019,2,5,2,4,2019-05-02,AA,AA_CODESHARE,19805,AA,3803,,,,,MQ,20398,MQ,3803,14492,1449202,34492,RDU,"Raleigh/Durham, NC",NC,37,North Carolina,36,12953,1295304,31703,LGA,"New York, NY",NY,36,New York,22,914,6.0,6.0,0.0,0.0,0900-0959,9.0,929.0,1040.0,6.0,1100,1046.0,-14.0,0.0,0.0,-1.0,1100-1159,0.0,,0.0,106.0,86.0,71.0,1.0,431.0,2,,,0.0,,0.0,,,,0,,,,,,,,,,,,,,,,,,,,,,,,,,,,,,,,,,,,,,,,,,,,,N,0.0,0.0,9.0,10.0,1.0,3.0,37.0,43.0,9,11,1.0,0.0,37.0,44.0,6,6,1,1.0,0.0,N803AE,N803AE-AA-1,37.0,49.0,6.0,43.0,55.0,33.0,4.0,0.0,37,43,0.0,0.0
N803AW,702.0,2019,2,5,2,4,2019-05-02,AA,AA,19805,AA,2512,,,,,AA,19805,AA,2512,13303,1330303,32467,MIA,"Miami, FL",FL,12,Florida,33,11433,1143302,31295,DTW,"Detroit, MI",MI,26,Michigan,43,704,-2.0,0.0,0.0,-1.0,0700-0759,26.0,728.0,1004.0,10.0,1011,1014.0,3.0,3.0,0.0,0.0,1000-1059,0.0,,0.0,187.0,192.0,156.0,1.0,1145.0,5,,,0.0,,0.0,,,,0,,,,,,,,,,,,,,,,,,,,,,,,,,,,,,,,,,,,,,,,,,,,,N,0.0,0.0,7.0,10.0,0.0,1.0,28.0,41.0,7,10,0.0,1.0,28.0,41.0,8,8,0,0.0,0.0,N803AW,N803AW-AA-0,28.0,40.0,13.0,41.0,53.0,,,0.0,28,41,0.0,0.0
N803DN,658.0,2019,2,5,2,4,2019-05-02,DL,DL,19790,DL,1541,,,,,DL,19790,DL,1541,11697,1169706,32467,FLL,"Fort Lauderdale, FL",FL,12,Florida,33,14869,1486903,34614,SLC,"Salt Lake City, UT",UT,49,Utah,87,700,-2.0,0.0,0.0,-1.0,0700-0759,15.0,713.0,944.0,23.0,959,1007.0,8.0,8.0,0.0,0.0,0900-0959,0.0,,0.0,299.0,309.0,271.0,1.0,2084.0,9,,,0.0,,0.0,,,,0,,,,,,,,,,,,,,,,,,,,,,,,,,,,,,,,,,,,,,,,,,,,,N,0.0,8.0,6.0,10.0,4.0,0.0,28.0,48.0,7,9,0.0,4.0,28.0,48.0,8,8,0,0.0,0.0,N803DN,N803DN-DL-0,28.0,40.0,20.0,48.0,60.0,,,0.0,28,48,0.0,0.0
N803SK,608.0,2019,2,5,2,4,2019-05-02,DL,DL_CODESHARE,19790,DL,3728,,,,,OO,20304,OO,3728,12992,1299206,32600,LIT,"Little Rock, AR",AR,5,Arkansas,71,11433,1143302,31295,DTW,"Detroit, MI",MI,26,Michigan,43,615,-7.0,0.0,0.0,-1.0,0600-0659,21.0,629.0,916.0,8.0,916,924.0,8.0,8.0,0.0,0.0,0900-0959,0.0,,0.0,121.0,136.0,107.0,1.0,705.0,3,,,0.0,,0.0,,,,0,,,,,,,,,,,,,,,,,,,,,,,,,,,,,,,,,,,,,,,,,,,,,N,4.0,0.0,6.0,9.0,1.0,2.0,29.0,38.0,6,9,1.0,1.0,29.0,37.0,7,7,0,0.0,0.0,N803SK,N803SK-DL-0,29.0,41.0,9.0,38.0,50.0,,,0.0,29,38,0.0,0.0
N803UA,935.0,2019,2,5,2,4,2019-05-02,UA,UA,19977,UA,2356,,,,,UA,19977,UA,2356,11618,1161802,31703,EWR,"Newark, NJ",NJ,34,New Jersey,21,13303,1330303,32467,MIA,"Miami, FL",FL,12,Florida,33,945,-10.0,0.0,0.0,-1.0,0900-0959,20.0,955.0,1229.0,32.0,1250,1301.0,11.0,11.0,0.0,0.0,1200-1259,0.0,,0.0,185.0,206.0,154.0,1.0,1085.0,5,,,0.0,,0.0,,,,0,,,,,,,,,,,,,,,,,,,,,,,,,,,,,,,,,,,,,,,,,,,,,N,0.0,0.0,9.0,13.0,2.0,0.0,38.0,52.0,9,12,3.0,3.0,39.0,51.0,4,4,0,0.0,0.0,N803UA,N803UA-UA-0,39.0,50.0,14.0,53.0,64.0,,,0.0,40,54,1.0,4.26
N804AW,715.0,2019,2,5,2,4,2019-05-02,AA,AA,19805,AA,1663,,,,,AA,19805,AA,1663,15624,1562404,31504,VPS,"Valparaiso, FL",FL,12,Florida,33,11298,1129806,30194,DFW,"Dallas/Fort Worth, TX",TX,48,Texas,74,705,10.0,10.0,0.0,0.0,0700-0759,38.0,753.0,944.0,12.0,924,956.0,32.0,32.0,1.0,2.0,0900-0959,0.0,,0.0,139.0,161.0,111.0,1.0,641.0,3,10.0,0.0,22.0,0.0,0.0,,,,0,,,,,,,,,,,,,,,,,,,,,,,,,,,,,,,,,,,,,,,,,,,,,N,4.0,4.0,7.0,9.0,1.0,4.0,33.0,44.0,7,9,0.0,2.0,32.0,42.0,9,9,0,0.0,0.0,N804AW,N804AW-AA-0,32.0,45.0,11.0,43.0,56.0,,,1.0,32,43,0.0,0.0
N804DN,701.0,2019,2,5,2,4,2019-05-02,DL,DL,19790,DL,2232,,,,,DL,19790,DL,2232,11292,1129202,30325,DEN,"Denver, CO",CO,8,Colorado,82,10397,1039707,30397,ATL,"Atlanta, GA",GA,13,Georgia,34,700,1.0,1.0,0.0,0.0,0700-0759,23.0,724.0,1148.0,13.0,1150,1201.0,11.0,11.0,0.0,0.0,1100-1159,0.0,,0.0,170.0,180.0,144.0,1.0,1199.0,5,,,0.0,,0.0,,,,0,,,,,,,,,,,,,,,,,,,,,,,,,,,,,,,,,,,,,,,,,,,,,N,8.0,0.0,7.0,12.0,0.0,0.0,36.0,48.0,7,11,0.0,3.0,36.0,47.0,4,4,0,0.0,0.0,N804DN,N804DN-DL-0,36.0,48.0,12.0,48.0,60.0,,,0.0,36,48,0.0,0.0
N804JB,728.0,2019,2,5,2,4,2019-05-02,B6,B6,20409,B6,569,,,,,B6,20409,B6,569,10721,1072102,30721,BOS,"Boston, MA",MA,25,Massachusetts,13,11697,1169706,32467,FLL,"Fort Lauderdale, FL",FL,12,Florida,33,732,-4.0,0.0,0.0,-1.0,0700-0759,22.0,750.0,1040.0,6.0,1100,1046.0,-14.0,0.0,0.0,-1.0,1100-1159,0.0,,0.0,208.0,198.0,170.0,1.0,1237.0,5,,,0.0,,0.0,,,,0,,,,,,,,,,,,,,,,,,,,,,,,,,,,,,,,,,,,,,,,,,,,,N,0.0,0.0,7.0,10.0,2.0,3.0,30.0,43.0,7,11,2.0,0.0,30.0,44.0,1,1,0,0.0,0.0,N804JB,N804JB-B6-0,30.0,42.0,13.0,43.0,55.0,,,0.0,30,43,0.0,0.0
N804NN,717.0,2019,2,5,2,4,2019-05-02,AA,AA,19805,AA,2344,,,,,AA,19805,AA,2344,10397,1039707,30397,ATL,"Atlanta, GA",GA,13,Georgia,34,13303,1330303,32467,MIA,"Miami, FL",FL,12,Florida,33,725,-8.0,0.0,0.0,-1.0,0700-0759,11.0,728.0,857.0,6.0,925,903.0,-22.0,0.0,0.0,-2.0,0900-0959,0.0,,0.0,120.0,106.0,89.0,1.0,594.0,3,,,0.0,,0.0,,,,0,,,,,,,,,,,,,,,,,,,,,,,,,,,,,,,,,,,,,,,,,,,,,N,0.0,0.0,7.0,9.0,1.0,0.0,29.0,36.0,7,9,2.0,2.0,30.0,38.0,3,3,0,0.0,0.0,N804NN,N804NN-AA-0,30.0,41.0,7.0,37.0,48.0,,,0.0,32,39,2.0,7.04
N804SK,456.0,2019,2,5,2,4,2019-05-02,DL,DL_CODESHARE,19790,DL,4031,,,,,OO,20304,OO,4031,13433,1343302,33304,MOT,"Minot, ND",ND,38,North Dakota,66,13487,1348702,31650,MSP,"Minneapolis, MN",MN,27,Minnesota,63,500,-4.0,0.0,0.0,-1.0,0001-0559,32.0,528.0,635.0,4.0,633,639.0,6.0,6.0,0.0,0.0,0600-0659,0.0,,0.0,93.0,103.0,67.0,1.0,449.0,2,,,0.0,,0.0,,,,0,,,,,,,,,,,,,,,,,,,,,,,,,,,,,,,,,,,,,,,,,,,,,N,4.0,4.0,4.0,6.0,4.0,3.0,24.0,31.0,5,6,0.0,2.0,24.0,30.0,8,8,0,1.0,1.0,N804SK,N804SK-DL-0,24.0,36.0,7.0,31.0,43.0,,,0.0,24,31,0.0,0.0
N804SK,715.0,2019,2,5,2,4,2019-05-02,DL,DL_CODESHARE,19790,DL,3906,,,,,OO,20304,OO,3906,13487,1348702,31650,MSP,"Minneapolis, MN",MN,27,Minnesota,63,13485,1348502,33485,MSN,"Madison, WI",WI,55,Wisconsin,45,715,0.0,0.0,0.0,0.0,0700-0759,15.0,730.0,813.0,4.0,830,817.0,-13.0,0.0,0.0,-1.0,0800-0859,0.0,,0.0,75.0,62.0,43.0,1.0,228.0,1,,,0.0,,0.0,,,,0,,,,,,,,,,,,,,,,,,,,,,,,,,,,,,,,,,,,,,,,,,,,,N,4.0,4.0,7.0,8.0,1.0,1.0,33.0,37.0,7,8,1.0,2.0,33.0,38.0,6,6,1,1.0,0.0,N804SK,N804SK-DL-1,33.0,45.0,4.0,37.0,49.0,31.0,2.0,0.0,33,37,0.0,0.0
N804UA,639.0,2019,2,5,2,4,2019-05-02,UA,UA,19977,UA,866,,,,,UA,19977,UA,866,14492,1449202,34492,RDU,"Raleigh/Durham, NC",NC,37,North Carolina,36,11292,1129202,30325,DEN,"Denver, CO",CO,8,Colorado,82,640,-1.0,0.0,0.0,-1.0,0600-0659,16.0,655.0,816.0,6.0,835,822.0,-13.0,0.0,0.0,-1.0,0800-0859,0.0,,0.0,235.0,223.0,201.0,1.0,1436.0,6,,,0.0,,0.0,,,,0,,,,,,,,,,,,,,,,,,,,,,,,,,,,,,,,,,,,,,,,,,,,,N,0.0,8.0,6.0,8.0,3.0,1.0,27.0,41.0,6,8,3.0,2.0,27.0,42.0,6,6,0,0.0,0.0,N804UA,N804UA-UA-0,27.0,39.0,14.0,41.0,53.0,,,0.0,27,41,0.0,0.0
N805DN,803.0,2019,2,5,2,4,2019-05-02,DL,DL,19790,DL,2233,,,,,DL,19790,DL,2233,13198,1319801,33198,MCI,"Kansas City, MO",MO,29,Missouri,64,10397,1039707,30397,ATL,"Atlanta, GA",GA,13,Georgia,34,800,3.0,3.0,0.0,0.0,0800-0859,10.0,813.0,1051.0,10.0,1100,1101.0,1.0,1.0,0.0,0.0,1100-1159,0.0,,0.0,120.0,118.0,98.0,1.0,692.0,3,,,0.0,,0.0,,,,0,,,,,,,,,,,,,,,,,,,,,,,,,,,,,,,,,,,,,,,,,,,,,N,4.0,0.0,8.0,11.0,0.0,0.0,36.0,44.0,8,11,0.0,0.0,36.0,44.0,8,8,0,0.0,0.0,N805DN,N805DN-DL-0,36.0,48.0,8.0,44.0,56.0,,,0.0,36,44,0.0,0.0
N805UA,556.0,2019,2,5,2,4,2019-05-02,UA,UA,19977,UA,2219,,,,,UA,19977,UA,2219,12264,1226402,30852,IAD,"Washington, DC",VA,51,Virginia,38,12266,1226603,31453,IAH,"Houston, TX",TX,48,Texas,74,600,-4.0,0.0,0.0,-1.0,0600-0659,12.0,608.0,851.0,9.0,825,900.0,35.0,35.0,1.0,2.0,0800-0859,0.0,,0.0,205.0,244.0,223.0,1.0,1190.0,5,0.0,0.0,35.0,0.0,0.0,,,,0,,,,,,,,,,,,,,,,,,,,,,,,,,,,,,,,,,,,,,,,,,,,,N,0.0,4.0,5.0,9.0,4.0,0.0,24.0,40.0,6,8,0.0,2.0,24.0,38.0,9,9,0,0.0,0.0,N805UA,N805UA-UA-0,24.0,36.0,16.0,40.0,52.0,,,2.0,24,40,0.0,0.0
N806AE,605.0,2019,2,5,2,4,2019-05-02,AA,AA_CODESHARE,19805,AA,3487,,,,,MQ,20398,MQ,3487,11415,1141501,31335,DRT,"Del Rio, TX",TX,48,Texas,74,11298,1129806,30194,DFW,"Dallas/Fort Worth, TX",TX,48,Texas,74,613,-8.0,0.0,0.0,-1.0,0600-0659,18.0,623.0,714.0,12.0,738,726.0,-12.0,0.0,0.0,-1.0,0700-0759,0.0,,0.0,85.0,81.0,51.0,1.0,335.0,2,,,0.0,,0.0,,,,0,,,,,,,,,,,,,,,,,,,,,,,,,,,,,,,,,,,,,,,,,,,,,N,4.0,4.0,6.0,7.0,0.0,2.0,28.0,34.0,6,7,1.0,3.0,29.0,35.0,7,7,0,1.0,1.0,N806AE,N806AE-AA-0,29.0,40.0,6.0,35.0,46.0,,,0.0,29,35,0.0,0.0
N806AE,848.0,2019,2,5,2,4,2019-05-02,AA,AA_CODESHARE,19805,AA,3642,,,,,MQ,20398,MQ,3642,11298,1129806,30194,DFW,"Dallas/Fort Worth, TX",TX,48,Texas,74,10185,1018502,30185,AEX,"Alexandria, LA",LA,22,Louisiana,72,850,-2.0,0.0,0.0,-1.0,0800-0859,17.0,905.0,953.0,3.0,958,956.0,-2.0,0.0,0.0,-1.0,0900-0959,0.0,,0.0,68.0,68.0,48.0,1.0,285.0,2,,,0.0,,0.0,,,,0,,,,,,,,,,,,,,,,,,,,,,,,,,,,,,,,,,,,,,,,,,,,,N,4.0,4.0,8.0,9.0,3.0,4.0,39.0,44.0,8,9,3.0,4.0,39.0,44.0,6,6,1,1.0,0.0,N806AE,N806AE-AA-1,39.0,51.0,5.0,44.0,56.0,34.0,5.0,0.0,40,45,1.0,6.3
N806AW,822.0,2019,2,5,2,4,2019-05-02,AA,AA,19805,AA,602,,,,,AA,19805,AA,602,11278,1127805,30852,DCA,"Washington, DC",VA,51,Virginia,38,14635,1463502,31714,RSW,"Fort Myers, FL",FL,12,Florida,33,830,-8.0,0.0,0.0,-1.0,0800-0859,18.0,840.0,1053.0,4.0,1114,1057.0,-17.0,0.0,0.0,-2.0,1100-1159,0.0,,0.0,164.0,155.0,133.0,1.0,892.0,4,,,0.0,,0.0,,,,0,,,,,,,,,,,,,,,,,,,,,,,,,,,,,,,,,,,,,,,,,,,,,N,0.0,0.0,8.0,10.0,1.0,4.0,33.0,44.0,8,11,2.0,1.0,34.0,45.0,1,1,0,0.0,0.0,N806AW,N806AW-AA-0,34.0,45.0,11.0,45.0,56.0,,,0.0,34,45,0.0,0.0
N806DN,728.0,2019,2,5,2,4,2019-05-02,DL,DL,19790,DL,2351,,,,,DL,19790,DL,2351,10397,1039707,30397,ATL,"Atlanta, GA",GA,13,Georgia,34,14492,1449202,34492,RDU,"Raleigh/Durham, NC",NC,37,North Carolina,36,730,-2.0,0.0,0.0,-1.0,0700-0759,9.0,737.0,834.0,4.0,853,838.0,-15.0,0.0,0.0,-1.0,0800-0859,0.0,,0.0,83.0,70.0,57.0,1.0,356.0,2,,,0.0,,0.0,,,,0,,,,,,,,,,,,,,,,,,,,,,,,,,,,,,,,,,,,,,,,,,,,,N,0.0,0.0,7.0,8.0,2.0,3.0,30.0,35.0,7,8,2.0,4.0,30.0,36.0,2,2,0,0.0,0.0,N806DN,N806DN-DL-0,30.0,42.0,5.0,35.0,47.0,,,0.0,30,35,0.0,0.0
N806JB,656.0,2019,2,5,2,4,2019-05-02,B6,B6,20409,B6,1136,,,,,B6,20409,B6,1136,12954,1295407,32575,LGB,"Long Beach, CA",CA,6,California,91,14771,1477104,32457,SFO,"San Francisco, CA",CA,6,California,91,645,11.0,11.0,0.0,0.0,0600-0659,16.0,712.0,808.0,7.0,817,815.0,-2.0,0.0,0.0,-1.0,0800-0859,0.0,,0.0,92.0,79.0,56.0,1.0,354.0,2,,,0.0,,0.0,,,,0,,,,,,,,,,,,,,,,,,,,,,,,,,,,,,,,,,,,,,,,,,,,,N,12.0,12.0,6.0,8.0,4.0,1.0,40.0,45.0,6,8,3.0,1.0,39.0,45.0,6,6,0,0.0,0.0,N806JB,N806JB-B6-0,40.0,52.0,5.0,45.0,57.0,,,0.0,40,45,0.0,0.0
N807AE,855.0,2019,2,5,2,4,2019-05-02,AA,AA_CODESHARE,19805,AA,3344,,,,,MQ,20398,MQ,3344,13931,1393102,33667,ORF,"Norfolk, VA",VA,51,Virginia,38,12953,1295304,31703,LGA,"New York, NY",NY,36,New York,22,900,-5.0,0.0,0.0,-1.0,0900-0959,30.0,925.0,1025.0,6.0,1035,1031.0,-4.0,0.0,0.0,-1.0,1000-1059,0.0,,0.0,95.0,96.0,60.0,1.0,296.0,2,,,0.0,,0.0,,,,0,,,,,,,,,,,,,,,,,,,,,,,,,,,,,,,,,,,,,,,,,,,,,N,0.0,0.0,8.0,10.0,4.0,2.0,36.0,42.0,9,10,0.0,2.0,36.0,42.0,9,9,0,0.0,0.0,N807AE,N807AE-AA-0,36.0,48.0,6.0,42.0,54.0,,,0.0,36,42,0.0,0.0
N807AW,537.0,2019,2,5,2,4,2019-05-02,AA,AA,19805,AA,2089,,,,,AA,19805,AA,2089,13871,1387102,33316,OMA,"Omaha, NE",NE,31,Nebraska,65,14107,1410702,30466,PHX,"Phoenix, AZ",AZ,4,Arizona,81,545,-8.0,0.0,0.0,-1.0,0001-0559,20.0,557.0,629.0,11.0,643,640.0,-3.0,0.0,0.0,-1.0,0600-0659,0.0,,0.0,178.0,183.0,152.0,1.0,1037.0,5,,,0.0,,0.0,,,,0,,,,,,,,,,,,,,,,,,,,,,,,,,,,,,,,,,,,,,,,,,,,,N,4.0,8.0,5.0,6.0,2.0,3.0,26.0,35.0,5,6,3.0,3.0,27.0,35.0,9,9,0,1.0,1.0,N807AW,N807AW-AA-0,27.0,38.0,9.0,36.0,47.0,,,0.0,27,36,0.0,0.0
N807AW,744.0,2019,2,5,2,4,2019-05-02,AA,AA,19805,AA,486,,,,,AA,19805,AA,486,14107,1410702,30466,PHX,"Phoenix, AZ",AZ,4,Arizona,81,14908,1490803,32575,SNA,"Santa Ana, CA",CA,6,California,91,747,-3.0,0.0,0.0,-1.0,0700-0759,26.0,810.0,907.0,5.0,909,912.0,3.0,3.0,0.0,0.0,0900-0959,0.0,,0.0,82.0,88.0,57.0,1.0,338.0,2,,,0.0,,0.0,,,,0,,,,,,,,,,,,,,,,,,,,,,,,,,,,,,,,,,,,,,,,,,,,,N,8.0,12.0,7.0,9.0,3.0,1.0,39.0,49.0,7,9,3.0,1.0,39.0,49.0,4,4,1,1.0,0.0,N807AW,N807AW-AA-1,39.0,51.0,10.0,49.0,61.0,35.0,4.0,0.0,40,50,1.0,4.2
N807DN,700.0,2019,2,5,2,4,2019-05-02,DL,DL,19790,DL,2061,,,,,DL,19790,DL,2061,14100,1410005,34100,PHL,"Philadelphia, PA",PA,42,Pennsylvania,23,10397,1039707,30397,ATL,"Atlanta, GA",GA,13,Georgia,34,705,-5.0,0.0,0.0,-1.0,0700-0759,13.0,713.0,859.0,8.0,917,907.0,-10.0,0.0,0.0,-1.0,0900-0959,0.0,,0.0,132.0,127.0,106.0,1.0,666.0,3,,,0.0,,0.0,,,,0,,,,,,,,,,,,,,,,,,,,,,,,,,,,,,,,,,,,,,,,,,,,,N,0.0,0.0,7.0,9.0,0.0,0.0,28.0,36.0,7,9,0.0,1.0,28.0,37.0,6,6,0,0.0,0.0,N807DN,N807DN-DL-0,28.0,40.0,8.0,36.0,48.0,,,0.0,28,36,0.0,0.0
N807JB,658.0,2019,2,5,2,4,2019-05-02,B6,B6,20409,B6,1031,,,,,B6,20409,B6,1031,10721,1072102,30721,BOS,"Boston, MA",MA,25,Massachusetts,13,12191,1219102,31453,HOU,"Houston, TX",TX,48,Texas,74,700,-2.0,0.0,0.0,-1.0,0700-0759,17.0,715.0,1003.0,4.0,1013,1007.0,-6.0,0.0,0.0,-1.0,1000-1059,0.0,,0.0,253.0,249.0,228.0,1.0,1609.0,7,,,0.0,,0.0,,,,0,,,,,,,,,,,,,,,,,,,,,,,,,,,,,,,,,,,,,,,,,,,,,N,0.0,4.0,6.0,10.0,4.0,0.0,28.0,44.0,7,10,0.0,1.0,28.0,45.0,1,1,0,0.0,0.0,N807JB,N807JB-B6-0,28.0,40.0,16.0,44.0,56.0,,,0.0,29,45,1.0,1.26
N807NN,718.0,2019,2,5,2,4,2019-05-02,AA,AA,19805,AA,1115,,,,,AA,19805,AA,1115,11298,1129806,30194,DFW,"Dallas/Fort Worth, TX",TX,48,Texas,74,12892,1289208,32575,LAX,"Los Angeles, CA",CA,6,California,91,600,78.0,78.0,1.0,5.0,0600-0659,21.0,739.0,829.0,16.0,727,845.0,78.0,78.0,1.0,5.0,0700-0759,0.0,,0.0,207.0,207.0,170.0,1.0,1235.0,5,78.0,0.0,0.0,0.0,0.0,,,,0,,,,,,,,,,,,,,,,,,,,,,,,,,,,,,,,,,,,,,,,,,,,,N,4.0,12.0,7.0,8.0,1.0,3.0,33.0,47.0,6,7,0.0,2.0,28.0,42.0,2,2,0,0.0,0.0,N807NN,N807NN-AA-0,33.0,45.0,14.0,47.0,59.0,,,0.0,33,47,0.0,0.0
N807UA,1217.0,2019,2,5,2,4,2019-05-02,UA,UA,19977,UA,2126,,,,,UA,19977,UA,2126,14492,1449202,34492,RDU,"Raleigh/Durham, NC",NC,37,North Carolina,36,11618,1161802,31703,EWR,"Newark, NJ",NJ,34,New Jersey,21,720,297.0,297.0,1.0,12.0,0700-0759,33.0,1250.0,1357.0,10.0,857,1407.0,310.0,310.0,1.0,12.0,0800-0859,0.0,,0.0,97.0,110.0,67.0,1.0,416.0,2,297.0,0.0,13.0,0.0,0.0,,,,0,,,,,,,,,,,,,,,,,,,,,,,,,,,,,,,,,,,,,,,,,,,,,N,0.0,0.0,12.0,14.0,1.0,0.0,49.0,56.0,7,8,1.0,4.0,29.0,36.0,2,2,0,0.0,0.0,N807UA,N807UA-UA-0,48.0,61.0,7.0,55.0,68.0,,,1.0,48,55,0.0,0.0
N808AW,556.0,2019,2,5,2,4,2019-05-02,AA,AA,19805,AA,2154,,,,,AA,19805,AA,2154,12953,1295304,31703,LGA,"New York, NY",NY,36,New York,22,10721,1072102,30721,BOS,"Boston, MA",MA,25,Massachusetts,13,600,-4.0,0.0,0.0,-1.0,0600-0659,20.0,616.0,648.0,9.0,706,657.0,-9.0,0.0,0.0,-1.0,0700-0759,0.0,,0.0,66.0,61.0,32.0,1.0,184.0,1,,,0.0,,0.0,,,,0,,,,,,,,,,,,,,,,,,,,,,,,,,,,,,,,,,,,,,,,,,,,,N,0.0,0.0,5.0,6.0,4.0,4.0,24.0,28.0,6,7,0.0,0.0,24.0,28.0,2,2,0,1.0,1.0,N808AW,N808AW-AA-0,24.0,36.0,4.0,28.0,40.0,,,0.0,24,28,0.0,0.0
N808AW,755.0,2019,2,5,2,4,2019-05-02,AA,AA,19805,AA,2173,,,,,AA,19805,AA,2173,10721,1072102,30721,BOS,"Boston, MA",MA,25,Massachusetts,13,11278,1127805,30852,DCA,"Washington, DC",VA,51,Virginia,38,800,-5.0,0.0,0.0,-1.0,0800-0859,25.0,820.0,930.0,5.0,947,935.0,-12.0,0.0,0.0,-1.0,0900-0959,0.0,,0.0,107.0,100.0,70.0,1.0,399.0,2,,,0.0,,0.0,,,,0,,,,,,,,,,,,,,,,,,,,,,,,,,,,,,,,,,,,,,,,,,,,,N,0.0,0.0,7.0,9.0,4.0,2.0,32.0,38.0,8,9,0.0,3.0,32.0,39.0,3,3,1,1.0,0.0,N808AW,N808AW-AA-1,32.0,44.0,6.0,38.0,50.0,28.0,4.0,0.0,33,39,1.0,3.16
N808DN,755.0,2019,2,5,2,4,2019-05-02,DL,DL,19790,DL,1369,,,,,DL,19790,DL,1369,11986,1198603,31986,GRR,"Grand Rapids, MI",MI,26,Michigan,43,10397,1039707,30397,ATL,"Atlanta, GA",GA,13,Georgia,34,800,-5.0,0.0,0.0,-1.0,0800-0859,10.0,805.0,934.0,17.0,956,951.0,-5.0,0.0,0.0,-1.0,0900-0959,0.0,,0.0,116.0,116.0,89.0,1.0,640.0,3,,,0.0,,0.0,,,,0,,,,,,,,,,,,,,,,,,,,,,,,,,,,,,,,,,,,,,,,,,,,,N,0.0,0.0,7.0,9.0,4.0,3.0,32.0,39.0,8,9,0.0,4.0,32.0,40.0,8,8,0,0.0,0.0,N808DN,N808DN-DL-0,32.0,44.0,7.0,39.0,51.0,,,0.0,32,39,0.0,0.0
N809AE,902.0,2019,2,5,2,4,2019-05-02,AA,AA_CODESHARE,19805,AA,3853,,,,,MQ,20398,MQ,3853,11298,1129806,30194,DFW,"Dallas/Fort Worth, TX",TX,48,Texas,74,13244,1324402,33244,MEM,"Memphis, TN",TN,47,Tennessee,54,840,22.0,22.0,1.0,1.0,0800-0859,31.0,933.0,1052.0,7.0,1011,1059.0,48.0,48.0,1.0,3.0,1000-1059,0.0,,0.0,91.0,117.0,79.0,1.0,431.0,2,22.0,0.0,26.0,0.0,0.0,,,,0,,,,,,,,,,,,,,,,,,,,,,,,,,,,,,,,,,,,,,,,,,,,,N,4.0,4.0,9.0,10.0,0.0,4.0,40.0,48.0,8,10,3.0,1.0,39.0,45.0,5,5,0,0.0,0.0,N809AE,N809AE-AA-0,39.0,52.0,8.0,47.0,60.0,,,2.0,41,49,2.0,10.86
N809AW,459.0,2019,2,5,2,4,2019-05-02,AA,AA,19805,AA,468,,,,,AA,19805,AA,468,14122,1412202,30198,PIT,"Pittsburgh, PA",PA,42,Pennsylvania,23,11057,1105703,31057,CLT,"Charlotte, NC",NC,37,North Carolina,36,507,-8.0,0.0,0.0,-1.0,0001-0559,13.0,512.0,613.0,6.0,639,619.0,-20.0,0.0,0.0,-2.0,0600-0659,0.0,,0.0,92.0,80.0,61.0,1.0,366.0,2,,,0.0,,0.0,,,,0,,,,,,,,,,,,,,,,,,,,,,,,,,,,,,,,,,,,,,,,,,,,,N,0.0,0.0,4.0,6.0,4.0,1.0,20.0,25.0,5,6,0.0,3.0,20.0,27.0,9,9,0,1.0,1.0,N809AW,N809AW-AA-0,20.0,32.0,5.0,25.0,37.0,,,0.0,20,25,0.0,0.0
N809AW,750.0,2019,2,5,2,4,2019-05-02,AA,AA,19805,AA,2051,,,,,AA,19805,AA,2051,11057,1105703,31057,CLT,"Charlotte, NC",NC,37,North Carolina,36,11278,1127805,30852,DCA,"Washington, DC",VA,51,Virginia,38,750,0.0,0.0,0.0,0.0,0700-0759,15.0,805.0,902.0,3.0,929,905.0,-24.0,0.0,0.0,-2.0,0900-0959,0.0,,0.0,99.0,75.0,57.0,1.0,331.0,2,,,0.0,,0.0,,,,0,,,,,,,,,,,,,,,,,,,,,,,,,,,,,,,,,,,,,,,,,,,,,N,0.0,0.0,7.0,9.0,3.0,0.0,31.0,36.0,7,9,3.0,2.0,31.0,38.0,6,6,1,1.0,0.0,N809AW,N809AW-AA-1,31.0,43.0,5.0,36.0,48.0,25.0,6.0,0.0,31,36,0.0,0.0
N809CA,635.0,2019,2,5,2,4,2019-05-02,DL,DL_CODESHARE,19790,DL,7428,,,,,OO,20304,OO,7428,14113,1411302,34113,PIH,"Pocatello, ID",ID,16,Idaho,83,14869,1486903,34614,SLC,"Salt Lake City, UT",UT,49,Utah,87,650,-15.0,0.0,0.0,-1.0,0600-0659,8.0,643.0,707.0,8.0,750,715.0,-35.0,0.0,0.0,-2.0,0700-0759,0.0,,0.0,60.0,40.0,24.0,1.0,150.0,1,,,0.0,,0.0,,,,0,,,,,,,,,,,,,,,,,,,,,,,,,,,,,,,,,,,,,,,,,,,,,N,8.0,8.0,6.0,7.0,2.0,1.0,34.0,37.0,6,7,3.0,3.0,35.0,39.0,2,2,0,0.0,0.0,N809CA,N809CA-DL-0,35.0,46.0,3.0,38.0,49.0,,,0.0,35,38,0.0,0.0
N809DN,557.0,2019,2,5,2,4,2019-05-02,DL,DL,19790,DL,1716,,,,,DL,19790,DL,1716,11292,1129202,30325,DEN,"Denver, CO",CO,8,Colorado,82,13487,1348702,31650,MSP,"Minneapolis, MN",MN,27,Minnesota,63,600,-3.0,0.0,0.0,-1.0,0600-0659,13.0,610.0,839.0,5.0,903,844.0,-19.0,0.0,0.0,-2.0,0900-0959,0.0,,0.0,123.0,107.0,89.0,1.0,680.0,3,,,0.0,,0.0,,,,0,,,,,,,,,,,,,,,,,,,,,,,,,,,,,,,,,,,,,,,,,,,,,N,8.0,4.0,5.0,8.0,4.0,3.0,32.0,39.0,6,9,0.0,0.0,32.0,40.0,2,2,0,0.0,0.0,N809DN,N809DN-DL-0,32.0,44.0,7.0,39.0,51.0,,,0.0,34,41,2.0,5.1
N809JB,637.0,2019,2,5,2,4,2019-05-02,B6,B6,20409,B6,326,,,,,B6,20409,B6,326,15304,1530402,33195,TPA,"Tampa, FL",FL,12,Florida,33,12478,1247805,31703,JFK,"New York, NY",NY,36,New York,22,647,-10.0,0.0,0.0,-1.0,0600-0659,11.0,648.0,900.0,15.0,932,915.0,-17.0,0.0,0.0,-2.0,0900-0959,0.0,,0.0,165.0,158.0,132.0,1.0,1005.0,5,,,0.0,,0.0,,,,0,,,,,,,,,,,,,,,,,,,,,,,,,,,,,,,,,,,,,,,,,,,,,N,0.0,0.0,6.0,9.0,2.0,1.0,26.0,37.0,6,9,3.0,2.0,27.0,38.0,9,9,0,0.0,0.0,N809JB,N809JB-B6-0,27.0,38.0,11.0,38.0,49.0,,,0.0,27,38,0.0,0.0
N809MD,554.0,2019,2,5,2,4,2019-05-02,DL,DL_CODESHARE,19790,DL,5889,,,,,YX,20452,YX,5889,12953,1295304,31703,LGA,"New York, NY",NY,36,New York,22,11278,1127805,30852,DCA,"Washington, DC",VA,51,Virginia,38,600,-6.0,0.0,0.0,-1.0,0600-0659,27.0,621.0,705.0,4.0,713,709.0,-4.0,0.0,0.0,-1.0,0700-0759,0.0,,0.0,73.0,75.0,44.0,1.0,214.0,1,,,0.0,,0.0,,,,0,,,,,,,,,,,,,,,,,,,,,,,,,,,,,,,,,,,,,,,,,,,,,N,0.0,0.0,5.0,7.0,4.0,1.0,24.0,29.0,6,7,0.0,1.0,24.0,29.0,1,1,0,1.0,1.0,N809MD,N809MD-DL-0,24.0,36.0,5.0,29.0,41.0,,,0.0,24,30,1.0,1.16
N809MD,753.0,2019,2,5,2,4,2019-05-02,DL,DL_CODESHARE,19790,DL,5906,,,,,YX,20452,YX,5906,11278,1127805,30852,DCA,"Washington, DC",VA,51,Virginia,38,12953,1295304,31703,LGA,"New York, NY",NY,36,New York,22,759,-6.0,0.0,0.0,-1.0,0700-0759,24.0,817.0,900.0,10.0,921,910.0,-11.0,0.0,0.0,-1.0,0900-0959,0.0,,0.0,82.0,77.0,43.0,1.0,214.0,1,,,0.0,,0.0,,,,0,,,,,,,,,,,,,,,,,,,,,,,,,,,,,,,,,,,,,,,,,,,,,N,0.0,0.0,7.0,9.0,4.0,1.0,32.0,37.0,7,9,4.0,1.0,32.0,37.0,3,3,1,1.0,0.0,N809MD,N809MD-DL-1,32.0,44.0,5.0,37.0,49.0,29.0,3.0,0.0,33,40,3.0,11.88
N809UA,750.0,2019,2,5,2,4,2019-05-02,UA,UA,19977,UA,1585,,,,,UA,19977,UA,1585,13930,1393007,30977,ORD,"Chicago, IL",IL,17,Illinois,41,12451,1245102,31136,JAX,"Jacksonville, FL",FL,12,Florida,33,750,0.0,0.0,0.0,0.0,0700-0759,39.0,829.0,1128.0,4.0,1115,1132.0,17.0,17.0,1.0,1.0,1100-1159,0.0,,0.0,145.0,162.0,119.0,1.0,864.0,4,0.0,0.0,17.0,0.0,0.0,,,,0,,,,,,,,,,,,,,,,,,,,,,,,,,,,,,,,,,,,,,,,,,,,,N,4.0,0.0,7.0,11.0,3.0,2.0,35.0,46.0,7,11,3.0,1.0,35.0,45.0,3,3,0,0.0,0.0,N809UA,N809UA-UA-0,35.0,47.0,11.0,46.0,58.0,,,1.0,35,46,0.0,0.0
N810MD,605.0,2019,2,5,2,4,2019-05-02,DL,DL_CODESHARE,19790,DL,5987,,,,,YX,20452,YX,5987,11066,1106606,31066,CMH,"Columbus, OH",OH,39,Ohio,44,10721,1072102,30721,BOS,"Boston, MA",MA,25,Massachusetts,13,612,-7.0,0.0,0.0,-1.0,0600-0659,17.0,622.0,759.0,15.0,811,814.0,3.0,3.0,0.0,0.0,0800-0859,0.0,,0.0,119.0,129.0,97.0,1.0,640.0,3,,,0.0,,0.0,,,,0,,,,,,,,,,,,,,,,,,,,,,,,,,,,,,,,,,,,,,,,,,,,,N,0.0,0.0,6.0,8.0,0.0,1.0,24.0,33.0,6,8,1.0,1.0,25.0,33.0,1,1,0,1.0,1.0,N810MD,N810MD-DL-0,25.0,36.0,9.0,34.0,45.0,,,0.0,25,34,0.0,0.0
N810MD,851.0,2019,2,5,2,4,2019-05-02,DL,DL_CODESHARE,19790,DL,6045,,,,,YX,20452,YX,6045,10721,1072102,30721,BOS,"Boston, MA",MA,25,Massachusetts,13,12339,1233904,32337,IND,"Indianapolis, IN",IN,18,Indiana,42,851,0.0,0.0,0.0,0.0,0800-0859,25.0,916.0,1121.0,4.0,1125,1125.0,0.0,0.0,0.0,0.0,1100-1159,0.0,,0.0,154.0,154.0,125.0,1.0,818.0,4,,,0.0,,0.0,,,,0,,,,,,,,,,,,,,,,,,,,,,,,,,,,,,,,,,,,,,,,,,,,,N,0.0,0.0,8.0,11.0,3.0,2.0,35.0,46.0,8,11,3.0,2.0,35.0,46.0,9,9,1,1.0,0.0,N810MD,N810MD-DL-1,35.0,47.0,11.0,46.0,58.0,33.0,2.0,0.0,36,47,1.0,9.22
N810NN,500.0,2019,2,5,2,4,2019-05-02,AA,AA,19805,AA,235,,,,,AA,19805,AA,235,14843,1484306,34819,SJU,"San Juan, PR",PR,72,Puerto Rico,3,14100,1410005,34100,PHL,"Philadelphia, PA",PA,42,Pennsylvania,23,508,-8.0,0.0,0.0,-1.0,0001-0559,14.0,514.0,840.0,8.0,920,848.0,-32.0,0.0,0.0,-2.0,0900-0959,0.0,,0.0,252.0,228.0,206.0,1.0,1576.0,7,,,0.0,,0.0,,,,0,,,,,,,,,,,,,,,,,,,,,,,,,,,,,,,,,,,,,,,,,,,,,N,-4.0,0.0,5.0,8.0,0.0,3.0,16.0,35.0,5,9,1.0,1.0,17.0,37.0,7,7,0,0.0,0.0,N810NN,N810NN-AA-0,17.0,28.0,19.0,36.0,47.0,,,0.0,17,36,0.0,0.0
N811AB,654.0,2019,2,5,2,4,2019-05-02,AA,AA,19805,AA,149,,,,,AA,19805,AA,149,11298,1129806,30194,DFW,"Dallas/Fort Worth, TX",TX,48,Texas,74,13930,1393007,30977,ORD,"Chicago, IL",IL,17,Illinois,41,650,4.0,4.0,0.0,0.0,0600-0659,18.0,712.0,856.0,17.0,909,913.0,4.0,4.0,0.0,0.0,0900-0959,0.0,,0.0,139.0,139.0,104.0,1.0,801.0,4,,,0.0,,0.0,,,,0,,,,,,,,,,,,,,,,,,,,,,,,,,,,,,,,,,,,,,,,,,,,,N,4.0,4.0,6.0,9.0,4.0,1.0,32.0,41.0,6,9,3.0,1.0,31.0,41.0,5,5,0,0.0,0.0,N811AB,N811AB-AA-0,32.0,44.0,9.0,41.0,53.0,,,0.0,32,41,0.0,0.0
N811DZ,536.0,2019,2,5,2,4,2019-05-02,DL,DL,19790,DL,2625,,,,,DL,19790,DL,2625,14524,1452401,34524,RIC,"Richmond, VA",VA,51,Virginia,38,10397,1039707,30397,ATL,"Atlanta, GA",GA,13,Georgia,34,540,-4.0,0.0,0.0,-1.0,0001-0559,13.0,549.0,703.0,4.0,719,707.0,-12.0,0.0,0.0,-1.0,0700-0759,0.0,,0.0,99.0,91.0,74.0,1.0,481.0,2,,,0.0,,0.0,,,,0,,,,,,,,,,,,,,,,,,,,,,,,,,,,,,,,,,,,,,,,,,,,,N,0.0,0.0,5.0,7.0,2.0,0.0,22.0,28.0,5,7,3.0,1.0,23.0,29.0,7,7,0,1.0,1.0,N811DZ,N811DZ-DL-0,23.0,34.0,6.0,29.0,40.0,,,0.0,23,29,0.0,0.0
N811DZ,816.0,2019,2,5,2,4,2019-05-02,DL,DL,19790,DL,1816,,,,,DL,19790,DL,1816,10397,1039707,30397,ATL,"Atlanta, GA",GA,13,Georgia,34,11292,1129202,30325,DEN,"Denver, CO",CO,8,Colorado,82,819,-3.0,0.0,0.0,-1.0,0800-0859,12.0,828.0,909.0,6.0,930,915.0,-15.0,0.0,0.0,-1.0,0900-0959,0.0,,0.0,191.0,179.0,161.0,1.0,1199.0,5,,,0.0,,0.0,,,,0,,,,,,,,,,,,,,,,,,,,,,,,,,,,,,,,,,,,,,,,,,,,,N,0.0,8.0,8.0,9.0,1.0,1.0,33.0,45.0,8,9,1.0,2.0,33.0,46.0,7,7,1,1.0,0.0,N811DZ,N811DZ-DL-1,33.0,45.0,12.0,45.0,57.0,28.0,5.0,0.0,34,46,1.0,7.34
N811UA,620.0,2019,2,5,2,4,2019-05-02,UA,UA,19977,UA,2007,,,,,UA,19977,UA,2007,13495,1349505,33495,MSY,"New Orleans, LA",LA,22,Louisiana,72,11618,1161802,31703,EWR,"Newark, NJ",NJ,34,New Jersey,21,630,-10.0,0.0,0.0,-1.0,0600-0659,11.0,631.0,957.0,6.0,1020,1003.0,-17.0,0.0,0.0,-2.0,1000-1059,0.0,,0.0,170.0,163.0,146.0,1.0,1167.0,5,,,0.0,,0.0,,,,0,,,,,,,,,,,,,,,,,,,,,,,,,,,,,,,,,,,,,,,,,,,,,N,4.0,0.0,6.0,10.0,1.0,0.0,29.0,40.0,6,10,2.0,1.0,30.0,41.0,4,4,0,0.0,0.0,N811UA,N811UA-UA-0,30.0,41.0,11.0,41.0,52.0,,,0.0,30,41,0.0,0.0
N812AW,646.0,2019,2,5,2,4,2019-05-02,AA,AA,19805,AA,224,,,,,AA,19805,AA,224,11697,1169706,32467,FLL,"Fort Lauderdale, FL",FL,12,Florida,33,14100,1410005,34100,PHL,"Philadelphia, PA",PA,42,Pennsylvania,23,653,-7.0,0.0,0.0,-1.0,0600-0659,15.0,701.0,940.0,5.0,945,945.0,0.0,0.0,0.0,0.0,0900-0959,0.0,,0.0,172.0,179.0,159.0,1.0,992.0,4,,,0.0,,0.0,,,,0,,,,,,,,,,,,,,,,,,,,,,,,,,,,,,,,,,,,,,,,,,,,,N,0.0,0.0,6.0,9.0,3.0,3.0,27.0,39.0,6,9,4.0,3.0,28.0,39.0,1,1,0,0.0,0.0,N812AW,N812AW-AA-0,28.0,39.0,12.0,40.0,51.0,,,0.0,28,44,4.0,8.2
N812DN,900.0,2019,2,5,2,4,2019-05-02,DL,DL,19790,DL,1962,,,,,DL,19790,DL,1962,14027,1402702,34027,PBI,"West Palm Beach/Palm Beach, FL",FL,12,Florida,33,10397,1039707,30397,ATL,"Atlanta, GA",GA,13,Georgia,34,905,-5.0,0.0,0.0,-1.0,0900-0959,14.0,914.0,1030.0,9.0,1050,1039.0,-11.0,0.0,0.0,-1.0,1000-1059,0.0,,0.0,105.0,99.0,76.0,1.0,545.0,3,,,0.0,,0.0,,,,0,,,,,,,,,,,,,,,,,,,,,,,,,,,,,,,,,,,,,,,,,,,,,N,0.0,0.0,9.0,10.0,0.0,3.0,36.0,43.0,9,10,0.0,3.0,36.0,43.0,3,3,0,0.0,0.0,N812DN,N812DN-DL-0,36.0,48.0,7.0,43.0,55.0,,,0.0,36,43,0.0,0.0
N812NN,624.0,2019,2,5,2,4,2019-05-02,AA,AA,19805,AA,2567,,,,,AA,19805,AA,2567,11298,1129806,30194,DFW,"Dallas/Fort Worth, TX",TX,48,Texas,74,13303,1330303,32467,MIA,"Miami, FL",FL,12,Florida,33,620,4.0,4.0,0.0,0.0,0600-0659,20.0,644.0,1017.0,12.0,1002,1029.0,27.0,27.0,1.0,1.0,1000-1059,0.0,,0.0,162.0,185.0,153.0,1.0,1121.0,5,4.0,0.0,23.0,0.0,0.0,,,,0,,,,,,,,,,,,,,,,,,,,,,,,,,,,,,,,,,,,,,,,,,,,,N,4.0,0.0,6.0,10.0,2.0,2.0,30.0,42.0,6,10,1.0,0.0,29.0,40.0,4,4,0,0.0,0.0,N812NN,N812NN-AA-0,29.0,42.0,12.0,41.0,54.0,,,2.0,29,41,0.0,0.0
N812UA,730.0,2019,2,5,2,4,2019-05-02,UA,UA,19977,UA,2133,,,,,UA,19977,UA,2133,10257,1025702,30257,ALB,"Albany, NY",NY,36,New York,22,13930,1393007,30977,ORD,"Chicago, IL",IL,17,Illinois,41,730,0.0,0.0,0.0,0.0,0700-0759,26.0,756.0,855.0,15.0,858,910.0,12.0,12.0,0.0,0.0,0800-0859,0.0,,0.0,148.0,160.0,119.0,1.0,723.0,3,,,0.0,,0.0,,,,0,,,,,,,,,,,,,,,,,,,,,,,,,,,,,,,,,,,,,,,,,,,,,N,0.0,4.0,7.0,9.0,2.0,1.0,30.0,41.0,7,8,2.0,4.0,30.0,40.0,2,2,0,0.0,0.0,N812UA,N812UA-UA-0,30.0,42.0,11.0,41.0,53.0,,,0.0,30,41,0.0,0.0
N813AE,652.0,2019,2,5,2,4,2019-05-02,AA,AA_CODESHARE,19805,AA,4158,,,,,MQ,20398,MQ,4158,11298,1129806,30194,DFW,"Dallas/Fort Worth, TX",TX,48,Texas,74,13256,1325602,33256,MFE,"Mission/McAllen/Edinburg, TX",TX,48,Texas,74,655,-3.0,0.0,0.0,-1.0,0600-0659,29.0,721.0,839.0,3.0,830,842.0,12.0,12.0,0.0,0.0,0800-0859,0.0,,0.0,95.0,110.0,78.0,1.0,469.0,2,,,0.0,,0.0,,,,0,,,,,,,,,,,,,,,,,,,,,,,,,,,,,,,,,,,,,,,,,,,,,N,4.0,4.0,6.0,8.0,3.0,3.0,31.0,39.0,6,8,4.0,2.0,32.0,38.0,7,7,0,0.0,0.0,N813AE,N813AE-AA-0,32.0,43.0,8.0,40.0,51.0,,,0.0,32,40,0.0,0.0
N813AN,706.0,2019,2,5,2,4,2019-05-02,AA,AA,19805,AA,605,,,,,AA,19805,AA,605,13930,1393007,30977,ORD,"Chicago, IL",IL,17,Illinois,41,14107,1410702,30466,PHX,"Phoenix, AZ",AZ,4,Arizona,81,710,-4.0,0.0,0.0,-1.0,0700-0759,34.0,740.0,909.0,6.0,856,915.0,19.0,19.0,1.0,1.0,0800-0859,0.0,,0.0,226.0,249.0,209.0,1.0,1440.0,6,0.0,0.0,19.0,0.0,0.0,,,,0,,,,,,,,,,,,,,,,,,,,,,,,,,,,,,,,,,,,,,,,,,,,,N,4.0,8.0,7.0,9.0,0.0,1.0,32.0,45.0,7,8,1.0,4.0,33.0,44.0,9,9,0,0.0,0.0,N813AN,N813AN-AA-0,33.0,44.0,13.0,46.0,57.0,,,1.0,33,46,0.0,0.0
N813AW,713.0,2019,2,5,2,4,2019-05-02,AA,AA,19805,AA,2105,,,,,AA,19805,AA,2105,14107,1410702,30466,PHX,"Phoenix, AZ",AZ,4,Arizona,81,14831,1483106,32457,SJC,"San Jose, CA",CA,6,California,91,720,-7.0,0.0,0.0,-1.0,0700-0759,19.0,732.0,907.0,3.0,918,910.0,-8.0,0.0,0.0,-1.0,0900-0959,0.0,,0.0,118.0,117.0,95.0,1.0,621.0,3,,,0.0,,0.0,,,,0,,,,,,,,,,,,,,,,,,,,,,,,,,,,,,,,,,,,,,,,,,,,,N,8.0,12.0,7.0,9.0,1.0,1.0,37.0,49.0,7,9,1.0,1.0,37.0,49.0,2,2,0,0.0,0.0,N813AW,N813AW-AA-0,37.0,49.0,12.0,49.0,61.0,,,0.0,37,49,0.0,0.0
N813SK,713.0,2019,2,5,2,4,2019-05-02,DL,DL_CODESHARE,19790,DL,4104,,,,,OO,20304,OO,4104,11433,1143302,31295,DTW,"Detroit, MI",MI,26,Michigan,43,12197,1219702,31703,HPN,"White Plains, NY",NY,36,New York,22,718,-5.0,0.0,0.0,-1.0,0700-0759,13.0,726.0,835.0,4.0,900,839.0,-21.0,0.0,0.0,-2.0,0900-0959,0.0,,0.0,102.0,86.0,69.0,1.0,505.0,3,,,0.0,,0.0,,,,0,,,,,,,,,,,,,,,,,,,,,,,,,,,,,,,,,,,,,,,,,,,,,N,0.0,0.0,7.0,8.0,1.0,3.0,29.0,35.0,7,9,1.0,0.0,29.0,36.0,2,2,0,1.0,1.0,N813SK,N813SK-DL-0,29.0,41.0,6.0,35.0,47.0,,,0.0,29,35,0.0,0.0
N813SK,930.0,2019,2,5,2,4,2019-05-02,DL,DL_CODESHARE,19790,DL,4104,,,,,OO,20304,OO,4104,12197,1219702,31703,HPN,"White Plains, NY",NY,36,New York,22,11433,1143302,31295,DTW,"Detroit, MI",MI,26,Michigan,43,935,-5.0,0.0,0.0,-1.0,0900-0959,10.0,940.0,1059.0,8.0,1128,1107.0,-21.0,0.0,0.0,-2.0,1100-1159,0.0,,0.0,113.0,97.0,79.0,1.0,505.0,3,,,0.0,,0.0,,,,0,,,,,,,,,,,,,,,,,,,,,,,,,,,,,,,,,,,,,,,,,,,,,N,0.0,0.0,9.0,11.0,2.0,0.0,38.0,44.0,9,11,2.0,2.0,38.0,46.0,4,4,1,1.0,0.0,N813SK,N813SK-DL-1,38.0,50.0,6.0,44.0,56.0,35.0,3.0,0.0,38,44,0.0,0.0
N813UA,608.0,2019,2,5,2,4,2019-05-02,UA,UA,19977,UA,715,,,,,UA,19977,UA,715,14683,1468305,33214,SAT,"San Antonio, TX",TX,48,Texas,74,11618,1161802,31703,EWR,"Newark, NJ",NJ,34,New Jersey,21,615,-7.0,0.0,0.0,-1.0,0600-0659,11.0,619.0,1037.0,8.0,1057,1045.0,-12.0,0.0,0.0,-1.0,1000-1059,0.0,,0.0,222.0,217.0,198.0,1.0,1569.0,7,,,0.0,,0.0,,,,0,,,,,,,,,,,,,,,,,,,,,,,,,,,,,,,,,,,,,,,,,,,,,N,4.0,0.0,6.0,10.0,1.0,3.0,29.0,43.0,6,10,1.0,4.0,29.0,44.0,9,9,0,0.0,0.0,N813UA,N813UA-UA-0,29.0,41.0,14.0,43.0,55.0,,,0.0,29,43,0.0,0.0
N814AW,727.0,2019,2,5,2,4,2019-05-02,AA,AA,19805,AA,557,,,,,AA,19805,AA,557,10257,1025702,30257,ALB,"Albany, NY",NY,36,New York,22,11057,1105703,31057,CLT,"Charlotte, NC",NC,37,North Carolina,36,732,-5.0,0.0,0.0,-1.0,0700-0759,14.0,741.0,923.0,14.0,1001,937.0,-24.0,0.0,0.0,-2.0,1000-1059,0.0,,0.0,149.0,130.0,102.0,1.0,646.0,3,,,0.0,,0.0,,,,0,,,,,,,,,,,,,,,,,,,,,,,,,,,,,,,,,,,,,,,,,,,,,N,0.0,0.0,7.0,9.0,2.0,2.0,30.0,38.0,7,10,2.0,0.0,30.0,40.0,7,7,0,0.0,0.0,N814AW,N814AW-AA-0,30.0,42.0,8.0,38.0,50.0,,,0.0,30,38,0.0,0.0
N814DN,537.0,2019,2,5,2,4,2019-05-02,DL,DL,19790,DL,2557,,,,,DL,19790,DL,2557,13931,1393102,33667,ORF,"Norfolk, VA",VA,51,Virginia,38,10397,1039707,30397,ATL,"Atlanta, GA",GA,13,Georgia,34,539,-2.0,0.0,0.0,-1.0,0001-0559,14.0,551.0,713.0,6.0,725,719.0,-6.0,0.0,0.0,-1.0,0700-0759,0.0,,0.0,106.0,102.0,82.0,1.0,516.0,3,,,0.0,,0.0,,,,0,,,,,,,,,,,,,,,,,,,,,,,,,,,,,,,,,,,,,,,,,,,,,N,0.0,0.0,5.0,7.0,2.0,1.0,22.0,29.0,5,7,3.0,2.0,23.0,30.0,4,4,0,1.0,1.0,N814DN,N814DN-DL-0,23.0,34.0,7.0,30.0,41.0,,,0.0,23,30,0.0,0.0
N814DN,831.0,2019,2,5,2,4,2019-05-02,DL,DL,19790,DL,2403,,,,,DL,19790,DL,2403,10397,1039707,30397,ATL,"Atlanta, GA",GA,13,Georgia,34,12451,1245102,31136,JAX,"Jacksonville, FL",FL,12,Florida,33,829,2.0,2.0,0.0,0.0,0800-0859,14.0,845.0,928.0,4.0,934,932.0,-2.0,0.0,0.0,-1.0,0900-0959,0.0,,0.0,65.0,61.0,43.0,1.0,270.0,2,,,0.0,,0.0,,,,0,,,,,,,,,,,,,,,,,,,,,,,,,,,,,,,,,,,,,,,,,,,,,N,0.0,0.0,8.0,9.0,2.0,2.0,34.0,38.0,8,9,2.0,2.0,34.0,38.0,5,5,1,1.0,0.0,N814DN,N814DN-DL-1,34.0,46.0,4.0,38.0,50.0,29.0,5.0,0.0,35,39,1.0,5.4
N814NN,524.0,2019,2,5,2,4,2019-05-02,AA,AA,19805,AA,1231,,,,,AA,19805,AA,1231,11697,1169706,32467,FLL,"Fort Lauderdale, FL",FL,12,Florida,33,11298,1129806,30194,DFW,"Dallas/Fort Worth, TX",TX,48,Texas,74,525,-1.0,0.0,0.0,-1.0,0001-0559,20.0,544.0,753.0,6.0,746,759.0,13.0,13.0,0.0,0.0,0700-0759,0.0,,0.0,201.0,215.0,189.0,1.0,1119.0,5,,,0.0,,0.0,,,,0,,,,,,,,,,,,,,,,,,,,,,,,,,,,,,,,,,,,,,,,,,,,,N,0.0,4.0,5.0,7.0,2.0,4.0,22.0,36.0,5,7,2.0,3.0,22.0,35.0,3,3,0,0.0,0.0,N814NN,N814NN-AA-0,22.0,34.0,14.0,36.0,48.0,,,0.0,22,36,0.0,0.0
N815AW,947.0,2019,2,5,2,4,2019-05-02,AA,AA,19805,AA,549,,,,,AA,19805,AA,549,11433,1143302,31295,DTW,"Detroit, MI",MI,26,Michigan,43,14107,1410702,30466,PHX,"Phoenix, AZ",AZ,4,Arizona,81,950,-3.0,0.0,0.0,-1.0,0900-0959,21.0,1008.0,1113.0,3.0,1116,1116.0,0.0,0.0,0.0,0.0,1100-1159,0.0,,0.0,266.0,269.0,245.0,1.0,1671.0,7,,,0.0,,0.0,,,,0,,,,,,,,,,,,,,,,,,,,,,,,,,,,,,,,,,,,,,,,,,,,,N,0.0,8.0,9.0,11.0,3.0,1.0,39.0,53.0,9,11,3.0,1.0,39.0,53.0,5,5,0,0.0,0.0,N815AW,N815AW-AA-0,39.0,51.0,14.0,53.0,65.0,,,0.0,39,53,0.0,0.0
N815DN,712.0,2019,2,5,2,4,2019-05-02,DL,DL,19790,DL,2905,,,,,DL,19790,DL,2905,11193,1119302,33105,CVG,"Cincinnati, OH",KY,21,Kentucky,52,14771,1477104,32457,SFO,"San Francisco, CA",CA,6,California,91,715,-3.0,0.0,0.0,-1.0,0700-0759,9.0,721.0,919.0,4.0,901,923.0,22.0,22.0,1.0,1.0,0900-0959,0.0,,0.0,286.0,311.0,298.0,1.0,2036.0,9,0.0,0.0,22.0,0.0,0.0,,,,0,,,,,,,,,,,,,,,,,,,,,,,,,,,,,,,,,,,,,,,,,,,,,N,0.0,12.0,7.0,9.0,1.0,2.0,29.0,50.0,7,9,1.0,0.0,29.0,48.0,9,9,0,0.0,0.0,N815DN,N815DN-DL-0,29.0,41.0,21.0,50.0,62.0,,,1.0,29,50,0.0,0.0
N815MD,652.0,2019,2,5,2,4,2019-05-02,DL,DL_CODESHARE,19790,DL,6108,,,,,YX,20452,YX,6108,10792,1079206,30792,BUF,"Buffalo, NY",NY,36,New York,22,10721,1072102,30721,BOS,"Boston, MA",MA,25,Massachusetts,13,700,-8.0,0.0,0.0,-1.0,0700-0759,14.0,706.0,817.0,11.0,832,828.0,-4.0,0.0,0.0,-1.0,0800-0859,0.0,,0.0,92.0,96.0,71.0,1.0,395.0,2,,,0.0,,0.0,,,,0,,,,,,,,,,,,,,,,,,,,,,,,,,,,,,,,,,,,,,,,,,,,,N,0.0,0.0,6.0,8.0,3.0,2.0,27.0,34.0,7,8,0.0,2.0,28.0,34.0,4,4,0,1.0,1.0,N815MD,N815MD-DL-0,28.0,39.0,7.0,35.0,46.0,,,0.0,28,35,0.0,0.0
N815MD,904.0,2019,2,5,2,4,2019-05-02,DL,DL_CODESHARE,19790,DL,6113,,,,,YX,20452,YX,6113,10721,1072102,30721,BOS,"Boston, MA",MA,25,Massachusetts,13,11066,1106606,31066,CMH,"Columbus, OH",OH,39,Ohio,44,912,-8.0,0.0,0.0,-1.0,0900-0959,34.0,938.0,1117.0,3.0,1125,1120.0,-5.0,0.0,0.0,-1.0,1100-1159,0.0,,0.0,133.0,136.0,99.0,1.0,640.0,3,,,0.0,,0.0,,,,0,,,,,,,,,,,,,,,,,,,,,,,,,,,,,,,,,,,,,,,,,,,,,N,0.0,0.0,9.0,11.0,0.0,1.0,36.0,45.0,9,11,1.0,2.0,37.0,46.0,7,7,1,1.0,0.0,N815MD,N815MD-DL-1,37.0,48.0,9.0,46.0,57.0,34.0,2.0,0.0,37,46,0.0,0.0
N815SK,724.0,2019,2,5,2,4,2019-05-02,DL,DL_CODESHARE,19790,DL,3807,,,,,OO,20304,OO,3807,11433,1143302,31295,DTW,"Detroit, MI",MI,26,Michigan,43,11042,1104205,30647,CLE,"Cleveland, OH",OH,39,Ohio,44,725,-1.0,0.0,0.0,-1.0,0700-0759,19.0,743.0,805.0,12.0,822,817.0,-5.0,0.0,0.0,-1.0,0800-0859,0.0,,0.0,57.0,53.0,22.0,1.0,95.0,1,,,0.0,,0.0,,,,0,,,,,,,,,,,,,,,,,,,,,,,,,,,,,,,,,,,,,,,,,,,,,N,0.0,0.0,7.0,8.0,2.0,1.0,30.0,33.0,7,8,2.0,1.0,30.0,33.0,7,7,0,1.0,1.0,N815SK,N815SK-DL-0,30.0,42.0,3.0,33.0,45.0,,,0.0,30,33,0.0,0.0
N815SK,914.0,2019,2,5,2,4,2019-05-02,DL,DL_CODESHARE,19790,DL,3837,,,,,OO,20304,OO,3837,11042,1104205,30647,CLE,"Cleveland, OH",OH,39,Ohio,44,13487,1348702,31650,MSP,"Minneapolis, MN",MN,27,Minnesota,63,915,-1.0,0.0,0.0,-1.0,0900-0959,19.0,933.0,1010.0,4.0,1021,1014.0,-7.0,0.0,0.0,-1.0,1000-1059,0.0,,0.0,126.0,120.0,97.0,1.0,622.0,3,,,0.0,,0.0,,,,0,,,,,,,,,,,,,,,,,,,,,,,,,,,,,,,,,,,,,,,,,,,,,N,0.0,4.0,9.0,10.0,1.0,1.0,37.0,45.0,9,10,1.0,1.0,37.0,45.0,7,7,1,1.0,0.0,N815SK,N815SK-DL-1,37.0,49.0,8.0,45.0,57.0,33.0,4.0,0.0,37,45,0.0,0.0
N815UA,908.0,2019,2,5,2,4,2019-05-02,UA,UA,19977,UA,357,,,,,UA,19977,UA,357,11193,1119302,33105,CVG,"Cincinnati, OH",KY,21,Kentucky,52,14771,1477104,32457,SFO,"San Francisco, CA",CA,6,California,91,725,103.0,103.0,1.0,6.0,0700-0759,12.0,920.0,1126.0,5.0,935,1131.0,116.0,116.0,1.0,7.0,0900-0959,0.0,,0.0,310.0,323.0,306.0,1.0,2036.0,9,19.0,0.0,13.0,0.0,84.0,,,,0,,,,,,,,,,,,,,,,,,,,,,,,,,,,,,,,,,,,,,,,,,,,,N,0.0,12.0,9.0,11.0,1.0,2.0,37.0,58.0,7,9,2.0,2.0,30.0,50.0,1,1,0,0.0,0.0,N815UA,N815UA-UA-0,30.0,49.0,21.0,51.0,70.0,,,6.0,30,55,4.0,7.6
N816AW,640.0,2019,2,5,2,4,2019-05-02,AA,AA,19805,AA,400,,,,,AA,19805,AA,400,11278,1127805,30852,DCA,"Washington, DC",VA,51,Virginia,38,11057,1105703,31057,CLT,"Charlotte, NC",NC,37,North Carolina,36,643,-3.0,0.0,0.0,-1.0,0600-0659,19.0,659.0,756.0,9.0,821,805.0,-16.0,0.0,0.0,-2.0,0800-0859,0.0,,0.0,98.0,85.0,57.0,1.0,331.0,2,,,0.0,,0.0,,,,0,,,,,,,,,,,,,,,,,,,,,,,,,,,,,,,,,,,,,,,,,,,,,N,0.0,0.0,6.0,8.0,3.0,0.0,27.0,32.0,6,8,3.0,1.0,27.0,33.0,6,6,0,1.0,1.0,N816AW,N816AW-AA-0,27.0,39.0,5.0,32.0,44.0,,,0.0,27,32,0.0,0.0
N816AW,918.0,2019,2,5,2,4,2019-05-02,AA,AA,19805,AA,1860,,,,,AA,19805,AA,1860,11057,1105703,31057,CLT,"Charlotte, NC",NC,37,North Carolina,36,14576,1457606,34576,ROC,"Rochester, NY",NY,36,New York,22,920,-2.0,0.0,0.0,-1.0,0900-0959,11.0,929.0,1046.0,3.0,1106,1049.0,-17.0,0.0,0.0,-2.0,1100-1159,0.0,,0.0,106.0,91.0,77.0,1.0,573.0,3,,,0.0,,0.0,,,,0,,,,,,,,,,,,,,,,,,,,,,,,,,,,,,,,,,,,,,,,,,,,,N,0.0,0.0,9.0,10.0,1.0,3.0,37.0,43.0,9,11,1.0,0.0,37.0,44.0,3,3,1,1.0,0.0,N816AW,N816AW-AA-1,37.0,49.0,6.0,43.0,55.0,32.0,5.0,0.0,37,43,0.0,0.0
N816DN,844.0,2019,2,5,2,4,2019-05-02,DL,DL,19790,DL,1652,,,,,DL,19790,DL,1652,13487,1348702,31650,MSP,"Minneapolis, MN",MN,27,Minnesota,63,14635,1463502,31714,RSW,"Fort Myers, FL",FL,12,Florida,33,845,-1.0,0.0,0.0,-1.0,0800-0859,23.0,907.0,1306.0,5.0,1310,1311.0,1.0,1.0,0.0,0.0,1300-1359,0.0,,0.0,205.0,207.0,179.0,1.0,1416.0,6,,,0.0,,0.0,,,,0,,,,,,,,,,,,,,,,,,,,,,,,,,,,,,,,,,,,,,,,,,,,,N,4.0,0.0,8.0,13.0,3.0,1.0,39.0,53.0,8,13,3.0,1.0,39.0,53.0,2,2,0,0.0,0.0,N816DN,N816DN-DL-0,39.0,51.0,14.0,53.0,65.0,,,0.0,39,53,0.0,0.0
N816NN,708.0,2019,2,5,2,4,2019-05-02,AA,AA,19805,AA,1088,,,,,AA,19805,AA,1088,14492,1449202,34492,RDU,"Raleigh/Durham, NC",NC,37,North Carolina,36,13303,1330303,32467,MIA,"Miami, FL",FL,12,Florida,33,703,5.0,5.0,0.0,0.0,0700-0759,13.0,721.0,904.0,7.0,919,911.0,-8.0,0.0,0.0,-1.0,0900-0959,0.0,,0.0,136.0,123.0,103.0,1.0,700.0,3,,,0.0,,0.0,,,,0,,,,,,,,,,,,,,,,,,,,,,,,,,,,,,,,,,,,,,,,,,,,,N,0.0,0.0,7.0,9.0,1.0,1.0,29.0,37.0,7,9,0.0,1.0,28.0,37.0,5,5,0,0.0,0.0,N816NN,N816NN-AA-0,29.0,41.0,8.0,37.0,49.0,,,0.0,29,37,0.0,0.0
N816UA,915.0,2019,2,5,2,4,2019-05-02,UA,UA,19977,UA,625,,,,,UA,19977,UA,625,13244,1324402,33244,MEM,"Memphis, TN",TN,47,Tennessee,54,12266,1226603,31453,IAH,"Houston, TX",TX,48,Texas,74,640,155.0,155.0,1.0,10.0,0600-0659,23.0,938.0,1124.0,10.0,828,1134.0,186.0,186.0,1.0,12.0,0800-0859,0.0,,0.0,108.0,139.0,106.0,1.0,468.0,2,0.0,0.0,186.0,0.0,0.0,,,,0,,,,,,,,,,,,,,,,,,,,,,,,,,,,,,,,,,,,,,,,,,,,,N,4.0,4.0,9.0,11.0,1.0,2.0,41.0,50.0,6,8,3.0,2.0,31.0,38.0,6,6,0,0.0,0.0,N816UA,N816UA-UA-0,31.0,53.0,9.0,40.0,62.0,,,12.0,31,40,0.0,0.0
N817AE,909.0,2019,2,5,2,4,2019-05-02,AA,AA_CODESHARE,19805,AA,4056,,,,,MQ,20398,MQ,4056,11042,1104205,30647,CLE,"Cleveland, OH",OH,39,Ohio,44,12953,1295304,31703,LGA,"New York, NY",NY,36,New York,22,915,-6.0,0.0,0.0,-1.0,0900-0959,40.0,949.0,1100.0,22.0,1100,1122.0,22.0,22.0,1.0,1.0,1100-1159,0.0,,0.0,105.0,133.0,71.0,1.0,419.0,2,0.0,0.0,22.0,0.0,0.0,,,,0,,,,,,,,,,,,,,,,,,,,,,,,,,,,,,,,,,,,,,,,,,,,,N,0.0,0.0,9.0,11.0,1.0,1.0,37.0,45.0,9,11,1.0,0.0,37.0,44.0,9,9,0,0.0,0.0,N817AE,N817AE-AA-0,37.0,49.0,8.0,45.0,57.0,,,1.0,37,45,0.0,0.0
N817AW,727.0,2019,2,5,2,4,2019-05-02,AA,AA,19805,AA,2130,,,,,AA,19805,AA,2130,11278,1127805,30852,DCA,"Washington, DC",VA,51,Virginia,38,10721,1072102,30721,BOS,"Boston, MA",MA,25,Massachusetts,13,730,-3.0,0.0,0.0,-1.0,0700-0759,24.0,751.0,858.0,12.0,902,910.0,8.0,8.0,0.0,0.0,0900-0959,0.0,,0.0,92.0,103.0,67.0,1.0,399.0,2,,,0.0,,0.0,,,,0,,,,,,,,,,,,,,,,,,,,,,,,,,,,,,,,,,,,,,,,,,,,,N,0.0,0.0,7.0,9.0,2.0,1.0,30.0,37.0,7,9,2.0,0.0,30.0,36.0,8,8,0,0.0,0.0,N817AW,N817AW-AA-0,30.0,42.0,7.0,37.0,49.0,,,0.0,30,37,0.0,0.0
N817DN,557.0,2019,2,5,2,4,2019-05-02,DL,DL,19790,DL,572,,,,,DL,19790,DL,572,11433,1143302,31295,DTW,"Detroit, MI",MI,26,Michigan,43,10397,1039707,30397,ATL,"Atlanta, GA",GA,13,Georgia,34,600,-3.0,0.0,0.0,-1.0,0600-0659,18.0,615.0,747.0,8.0,803,755.0,-8.0,0.0,0.0,-1.0,0800-0859,0.0,,0.0,123.0,118.0,92.0,1.0,594.0,3,,,0.0,,0.0,,,,0,,,,,,,,,,,,,,,,,,,,,,,,,,,,,,,,,,,,,,,,,,,,,N,0.0,0.0,5.0,7.0,4.0,4.0,24.0,32.0,6,8,0.0,0.0,24.0,32.0,4,4,0,0.0,0.0,N817DN,N817DN-DL-0,24.0,36.0,8.0,32.0,44.0,,,0.0,24,32,0.0,0.0
N817NN,615.0,2019,2,5,2,4,2019-05-02,AA,AA,19805,AA,1178,,,,,AA,19805,AA,1178,11278,1127805,30852,DCA,"Washington, DC",VA,51,Virginia,38,13303,1330303,32467,MIA,"Miami, FL",FL,12,Florida,33,615,0.0,0.0,0.0,0.0,0600-0659,13.0,628.0,840.0,10.0,902,850.0,-12.0,0.0,0.0,-1.0,0900-0959,0.0,,0.0,167.0,155.0,132.0,1.0,919.0,4,,,0.0,,0.0,,,,0,,,,,,,,,,,,,,,,,,,,,,,,,,,,,,,,,,,,,,,,,,,,,N,0.0,0.0,6.0,8.0,1.0,3.0,25.0,35.0,6,9,1.0,0.0,25.0,36.0,7,7,0,1.0,1.0,N817NN,N817NN-AA-0,25.0,37.0,10.0,35.0,47.0,,,0.0,25,35,0.0,0.0
N817NN,948.0,2019,2,5,2,4,2019-05-02,AA,AA,19805,AA,335,,,,,AA,19805,AA,335,13303,1330303,32467,MIA,"Miami, FL",FL,12,Florida,33,13930,1393007,30977,ORD,"Chicago, IL",IL,17,Illinois,41,840,68.0,68.0,1.0,4.0,0800-0859,13.0,1001.0,1152.0,14.0,1111,1206.0,55.0,55.0,1.0,3.0,1100-1159,0.0,,0.0,211.0,198.0,171.0,1.0,1197.0,5,2.0,0.0,0.0,0.0,53.0,,,,0,,,,,,,,,,,,,,,,,,,,,,,,,,,,,,,,,,,,,,,,,,,,,N,0.0,4.0,9.0,12.0,3.0,0.0,39.0,52.0,8,11,3.0,1.0,35.0,49.0,7,7,1,1.0,0.0,N817NN,N817NN-AA-1,35.0,51.0,13.0,48.0,64.0,35.0,4.0,4.0,36,49,1.0,7.18
N817SK,655.0,2019,2,5,2,4,2019-05-02,DL,DL_CODESHARE,19790,DL,3623,,,,,OO,20304,OO,3623,11267,1126702,31267,DAY,"Dayton, OH",OH,39,Ohio,44,13487,1348702,31650,MSP,"Minneapolis, MN",MN,27,Minnesota,63,700,-5.0,0.0,0.0,-1.0,0700-0759,38.0,733.0,805.0,6.0,803,811.0,8.0,8.0,0.0,0.0,0800-0859,0.0,,0.0,123.0,136.0,92.0,1.0,574.0,3,,,0.0,,0.0,,,,0,,,,,,,,,,,,,,,,,,,,,,,,,,,,,,,,,,,,,,,,,,,,,N,0.0,4.0,6.0,8.0,4.0,1.0,28.0,37.0,7,8,0.0,0.0,28.0,36.0,7,7,0,0.0,0.0,N817SK,N817SK-DL-0,28.0,40.0,9.0,37.0,49.0,,,0.0,28,37,0.0,0.0
N817UA,607.0,2019,2,5,2,4,2019-05-02,UA,UA,19977,UA,2113,,,,,UA,19977,UA,2113,14100,1410005,34100,PHL,"Philadelphia, PA",PA,42,Pennsylvania,23,12266,1226603,31453,IAH,"Houston, TX",TX,48,Texas,74,600,7.0,7.0,0.0,0.0,0600-0659,13.0,620.0,926.0,4.0,841,930.0,49.0,49.0,1.0,3.0,0800-0859,0.0,,0.0,221.0,263.0,246.0,1.0,1325.0,6,7.0,0.0,42.0,0.0,0.0,,,,0,,,,,,,,,,,,,,,,,,,,,,,,,,,,,,,,,,,,,,,,,,,,,N,0.0,4.0,6.0,9.0,0.0,2.0,24.0,42.0,6,8,0.0,3.0,24.0,39.0,4,4,0,0.0,0.0,N817UA,N817UA-UA-0,24.0,36.0,18.0,42.0,54.0,,,3.0,26,44,2.0,8.94
N818AE,645.0,2019,2,5,2,4,2019-05-02,AA,AA_CODESHARE,19805,AA,3780,,,,,MQ,20398,MQ,3780,12323,1232305,32323,ILM,"Wilmington, NC",NC,37,North Carolina,36,12953,1295304,31703,LGA,"New York, NY",NY,36,New York,22,650,-5.0,0.0,0.0,-1.0,0600-0659,16.0,701.0,824.0,10.0,838,834.0,-4.0,0.0,0.0,-1.0,0800-0859,0.0,,0.0,108.0,109.0,83.0,1.0,500.0,3,,,0.0,,0.0,,,,0,,,,,,,,,,,,,,,,,,,,,,,,,,,,,,,,,,,,,,,,,,,,,N,0.0,0.0,6.0,8.0,3.0,2.0,27.0,34.0,6,8,3.0,3.0,27.0,35.0,7,7,0,1.0,1.0,N818AE,N818AE-AA-0,27.0,39.0,7.0,34.0,46.0,,,0.0,27,34,0.0,0.0
N818AE,928.0,2019,2,5,2,4,2019-05-02,AA,AA_CODESHARE,19805,AA,3958,,,,,MQ,20398,MQ,3958,12953,1295304,31703,LGA,"New York, NY",NY,36,New York,22,14122,1412202,30198,PIT,"Pittsburgh, PA",PA,42,Pennsylvania,23,912,16.0,16.0,1.0,1.0,0900-0959,36.0,1004.0,1103.0,6.0,1054,1109.0,15.0,15.0,1.0,1.0,1000-1059,0.0,,0.0,102.0,101.0,59.0,1.0,335.0,2,15.0,0.0,0.0,0.0,0.0,,,,0,,,,,,,,,,,,,,,,,,,,,,,,,,,,,,,,,,,,,,,,,,,,,N,0.0,0.0,9.0,11.0,2.0,1.0,38.0,45.0,9,10,1.0,4.0,37.0,44.0,4,4,1,1.0,0.0,N818AE,N818AE-AA-1,38.0,50.0,7.0,45.0,57.0,34.0,4.0,0.0,38,45,0.0,0.0
N818AW,752.0,2019,2,5,2,4,2019-05-02,AA,AA,19805,AA,1958,,,,,AA,19805,AA,1958,11066,1106606,31066,CMH,"Columbus, OH",OH,39,Ohio,44,14107,1410702,30466,PHX,"Phoenix, AZ",AZ,4,Arizona,81,710,42.0,42.0,1.0,2.0,0700-0759,18.0,810.0,910.0,4.0,851,914.0,23.0,23.0,1.0,1.0,0800-0859,0.0,,0.0,281.0,262.0,240.0,1.0,1670.0,7,23.0,0.0,0.0,0.0,0.0,,,,0,,,,,,,,,,,,,,,,,,,,,,,,,,,,,,,,,,,,,,,,,,,,,N,0.0,8.0,7.0,9.0,3.0,1.0,31.0,45.0,7,8,1.0,3.0,29.0,43.0,7,7,0,0.0,0.0,N818AW,N818AW-AA-0,31.0,43.0,14.0,45.0,57.0,,,0.0,31,45,0.0,0.0
N818MD,554.0,2019,2,5,2,4,2019-05-02,DL,DL_CODESHARE,19790,DL,5922,,,,,YX,20452,YX,5922,13198,1319801,33198,MCI,"Kansas City, MO",MO,29,Missouri,64,10721,1072102,30721,BOS,"Boston, MA",MA,25,Massachusetts,13,600,-6.0,0.0,0.0,-1.0,0600-0659,12.0,606.0,942.0,13.0,1008,955.0,-13.0,0.0,0.0,-1.0,1000-1059,0.0,,0.0,188.0,181.0,156.0,1.0,1256.0,6,,,0.0,,0.0,,,,0,,,,,,,,,,,,,,,,,,,,,,,,,,,,,,,,,,,,,,,,,,,,,N,4.0,0.0,5.0,9.0,4.0,4.0,28.0,40.0,6,10,0.0,1.0,28.0,41.0,7,7,0,0.0,0.0,N818MD,N818MD-DL-0,28.0,40.0,12.0,40.0,52.0,,,0.0,28,40,0.0,0.0
N818UA,618.0,2019,2,5,2,4,2019-05-02,UA,UA,19977,UA,2123,,,,,UA,19977,UA,2123,10423,1042302,30423,AUS,"Austin, TX",TX,48,Texas,74,14771,1477104,32457,SFO,"San Francisco, CA",CA,6,California,91,632,-14.0,0.0,0.0,-1.0,0600-0659,17.0,635.0,804.0,7.0,830,811.0,-19.0,0.0,0.0,-2.0,0800-0859,0.0,,0.0,238.0,233.0,209.0,1.0,1504.0,7,,,0.0,,0.0,,,,0,,,,,,,,,,,,,,,,,,,,,,,,,,,,,,,,,,,,,,,,,,,,,N,4.0,12.0,6.0,8.0,1.0,1.0,29.0,45.0,6,8,2.0,2.0,30.0,46.0,3,3,0,0.0,0.0,N818UA,N818UA-UA-0,30.0,41.0,16.0,46.0,57.0,,,0.0,30,46,0.0,0.0
N819AN,700.0,2019,2,5,2,4,2019-05-02,AA,AA,19805,AA,1625,,,,,AA,19805,AA,1625,13930,1393007,30977,ORD,"Chicago, IL",IL,17,Illinois,41,11298,1129806,30194,DFW,"Dallas/Fort Worth, TX",TX,48,Texas,74,705,-5.0,0.0,0.0,-1.0,0700-0759,23.0,723.0,926.0,13.0,930,939.0,9.0,9.0,0.0,0.0,0900-0959,0.0,,0.0,145.0,159.0,123.0,1.0,801.0,4,,,0.0,,0.0,,,,0,,,,,,,,,,,,,,,,,,,,,,,,,,,,,,,,,,,,,,,,,,,,,N,4.0,4.0,7.0,9.0,0.0,3.0,32.0,43.0,7,9,0.0,2.0,32.0,42.0,6,6,0,0.0,0.0,N819AN,N819AN-AA-0,32.0,44.0,11.0,43.0,55.0,,,0.0,32,43,0.0,0.0
N819AY,714.0,2019,2,5,2,4,2019-05-02,DL,DL_CODESHARE,19790,DL,5104,,,,,9E,20363,9E,5104,10980,1098002,30980,CHA,"Chattanooga, TN",TN,47,Tennessee,54,11433,1143302,31295,DTW,"Detroit, MI",MI,26,Michigan,43,720,-6.0,0.0,0.0,-1.0,0700-0759,11.0,725.0,852.0,8.0,915,900.0,-15.0,0.0,0.0,-1.0,0900-0959,0.0,,0.0,115.0,106.0,87.0,1.0,505.0,3,,,0.0,,0.0,,,,0,,,,,,,,,,,,,,,,,,,,,,,,,,,,,,,,,,,,,,,,,,,,,N,0.0,0.0,7.0,9.0,1.0,0.0,29.0,36.0,7,9,1.0,1.0,29.0,37.0,6,6,0,0.0,0.0,N819AY,N819AY-DL-0,29.0,41.0,7.0,36.0,48.0,,,0.0,29,36,0.0,0.0
N819DN,620.0,2019,2,5,2,4,2019-05-02,DL,DL,19790,DL,1935,,,,,DL,19790,DL,1935,14057,1405702,34057,PDX,"Portland, OR",OR,41,Oregon,92,10397,1039707,30397,ATL,"Atlanta, GA",GA,13,Georgia,34,615,5.0,5.0,0.0,0.0,0600-0659,11.0,631.0,1351.0,7.0,1357,1358.0,1.0,1.0,0.0,0.0,1300-1359,0.0,,0.0,282.0,278.0,260.0,1.0,2172.0,9,,,0.0,,0.0,,,,0,,,,,,,,,,,,,,,,,,,,,,,,,,,,,,,,,,,,,,,,,,,,,N,12.0,0.0,6.0,13.0,1.0,4.0,37.0,56.0,6,13,1.0,4.0,37.0,56.0,7,7,0,0.0,0.0,N819DN,N819DN-DL-0,37.0,49.0,19.0,56.0,68.0,,,0.0,37,56,0.0,0.0
N819UA,551.0,2019,2,5,2,4,2019-05-02,UA,UA,19977,UA,2068,,,,,UA,19977,UA,2068,13264,1326403,33264,MFR,"Medford, OR",OR,41,Oregon,92,14771,1477104,32457,SFO,"San Francisco, CA",CA,6,California,91,600,-9.0,0.0,0.0,-1.0,0600-0659,12.0,603.0,658.0,8.0,723,706.0,-17.0,0.0,0.0,-2.0,0700-0759,0.0,,0.0,83.0,75.0,55.0,1.0,329.0,2,,,0.0,,0.0,,,,0,,,,,,,,,,,,,,,,,,,,,,,,,,,,,,,,,,,,,,,,,,,,,N,12.0,12.0,5.0,7.0,3.0,0.0,35.0,40.0,6,7,0.0,2.0,36.0,42.0,6,6,0,0.0,0.0,N819UA,N819UA-UA-0,36.0,47.0,5.0,41.0,52.0,,,0.0,36,41,0.0,0.0
N820AE,556.0,2019,2,5,2,4,2019-05-02,AA,AA_CODESHARE,19805,AA,3985,,,,,MQ,20398,MQ,3985,14492,1449202,34492,RDU,"Raleigh/Durham, NC",NC,37,North Carolina,36,12478,1247805,31703,JFK,"New York, NY",NY,36,New York,22,603,-7.0,0.0,0.0,-1.0,0600-0659,19.0,615.0,728.0,9.0,748,737.0,-11.0,0.0,0.0,-1.0,0700-0759,0.0,,0.0,105.0,101.0,73.0,1.0,427.0,2,,,0.0,,0.0,,,,0,,,,,,,,,,,,,,,,,,,,,,,,,,,,,,,,,,,,,,,,,,,,,N,0.0,0.0,5.0,7.0,4.0,2.0,24.0,30.0,6,7,0.0,3.0,24.0,31.0,5,5,0,1.0,1.0,N820AE,N820AE-AA-0,24.0,36.0,6.0,30.0,42.0,,,0.0,24,30,0.0,0.0
N820AE,824.0,2019,2,5,2,4,2019-05-02,AA,AA_CODESHARE,19805,AA,3878,,,,,MQ,20398,MQ,3878,12478,1247805,31703,JFK,"New York, NY",NY,36,New York,22,14492,1449202,34492,RDU,"Raleigh/Durham, NC",NC,37,North Carolina,36,829,-5.0,0.0,0.0,-1.0,0800-0859,30.0,854.0,1007.0,6.0,1021,1013.0,-8.0,0.0,0.0,-1.0,1000-1059,0.0,,0.0,112.0,109.0,73.0,1.0,427.0,2,,,0.0,,0.0,,,,0,,,,,,,,,,,,,,,,,,,,,,,,,,,,,,,,,,,,,,,,,,,,,N,0.0,0.0,8.0,10.0,2.0,1.0,34.0,41.0,8,10,2.0,1.0,34.0,41.0,8,8,1,1.0,0.0,N820AE,N820AE-AA-1,34.0,46.0,7.0,41.0,53.0,30.0,4.0,0.0,34,41,0.0,0.0
N820AY,557.0,2019,2,5,2,4,2019-05-02,DL,DL_CODESHARE,19790,DL,3440,,,,,9E,20363,9E,3440,12264,1226402,30852,IAD,"Washington, DC",VA,51,Virginia,38,12478,1247805,31703,JFK,"New York, NY",NY,36,New York,22,600,-3.0,0.0,0.0,-1.0,0600-0659,13.0,610.0,701.0,6.0,721,707.0,-14.0,0.0,0.0,-1.0,0700-0759,0.0,,0.0,81.0,70.0,51.0,1.0,228.0,1,,,0.0,,0.0,,,,0,,,,,,,,,,,,,,,,,,,,,,,,,,,,,,,,,,,,,,,,,,,,,N,0.0,0.0,5.0,7.0,4.0,0.0,24.0,28.0,6,7,0.0,1.0,24.0,29.0,6,6,0,1.0,1.0,N820AY,N820AY-DL-0,24.0,36.0,4.0,28.0,40.0,,,0.0,24,28,0.0,0.0
N820AY,759.0,2019,2,5,2,4,2019-05-02,DL,DL_CODESHARE,19790,DL,5286,,,,,9E,20363,9E,5286,12478,1247805,31703,JFK,"New York, NY",NY,36,New York,22,10821,1082106,30852,BWI,"Baltimore, MD",MD,24,Maryland,35,805,-6.0,0.0,0.0,-1.0,0800-0859,17.0,816.0,855.0,19.0,925,914.0,-11.0,0.0,0.0,-1.0,0900-0959,0.0,,0.0,80.0,75.0,39.0,1.0,184.0,1,,,0.0,,0.0,,,,0,,,,,,,,,,,,,,,,,,,,,,,,,,,,,,,,,,,,,,,,,,,,,N,0.0,0.0,7.0,9.0,4.0,1.0,32.0,37.0,8,9,0.0,2.0,32.0,38.0,4,4,1,1.0,0.0,N820AY,N820AY-DL-1,32.0,44.0,5.0,37.0,49.0,28.0,4.0,0.0,32,37,0.0,0.0
N820DN,703.0,2019,2,5,2,4,2019-05-02,DL,DL,19790,DL,1737,,,,,DL,19790,DL,1737,11433,1143302,31295,DTW,"Detroit, MI",MI,26,Michigan,43,10821,1082106,30852,BWI,"Baltimore, MD",MD,24,Maryland,35,707,-4.0,0.0,0.0,-1.0,0700-0759,15.0,718.0,819.0,6.0,843,825.0,-18.0,0.0,0.0,-2.0,0800-0859,0.0,,0.0,96.0,82.0,61.0,1.0,409.0,2,,,0.0,,0.0,,,,0,,,,,,,,,,,,,,,,,,,,,,,,,,,,,,,,,,,,,,,,,,,,,N,0.0,0.0,7.0,8.0,0.0,2.0,28.0,34.0,7,8,0.0,3.0,28.0,35.0,2,2,0,1.0,1.0,N820DN,N820DN-DL-0,28.0,40.0,6.0,34.0,46.0,,,0.0,28,34,0.0,0.0
N820DN,938.0,2019,2,5,2,4,2019-05-02,DL,DL,19790,DL,1737,,,,,DL,19790,DL,1737,10821,1082106,30852,BWI,"Baltimore, MD",MD,24,Maryland,35,11433,1143302,31295,DTW,"Detroit, MI",MI,26,Michigan,43,941,-3.0,0.0,0.0,-1.0,0900-0959,12.0,950.0,1058.0,4.0,1112,1102.0,-10.0,0.0,0.0,-1.0,1100-1159,0.0,,0.0,91.0,84.0,68.0,1.0,409.0,2,,,0.0,,0.0,,,,0,,,,,,,,,,,,,,,,,,,,,,,,,,,,,,,,,,,,,,,,,,,,,N,0.0,0.0,9.0,11.0,3.0,0.0,39.0,44.0,9,11,3.0,1.0,39.0,45.0,6,6,1,1.0,0.0,N820DN,N820DN-DL-1,39.0,51.0,5.0,44.0,56.0,34.0,5.0,0.0,40,45,1.0,6.34
N820SK,532.0,2019,2,5,2,4,2019-05-02,DL,DL_CODESHARE,19790,DL,3976,,,,,OO,20304,OO,3976,11977,1197705,31977,GRB,"Green Bay, WI",WI,55,Wisconsin,45,10397,1039707,30397,ATL,"Atlanta, GA",GA,13,Georgia,34,535,-3.0,0.0,0.0,-1.0,0001-0559,17.0,549.0,841.0,9.0,854,850.0,-4.0,0.0,0.0,-1.0,0800-0859,0.0,,0.0,139.0,138.0,112.0,1.0,774.0,4,,,0.0,,0.0,,,,0,,,,,,,,,,,,,,,,,,,,,,,,,,,,,,,,,,,,,,,,,,,,,N,4.0,0.0,5.0,8.0,2.0,3.0,26.0,35.0,5,8,2.0,4.0,26.0,36.0,6,6,0,0.0,0.0,N820SK,N820SK-DL-0,26.0,38.0,9.0,35.0,47.0,,,0.0,26,35,0.0,0.0
N820UA,610.0,2019,2,5,2,4,2019-05-02,UA,UA,19977,UA,2182,,,,,UA,19977,UA,2182,11337,1133703,31337,DLH,"Duluth, MN",MN,27,Minnesota,63,13930,1393007,30977,ORD,"Chicago, IL",IL,17,Illinois,41,620,-10.0,0.0,0.0,-1.0,0600-0659,59.0,709.0,822.0,18.0,807,840.0,33.0,33.0,1.0,2.0,0800-0859,0.0,,0.0,107.0,150.0,73.0,1.0,397.0,2,0.0,0.0,33.0,0.0,0.0,,,,0,,,,,,,,,,,,,,,,,,,,,,,,,,,,,,,,,,,,,,,,,,,,,N,4.0,4.0,6.0,8.0,1.0,3.0,29.0,39.0,6,8,1.0,0.0,29.0,36.0,9,9,0,0.0,0.0,N820UA,N820UA-UA-0,29.0,41.0,10.0,39.0,51.0,,,2.0,29,39,0.0,0.0
N821AW,627.0,2019,2,5,2,4,2019-05-02,AA,AA,19805,AA,466,,,,,AA,19805,AA,466,11278,1127805,30852,DCA,"Washington, DC",VA,51,Virginia,38,13930,1393007,30977,ORD,"Chicago, IL",IL,17,Illinois,41,630,-3.0,0.0,0.0,-1.0,0600-0659,17.0,644.0,729.0,15.0,747,744.0,-3.0,0.0,0.0,-1.0,0700-0759,0.0,,0.0,137.0,137.0,105.0,1.0,612.0,3,,,0.0,,0.0,,,,0,,,,,,,,,,,,,,,,,,,,,,,,,,,,,,,,,,,,,,,,,,,,,N,0.0,4.0,6.0,7.0,2.0,3.0,26.0,35.0,6,7,2.0,3.0,26.0,35.0,1,1,0,1.0,1.0,N821AW,N821AW-AA-0,26.0,38.0,9.0,35.0,47.0,,,0.0,27,36,1.0,1.28
N821AW,833.0,2019,2,5,2,4,2019-05-02,AA,AA,19805,AA,466,,,,,AA,19805,AA,466,13930,1393007,30977,ORD,"Chicago, IL",IL,17,Illinois,41,10397,1039707,30397,ATL,"Atlanta, GA",GA,13,Georgia,34,835,-2.0,0.0,0.0,-1.0,0800-0859,36.0,909.0,1143.0,4.0,1131,1147.0,16.0,16.0,1.0,1.0,1100-1159,0.0,,0.0,116.0,134.0,94.0,1.0,606.0,3,0.0,0.0,16.0,0.0,0.0,,,,0,,,,,,,,,,,,,,,,,,,,,,,,,,,,,,,,,,,,,,,,,,,,,N,4.0,0.0,8.0,11.0,2.0,3.0,38.0,47.0,8,11,2.0,2.0,38.0,46.0,2,2,1,1.0,0.0,N821AW,N821AW-AA-1,38.0,50.0,9.0,47.0,59.0,35.0,3.0,1.0,47,56,9.0,38.64
N821DN,555.0,2019,2,5,2,4,2019-05-02,DL,DL,19790,DL,2999,,,,,DL,19790,DL,2999,10713,1071302,30713,BOI,"Boise, ID",ID,16,Idaho,83,14869,1486903,34614,SLC,"Salt Lake City, UT",UT,49,Utah,87,600,-5.0,0.0,0.0,-1.0,0600-0659,13.0,608.0,648.0,4.0,703,652.0,-11.0,0.0,0.0,-1.0,0700-0759,0.0,,0.0,63.0,57.0,40.0,1.0,290.0,2,,,0.0,,0.0,,,,0,,,,,,,,,,,,,,,,,,,,,,,,,,,,,,,,,,,,,,,,,,,,,N,8.0,8.0,5.0,6.0,4.0,3.0,32.0,35.0,6,7,0.0,0.0,32.0,36.0,8,8,0,0.0,0.0,N821DN,N821DN-DL-0,32.0,44.0,3.0,35.0,47.0,,,0.0,32,35,0.0,0.0
N821NN,806.0,2019,2,5,2,4,2019-05-02,AA,AA,19805,AA,2513,,,,,AA,19805,AA,2513,13495,1349505,33495,MSY,"New Orleans, LA",LA,22,Louisiana,72,13930,1393007,30977,ORD,"Chicago, IL",IL,17,Illinois,41,817,-11.0,0.0,0.0,-1.0,0800-0859,22.0,828.0,1029.0,11.0,1054,1040.0,-14.0,0.0,0.0,-1.0,1000-1059,0.0,,0.0,157.0,154.0,121.0,1.0,836.0,4,,,0.0,,0.0,,,,0,,,,,,,,,,,,,,,,,,,,,,,,,,,,,,,,,,,,,,,,,,,,,N,4.0,4.0,8.0,10.0,0.0,3.0,36.0,47.0,8,10,1.0,4.0,37.0,48.0,5,5,0,0.0,0.0,N821NN,N821NN-AA-0,37.0,48.0,11.0,48.0,59.0,,,0.0,37,48,0.0,0.0
N821SK,609.0,2019,2,5,2,4,2019-05-02,DL,DL_CODESHARE,19790,DL,4012,,,,,OO,20304,OO,4012,13871,1387102,33316,OMA,"Omaha, NE",NE,31,Nebraska,65,11433,1143302,31295,DTW,"Detroit, MI",MI,26,Michigan,43,610,-1.0,0.0,0.0,-1.0,0600-0659,21.0,630.0,859.0,11.0,912,910.0,-2.0,0.0,0.0,-1.0,0900-0959,0.0,,0.0,122.0,121.0,89.0,1.0,651.0,3,,,0.0,,0.0,,,,0,,,,,,,,,,,,,,,,,,,,,,,,,,,,,,,,,,,,,,,,,,,,,N,4.0,0.0,6.0,9.0,1.0,1.0,29.0,37.0,6,9,1.0,1.0,29.0,37.0,3,3,0,0.0,0.0,N821SK,N821SK-DL-0,29.0,41.0,8.0,37.0,49.0,,,0.0,29,38,1.0,3.3
N822AE,544.0,2019,2,5,2,4,2019-05-02,AA,AA_CODESHARE,19805,AA,3425,,,,,MQ,20398,MQ,3425,14122,1412202,30198,PIT,"Pittsburgh, PA",PA,42,Pennsylvania,23,12953,1295304,31703,LGA,"New York, NY",NY,36,New York,22,549,-5.0,0.0,0.0,-1.0,0001-0559,27.0,611.0,708.0,6.0,724,714.0,-10.0,0.0,0.0,-1.0,0700-0759,0.0,,0.0,95.0,90.0,57.0,1.0,335.0,2,,,0.0,,0.0,,,,0,,,,,,,,,,,,,,,,,,,,,,,,,,,,,,,,,,,,,,,,,,,,,N,0.0,0.0,5.0,7.0,3.0,1.0,23.0,29.0,5,7,3.0,2.0,23.0,30.0,5,5,0,1.0,1.0,N822AE,N822AE-AA-0,23.0,35.0,6.0,29.0,41.0,,,0.0,23,29,0.0,0.0
N822AE,746.0,2019,2,5,2,4,2019-05-02,AA,AA_CODESHARE,19805,AA,3320,,,,,MQ,20398,MQ,3320,12953,1295304,31703,LGA,"New York, NY",NY,36,New York,22,12323,1232305,32323,ILM,"Wilmington, NC",NC,37,North Carolina,36,759,-13.0,0.0,0.0,-1.0,0700-0759,22.0,808.0,924.0,10.0,945,934.0,-11.0,0.0,0.0,-1.0,0900-0959,0.0,,0.0,106.0,108.0,76.0,1.0,500.0,3,,,0.0,,0.0,,,,0,,,,,,,,,,,,,,,,,,,,,,,,,,,,,,,,,,,,,,,,,,,,,N,0.0,0.0,7.0,9.0,3.0,2.0,31.0,38.0,7,9,4.0,3.0,32.0,39.0,3,3,1,1.0,0.0,N822AE,N822AE-AA-1,32.0,43.0,7.0,39.0,50.0,29.0,2.0,0.0,32,39,0.0,0.0
N822AW,704.0,2019,2,5,2,4,2019-05-02,AA,AA,19805,AA,641,,,,,AA,19805,AA,641,12323,1232305,32323,ILM,"Wilmington, NC",NC,37,North Carolina,36,11057,1105703,31057,CLT,"Charlotte, NC",NC,37,North Carolina,36,710,-6.0,0.0,0.0,-1.0,0700-0759,21.0,725.0,811.0,12.0,825,823.0,-2.0,0.0,0.0,-1.0,0800-0859,0.0,,0.0,75.0,79.0,46.0,1.0,185.0,1,,,0.0,,0.0,,,,0,,,,,,,,,,,,,,,,,,,,,,,,,,,,,,,,,,,,,,,,,,,,,N,0.0,0.0,7.0,8.0,0.0,2.0,28.0,34.0,7,8,1.0,2.0,29.0,34.0,6,6,0,1.0,1.0,N822AW,N822AW-AA-0,29.0,40.0,6.0,35.0,46.0,,,0.0,29,35,0.0,0.0
N822AW,929.0,2019,2,5,2,4,2019-05-02,AA,AA,19805,AA,2175,,,,,AA,19805,AA,2175,11057,1105703,31057,CLT,"Charlotte, NC",NC,37,North Carolina,36,14986,1498603,34986,SRQ,"Sarasota/Bradenton, FL",FL,12,Florida,33,930,-1.0,0.0,0.0,-1.0,0900-0959,35.0,1004.0,1127.0,3.0,1122,1130.0,8.0,8.0,0.0,0.0,1100-1159,0.0,,0.0,112.0,121.0,83.0,1.0,547.0,3,,,0.0,,0.0,,,,0,,,,,,,,,,,,,,,,,,,,,,,,,,,,,,,,,,,,,,,,,,,,,N,0.0,0.0,9.0,11.0,2.0,2.0,38.0,46.0,9,11,2.0,1.0,38.0,45.0,2,2,1,1.0,0.0,N822AW,N822AW-AA-1,38.0,50.0,8.0,46.0,58.0,34.0,4.0,0.0,40,48,2.0,5.1
N822DN,702.0,2019,2,5,2,4,2019-05-02,DL,DL,19790,DL,2165,,,,,DL,19790,DL,2165,13198,1319801,33198,MCI,"Kansas City, MO",MO,29,Missouri,64,10397,1039707,30397,ATL,"Atlanta, GA",GA,13,Georgia,34,700,2.0,2.0,0.0,0.0,0700-0759,18.0,720.0,1014.0,7.0,1000,1021.0,21.0,21.0,1.0,1.0,1000-1059,0.0,,0.0,120.0,139.0,114.0,1.0,692.0,3,0.0,0.0,21.0,0.0,0.0,,,,0,,,,,,,,,,,,,,,,,,,,,,,,,,,,,,,,,,,,,,,,,,,,,N,4.0,0.0,7.0,10.0,0.0,1.0,32.0,41.0,7,10,0.0,0.0,32.0,40.0,8,8,0,0.0,0.0,N822DN,N822DN-DL-0,32.0,44.0,9.0,41.0,53.0,,,1.0,32,41,0.0,0.0
N822DX,818.0,2019,2,5,2,4,2019-05-02,DL,DL,19790,DL,1105,,,,,DL,19790,DL,1105,10397,1039707,30397,ATL,"Atlanta, GA",GA,13,Georgia,34,14869,1486903,34614,SLC,"Salt Lake City, UT",UT,49,Utah,87,821,-3.0,0.0,0.0,-1.0,0800-0859,26.0,844.0,1018.0,6.0,1026,1024.0,-2.0,0.0,0.0,-1.0,1000-1059,0.0,,0.0,245.0,246.0,214.0,1.0,1590.0,7,,,0.0,,0.0,,,,0,,,,,,,,,,,,,,,,,,,,,,,,,,,,,,,,,,,,,,,,,,,,,N,0.0,8.0,8.0,10.0,1.0,2.0,33.0,50.0,8,10,1.0,2.0,33.0,50.0,1,1,0,0.0,0.0,N822DX,N822DX-DL-0,33.0,45.0,17.0,50.0,62.0,,,0.0,34,53,3.0,4.9
N822NN,629.0,2019,2,5,2,4,2019-05-02,AA,AA,19805,AA,1183,,,,,AA,19805,AA,1183,10821,1082106,30852,BWI,"Baltimore, MD",MD,24,Maryland,35,13303,1330303,32467,MIA,"Miami, FL",FL,12,Florida,33,508,81.0,81.0,1.0,5.0,0001-0559,29.0,658.0,911.0,8.0,750,919.0,89.0,89.0,1.0,5.0,0700-0759,0.0,,0.0,162.0,170.0,133.0,1.0,946.0,4,81.0,0.0,8.0,0.0,0.0,,,,0,,,,,,,,,,,,,,,,,,,,,,,,,,,,,,,,,,,,,,,,,,,,,N,0.0,0.0,6.0,9.0,2.0,1.0,26.0,37.0,5,7,1.0,3.0,21.0,31.0,5,5,0,0.0,0.0,N822NN,N822NN-AA-0,25.0,38.0,11.0,36.0,49.0,,,1.0,25,36,0.0,0.0
N822SK,547.0,2019,2,5,2,4,2019-05-02,DL,DL_CODESHARE,19790,DL,4106,,,,,OO,20304,OO,4106,14524,1452401,34524,RIC,"Richmond, VA",VA,51,Virginia,38,11433,1143302,31295,DTW,"Detroit, MI",MI,26,Michigan,43,550,-3.0,0.0,0.0,-1.0,0001-0559,14.0,601.0,719.0,13.0,741,732.0,-9.0,0.0,0.0,-1.0,0700-0759,0.0,,0.0,111.0,105.0,78.0,1.0,456.0,2,,,0.0,,0.0,,,,0,,,,,,,,,,,,,,,,,,,,,,,,,,,,,,,,,,,,,,,,,,,,,N,0.0,0.0,5.0,7.0,3.0,2.0,23.0,30.0,5,7,3.0,3.0,23.0,31.0,2,2,0,1.0,1.0,N822SK,N822SK-DL-0,23.0,35.0,7.0,30.0,42.0,,,0.0,23,30,0.0,0.0
N822SK,925.0,2019,2,5,2,4,2019-05-02,DL,DL_CODESHARE,19790,DL,3572,,,,,OO,20304,OO,3572,11433,1143302,31295,DTW,"Detroit, MI",MI,26,Michigan,43,13485,1348502,33485,MSN,"Madison, WI",WI,55,Wisconsin,45,836,49.0,49.0,1.0,3.0,0800-0859,15.0,940.0,930.0,4.0,851,934.0,43.0,43.0,1.0,2.0,0800-0859,0.0,,0.0,75.0,69.0,50.0,1.0,311.0,2,0.0,43.0,0.0,0.0,0.0,,,,0,,,,,,,,,,,,,,,,,,,,,,,,,,,,,,,,,,,,,,,,,,,,,N,0.0,4.0,9.0,9.0,2.0,2.0,38.0,42.0,8,8,2.0,3.0,34.0,39.0,8,8,1,1.0,0.0,N822SK,N822SK-DL-1,38.0,50.0,4.0,42.0,54.0,30.0,8.0,0.0,38,42,0.0,0.0
N822UA,655.0,2019,2,5,2,4,2019-05-02,UA,UA,19977,UA,605,,,,,UA,19977,UA,605,11278,1127805,30852,DCA,"Washington, DC",VA,51,Virginia,38,13930,1393007,30977,ORD,"Chicago, IL",IL,17,Illinois,41,700,-5.0,0.0,0.0,-1.0,0700-0759,16.0,711.0,755.0,11.0,812,806.0,-6.0,0.0,0.0,-1.0,0800-0859,0.0,,0.0,132.0,131.0,104.0,1.0,612.0,3,,,0.0,,0.0,,,,0,,,,,,,,,,,,,,,,,,,,,,,,,,,,,,,,,,,,,,,,,,,,,N,0.0,4.0,6.0,8.0,4.0,0.0,28.0,36.0,7,8,0.0,1.0,28.0,37.0,9,9,0,0.0,0.0,N822UA,N822UA-UA-0,28.0,40.0,8.0,36.0,48.0,,,0.0,28,36,0.0,0.0
N82338,749.0,2019,2,5,2,4,2019-05-02,UA,UA_CODESHARE,19977,UA,6072,,,,,YV,20378,YV,6072,12266,1226603,31453,IAH,"Houston, TX",TX,48,Texas,74,14100,1410005,34100,PHL,"Philadelphia, PA",PA,42,Pennsylvania,23,750,-1.0,0.0,0.0,-1.0,0700-0759,44.0,833.0,1229.0,4.0,1211,1233.0,22.0,22.0,1.0,1.0,1200-1259,0.0,,0.0,201.0,224.0,176.0,1.0,1325.0,6,0.0,0.0,22.0,0.0,0.0,,,,0,,,,,,,,,,,,,,,,,,,,,,,,,,,,,,,,,,,,,,,,,,,,,N,4.0,0.0,7.0,12.0,3.0,2.0,35.0,50.0,7,12,3.0,1.0,35.0,49.0,1,1,0,0.0,0.0,N82338,N82338-UA-0,35.0,47.0,15.0,50.0,62.0,,,1.0,35,51,1.0,1.24
N823AW,601.0,2019,2,5,2,4,2019-05-02,AA,AA,19805,AA,2096,,,,,AA,19805,AA,2096,13851,1385103,33851,OKC,"Oklahoma City, OK",OK,40,Oklahoma,73,14107,1410702,30466,PHX,"Phoenix, AZ",AZ,4,Arizona,81,600,1.0,1.0,0.0,0.0,0600-0659,24.0,625.0,632.0,6.0,631,638.0,7.0,7.0,0.0,0.0,0600-0659,0.0,,0.0,151.0,157.0,127.0,1.0,833.0,4,,,0.0,,0.0,,,,0,,,,,,,,,,,,,,,,,,,,,,,,,,,,,,,,,,,,,,,,,,,,,N,4.0,8.0,6.0,6.0,0.0,3.0,28.0,35.0,6,6,0.0,2.0,28.0,34.0,1,1,0,1.0,1.0,N823AW,N823AW-AA-0,28.0,40.0,7.0,35.0,47.0,,,0.0,28,35,0.0,0.0
N823AW,729.0,2019,2,5,2,4,2019-05-02,AA,AA,19805,AA,592,,,,,AA,19805,AA,592,14107,1410702,30466,PHX,"Phoenix, AZ",AZ,4,Arizona,81,14869,1486903,34614,SLC,"Salt Lake City, UT",UT,49,Utah,87,723,6.0,6.0,0.0,0.0,0700-0759,22.0,751.0,1012.0,11.0,1003,1023.0,20.0,20.0,1.0,1.0,1000-1059,0.0,,0.0,100.0,114.0,81.0,1.0,507.0,3,6.0,0.0,14.0,0.0,0.0,,,,0,,,,,,,,,,,,,,,,,,,,,,,,,,,,,,,,,,,,,,,,,,,,,N,8.0,8.0,7.0,10.0,2.0,2.0,38.0,50.0,7,10,2.0,0.0,38.0,48.0,7,7,1,1.0,0.0,N823AW,N823AW-AA-1,38.0,50.0,12.0,50.0,62.0,35.0,3.0,1.0,38,50,0.0,0.0
N823DN,558.0,2019,2,5,2,4,2019-05-02,DL,DL,19790,DL,1093,,,,,DL,19790,DL,1093,14893,1489302,33192,SMF,"Sacramento, CA",CA,6,California,91,10397,1039707,30397,ATL,"Atlanta, GA",GA,13,Georgia,34,600,-2.0,0.0,0.0,-1.0,0600-0659,10.0,608.0,1304.0,9.0,1328,1313.0,-15.0,0.0,0.0,-1.0,1300-1359,0.0,,0.0,268.0,255.0,236.0,1.0,2092.0,9,,,0.0,,0.0,,,,0,,,,,,,,,,,,,,,,,,,,,,,,,,,,,,,,,,,,,,,,,,,,,N,12.0,0.0,5.0,13.0,4.0,1.0,36.0,53.0,6,13,0.0,2.0,36.0,54.0,2,2,0,0.0,0.0,N823DN,N823DN-DL-0,36.0,48.0,17.0,53.0,65.0,,,0.0,36,53,0.0,0.0
N823MD,630.0,2019,2,5,2,4,2019-05-02,DL,DL_CODESHARE,19790,DL,6066,,,,,YX,20452,YX,6066,12953,1295304,31703,LGA,"New York, NY",NY,36,New York,22,14492,1449202,34492,RDU,"Raleigh/Durham, NC",NC,37,North Carolina,36,630,0.0,0.0,0.0,0.0,0600-0659,18.0,648.0,757.0,18.0,818,815.0,-3.0,0.0,0.0,-1.0,0800-0859,0.0,,0.0,108.0,105.0,69.0,1.0,431.0,2,,,0.0,,0.0,,,,0,,,,,,,,,,,,,,,,,,,,,,,,,,,,,,,,,,,,,,,,,,,,,N,0.0,0.0,6.0,8.0,2.0,1.0,26.0,33.0,6,8,2.0,1.0,26.0,33.0,3,3,0,0.0,0.0,N823MD,N823MD-DL-0,26.0,38.0,7.0,33.0,45.0,,,0.0,26,33,0.0,0.0
N823NN,704.0,2019,2,5,2,4,2019-05-02,AA,AA,19805,AA,1279,,,,,AA,19805,AA,1279,10713,1071302,30713,BOI,"Boise, ID",ID,16,Idaho,83,11298,1129806,30194,DFW,"Dallas/Fort Worth, TX",TX,48,Texas,74,709,-5.0,0.0,0.0,-1.0,0700-0759,12.0,716.0,1100.0,16.0,1117,1116.0,-1.0,0.0,0.0,-1.0,1100-1159,0.0,,0.0,188.0,192.0,164.0,1.0,1272.0,6,,,0.0,,0.0,,,,0,,,,,,,,,,,,,,,,,,,,,,,,,,,,,,,,,,,,,,,,,,,,,N,8.0,4.0,7.0,11.0,0.0,1.0,36.0,49.0,7,11,1.0,1.0,37.0,49.0,9,9,0,0.0,0.0,N823NN,N823NN-AA-0,37.0,48.0,13.0,50.0,61.0,,,0.0,37,50,0.0,0.0
N823SK,835.0,2019,2,5,2,4,2019-05-02,DL,DL_CODESHARE,19790,DL,3753,,,,,OO,20304,OO,3753,13851,1385103,33851,OKC,"Oklahoma City, OK",OK,40,Oklahoma,73,14869,1486903,34614,SLC,"Salt Lake City, UT",UT,49,Utah,87,840,-5.0,0.0,0.0,-1.0,0800-0859,13.0,848.0,958.0,10.0,1013,1008.0,-5.0,0.0,0.0,-1.0,1000-1059,0.0,,0.0,153.0,153.0,130.0,1.0,866.0,4,,,0.0,,0.0,,,,0,,,,,,,,,,,,,,,,,,,,,,,,,,,,,,,,,,,,,,,,,,,,,N,4.0,8.0,8.0,10.0,2.0,1.0,38.0,49.0,8,10,3.0,1.0,39.0,49.0,5,5,0,0.0,0.0,N823SK,N823SK-DL-0,39.0,50.0,11.0,50.0,61.0,,,0.0,41,52,2.0,10.9
N823UA,850.0,2019,2,5,2,4,2019-05-02,UA,UA,19977,UA,2119,,,,,UA,19977,UA,2119,10693,1069302,30693,BNA,"Nashville, TN",TN,47,Tennessee,54,14771,1477104,32457,SFO,"San Francisco, CA",CA,6,California,91,850,0.0,0.0,0.0,0.0,0800-0859,15.0,905.0,1137.0,7.0,1150,1144.0,-6.0,0.0,0.0,-1.0,1100-1159,0.0,,0.0,300.0,294.0,272.0,1.0,1969.0,8,,,0.0,,0.0,,,,0,,,,,,,,,,,,,,,,,,,,,,,,,,,,,,,,,,,,,,,,,,,,,N,4.0,12.0,8.0,11.0,3.0,3.0,39.0,59.0,8,11,3.0,3.0,39.0,59.0,1,1,0,0.0,0.0,N823UA,N823UA-UA-0,39.0,51.0,20.0,59.0,71.0,,,0.0,39,62,3.0,5.52
N824AE,829.0,2019,2,5,2,4,2019-05-02,AA,AA_CODESHARE,19805,AA,4050,,,,,MQ,20398,MQ,4050,14492,1449202,34492,RDU,"Raleigh/Durham, NC",NC,37,North Carolina,36,12953,1295304,31703,LGA,"New York, NY",NY,36,New York,22,815,14.0,14.0,0.0,0.0,0800-0859,44.0,913.0,1021.0,6.0,1000,1027.0,27.0,27.0,1.0,1.0,1000-1059,0.0,,0.0,105.0,118.0,68.0,1.0,431.0,2,14.0,0.0,13.0,0.0,0.0,,,,0,,,,,,,,,,,,,,,,,,,,,,,,,,,,,,,,,,,,,,,,,,,,,N,0.0,0.0,8.0,10.0,2.0,2.0,34.0,42.0,8,10,1.0,0.0,33.0,40.0,5,5,0,0.0,0.0,N824AE,N824AE-AA-0,33.0,46.0,8.0,41.0,54.0,,,1.0,33,41,0.0,0.0
N824AW,813.0,2019,2,5,2,4,2019-05-02,AA,AA,19805,AA,765,,,,,AA,19805,AA,765,14027,1402702,34027,PBI,"West Palm Beach/Palm Beach, FL",FL,12,Florida,33,11278,1127805,30852,DCA,"Washington, DC",VA,51,Virginia,38,816,-3.0,0.0,0.0,-1.0,0800-0859,18.0,831.0,1027.0,2.0,1044,1029.0,-15.0,0.0,0.0,-1.0,1000-1059,0.0,,0.0,148.0,136.0,116.0,1.0,857.0,4,,,0.0,,0.0,,,,0,,,,,,,,,,,,,,,,,,,,,,,,,,,,,,,,,,,,,,,,,,,,,N,0.0,0.0,8.0,10.0,1.0,2.0,33.0,42.0,8,10,1.0,3.0,33.0,43.0,9,9,0,0.0,0.0,N824AW,N824AW-AA-0,33.0,45.0,9.0,42.0,54.0,,,0.0,33,42,0.0,0.0
N824DN,857.0,2019,2,5,2,4,2019-05-02,DL,DL,19790,DL,2121,,,,,DL,19790,DL,2121,13487,1348702,31650,MSP,"Minneapolis, MN",MN,27,Minnesota,63,14747,1474703,30559,SEA,"Seattle, WA",WA,53,Washington,93,845,12.0,12.0,0.0,0.0,0800-0859,18.0,915.0,1024.0,8.0,1037,1032.0,-5.0,0.0,0.0,-1.0,1000-1059,0.0,,0.0,232.0,215.0,189.0,1.0,1399.0,6,,,0.0,,0.0,,,,0,,,,,,,,,,,,,,,,,,,,,,,,,,,,,,,,,,,,,,,,,,,,,N,4.0,12.0,8.0,10.0,4.0,2.0,40.0,54.0,8,10,3.0,2.0,39.0,54.0,4,4,0,0.0,0.0,N824DN,N824DN-DL-0,40.0,52.0,14.0,54.0,66.0,,,0.0,40,54,0.0,0.0
N824MD,650.0,2019,2,5,2,4,2019-05-02,DL,DL_CODESHARE,19790,DL,5950,,,,,YX,20452,YX,5950,10792,1079206,30792,BUF,"Buffalo, NY",NY,36,New York,22,12953,1295304,31703,LGA,"New York, NY",NY,36,New York,22,655,-5.0,0.0,0.0,-1.0,0600-0659,9.0,659.0,756.0,8.0,825,804.0,-21.0,0.0,0.0,-2.0,0800-0859,0.0,,0.0,90.0,74.0,57.0,1.0,292.0,2,,,0.0,,0.0,,,,0,,,,,,,,,,,,,,,,,,,,,,,,,,,,,,,,,,,,,,,,,,,,,N,0.0,0.0,6.0,8.0,3.0,0.0,27.0,32.0,6,8,4.0,2.0,28.0,34.0,8,8,0,1.0,1.0,N824MD,N824MD-DL-0,28.0,39.0,5.0,33.0,44.0,,,0.0,28,33,0.0,0.0
N824MD,900.0,2019,2,5,2,4,2019-05-02,DL,DL_CODESHARE,19790,DL,5871,,,,,YX,20452,YX,5871,12953,1295304,31703,LGA,"New York, NY",NY,36,New York,22,14730,1473003,33044,SDF,"Louisville, KY",KY,21,Kentucky,52,905,-5.0,0.0,0.0,-1.0,0900-0959,20.0,920.0,1114.0,7.0,1140,1121.0,-19.0,0.0,0.0,-2.0,1100-1159,0.0,,0.0,155.0,141.0,114.0,1.0,659.0,3,,,0.0,,0.0,,,,0,,,,,,,,,,,,,,,,,,,,,,,,,,,,,,,,,,,,,,,,,,,,,N,0.0,0.0,9.0,11.0,0.0,1.0,36.0,45.0,9,11,0.0,3.0,36.0,47.0,1,1,1,1.0,0.0,N824MD,N824MD-DL-1,36.0,48.0,9.0,45.0,57.0,32.0,4.0,0.0,37,46,1.0,1.24
N824NN,546.0,2019,2,5,2,4,2019-05-02,AA,AA,19805,AA,1151,,,,,AA,19805,AA,1151,10397,1039707,30397,ATL,"Atlanta, GA",GA,13,Georgia,34,13303,1330303,32467,MIA,"Miami, FL",FL,12,Florida,33,550,-4.0,0.0,0.0,-1.0,0001-0559,11.0,557.0,721.0,7.0,744,728.0,-16.0,0.0,0.0,-2.0,0700-0759,0.0,,0.0,114.0,102.0,84.0,1.0,594.0,3,,,0.0,,0.0,,,,0,,,,,,,,,,,,,,,,,,,,,,,,,,,,,,,,,,,,,,,,,,,,,N,0.0,0.0,5.0,7.0,3.0,2.0,23.0,30.0,5,7,3.0,3.0,23.0,31.0,9,9,0,1.0,1.0,N824NN,N824NN-AA-0,23.0,35.0,7.0,30.0,42.0,,,0.0,23,30,0.0,0.0
N824NN,839.0,2019,2,5,2,4,2019-05-02,AA,AA,19805,AA,2657,,,,,AA,19805,AA,2657,13303,1330303,32467,MIA,"Miami, FL",FL,12,Florida,33,13204,1320402,31454,MCO,"Orlando, FL",FL,12,Florida,33,700,99.0,99.0,1.0,6.0,0700-0759,16.0,855.0,930.0,9.0,810,939.0,89.0,89.0,1.0,5.0,0800-0859,0.0,,0.0,70.0,60.0,35.0,1.0,192.0,1,14.0,0.0,0.0,0.0,75.0,,,,0,,,,,,,,,,,,,,,,,,,,,,,,,,,,,,,,,,,,,,,,,,,,,N,0.0,0.0,8.0,9.0,3.0,3.0,35.0,39.0,7,8,0.0,1.0,28.0,33.0,8,8,1,1.0,0.0,N824NN,N824NN-AA-1,30.0,47.0,4.0,34.0,51.0,30.0,5.0,5.0,32,36,2.0,17.52
N824SK,557.0,2019,2,5,2,4,2019-05-02,DL,DL_CODESHARE,19790,DL,3853,,,,,OO,20304,OO,3853,10781,1078105,30781,BTR,"Baton Rouge, LA",LA,22,Louisiana,72,10397,1039707,30397,ATL,"Atlanta, GA",GA,13,Georgia,34,600,-3.0,0.0,0.0,-1.0,0600-0659,15.0,612.0,814.0,8.0,840,822.0,-18.0,0.0,0.0,-2.0,0800-0859,0.0,,0.0,100.0,85.0,62.0,1.0,448.0,2,,,0.0,,0.0,,,,0,,,,,,,,,,,,,,,,,,,,,,,,,,,,,,,,,,,,,,,,,,,,,N,4.0,0.0,5.0,8.0,4.0,1.0,28.0,33.0,6,8,0.0,3.0,28.0,35.0,1,1,0,0.0,0.0,N824SK,N824SK-DL-0,28.0,40.0,5.0,33.0,45.0,,,0.0,28,34,1.0,1.32
N824UA,815.0,2019,2,5,2,4,2019-05-02,UA,UA,19977,UA,1491,,,,,UA,19977,UA,1491,14100,1410005,34100,PHL,"Philadelphia, PA",PA,42,Pennsylvania,23,12266,1226603,31453,IAH,"Houston, TX",TX,48,Texas,74,820,-5.0,0.0,0.0,-1.0,0800-0859,24.0,839.0,1058.0,13.0,1101,1111.0,10.0,10.0,0.0,0.0,1100-1159,0.0,,0.0,221.0,236.0,199.0,1.0,1325.0,6,,,0.0,,0.0,,,,0,,,,,,,,,,,,,,,,,,,,,,,,,,,,,,,,,,,,,,,,,,,,,N,0.0,4.0,8.0,11.0,1.0,1.0,33.0,49.0,8,11,1.0,0.0,33.0,48.0,1,1,0,0.0,0.0,N824UA,N824UA-UA-0,33.0,45.0,16.0,49.0,61.0,,,0.0,33,49,0.0,0.0
N825NN,556.0,2019,2,5,2,4,2019-05-02,AA,AA,19805,AA,1149,,,,,AA,19805,AA,1149,11540,1154005,30615,ELP,"El Paso, TX",TX,48,Texas,74,11298,1129806,30194,DFW,"Dallas/Fort Worth, TX",TX,48,Texas,74,601,-5.0,0.0,0.0,-1.0,0600-0659,9.0,605.0,820.0,7.0,848,827.0,-21.0,0.0,0.0,-2.0,0800-0859,0.0,,0.0,107.0,91.0,75.0,1.0,551.0,3,,,0.0,,0.0,,,,0,,,,,,,,,,,,,,,,,,,,,,,,,,,,,,,,,,,,,,,,,,,,,N,8.0,4.0,5.0,8.0,4.0,2.0,32.0,38.0,6,8,0.0,3.0,32.0,39.0,9,9,0,0.0,0.0,N825NN,N825NN-AA-0,32.0,44.0,6.0,38.0,50.0,,,0.0,32,38,0.0,0.0
N825UA,558.0,2019,2,5,2,4,2019-05-02,UA,UA,19977,UA,996,,,,,UA,19977,UA,996,11603,1160302,31603,EUG,"Eugene, OR",OR,41,Oregon,92,14771,1477104,32457,SFO,"San Francisco, CA",CA,6,California,91,600,-2.0,0.0,0.0,-1.0,0600-0659,14.0,612.0,719.0,5.0,735,724.0,-11.0,0.0,0.0,-1.0,0700-0759,0.0,,0.0,95.0,86.0,67.0,1.0,451.0,2,,,0.0,,0.0,,,,0,,,,,,,,,,,,,,,,,,,,,,,,,,,,,,,,,,,,,,,,,,,,,N,12.0,12.0,5.0,7.0,4.0,2.0,36.0,42.0,6,7,0.0,2.0,36.0,42.0,3,3,0,0.0,0.0,N825UA,N825UA-UA-0,36.0,48.0,6.0,42.0,54.0,,,0.0,36,42,0.0,0.0
N826AE,818.0,2019,2,5,2,4,2019-05-02,AA,AA_CODESHARE,19805,AA,3919,,,,,MQ,20398,MQ,3919,14524,1452401,34524,RIC,"Richmond, VA",VA,51,Virginia,38,12953,1295304,31703,LGA,"New York, NY",NY,36,New York,22,826,-8.0,0.0,0.0,-1.0,0800-0859,12.0,830.0,925.0,8.0,1000,933.0,-27.0,0.0,0.0,-2.0,1000-1059,0.0,,0.0,94.0,75.0,55.0,1.0,292.0,2,,,0.0,,0.0,,,,0,,,,,,,,,,,,,,,,,,,,,,,,,,,,,,,,,,,,,,,,,,,,,N,0.0,0.0,8.0,9.0,1.0,2.0,33.0,38.0,8,10,2.0,0.0,34.0,40.0,3,3,0,0.0,0.0,N826AE,N826AE-AA-0,34.0,45.0,5.0,39.0,50.0,,,0.0,34,40,1.0,3.24
N826AW,654.0,2019,2,5,2,4,2019-05-02,AA,AA,19805,AA,1940,,,,,AA,19805,AA,1940,14107,1410702,30466,PHX,"Phoenix, AZ",AZ,4,Arizona,81,14893,1489302,33192,SMF,"Sacramento, CA",CA,6,California,91,700,-6.0,0.0,0.0,-1.0,0700-0759,18.0,712.0,852.0,4.0,902,856.0,-6.0,0.0,0.0,-1.0,0900-0959,0.0,,0.0,122.0,122.0,100.0,1.0,647.0,3,,,0.0,,0.0,,,,0,,,,,,,,,,,,,,,,,,,,,,,,,,,,,,,,,,,,,,,,,,,,,N,8.0,12.0,6.0,8.0,4.0,4.0,36.0,48.0,7,9,0.0,0.0,36.0,48.0,5,5,0,0.0,0.0,N826AW,N826AW-AA-0,36.0,48.0,12.0,48.0,60.0,,,0.0,36,48,0.0,0.0
N826DN,815.0,2019,2,5,2,4,2019-05-02,DL,DL,19790,DL,947,,,,,DL,19790,DL,947,12478,1247805,31703,JFK,"New York, NY",NY,36,New York,22,14057,1405702,34057,PDX,"Portland, OR",OR,41,Oregon,92,810,5.0,5.0,0.0,0.0,0800-0859,26.0,841.0,1109.0,4.0,1113,1113.0,0.0,0.0,0.0,0.0,1100-1159,0.0,,0.0,363.0,358.0,328.0,1.0,2454.0,10,,,0.0,,0.0,,,,0,,,,,,,,,,,,,,,,,,,,,,,,,,,,,,,,,,,,,,,,,,,,,N,0.0,12.0,8.0,11.0,1.0,1.0,33.0,57.0,8,11,1.0,1.0,33.0,57.0,9,9,0,0.0,0.0,N826DN,N826DN-DL-0,33.0,45.0,24.0,57.0,69.0,,,0.0,33,57,0.0,0.0
N826NN,649.0,2019,2,5,2,4,2019-05-02,AA,AA,19805,AA,1060,,,,,AA,19805,AA,1060,13303,1330303,32467,MIA,"Miami, FL",FL,12,Florida,33,11618,1161802,31703,EWR,"Newark, NJ",NJ,34,New Jersey,21,655,-6.0,0.0,0.0,-1.0,0600-0659,21.0,710.0,936.0,6.0,958,942.0,-16.0,0.0,0.0,-2.0,0900-0959,0.0,,0.0,183.0,173.0,146.0,1.0,1085.0,5,,,0.0,,0.0,,,,0,,,,,,,,,,,,,,,,,,,,,,,,,,,,,,,,,,,,,,,,,,,,,N,0.0,0.0,6.0,9.0,3.0,3.0,27.0,39.0,6,9,4.0,4.0,28.0,40.0,8,8,0,0.0,0.0,N826NN,N826NN-AA-0,28.0,39.0,12.0,40.0,51.0,,,0.0,29,41,1.0,8.18
N826SK,608.0,2019,2,5,2,4,2019-05-02,DL,DL_CODESHARE,19790,DL,3776,,,,,OO,20304,OO,3776,10257,1025702,30257,ALB,"Albany, NY",NY,36,New York,22,13487,1348702,31650,MSP,"Minneapolis, MN",MN,27,Minnesota,63,617,-9.0,0.0,0.0,-1.0,0600-0659,16.0,624.0,756.0,4.0,810,800.0,-10.0,0.0,0.0,-1.0,0800-0859,0.0,,0.0,173.0,172.0,152.0,1.0,980.0,4,,,0.0,,0.0,,,,0,,,,,,,,,,,,,,,,,,,,,,,,,,,,,,,,,,,,,,,,,,,,,N,0.0,4.0,6.0,8.0,1.0,0.0,25.0,36.0,6,8,1.0,1.0,25.0,37.0,4,4,0,0.0,0.0,N826SK,N826SK-DL-0,25.0,37.0,11.0,36.0,48.0,,,0.0,25,36,0.0,0.0
N826UA,714.0,2019,2,5,2,4,2019-05-02,UA,UA,19977,UA,2128,,,,,UA,19977,UA,2128,14122,1412202,30198,PIT,"Pittsburgh, PA",PA,42,Pennsylvania,23,14771,1477104,32457,SFO,"San Francisco, CA",CA,6,California,91,723,-9.0,0.0,0.0,-1.0,0700-0759,18.0,732.0,945.0,13.0,955,958.0,3.0,3.0,0.0,0.0,0900-0959,0.0,,0.0,332.0,344.0,313.0,1.0,2254.0,10,,,0.0,,0.0,,,,0,,,,,,,,,,,,,,,,,,,,,,,,,,,,,,,,,,,,,,,,,,,,,N,0.0,12.0,7.0,9.0,1.0,4.0,29.0,52.0,7,9,2.0,4.0,30.0,52.0,7,7,0,0.0,0.0,N826UA,N826UA-UA-0,30.0,41.0,23.0,53.0,64.0,,,0.0,30,53,0.0,0.0
N827AE,544.0,2019,2,5,2,4,2019-05-02,AA,AA_CODESHARE,19805,AA,3937,,,,,MQ,20398,MQ,3937,11612,1161206,31612,EVV,"Evansville, IN",IN,18,Indiana,42,11057,1105703,31057,CLT,"Charlotte, NC",NC,37,North Carolina,36,548,-4.0,0.0,0.0,-1.0,0001-0559,33.0,617.0,823.0,21.0,841,844.0,3.0,3.0,0.0,0.0,0800-0859,0.0,,0.0,113.0,120.0,66.0,1.0,414.0,2,,,0.0,,0.0,,,,0,,,,,,,,,,,,,,,,,,,,,,,,,,,,,,,,,,,,,,,,,,,,,N,4.0,0.0,5.0,8.0,3.0,3.0,27.0,35.0,5,8,3.0,3.0,27.0,35.0,9,9,0,1.0,1.0,N827AE,N827AE-AA-0,27.0,39.0,8.0,35.0,47.0,,,0.0,27,35,0.0,0.0
N827AE,941.0,2019,2,5,2,4,2019-05-02,AA,AA_CODESHARE,19805,AA,4072,,,,,MQ,20398,MQ,4072,11057,1105703,31057,CLT,"Charlotte, NC",NC,37,North Carolina,36,15412,1541205,35412,TYS,"Knoxville, TN",TN,47,Tennessee,54,934,7.0,7.0,0.0,0.0,0900-0959,30.0,1011.0,1045.0,3.0,1047,1048.0,1.0,1.0,0.0,0.0,1000-1059,0.0,,0.0,73.0,67.0,34.0,1.0,177.0,1,,,0.0,,0.0,,,,0,,,,,,,,,,,,,,,,,,,,,,,,,,,,,,,,,,,,,,,,,,,,,N,0.0,0.0,9.0,10.0,3.0,3.0,39.0,43.0,9,10,2.0,3.0,38.0,43.0,3,3,1,1.0,0.0,N827AE,N827AE-AA-1,39.0,51.0,4.0,43.0,55.0,35.0,4.0,0.0,39,43,0.0,0.0
N827AW,607.0,2019,2,5,2,4,2019-05-02,AA,AA,19805,AA,2187,,,,,AA,19805,AA,2187,14685,1468502,34685,SAV,"Savannah, GA",GA,13,Georgia,34,11298,1129806,30194,DFW,"Dallas/Fort Worth, TX",TX,48,Texas,74,600,7.0,7.0,0.0,0.0,0600-0659,14.0,621.0,819.0,7.0,755,826.0,31.0,31.0,1.0,2.0,0700-0759,0.0,,0.0,175.0,199.0,178.0,1.0,925.0,4,0.0,0.0,24.0,7.0,0.0,,,,0,,,,,,,,,,,,,,,,,,,,,,,,,,,,,,,,,,,,,,,,,,,,,N,0.0,4.0,6.0,8.0,0.0,2.0,24.0,38.0,6,7,0.0,4.0,24.0,36.0,9,9,0,0.0,0.0,N827AW,N827AW-AA-0,24.0,36.0,14.0,38.0,50.0,,,2.0,24,38,0.0,0.0
N827DN,600.0,2019,2,5,2,4,2019-05-02,DL,DL,19790,DL,1452,,,,,DL,19790,DL,1452,10140,1014005,30140,ABQ,"Albuquerque, NM",NM,35,New Mexico,86,10397,1039707,30397,ATL,"Atlanta, GA",GA,13,Georgia,34,610,-10.0,0.0,0.0,-1.0,0600-0659,12.0,612.0,1110.0,12.0,1105,1122.0,17.0,17.0,1.0,1.0,1100-1159,0.0,,0.0,175.0,202.0,178.0,1.0,1269.0,6,0.0,0.0,17.0,0.0,0.0,,,,0,,,,,,,,,,,,,,,,,,,,,,,,,,,,,,,,,,,,,,,,,,,,,N,8.0,0.0,6.0,11.0,0.0,1.0,32.0,45.0,6,11,1.0,0.0,33.0,44.0,7,7,0,0.0,0.0,N827DN,N827DN-DL-0,33.0,44.0,13.0,46.0,57.0,,,1.0,33,46,0.0,0.0
N827NN,554.0,2019,2,5,2,4,2019-05-02,AA,AA,19805,AA,2549,,,,,AA,19805,AA,2549,12953,1295304,31703,LGA,"New York, NY",NY,36,New York,22,13303,1330303,32467,MIA,"Miami, FL",FL,12,Florida,33,600,-6.0,0.0,0.0,-1.0,0600-0659,17.0,611.0,846.0,7.0,911,853.0,-18.0,0.0,0.0,-2.0,0900-0959,0.0,,0.0,191.0,179.0,155.0,1.0,1096.0,5,,,0.0,,0.0,,,,0,,,,,,,,,,,,,,,,,,,,,,,,,,,,,,,,,,,,,,,,,,,,,N,0.0,0.0,5.0,8.0,4.0,4.0,24.0,36.0,6,9,0.0,1.0,24.0,37.0,4,4,0,0.0,0.0,N827NN,N827NN-AA-0,24.0,36.0,12.0,36.0,48.0,,,0.0,24,36,0.0,0.0
N827SK,645.0,2019,2,5,2,4,2019-05-02,DL,DL_CODESHARE,19790,DL,3816,,,,,OO,20304,OO,3816,10408,1040805,30408,ATW,"Appleton, WI",WI,55,Wisconsin,45,11433,1143302,31295,DTW,"Detroit, MI",MI,26,Michigan,43,700,-15.0,0.0,0.0,-1.0,0700-0759,32.0,717.0,911.0,8.0,916,919.0,3.0,3.0,0.0,0.0,0900-0959,0.0,,0.0,76.0,94.0,54.0,1.0,296.0,2,,,0.0,,0.0,,,,0,,,,,,,,,,,,,,,,,,,,,,,,,,,,,,,,,,,,,,,,,,,,,N,4.0,0.0,6.0,9.0,3.0,1.0,31.0,37.0,7,9,0.0,1.0,32.0,37.0,2,2,0,0.0,0.0,N827SK,N827SK-DL-0,32.0,43.0,6.0,38.0,49.0,,,0.0,32,38,0.0,0.0
N828AW,654.0,2019,2,5,2,4,2019-05-02,AA,AA,19805,AA,295,,,,,AA,19805,AA,295,10994,1099402,30994,CHS,"Charleston, SC",SC,45,South Carolina,37,11057,1105703,31057,CLT,"Charlotte, NC",NC,37,North Carolina,36,700,-6.0,0.0,0.0,-1.0,0700-0759,10.0,704.0,747.0,8.0,817,755.0,-22.0,0.0,0.0,-2.0,0800-0859,0.0,,0.0,77.0,61.0,43.0,1.0,168.0,1,,,0.0,,0.0,,,,0,,,,,,,,,,,,,,,,,,,,,,,,,,,,,,,,,,,,,,,,,,,,,N,0.0,0.0,6.0,7.0,4.0,4.0,28.0,32.0,7,8,0.0,1.0,28.0,33.0,4,4,0,1.0,1.0,N828AW,N828AW-AA-0,28.0,40.0,4.0,32.0,44.0,,,0.0,28,32,0.0,0.0
N828AW,916.0,2019,2,5,2,4,2019-05-02,AA,AA,19805,AA,876,,,,,AA,19805,AA,876,11057,1105703,31057,CLT,"Charlotte, NC",NC,37,North Carolina,36,14524,1452401,34524,RIC,"Richmond, VA",VA,51,Virginia,38,920,-4.0,0.0,0.0,-1.0,0900-0959,13.0,929.0,1014.0,5.0,1027,1019.0,-8.0,0.0,0.0,-1.0,1000-1059,0.0,,0.0,67.0,63.0,45.0,1.0,257.0,2,,,0.0,,0.0,,,,0,,,,,,,,,,,,,,,,,,,,,,,,,,,,,,,,,,,,,,,,,,,,,N,0.0,0.0,9.0,10.0,1.0,1.0,37.0,41.0,9,10,1.0,2.0,37.0,42.0,4,4,1,1.0,0.0,N828AW,N828AW-AA-1,37.0,49.0,4.0,41.0,53.0,32.0,5.0,0.0,37,41,0.0,0.0
N828DN,658.0,2019,2,5,2,4,2019-05-02,DL,DL,19790,DL,850,,,,,DL,19790,DL,850,11986,1198603,31986,GRR,"Grand Rapids, MI",MI,26,Michigan,43,13487,1348702,31650,MSP,"Minneapolis, MN",MN,27,Minnesota,63,705,-7.0,0.0,0.0,-1.0,0700-0759,13.0,711.0,717.0,4.0,734,721.0,-13.0,0.0,0.0,-1.0,0700-0759,0.0,,0.0,89.0,83.0,66.0,1.0,408.0,2,,,0.0,,0.0,,,,0,,,,,,,,,,,,,,,,,,,,,,,,,,,,,,,,,,,,,,,,,,,,,N,0.0,4.0,6.0,7.0,4.0,1.0,28.0,33.0,7,7,0.0,2.0,28.0,34.0,4,4,0,0.0,0.0,N828DN,N828DN-DL-0,28.0,40.0,5.0,33.0,45.0,,,0.0,28,33,0.0,0.0
N829AW,603.0,2019,2,5,2,4,2019-05-02,AA,AA,19805,AA,1910,,,,,AA,19805,AA,1910,14492,1449202,34492,RDU,"Raleigh/Durham, NC",NC,37,North Carolina,36,12892,1289208,32575,LAX,"Los Angeles, CA",CA,6,California,91,600,3.0,3.0,0.0,0.0,0600-0659,17.0,620.0,822.0,12.0,858,834.0,-24.0,0.0,0.0,-2.0,0800-0859,0.0,,0.0,358.0,331.0,302.0,1.0,2239.0,9,,,0.0,,0.0,,,,0,,,,,,,,,,,,,,,,,,,,,,,,,,,,,,,,,,,,,,,,,,,,,N,0.0,12.0,6.0,8.0,0.0,2.0,24.0,46.0,6,8,0.0,4.0,24.0,48.0,2,2,0,0.0,0.0,N829AW,N829AW-AA-0,24.0,36.0,22.0,46.0,58.0,,,0.0,24,46,0.0,0.0
N829DN,835.0,2019,2,5,2,4,2019-05-02,DL,DL,19790,DL,1961,,,,,DL,19790,DL,1961,14524,1452401,34524,RIC,"Richmond, VA",VA,51,Virginia,38,10397,1039707,30397,ATL,"Atlanta, GA",GA,13,Georgia,34,840,-5.0,0.0,0.0,-1.0,0800-0859,12.0,847.0,959.0,10.0,1023,1009.0,-14.0,0.0,0.0,-1.0,1000-1059,0.0,,0.0,103.0,94.0,72.0,1.0,481.0,2,,,0.0,,0.0,,,,0,,,,,,,,,,,,,,,,,,,,,,,,,,,,,,,,,,,,,,,,,,,,,N,0.0,0.0,8.0,10.0,2.0,1.0,34.0,41.0,8,10,3.0,2.0,35.0,42.0,6,6,0,0.0,0.0,N829DN,N829DN-DL-0,35.0,46.0,7.0,42.0,53.0,,,0.0,35,42,0.0,0.0
N829MH,829.0,2019,2,5,2,4,2019-05-02,DL,DL,19790,DL,2346,,,,,DL,19790,DL,2346,12478,1247805,31703,JFK,"New York, NY",NY,36,New York,22,12892,1289208,32575,LAX,"Los Angeles, CA",CA,6,California,91,825,4.0,4.0,0.0,0.0,0800-0859,33.0,902.0,1137.0,11.0,1135,1148.0,13.0,13.0,0.0,0.0,1100-1159,0.0,,0.0,370.0,379.0,335.0,1.0,2475.0,10,,,0.0,,0.0,,,,0,,,,,,,,,,,,,,,,,,,,,,,,,,,,,,,,,,,,,,,,,,,,,N,0.0,12.0,8.0,11.0,2.0,3.0,34.0,59.0,8,11,2.0,2.0,34.0,58.0,4,4,0,0.0,0.0,N829MH,N829MH-DL-0,34.0,46.0,25.0,59.0,71.0,,,0.0,38,64,5.0,25.5
N829NN,648.0,2019,2,5,2,4,2019-05-02,AA,AA,19805,AA,391,,,,,AA,19805,AA,391,11278,1127805,30852,DCA,"Washington, DC",VA,51,Virginia,38,13303,1330303,32467,MIA,"Miami, FL",FL,12,Florida,33,651,-3.0,0.0,0.0,-1.0,0600-0659,18.0,706.0,924.0,7.0,938,931.0,-7.0,0.0,0.0,-1.0,0900-0959,0.0,,0.0,167.0,163.0,138.0,1.0,919.0,4,,,0.0,,0.0,,,,0,,,,,,,,,,,,,,,,,,,,,,,,,,,,,,,,,,,,,,,,,,,,,N,0.0,0.0,6.0,9.0,3.0,2.0,27.0,38.0,6,9,3.0,3.0,27.0,39.0,1,1,0,0.0,0.0,N829NN,N829NN-AA-0,27.0,39.0,11.0,38.0,50.0,,,0.0,27,39,1.0,1.26
N829SK,523.0,2019,2,5,2,4,2019-05-02,DL,DL_CODESHARE,19790,DL,3631,,,,,OO,20304,OO,3631,13184,1318403,33184,MBS,"Saginaw/Bay City/Midland, MI",MI,26,Michigan,43,11433,1143302,31295,DTW,"Detroit, MI",MI,26,Michigan,43,530,-7.0,0.0,0.0,-1.0,0001-0559,9.0,532.0,556.0,10.0,619,606.0,-13.0,0.0,0.0,-1.0,0600-0659,0.0,,0.0,49.0,43.0,24.0,1.0,98.0,1,,,0.0,,0.0,,,,0,,,,,,,,,,,,,,,,,,,,,,,,,,,,,,,,,,,,,,,,,,,,,N,0.0,0.0,5.0,6.0,2.0,0.0,22.0,24.0,5,6,2.0,1.0,22.0,25.0,1,1,0,2.0,2.0,N829SK,N829SK-DL-0,22.0,34.0,2.0,24.0,36.0,,,0.0,22,24,0.0,0.0
N829SK,741.0,2019,2,5,2,4,2019-05-02,DL,DL_CODESHARE,19790,DL,3701,,,,,OO,20304,OO,3701,11433,1143302,31295,DTW,"Detroit, MI",MI,26,Michigan,43,14576,1457606,34576,ROC,"Rochester, NY",NY,36,New York,22,700,41.0,41.0,1.0,2.0,0700-0759,13.0,754.0,836.0,3.0,819,839.0,20.0,20.0,1.0,1.0,0800-0859,0.0,,0.0,79.0,58.0,42.0,1.0,296.0,2,20.0,0.0,0.0,0.0,0.0,,,,0,,,,,,,,,,,,,,,,,,,,,,,,,,,,,,,,,,,,,,,,,,,,,N,0.0,0.0,7.0,8.0,3.0,3.0,31.0,35.0,7,8,0.0,1.0,28.0,33.0,7,7,1,2.0,1.0,N829SK,N829SK-DL-1,31.0,43.0,4.0,35.0,47.0,24.0,7.0,0.0,31,35,0.0,0.0
N829SK,907.0,2019,2,5,2,4,2019-05-02,DL,DL_CODESHARE,19790,DL,3701,,,,,OO,20304,OO,3701,14576,1457606,34576,ROC,"Rochester, NY",NY,36,New York,22,11433,1143302,31295,DTW,"Detroit, MI",MI,26,Michigan,43,854,13.0,13.0,0.0,0.0,0800-0859,11.0,918.0,1008.0,15.0,1021,1023.0,2.0,2.0,0.0,0.0,1000-1059,0.0,,0.0,87.0,76.0,50.0,1.0,296.0,2,,,0.0,,0.0,,,,0,,,,,,,,,,,,,,,,,,,,,,,,,,,,,,,,,,,,,,,,,,,,,N,0.0,0.0,9.0,10.0,0.0,2.0,36.0,42.0,8,10,4.0,1.0,36.0,41.0,8,8,2,2.0,0.0,N829SK,N829SK-DL-2,36.0,48.0,6.0,42.0,54.0,35.0,1.0,0.0,36,42,0.0,0.0
N8301J,552.0,2019,2,5,2,4,2019-05-02,WN,WN,19393,WN,638,,,,,WN,19393,WN,638,10423,1042302,30423,AUS,"Austin, TX",TX,48,Texas,74,10821,1082106,30852,BWI,"Baltimore, MD",MD,24,Maryland,35,550,2.0,2.0,0.0,0.0,0001-0559,11.0,603.0,1005.0,4.0,1000,1009.0,9.0,9.0,0.0,0.0,1000-1059,0.0,,0.0,190.0,197.0,182.0,1.0,1342.0,6,,,0.0,,0.0,,,,0,,,,,,,,,,,,,,,,,,,,,,,,,,,,,,,,,,,,,,,,,,,,,N,4.0,0.0,5.0,10.0,3.0,1.0,27.0,41.0,5,10,3.0,0.0,27.0,40.0,9,9,0,0.0,0.0,N8301J,N8301J-WN-0,27.0,39.0,14.0,41.0,53.0,,,0.0,27,41,0.0,0.0
N8302F,727.0,2019,2,5,2,4,2019-05-02,WN,WN,19393,WN,2269,,,,,WN,19393,WN,2269,11066,1106606,31066,CMH,"Columbus, OH",OH,39,Ohio,44,12889,1288903,32211,LAS,"Las Vegas, NV",NV,32,Nevada,85,635,52.0,52.0,1.0,3.0,0600-0659,11.0,738.0,853.0,5.0,800,858.0,58.0,58.0,1.0,3.0,0800-0859,0.0,,0.0,265.0,271.0,255.0,1.0,1771.0,8,52.0,0.0,6.0,0.0,0.0,,,,0,,,,,,,,,,,,,,,,,,,,,,,,,,,,,,,,,,,,,,,,,,,,,N,0.0,12.0,7.0,8.0,2.0,4.0,30.0,48.0,6,8,2.0,0.0,26.0,44.0,1,1,0,0.0,0.0,N8302F,N8302F-WN-0,30.0,42.0,18.0,48.0,60.0,,,0.0,30,50,2.0,3.04
N8305E,650.0,2019,2,5,2,4,2019-05-02,WN,WN,19393,WN,1218,,,,,WN,19393,WN,1218,14679,1467903,33570,SAN,"San Diego, CA",CA,6,California,91,12889,1288903,32211,LAS,"Las Vegas, NV",NV,32,Nevada,85,630,20.0,20.0,1.0,1.0,0600-0659,30.0,720.0,804.0,5.0,755,809.0,14.0,14.0,0.0,0.0,0700-0759,0.0,,0.0,85.0,79.0,44.0,1.0,258.0,2,,,0.0,,0.0,,,,0,,,,,,,,,,,,,,,,,,,,,,,,,,,,,,,,,,,,,,,,,,,,,N,12.0,12.0,6.0,8.0,3.0,1.0,39.0,45.0,6,7,2.0,4.0,38.0,44.0,3,3,0,0.0,0.0,N8305E,N8305E-WN-0,39.0,51.0,6.0,45.0,57.0,,,0.0,39,45,0.0,0.0
N8306H,727.0,2019,2,5,2,4,2019-05-02,WN,WN,19393,WN,5948,,,,,WN,19393,WN,5948,13204,1320402,31454,MCO,"Orlando, FL",FL,12,Florida,33,11697,1169706,32467,FLL,"Fort Lauderdale, FL",FL,12,Florida,33,705,22.0,22.0,1.0,1.0,0700-0759,15.0,742.0,828.0,3.0,805,831.0,26.0,26.0,1.0,1.0,0800-0859,0.0,,0.0,60.0,64.0,46.0,1.0,177.0,1,22.0,0.0,4.0,0.0,0.0,,,,0,,,,,,,,,,,,,,,,,,,,,,,,,,,,,,,,,,,,,,,,,,,,,N,0.0,0.0,7.0,8.0,2.0,2.0,30.0,34.0,7,8,0.0,0.0,28.0,32.0,3,3,0,0.0,0.0,N8306H,N8306H-WN-0,30.0,42.0,4.0,34.0,46.0,,,0.0,30,34,0.0,0.0
N830AE,852.0,2019,2,5,2,4,2019-05-02,AA,AA_CODESHARE,19805,AA,3519,,,,,MQ,20398,MQ,3519,12953,1295304,31703,LGA,"New York, NY",NY,36,New York,22,11995,1199502,31995,GSO,"Greensboro/High Point, NC",NC,37,North Carolina,36,900,-8.0,0.0,0.0,-1.0,0900-0959,20.0,912.0,1024.0,8.0,1053,1032.0,-21.0,0.0,0.0,-2.0,1000-1059,0.0,,0.0,113.0,100.0,72.0,1.0,461.0,2,,,0.0,,0.0,,,,0,,,,,,,,,,,,,,,,,,,,,,,,,,,,,,,,,,,,,,,,,,,,,N,0.0,0.0,8.0,10.0,3.0,2.0,35.0,42.0,9,10,0.0,4.0,36.0,44.0,6,6,0,0.0,0.0,N830AE,N830AE-AA-0,36.0,47.0,7.0,43.0,54.0,,,0.0,36,43,0.0,0.0
N830AW,638.0,2019,2,5,2,4,2019-05-02,AA,AA,19805,AA,2179,,,,,AA,19805,AA,2179,12266,1226603,31453,IAH,"Houston, TX",TX,48,Texas,74,11298,1129806,30194,DFW,"Dallas/Fort Worth, TX",TX,48,Texas,74,633,5.0,5.0,0.0,0.0,0600-0659,15.0,653.0,810.0,5.0,754,815.0,21.0,21.0,1.0,1.0,0700-0759,0.0,,0.0,81.0,97.0,77.0,1.0,224.0,1,5.0,0.0,16.0,0.0,0.0,,,,0,,,,,,,,,,,,,,,,,,,,,,,,,,,,,,,,,,,,,,,,,,,,,N,4.0,4.0,6.0,8.0,3.0,1.0,31.0,37.0,6,7,2.0,4.0,30.0,36.0,6,6,0,1.0,1.0,N830AW,N830AW-AA-0,30.0,43.0,6.0,36.0,49.0,,,1.0,31,37,1.0,6.22
N830AW,906.0,2019,2,5,2,4,2019-05-02,AA,AA,19805,AA,846,,,,,AA,19805,AA,846,11298,1129806,30194,DFW,"Dallas/Fort Worth, TX",TX,48,Texas,74,13851,1385103,33851,OKC,"Oklahoma City, OK",OK,40,Oklahoma,73,852,14.0,14.0,0.0,0.0,0800-0859,28.0,934.0,1006.0,5.0,952,1011.0,19.0,19.0,1.0,1.0,0900-0959,0.0,,0.0,60.0,65.0,32.0,1.0,175.0,1,6.0,0.0,5.0,0.0,8.0,,,,0,,,,,,,,,,,,,,,,,,,,,,,,,,,,,,,,,,,,,,,,,,,,,N,4.0,4.0,9.0,10.0,0.0,1.0,40.0,45.0,8,9,3.0,3.0,39.0,43.0,3,3,1,1.0,0.0,N830AW,N830AW-AA-1,39.0,52.0,5.0,44.0,57.0,37.0,3.0,1.0,40,45,1.0,3.24
N830DN,534.0,2019,2,5,2,4,2019-05-02,DL,DL,19790,DL,622,,,,,DL,19790,DL,622,10713,1071302,30713,BOI,"Boise, ID",ID,16,Idaho,83,13487,1348702,31650,MSP,"Minneapolis, MN",MN,27,Minnesota,63,538,-4.0,0.0,0.0,-1.0,0001-0559,11.0,545.0,859.0,3.0,925,902.0,-23.0,0.0,0.0,-2.0,0900-0959,0.0,,0.0,167.0,148.0,134.0,1.0,1142.0,5,,,0.0,,0.0,,,,0,,,,,,,,,,,,,,,,,,,,,,,,,,,,,,,,,,,,,,,,,,,,,N,8.0,4.0,5.0,9.0,2.0,0.0,30.0,40.0,5,9,3.0,2.0,31.0,42.0,2,2,0,0.0,0.0,N830DN,N830DN-DL-0,31.0,42.0,10.0,41.0,52.0,,,0.0,31,41,0.0,0.0
N830SK,652.0,2019,2,5,2,4,2019-05-02,DL,DL_CODESHARE,19790,DL,3947,,,,,OO,20304,OO,3947,11775,1177502,31775,FSD,"Sioux Falls, SD",SD,46,South Dakota,67,13487,1348702,31650,MSP,"Minneapolis, MN",MN,27,Minnesota,63,700,-8.0,0.0,0.0,-1.0,0700-0759,37.0,729.0,815.0,4.0,805,819.0,14.0,14.0,0.0,0.0,0800-0859,0.0,,0.0,65.0,87.0,46.0,1.0,196.0,1,,,0.0,,0.0,,,,0,,,,,,,,,,,,,,,,,,,,,,,,,,,,,,,,,,,,,,,,,,,,,N,4.0,4.0,6.0,8.0,3.0,1.0,31.0,37.0,7,8,0.0,0.0,32.0,36.0,2,2,0,1.0,1.0,N830SK,N830SK-DL-0,32.0,43.0,6.0,38.0,49.0,,,0.0,32,38,0.0,0.0
N830SK,858.0,2019,2,5,2,4,2019-05-02,DL,DL_CODESHARE,19790,DL,4098,,,,,OO,20304,OO,4098,13487,1348702,31650,MSP,"Minneapolis, MN",MN,27,Minnesota,63,15016,1501606,31123,STL,"St. Louis, MO",MO,29,Missouri,64,845,13.0,13.0,0.0,0.0,0800-0859,21.0,919.0,1029.0,3.0,1021,1032.0,11.0,11.0,0.0,0.0,1000-1059,0.0,,0.0,96.0,94.0,70.0,1.0,448.0,2,,,0.0,,0.0,,,,0,,,,,,,,,,,,,,,,,,,,,,,,,,,,,,,,,,,,,,,,,,,,,N,4.0,4.0,8.0,10.0,4.0,2.0,40.0,46.0,8,10,3.0,1.0,39.0,45.0,9,9,1,1.0,0.0,N830SK,N830SK-DL-1,40.0,52.0,6.0,46.0,58.0,37.0,3.0,0.0,41,47,1.0,9.16
N8313F,639.0,2019,2,5,2,4,2019-05-02,WN,WN,19393,WN,1458,,,,,WN,19393,WN,1458,11292,1129202,30325,DEN,"Denver, CO",CO,8,Colorado,82,13204,1320402,31454,MCO,"Orlando, FL",FL,12,Florida,33,640,-1.0,0.0,0.0,-1.0,0600-0659,12.0,651.0,1201.0,9.0,1210,1210.0,0.0,0.0,0.0,0.0,1200-1259,0.0,,0.0,210.0,211.0,190.0,1.0,1546.0,7,,,0.0,,0.0,,,,0,,,,,,,,,,,,,,,,,,,,,,,,,,,,,,,,,,,,,,,,,,,,,N,8.0,0.0,6.0,12.0,3.0,1.0,35.0,49.0,6,12,3.0,1.0,35.0,49.0,7,7,0,0.0,0.0,N8313F,N8313F-WN-0,35.0,47.0,14.0,49.0,61.0,,,0.0,35,49,0.0,0.0
N8316H,643.0,2019,2,5,2,4,2019-05-02,WN,WN,19393,WN,937,,,,,WN,19393,WN,937,13487,1348702,31650,MSP,"Minneapolis, MN",MN,27,Minnesota,63,10821,1082106,30852,BWI,"Baltimore, MD",MD,24,Maryland,35,645,-2.0,0.0,0.0,-1.0,0600-0659,12.0,655.0,959.0,3.0,1005,1002.0,-3.0,0.0,0.0,-1.0,1000-1059,0.0,,0.0,140.0,139.0,124.0,1.0,936.0,4,,,0.0,,0.0,,,,0,,,,,,,,,,,,,,,,,,,,,,,,,,,,,,,,,,,,,,,,,,,,,N,4.0,0.0,6.0,10.0,3.0,0.0,31.0,40.0,6,10,3.0,0.0,31.0,40.0,4,4,0,0.0,0.0,N8316H,N8316H-WN-0,31.0,43.0,9.0,40.0,52.0,,,0.0,31,40,0.0,0.0
N831AE,450.0,2019,2,5,2,4,2019-05-02,AA,AA_CODESHARE,19805,AA,3920,,,,,MQ,20398,MQ,3920,14783,1478302,34783,SGF,"Springfield, MO",MO,29,Missouri,64,11057,1105703,31057,CLT,"Charlotte, NC",NC,37,North Carolina,36,500,-10.0,0.0,0.0,-1.0,0001-0559,13.0,503.0,743.0,24.0,813,807.0,-6.0,0.0,0.0,-1.0,0800-0859,0.0,,0.0,133.0,137.0,100.0,1.0,708.0,3,,,0.0,,0.0,,,,0,,,,,,,,,,,,,,,,,,,,,,,,,,,,,,,,,,,,,,,,,,,,,N,4.0,0.0,4.0,8.0,3.0,0.0,23.0,32.0,5,8,0.0,1.0,24.0,33.0,4,4,0,1.0,1.0,N831AE,N831AE-AA-0,24.0,35.0,9.0,33.0,44.0,,,0.0,24,33,0.0,0.0
N831AE,846.0,2019,2,5,2,4,2019-05-02,AA,AA_CODESHARE,19805,AA,3869,,,,,MQ,20398,MQ,3869,11057,1105703,31057,CLT,"Charlotte, NC",NC,37,North Carolina,36,14783,1478302,34783,SGF,"Springfield, MO",MO,29,Missouri,64,855,-9.0,0.0,0.0,-1.0,0800-0859,14.0,900.0,947.0,5.0,1013,952.0,-21.0,0.0,0.0,-2.0,1000-1059,0.0,,0.0,138.0,126.0,107.0,1.0,708.0,3,,,0.0,,0.0,,,,0,,,,,,,,,,,,,,,,,,,,,,,,,,,,,,,,,,,,,,,,,,,,,N,0.0,4.0,8.0,9.0,3.0,3.0,35.0,43.0,8,10,4.0,1.0,36.0,45.0,7,7,1,1.0,0.0,N831AE,N831AE-AA-1,36.0,47.0,8.0,44.0,55.0,32.0,3.0,0.0,36,44,0.0,0.0
N831AW,802.0,2019,2,5,2,4,2019-05-02,AA,AA,19805,AA,355,,,,,AA,19805,AA,355,14100,1410005,34100,PHL,"Philadelphia, PA",PA,42,Pennsylvania,23,14635,1463502,31714,RSW,"Fort Myers, FL",FL,12,Florida,33,810,-8.0,0.0,0.0,-1.0,0800-0859,22.0,824.0,1044.0,4.0,1105,1048.0,-17.0,0.0,0.0,-2.0,1100-1159,0.0,,0.0,175.0,166.0,140.0,1.0,993.0,4,,,0.0,,0.0,,,,0,,,,,,,,,,,,,,,,,,,,,,,,,,,,,,,,,,,,,,,,,,,,,N,0.0,0.0,8.0,10.0,0.0,3.0,32.0,43.0,8,11,1.0,0.0,33.0,44.0,9,9,0,0.0,0.0,N831AW,N831AW-AA-0,33.0,44.0,11.0,44.0,55.0,,,0.0,33,44,0.0,0.0
N831DN,824.0,2019,2,5,2,4,2019-05-02,DL,DL,19790,DL,327,,,,,DL,19790,DL,327,11433,1143302,31295,DTW,"Detroit, MI",MI,26,Michigan,43,14831,1483106,32457,SJC,"San Jose, CA",CA,6,California,91,829,-5.0,0.0,0.0,-1.0,0800-0859,23.0,847.0,1043.0,2.0,1025,1045.0,20.0,20.0,1.0,1.0,1000-1059,0.0,,0.0,296.0,321.0,296.0,1.0,2062.0,9,0.0,0.0,20.0,0.0,0.0,,,,0,,,,,,,,,,,,,,,,,,,,,,,,,,,,,,,,,,,,,,,,,,,,,N,0.0,12.0,8.0,10.0,2.0,3.0,34.0,55.0,8,10,2.0,2.0,34.0,54.0,5,5,0,0.0,0.0,N831DN,N831DN-DL-0,34.0,46.0,21.0,55.0,67.0,,,1.0,34,55,0.0,0.0
N831MH,656.0,2019,2,5,2,4,2019-05-02,DL,DL,19790,DL,1529,,,,,DL,19790,DL,1529,12478,1247805,31703,JFK,"New York, NY",NY,36,New York,22,12892,1289208,32575,LAX,"Los Angeles, CA",CA,6,California,91,700,-4.0,0.0,0.0,-1.0,0700-0759,20.0,716.0,948.0,9.0,1005,957.0,-8.0,0.0,0.0,-1.0,1000-1059,0.0,,0.0,365.0,361.0,332.0,1.0,2475.0,10,,,0.0,,0.0,,,,0,,,,,,,,,,,,,,,,,,,,,,,,,,,,,,,,,,,,,,,,,,,,,N,0.0,12.0,6.0,9.0,4.0,4.0,28.0,52.0,7,10,0.0,0.0,28.0,52.0,9,9,0,0.0,0.0,N831MH,N831MH-DL-0,28.0,40.0,24.0,52.0,64.0,,,0.0,28,52,0.0,0.0
N831SK,653.0,2019,2,5,2,4,2019-05-02,DL,DL_CODESHARE,19790,DL,3681,,,,,OO,20304,OO,3681,12266,1226603,31453,IAH,"Houston, TX",TX,48,Texas,74,13487,1348702,31650,MSP,"Minneapolis, MN",MN,27,Minnesota,63,630,23.0,23.0,1.0,1.0,0600-0659,132.0,905.0,1152.0,6.0,925,1158.0,153.0,153.0,1.0,10.0,0900-0959,0.0,,0.0,175.0,305.0,167.0,1.0,1034.0,5,0.0,0.0,153.0,0.0,0.0,,,,0,,,,,,,,,,,,,,,,,,,,,,,,,,,,,,,,,,,,,,,,,,,,,N,4.0,4.0,6.0,11.0,4.0,4.0,32.0,52.0,6,9,2.0,2.0,30.0,42.0,4,4,0,0.0,0.0,N831SK,N831SK-DL-0,30.0,44.0,20.0,50.0,64.0,,,10.0,30,50,0.0,0.0
N8323C,526.0,2019,2,5,2,4,2019-05-02,WN,WN,19393,WN,1743,,,,,WN,19393,WN,1743,12892,1289208,32575,LAX,"Los Angeles, CA",CA,6,California,91,13796,1379608,32457,OAK,"Oakland, CA",CA,6,California,91,530,-4.0,0.0,0.0,-1.0,0001-0559,6.0,532.0,624.0,6.0,650,630.0,-20.0,0.0,0.0,-2.0,0600-0659,0.0,,0.0,80.0,64.0,52.0,1.0,337.0,2,,,0.0,,0.0,,,,0,,,,,,,,,,,,,,,,,,,,,,,,,,,,,,,,,,,,,,,,,,,,,N,12.0,12.0,5.0,6.0,2.0,2.0,34.0,38.0,5,6,2.0,3.0,34.0,39.0,6,6,0,0.0,0.0,N8323C,N8323C-WN-0,34.0,46.0,4.0,38.0,50.0,,,0.0,34,38,0.0,0.0
N8326F,601.0,2019,2,5,2,4,2019-05-02,WN,WN,19393,WN,120,,,,,WN,19393,WN,120,14107,1410702,30466,PHX,"Phoenix, AZ",AZ,4,Arizona,81,13198,1319801,33198,MCI,"Kansas City, MO",MO,29,Missouri,64,600,1.0,1.0,0.0,0.0,0600-0659,13.0,614.0,1014.0,5.0,1025,1019.0,-6.0,0.0,0.0,-1.0,1000-1059,0.0,,0.0,145.0,138.0,120.0,1.0,1044.0,5,,,0.0,,0.0,,,,0,,,,,,,,,,,,,,,,,,,,,,,,,,,,,,,,,,,,,,,,,,,,,N,8.0,4.0,6.0,10.0,0.0,1.0,32.0,45.0,6,10,0.0,2.0,32.0,46.0,6,6,0,0.0,0.0,N8326F,N8326F-WN-0,32.0,44.0,13.0,45.0,57.0,,,0.0,32,45,0.0,0.0
N8327A,623.0,2019,2,5,2,4,2019-05-02,WN,WN,19393,WN,1093,,,,,WN,19393,WN,1093,14492,1449202,34492,RDU,"Raleigh/Durham, NC",NC,37,North Carolina,36,10397,1039707,30397,ATL,"Atlanta, GA",GA,13,Georgia,34,625,-2.0,0.0,0.0,-1.0,0600-0659,9.0,632.0,730.0,6.0,750,736.0,-14.0,0.0,0.0,-1.0,0700-0759,0.0,,0.0,85.0,73.0,58.0,1.0,356.0,2,,,0.0,,0.0,,,,0,,,,,,,,,,,,,,,,,,,,,,,,,,,,,,,,,,,,,,,,,,,,,N,0.0,0.0,6.0,7.0,2.0,2.0,26.0,30.0,6,7,2.0,3.0,26.0,31.0,9,9,0,1.0,1.0,N8327A,N8327A-WN-0,26.0,38.0,4.0,30.0,42.0,,,0.0,26,30,0.0,0.0
N8327A,843.0,2019,2,5,2,4,2019-05-02,WN,WN,19393,WN,1093,,,,,WN,19393,WN,1093,10397,1039707,30397,ATL,"Atlanta, GA",GA,13,Georgia,34,13342,1334207,33342,MKE,"Milwaukee, WI",WI,55,Wisconsin,45,840,3.0,3.0,0.0,0.0,0800-0859,15.0,858.0,935.0,4.0,940,939.0,-1.0,0.0,0.0,-1.0,0900-0959,0.0,,0.0,120.0,116.0,97.0,1.0,669.0,3,,,0.0,,0.0,,,,0,,,,,,,,,,,,,,,,,,,,,,,,,,,,,,,,,,,,,,,,,,,,,N,0.0,4.0,8.0,9.0,3.0,3.0,35.0,43.0,8,9,3.0,3.0,35.0,43.0,4,4,1,1.0,0.0,N8327A,N8327A-WN-1,35.0,47.0,8.0,43.0,55.0,30.0,5.0,0.0,35,43,0.0,0.0
N832AY,555.0,2019,2,5,2,4,2019-05-02,DL,DL_CODESHARE,19790,DL,5016,,,,,9E,20363,9E,5016,10185,1018502,30185,AEX,"Alexandria, LA",LA,22,Louisiana,72,10397,1039707,30397,ATL,"Atlanta, GA",GA,13,Georgia,34,600,-5.0,0.0,0.0,-1.0,0600-0659,12.0,607.0,820.0,15.0,849,835.0,-14.0,0.0,0.0,-1.0,0800-0859,0.0,,0.0,109.0,100.0,73.0,1.0,500.0,3,,,0.0,,0.0,,,,0,,,,,,,,,,,,,,,,,,,,,,,,,,,,,,,,,,,,,,,,,,,,,N,4.0,0.0,5.0,8.0,4.0,2.0,28.0,34.0,6,8,0.0,3.0,28.0,35.0,1,1,0,1.0,1.0,N832AY,N832AY-DL-0,28.0,40.0,6.0,34.0,46.0,,,0.0,28,34,0.0,0.0
N832AY,926.0,2019,2,5,2,4,2019-05-02,DL,DL_CODESHARE,19790,DL,5096,,,,,9E,20363,9E,5096,10397,1039707,30397,ATL,"Atlanta, GA",GA,13,Georgia,34,10185,1018502,30185,AEX,"Alexandria, LA",LA,22,Louisiana,72,930,-4.0,0.0,0.0,-1.0,0900-0959,14.0,940.0,1014.0,4.0,1009,1018.0,9.0,9.0,0.0,0.0,1000-1059,0.0,,0.0,99.0,112.0,94.0,1.0,500.0,3,,,0.0,,0.0,,,,0,,,,,,,,,,,,,,,,,,,,,,,,,,,,,,,,,,,,,,,,,,,,,N,0.0,4.0,9.0,10.0,2.0,1.0,38.0,45.0,9,10,2.0,1.0,38.0,45.0,1,1,1,1.0,0.0,N832AY,N832AY-DL-1,38.0,50.0,7.0,45.0,57.0,34.0,4.0,0.0,38,45,0.0,0.0
N832DN,855.0,2019,2,5,2,4,2019-05-02,DL,DL,19790,DL,1700,,,,,DL,19790,DL,1700,10397,1039707,30397,ATL,"Atlanta, GA",GA,13,Georgia,34,14893,1489302,33192,SMF,"Sacramento, CA",CA,6,California,91,857,-2.0,0.0,0.0,-1.0,0800-0859,11.0,906.0,1040.0,5.0,1050,1045.0,-5.0,0.0,0.0,-1.0,1000-1059,0.0,,0.0,293.0,290.0,274.0,1.0,2092.0,9,,,0.0,,0.0,,,,0,,,,,,,,,,,,,,,,,,,,,,,,,,,,,,,,,,,,,,,,,,,,,N,0.0,12.0,8.0,10.0,4.0,3.0,36.0,55.0,8,10,4.0,3.0,36.0,55.0,9,9,0,0.0,0.0,N832DN,N832DN-DL-0,36.0,48.0,19.0,55.0,67.0,,,0.0,36,55,0.0,0.0
N832HK,607.0,2019,2,5,2,4,2019-05-02,UA,UA_CODESHARE,19977,UA,4705,,,,,AX,20237,AX,4705,11612,1161206,31612,EVV,"Evansville, IN",IN,18,Indiana,42,13930,1393007,30977,ORD,"Chicago, IL",IL,17,Illinois,41,615,-8.0,0.0,0.0,-1.0,0600-0659,21.0,628.0,732.0,8.0,759,740.0,-19.0,0.0,0.0,-2.0,0700-0759,0.0,,0.0,104.0,93.0,64.0,1.0,272.0,2,,,0.0,,0.0,,,,0,,,,,,,,,,,,,,,,,,,,,,,,,,,,,,,,,,,,,,,,,,,,,N,4.0,4.0,6.0,7.0,0.0,3.0,28.0,35.0,6,7,1.0,4.0,29.0,36.0,2,2,0,1.0,1.0,N832HK,N832HK-UA-0,29.0,40.0,7.0,36.0,47.0,,,0.0,29,36,0.0,0.0
N832HK,840.0,2019,2,5,2,4,2019-05-02,UA,UA_CODESHARE,19977,UA,4737,,,,,AX,20237,AX,4737,13930,1393007,30977,ORD,"Chicago, IL",IL,17,Illinois,41,11612,1161206,31612,EVV,"Evansville, IN",IN,18,Indiana,42,843,-3.0,0.0,0.0,-1.0,0800-0859,42.0,922.0,1011.0,6.0,959,1017.0,18.0,18.0,1.0,1.0,0900-0959,0.0,,0.0,76.0,97.0,49.0,1.0,272.0,2,0.0,0.0,18.0,0.0,0.0,,,,0,,,,,,,,,,,,,,,,,,,,,,,,,,,,,,,,,,,,,,,,,,,,,N,4.0,4.0,8.0,10.0,3.0,1.0,39.0,45.0,8,9,3.0,4.0,39.0,44.0,5,5,1,1.0,0.0,N832HK,N832HK-UA-1,39.0,51.0,6.0,45.0,57.0,35.0,4.0,1.0,39,45,0.0,0.0
N832NN,655.0,2019,2,5,2,4,2019-05-02,AA,AA,19805,AA,1341,,,,,AA,19805,AA,1341,13303,1330303,32467,MIA,"Miami, FL",FL,12,Florida,33,14843,1484306,34819,SJU,"San Juan, PR",PR,72,Puerto Rico,3,700,-5.0,0.0,0.0,-1.0,0700-0759,27.0,722.0,933.0,10.0,934,943.0,9.0,9.0,0.0,0.0,0900-0959,0.0,,0.0,154.0,168.0,131.0,1.0,1045.0,5,,,0.0,,0.0,,,,0,,,,,,,,,,,,,,,,,,,,,,,,,,,,,,,,,,,,,,,,,,,,,N,0.0,-4.0,6.0,9.0,4.0,3.0,28.0,35.0,7,9,0.0,2.0,28.0,34.0,5,5,0,1.0,1.0,N832NN,N832NN-AA-0,28.0,40.0,7.0,35.0,47.0,,,0.0,28,35,0.0,0.0
N832NN,1041.0,2019,2,5,2,4,2019-05-02,AA,AA,19805,AA,2415,,,,,AA,19805,AA,2415,14843,1484306,34819,SJU,"San Juan, PR",PR,72,Puerto Rico,3,13303,1330303,32467,MIA,"Miami, FL",FL,12,Florida,33,1045,-4.0,0.0,0.0,-1.0,1000-1059,15.0,1056.0,1319.0,8.0,1345,1327.0,-18.0,0.0,0.0,-2.0,1300-1359,0.0,,0.0,180.0,166.0,143.0,1.0,1045.0,5,,,0.0,,0.0,,,,0,,,,,,,,,,,,,,,,,,,,,,,,,,,,,,,,,,,,,,,,,,,,,N,-4.0,0.0,10.0,13.0,3.0,2.0,39.0,54.0,10,13,3.0,3.0,39.0,55.0,3,3,1,1.0,0.0,N832NN,N832NN-AA-1,39.0,51.0,15.0,54.0,66.0,35.0,4.0,0.0,39,54,0.0,0.0
N832SK,521.0,2019,2,5,2,4,2019-05-02,DL,DL_CODESHARE,19790,DL,3658,,,,,OO,20304,OO,3658,12884,1288403,32884,LAN,"Lansing, MI",MI,26,Michigan,43,11433,1143302,31295,DTW,"Detroit, MI",MI,26,Michigan,43,530,-9.0,0.0,0.0,-1.0,0001-0559,9.0,530.0,550.0,11.0,617,601.0,-16.0,0.0,0.0,-2.0,0600-0659,0.0,,0.0,47.0,40.0,20.0,1.0,74.0,1,,,0.0,,0.0,,,,0,,,,,,,,,,,,,,,,,,,,,,,,,,,,,,,,,,,,,,,,,,,,,N,0.0,0.0,5.0,6.0,1.0,0.0,21.0,24.0,5,6,2.0,1.0,22.0,25.0,1,1,0,1.0,1.0,N832SK,N832SK-DL-0,22.0,33.0,3.0,25.0,36.0,,,0.0,22,25,0.0,0.0
N832SK,832.0,2019,2,5,2,4,2019-05-02,DL,DL_CODESHARE,19790,DL,3655,,,,,OO,20304,OO,3655,11433,1143302,31295,DTW,"Detroit, MI",MI,26,Michigan,43,13871,1387102,33316,OMA,"Omaha, NE",NE,31,Nebraska,65,836,-4.0,0.0,0.0,-1.0,0800-0859,22.0,854.0,938.0,4.0,939,942.0,3.0,3.0,0.0,0.0,0900-0959,0.0,,0.0,123.0,130.0,104.0,1.0,651.0,3,,,0.0,,0.0,,,,0,,,,,,,,,,,,,,,,,,,,,,,,,,,,,,,,,,,,,,,,,,,,,N,0.0,4.0,8.0,9.0,2.0,3.0,34.0,43.0,8,9,2.0,3.0,34.0,43.0,5,5,1,1.0,0.0,N832SK,N832SK-DL-1,34.0,46.0,9.0,43.0,55.0,24.0,10.0,0.0,35,44,1.0,5.18
N832UA,545.0,2019,2,5,2,4,2019-05-02,UA,UA,19977,UA,294,,,,,UA,19977,UA,294,11003,1100303,31003,CID,"Cedar Rapids/Iowa City, IA",IA,19,Iowa,61,11292,1129202,30325,DEN,"Denver, CO",CO,8,Colorado,82,550,-5.0,0.0,0.0,-1.0,0001-0559,11.0,556.0,645.0,6.0,701,651.0,-10.0,0.0,0.0,-1.0,0700-0759,0.0,,0.0,131.0,126.0,109.0,1.0,692.0,3,,,0.0,,0.0,,,,0,,,,,,,,,,,,,,,,,,,,,,,,,,,,,,,,,,,,,,,,,,,,,N,4.0,8.0,5.0,6.0,3.0,3.0,27.0,35.0,5,7,3.0,0.0,27.0,36.0,9,9,0,1.0,1.0,N832UA,N832UA-UA-0,27.0,39.0,8.0,35.0,47.0,,,0.0,27,35,0.0,0.0
N832UA,744.0,2019,2,5,2,4,2019-05-02,UA,UA,19977,UA,939,,,,,UA,19977,UA,939,11292,1129202,30325,DEN,"Denver, CO",CO,8,Colorado,82,12264,1226402,30852,IAD,"Washington, DC",VA,51,Virginia,38,750,-6.0,0.0,0.0,-1.0,0700-0759,11.0,755.0,1236.0,4.0,1259,1240.0,-19.0,0.0,0.0,-2.0,1200-1259,0.0,,0.0,189.0,176.0,161.0,1.0,1452.0,6,,,0.0,,0.0,,,,0,,,,,,,,,,,,,,,,,,,,,,,,,,,,,,,,,,,,,,,,,,,,,N,8.0,0.0,7.0,12.0,3.0,3.0,39.0,51.0,7,12,3.0,4.0,39.0,52.0,3,3,1,1.0,0.0,N832UA,N832UA-UA-1,39.0,51.0,12.0,51.0,63.0,35.0,4.0,0.0,39,51,0.0,0.0
N83329,753.0,2019,2,5,2,4,2019-05-02,UA,UA_CODESHARE,19977,UA,6236,,,,,YV,20378,YV,6236,10529,1052906,30529,BDL,"Hartford, CT",CT,9,Connecticut,11,12266,1226603,31453,IAH,"Houston, TX",TX,48,Texas,74,800,-7.0,0.0,0.0,-1.0,0800-0859,15.0,808.0,1052.0,15.0,1112,1107.0,-5.0,0.0,0.0,-1.0,1100-1159,0.0,,0.0,252.0,254.0,224.0,1.0,1507.0,7,,,0.0,,0.0,,,,0,,,,,,,,,,,,,,,,,,,,,,,,,,,,,,,,,,,,,,,,,,,,,N,0.0,4.0,7.0,11.0,4.0,0.0,32.0,48.0,8,11,0.0,1.0,32.0,49.0,8,8,0,0.0,0.0,N83329,N83329-UA-0,32.0,44.0,16.0,48.0,60.0,,,0.0,32,48,0.0,0.0
N833AE,553.0,2019,2,5,2,4,2019-05-02,AA,AA_CODESHARE,19805,AA,3364,,,,,MQ,20398,MQ,3364,12206,1220605,32206,HRL,"Harlingen/San Benito, TX",TX,48,Texas,74,11298,1129806,30194,DFW,"Dallas/Fort Worth, TX",TX,48,Texas,74,602,-9.0,0.0,0.0,-1.0,0600-0659,13.0,606.0,718.0,6.0,744,724.0,-20.0,0.0,0.0,-2.0,0700-0759,0.0,,0.0,102.0,91.0,72.0,1.0,461.0,2,,,0.0,,0.0,,,,0,,,,,,,,,,,,,,,,,,,,,,,,,,,,,,,,,,,,,,,,,,,,,N,4.0,4.0,5.0,7.0,4.0,2.0,28.0,34.0,6,7,0.0,3.0,28.0,35.0,9,9,0,0.0,0.0,N833AE,N833AE-AA-0,28.0,40.0,6.0,34.0,46.0,,,0.0,28,34,0.0,0.0
N833AW,721.0,2019,2,5,2,4,2019-05-02,AA,AA,19805,AA,1693,,,,,AA,19805,AA,1693,13244,1324402,33244,MEM,"Memphis, TN",TN,47,Tennessee,54,14107,1410702,30466,PHX,"Phoenix, AZ",AZ,4,Arizona,81,724,-3.0,0.0,0.0,-1.0,0700-0759,11.0,732.0,832.0,38.0,905,910.0,5.0,5.0,0.0,0.0,0900-0959,0.0,,0.0,221.0,229.0,180.0,1.0,1264.0,6,,,0.0,,0.0,,,,0,,,,,,,,,,,,,,,,,,,,,,,,,,,,,,,,,,,,,,,,,,,,,N,4.0,8.0,7.0,9.0,1.0,1.0,33.0,45.0,7,9,2.0,0.0,34.0,44.0,9,9,0,0.0,0.0,N833AW,N833AW-AA-0,34.0,45.0,12.0,46.0,57.0,,,0.0,34,46,0.0,0.0
N833AY,808.0,2019,2,5,2,4,2019-05-02,DL,DL_CODESHARE,19790,DL,3444,,,,,9E,20363,9E,3444,12953,1295304,31703,LGA,"New York, NY",NY,36,New York,22,15096,1509602,35096,SYR,"Syracuse, NY",NY,36,New York,22,816,-8.0,0.0,0.0,-1.0,0800-0859,29.0,837.0,919.0,3.0,937,922.0,-15.0,0.0,0.0,-1.0,0900-0959,0.0,,0.0,81.0,74.0,42.0,1.0,198.0,1,,,0.0,,0.0,,,,0,,,,,,,,,,,,,,,,,,,,,,,,,,,,,,,,,,,,,,,,,,,,,N,0.0,0.0,8.0,9.0,1.0,1.0,33.0,37.0,8,9,1.0,2.0,33.0,38.0,9,9,0,0.0,0.0,N833AY,N833AY-DL-0,33.0,45.0,4.0,37.0,49.0,,,0.0,33,37,0.0,0.0
N833NN,125.0,2019,2,5,2,4,2019-05-02,AA,AA,19805,AA,2323,,,,,AA,19805,AA,2323,11292,1129202,30325,DEN,"Denver, CO",CO,8,Colorado,82,13303,1330303,32467,MIA,"Miami, FL",FL,12,Florida,33,130,-5.0,0.0,0.0,-1.0,0001-0559,13.0,138.0,718.0,7.0,720,725.0,5.0,5.0,0.0,0.0,0700-0759,0.0,,0.0,230.0,240.0,220.0,1.0,1709.0,7,,,0.0,,0.0,,,,0,,,,,,,,,,,,,,,,,,,,,,,,,,,,,,,,,,,,,,,,,,,,,N,8.0,0.0,1.0,7.0,2.0,2.0,14.0,30.0,1,7,2.0,1.0,14.0,29.0,9,9,0,1.0,1.0,N833NN,N833NN-AA-0,14.0,26.0,16.0,30.0,42.0,,,0.0,14,30,0.0,0.0
N833NN,834.0,2019,2,5,2,4,2019-05-02,AA,AA,19805,AA,216,,,,,AA,19805,AA,216,13303,1330303,32467,MIA,"Miami, FL",FL,12,Florida,33,13495,1349505,33495,MSY,"New Orleans, LA",LA,22,Louisiana,72,831,3.0,3.0,0.0,0.0,0800-0859,15.0,849.0,932.0,2.0,937,934.0,-3.0,0.0,0.0,-1.0,0900-0959,0.0,,0.0,126.0,120.0,103.0,1.0,675.0,3,,,0.0,,0.0,,,,0,,,,,,,,,,,,,,,,,,,,,,,,,,,,,,,,,,,,,,,,,,,,,N,0.0,4.0,8.0,9.0,2.0,2.0,34.0,42.0,8,9,2.0,2.0,34.0,42.0,2,2,1,1.0,0.0,N833NN,N833NN-AA-1,34.0,46.0,8.0,42.0,54.0,30.0,4.0,0.0,34,42,0.0,0.0
N833SK,620.0,2019,2,5,2,4,2019-05-02,DL,DL_CODESHARE,19790,DL,4700,,,,,OO,20304,OO,4700,12217,1221702,30255,HSV,"Huntsville, AL",AL,1,Alabama,51,11433,1143302,31295,DTW,"Detroit, MI",MI,26,Michigan,43,620,0.0,0.0,0.0,0.0,0600-0659,13.0,633.0,900.0,14.0,915,914.0,-1.0,0.0,0.0,-1.0,0900-0959,0.0,,0.0,115.0,114.0,87.0,1.0,554.0,3,,,0.0,,0.0,,,,0,,,,,,,,,,,,,,,,,,,,,,,,,,,,,,,,,,,,,,,,,,,,,N,4.0,0.0,6.0,9.0,1.0,1.0,29.0,37.0,6,9,1.0,1.0,29.0,37.0,5,5,0,0.0,0.0,N833SK,N833SK-DL-0,29.0,41.0,8.0,37.0,49.0,,,0.0,29,37,0.0,0.0
N833UA,613.0,2019,2,5,2,4,2019-05-02,UA,UA,19977,UA,2253,,,,,UA,19977,UA,2253,14492,1449202,34492,RDU,"Raleigh/Durham, NC",NC,37,North Carolina,36,12264,1226402,30852,IAD,"Washington, DC",VA,51,Virginia,38,615,-2.0,0.0,0.0,-1.0,0600-0659,21.0,634.0,723.0,5.0,720,728.0,8.0,8.0,0.0,0.0,0700-0759,0.0,,0.0,65.0,75.0,49.0,1.0,224.0,1,,,0.0,,0.0,,,,0,,,,,,,,,,,,,,,,,,,,,,,,,,,,,,,,,,,,,,,,,,,,,N,0.0,0.0,6.0,7.0,1.0,2.0,25.0,30.0,6,7,1.0,1.0,25.0,29.0,8,8,0,1.0,1.0,N833UA,N833UA-UA-0,25.0,37.0,5.0,30.0,42.0,,,0.0,25,30,0.0,0.0
N833UA,818.0,2019,2,5,2,4,2019-05-02,UA,UA,19977,UA,389,,,,,UA,19977,UA,389,12264,1226402,30852,IAD,"Washington, DC",VA,51,Virginia,38,10994,1099402,30994,CHS,"Charleston, SC",SC,45,South Carolina,37,825,-7.0,0.0,0.0,-1.0,0800-0859,16.0,834.0,952.0,8.0,1003,1000.0,-3.0,0.0,0.0,-1.0,1000-1059,0.0,,0.0,98.0,102.0,78.0,1.0,441.0,2,,,0.0,,0.0,,,,0,,,,,,,,,,,,,,,,,,,,,,,,,,,,,,,,,,,,,,,,,,,,,N,0.0,0.0,8.0,10.0,1.0,0.0,33.0,40.0,8,10,2.0,0.0,34.0,40.0,3,3,1,1.0,0.0,N833UA,N833UA-UA-1,34.0,45.0,7.0,41.0,52.0,30.0,3.0,0.0,34,41,0.0,0.0
N834AE,908.0,2019,2,5,2,4,2019-05-02,AA,AA_CODESHARE,19805,AA,3938,,,,,MQ,20398,MQ,3938,11193,1119302,33105,CVG,"Cincinnati, OH",KY,21,Kentucky,52,12953,1295304,31703,LGA,"New York, NY",NY,36,New York,22,724,104.0,104.0,1.0,6.0,0700-0759,17.0,925.0,1057.0,10.0,930,1107.0,97.0,97.0,1.0,6.0,0900-0959,0.0,,0.0,126.0,119.0,92.0,1.0,585.0,3,97.0,0.0,0.0,0.0,0.0,720.0,47.0,31.0,0,,,,,,,,,,,,,,,,,,,,,,,,,,,,,,,,,,,,,,,,,,,,,N,0.0,0.0,9.0,11.0,1.0,0.0,37.0,44.0,7,9,2.0,2.0,30.0,38.0,2,2,0,0.0,0.0,N834AE,N834AE-AA-0,37.0,49.0,7.0,44.0,56.0,,,0.0,37,45,1.0,2.2
N834AW,553.0,2019,2,5,2,4,2019-05-02,AA,AA,19805,AA,2159,,,,,AA,19805,AA,2159,10721,1072102,30721,BOS,"Boston, MA",MA,25,Massachusetts,13,11278,1127805,30852,DCA,"Washington, DC",VA,51,Virginia,38,600,-7.0,0.0,0.0,-1.0,0600-0659,21.0,614.0,729.0,3.0,750,732.0,-18.0,0.0,0.0,-2.0,0700-0759,0.0,,0.0,110.0,99.0,75.0,1.0,399.0,2,,,0.0,,0.0,,,,0,,,,,,,,,,,,,,,,,,,,,,,,,,,,,,,,,,,,,,,,,,,,,N,0.0,0.0,5.0,7.0,4.0,2.0,24.0,30.0,6,7,0.0,3.0,24.0,31.0,6,6,0,1.0,1.0,N834AW,N834AW-AA-0,24.0,36.0,6.0,30.0,42.0,,,0.0,24,30,0.0,0.0
N834AW,823.0,2019,2,5,2,4,2019-05-02,AA,AA,19805,AA,2169,,,,,AA,19805,AA,2169,11278,1127805,30852,DCA,"Washington, DC",VA,51,Virginia,38,10721,1072102,30721,BOS,"Boston, MA",MA,25,Massachusetts,13,830,-7.0,0.0,0.0,-1.0,0800-0859,14.0,837.0,936.0,9.0,1001,945.0,-16.0,0.0,0.0,-2.0,1000-1059,0.0,,0.0,91.0,82.0,59.0,1.0,399.0,2,,,0.0,,0.0,,,,0,,,,,,,,,,,,,,,,,,,,,,,,,,,,,,,,,,,,,,,,,,,,,N,0.0,0.0,8.0,9.0,2.0,3.0,34.0,39.0,8,10,2.0,0.0,34.0,40.0,4,4,1,1.0,0.0,N834AW,N834AW-AA-1,34.0,46.0,5.0,39.0,51.0,30.0,4.0,0.0,34,39,0.0,0.0
N834DN,722.0,2019,2,5,2,4,2019-05-02,DL,DL,19790,DL,346,,,,,DL,19790,DL,346,10821,1082106,30852,BWI,"Baltimore, MD",MD,24,Maryland,35,14869,1486903,34614,SLC,"Salt Lake City, UT",UT,49,Utah,87,725,-3.0,0.0,0.0,-1.0,0700-0759,13.0,735.0,1000.0,11.0,1003,1011.0,8.0,8.0,0.0,0.0,1000-1059,0.0,,0.0,278.0,289.0,265.0,1.0,1865.0,8,,,0.0,,0.0,,,,0,,,,,,,,,,,,,,,,,,,,,,,,,,,,,,,,,,,,,,,,,,,,,N,0.0,8.0,7.0,10.0,1.0,1.0,29.0,49.0,7,10,2.0,0.0,30.0,48.0,6,6,0,0.0,0.0,N834DN,N834DN-DL-0,30.0,41.0,20.0,50.0,61.0,,,0.0,31,52,2.0,12.9
N834JB,552.0,2019,2,5,2,4,2019-05-02,B6,B6,20409,B6,213,,,,,B6,20409,B6,213,12478,1247805,31703,JFK,"New York, NY",NY,36,New York,22,12954,1295407,32575,LGB,"Long Beach, CA",CA,6,California,91,559,-7.0,0.0,0.0,-1.0,0001-0559,15.0,607.0,859.0,4.0,854,903.0,9.0,9.0,0.0,0.0,0800-0859,0.0,,0.0,355.0,371.0,352.0,1.0,2465.0,10,,,0.0,,0.0,,,,0,,,,,,,,,,,,,,,,,,,,,,,,,,,,,,,,,,,,,,,,,,,,,N,0.0,12.0,5.0,9.0,3.0,0.0,23.0,48.0,5,8,4.0,4.0,24.0,48.0,9,9,0,0.0,0.0,N834JB,N834JB-B6-0,24.0,35.0,25.0,49.0,60.0,,,0.0,24,49,0.0,0.0
N834SK,653.0,2019,2,5,2,4,2019-05-02,DL,DL_CODESHARE,19790,DL,4019,,,,,OO,20304,OO,4019,10994,1099402,30994,CHS,"Charleston, SC",SC,45,South Carolina,37,11433,1143302,31295,DTW,"Detroit, MI",MI,26,Michigan,43,700,-7.0,0.0,0.0,-1.0,0700-0759,13.0,706.0,838.0,16.0,901,854.0,-7.0,0.0,0.0,-1.0,0900-0959,0.0,,0.0,121.0,121.0,92.0,1.0,667.0,3,,,0.0,,0.0,,,,0,,,,,,,,,,,,,,,,,,,,,,,,,,,,,,,,,,,,,,,,,,,,,N,0.0,0.0,6.0,8.0,4.0,4.0,28.0,36.0,7,9,0.0,0.0,28.0,36.0,2,2,0,0.0,0.0,N834SK,N834SK-DL-0,28.0,40.0,8.0,36.0,48.0,,,0.0,28,36,0.0,0.0
N834UA,937.0,2019,2,5,2,4,2019-05-02,UA,UA,19977,UA,1919,,,,,UA,19977,UA,1919,10423,1042302,30423,AUS,"Austin, TX",TX,48,Texas,74,12266,1226603,31453,IAH,"Houston, TX",TX,48,Texas,74,710,147.0,147.0,1.0,9.0,0700-0759,17.0,954.0,1021.0,9.0,811,1030.0,139.0,139.0,1.0,9.0,0800-0859,0.0,,0.0,61.0,53.0,27.0,1.0,140.0,1,0.0,0.0,139.0,0.0,0.0,,,,0,,,,,,,,,,,,,,,,,,,,,,,,,,,,,,,,,,,,,,,,,,,,,N,4.0,4.0,9.0,10.0,2.0,2.0,42.0,46.0,7,8,1.0,1.0,33.0,37.0,6,6,0,0.0,0.0,N834UA,N834UA-UA-0,33.0,54.0,4.0,37.0,58.0,,,9.0,33,37,0.0,0.0
N835AE,559.0,2019,2,5,2,4,2019-05-02,AA,AA_CODESHARE,19805,AA,3925,,,,,MQ,20398,MQ,3925,11042,1104205,30647,CLE,"Cleveland, OH",OH,39,Ohio,44,12953,1295304,31703,LGA,"New York, NY",NY,36,New York,22,610,-11.0,0.0,0.0,-1.0,0600-0659,14.0,613.0,720.0,3.0,801,723.0,-38.0,0.0,0.0,-2.0,0800-0859,0.0,,0.0,111.0,84.0,67.0,1.0,419.0,2,,,0.0,,0.0,,,,0,,,,,,,,,,,,,,,,,,,,,,,,,,,,,,,,,,,,,,,,,,,,,N,0.0,0.0,5.0,7.0,4.0,2.0,24.0,30.0,6,8,1.0,0.0,25.0,32.0,3,3,0,1.0,1.0,N835AE,N835AE-AA-0,25.0,36.0,6.0,31.0,42.0,,,0.0,25,32,1.0,3.18
N835AE,752.0,2019,2,5,2,4,2019-05-02,AA,AA_CODESHARE,19805,AA,3776,,,,,MQ,20398,MQ,3776,12953,1295304,31703,LGA,"New York, NY",NY,36,New York,22,14524,1452401,34524,RIC,"Richmond, VA",VA,51,Virginia,38,756,-4.0,0.0,0.0,-1.0,0700-0759,25.0,817.0,911.0,4.0,924,915.0,-9.0,0.0,0.0,-1.0,0900-0959,0.0,,0.0,88.0,83.0,54.0,1.0,292.0,2,,,0.0,,0.0,,,,0,,,,,,,,,,,,,,,,,,,,,,,,,,,,,,,,,,,,,,,,,,,,,N,0.0,0.0,7.0,9.0,3.0,1.0,31.0,37.0,7,9,4.0,2.0,32.0,38.0,1,1,1,1.0,0.0,N835AE,N835AE-AA-1,32.0,43.0,6.0,38.0,49.0,30.0,1.0,0.0,35,41,3.0,5.24
N835AW,949.0,2019,2,5,2,4,2019-05-02,AA,AA,19805,AA,673,,,,,AA,19805,AA,673,14122,1412202,30198,PIT,"Pittsburgh, PA",PA,42,Pennsylvania,23,14100,1410005,34100,PHL,"Philadelphia, PA",PA,42,Pennsylvania,23,754,115.0,115.0,1.0,7.0,0700-0759,14.0,1003.0,1056.0,4.0,920,1100.0,100.0,100.0,1.0,6.0,0900-0959,0.0,,0.0,86.0,71.0,53.0,1.0,268.0,2,0.0,0.0,100.0,0.0,0.0,743.0,59.0,59.0,0,,,,,,,,,,,,,,,,,,,,,,,,,,,,,,,,,,,,,,,,,,,,,N,0.0,0.0,9.0,11.0,3.0,0.0,39.0,44.0,7,9,4.0,1.0,32.0,37.0,8,8,0,0.0,0.0,N835AW,N835AW-AA-0,32.0,51.0,5.0,37.0,56.0,,,7.0,32,37,0.0,0.0
N835DN,636.0,2019,2,5,2,4,2019-05-02,DL,DL,19790,DL,866,,,,,DL,19790,DL,866,14057,1405702,34057,PDX,"Portland, OR",OR,41,Oregon,92,13487,1348702,31650,MSP,"Minneapolis, MN",MN,27,Minnesota,63,640,-4.0,0.0,0.0,-1.0,0600-0659,15.0,651.0,1142.0,3.0,1159,1145.0,-14.0,0.0,0.0,-1.0,1100-1159,0.0,,0.0,199.0,189.0,171.0,1.0,1426.0,6,,,0.0,,0.0,,,,0,,,,,,,,,,,,,,,,,,,,,,,,,,,,,,,,,,,,,,,,,,,,,N,12.0,4.0,6.0,11.0,2.0,3.0,38.0,51.0,6,11,3.0,4.0,39.0,52.0,8,8,0,0.0,0.0,N835DN,N835DN-DL-0,39.0,50.0,13.0,52.0,63.0,,,0.0,39,52,0.0,0.0
N835UA,556.0,2019,2,5,2,4,2019-05-02,UA,UA,19977,UA,1456,,,,,UA,19977,UA,1456,13930,1393007,30977,ORD,"Chicago, IL",IL,17,Illinois,41,10529,1052906,30529,BDL,"Hartford, CT",CT,9,Connecticut,11,600,-4.0,0.0,0.0,-1.0,0600-0659,14.0,610.0,842.0,3.0,908,845.0,-23.0,0.0,0.0,-2.0,0900-0959,0.0,,0.0,128.0,109.0,92.0,1.0,783.0,4,,,0.0,,0.0,,,,0,,,,,,,,,,,,,,,,,,,,,,,,,,,,,,,,,,,,,,,,,,,,,N,4.0,0.0,5.0,8.0,4.0,3.0,28.0,35.0,6,9,0.0,1.0,28.0,37.0,9,9,0,0.0,0.0,N835UA,N835UA-UA-0,28.0,40.0,7.0,35.0,47.0,,,0.0,28,35,0.0,0.0
N836AE,532.0,2019,2,5,2,4,2019-05-02,AA,AA_CODESHARE,19805,AA,4111,,,,,MQ,20398,MQ,4111,11067,1106702,31067,CMI,"Champaign/Urbana, IL",IL,17,Illinois,41,11057,1105703,31057,CLT,"Charlotte, NC",NC,37,North Carolina,36,542,-10.0,0.0,0.0,-1.0,0001-0559,13.0,545.0,800.0,19.0,833,819.0,-14.0,0.0,0.0,-1.0,0800-0859,0.0,,0.0,111.0,107.0,75.0,1.0,522.0,3,,,0.0,,0.0,,,,0,,,,,,,,,,,,,,,,,,,,,,,,,,,,,,,,,,,,,,,,,,,,,N,4.0,0.0,5.0,8.0,2.0,1.0,26.0,33.0,5,8,3.0,2.0,27.0,34.0,7,7,0,1.0,1.0,N836AE,N836AE-AA-0,27.0,38.0,7.0,34.0,45.0,,,0.0,27,34,0.0,0.0
N836AE,914.0,2019,2,5,2,4,2019-05-02,AA,AA_CODESHARE,19805,AA,3817,,,,,MQ,20398,MQ,3817,11057,1105703,31057,CLT,"Charlotte, NC",NC,37,North Carolina,36,11995,1199502,31995,GSO,"Greensboro/High Point, NC",NC,37,North Carolina,36,919,-5.0,0.0,0.0,-1.0,0900-0959,13.0,927.0,955.0,7.0,1010,1002.0,-8.0,0.0,0.0,-1.0,1000-1059,0.0,,0.0,51.0,48.0,28.0,1.0,83.0,1,,,0.0,,0.0,,,,0,,,,,,,,,,,,,,,,,,,,,,,,,,,,,,,,,,,,,,,,,,,,,N,0.0,0.0,9.0,10.0,1.0,0.0,37.0,40.0,9,10,1.0,1.0,37.0,41.0,1,1,1,1.0,0.0,N836AE,N836AE-AA-1,37.0,49.0,3.0,40.0,52.0,33.0,4.0,0.0,38,41,1.0,1.28
N836AW,921.0,2019,2,5,2,4,2019-05-02,AA,AA,19805,AA,711,,,,,AA,19805,AA,711,13303,1330303,32467,MIA,"Miami, FL",FL,12,Florida,33,12266,1226603,31453,IAH,"Houston, TX",TX,48,Texas,74,830,51.0,51.0,1.0,3.0,0800-0859,54.0,1015.0,1135.0,10.0,1026,1145.0,79.0,79.0,1.0,5.0,1000-1059,0.0,,0.0,176.0,204.0,140.0,1.0,964.0,4,0.0,0.0,79.0,0.0,0.0,,,,0,,,,,,,,,,,,,,,,,,,,,,,,,,,,,,,,,,,,,,,,,,,,,N,0.0,4.0,9.0,11.0,1.0,3.0,37.0,51.0,8,10,2.0,2.0,34.0,46.0,7,7,0,0.0,0.0,N836AW,N836AW-AA-0,34.0,49.0,14.0,48.0,63.0,,,5.0,34,48,0.0,0.0
N836DN,603.0,2019,2,5,2,4,2019-05-02,DL,DL,19790,DL,1994,,,,,DL,19790,DL,1994,14107,1410702,30466,PHX,"Phoenix, AZ",AZ,4,Arizona,81,12478,1247805,31703,JFK,"New York, NY",NY,36,New York,22,605,-2.0,0.0,0.0,-1.0,0600-0659,16.0,619.0,1333.0,5.0,1357,1338.0,-19.0,0.0,0.0,-2.0,1300-1359,0.0,,0.0,292.0,275.0,254.0,1.0,2153.0,9,,,0.0,,0.0,,,,0,,,,,,,,,,,,,,,,,,,,,,,,,,,,,,,,,,,,,,,,,,,,,N,8.0,0.0,6.0,13.0,0.0,3.0,32.0,55.0,6,13,0.0,4.0,32.0,56.0,7,7,0,0.0,0.0,N836DN,N836DN-DL-0,32.0,44.0,23.0,55.0,67.0,,,0.0,32,55,0.0,0.0
N836NN,840.0,2019,2,5,2,4,2019-05-02,AA,AA,19805,AA,1438,,,,,AA,19805,AA,1438,13930,1393007,30977,ORD,"Chicago, IL",IL,17,Illinois,41,13303,1330303,32467,MIA,"Miami, FL",FL,12,Florida,33,840,0.0,0.0,0.0,0.0,0800-0859,39.0,919.0,1257.0,6.0,1246,1303.0,17.0,17.0,1.0,1.0,1200-1259,0.0,,0.0,186.0,203.0,158.0,1.0,1197.0,5,0.0,0.0,17.0,0.0,0.0,,,,0,,,,,,,,,,,,,,,,,,,,,,,,,,,,,,,,,,,,,,,,,,,,,N,4.0,0.0,8.0,13.0,3.0,0.0,39.0,52.0,8,12,3.0,3.0,39.0,51.0,4,4,0,0.0,0.0,N836NN,N836NN-AA-0,39.0,51.0,13.0,52.0,64.0,,,1.0,39,52,0.0,0.0
N836UA,730.0,2019,2,5,2,4,2019-05-02,UA,UA,19977,UA,2258,,,,,UA,19977,UA,2258,10994,1099402,30994,CHS,"Charleston, SC",SC,45,South Carolina,37,13930,1393007,30977,ORD,"Chicago, IL",IL,17,Illinois,41,730,0.0,0.0,0.0,0.0,0700-0759,14.0,744.0,839.0,11.0,854,850.0,-4.0,0.0,0.0,-1.0,0800-0859,0.0,,0.0,144.0,140.0,115.0,1.0,760.0,4,,,0.0,,0.0,,,,0,,,,,,,,,,,,,,,,,,,,,,,,,,,,,,,,,,,,,,,,,,,,,N,0.0,4.0,7.0,8.0,2.0,3.0,30.0,39.0,7,8,2.0,4.0,30.0,40.0,3,3,0,0.0,0.0,N836UA,N836UA-UA-0,30.0,42.0,9.0,39.0,51.0,,,0.0,30,39,0.0,0.0
N836VA,736.0,2019,2,5,2,4,2019-05-02,AS,AS,19930,AS,1219,,,,,AS,19930,AS,1219,10423,1042302,30423,AUS,"Austin, TX",TX,48,Texas,74,14771,1477104,32457,SFO,"San Francisco, CA",CA,6,California,91,740,-4.0,0.0,0.0,-1.0,0700-0759,13.0,749.0,917.0,4.0,930,921.0,-9.0,0.0,0.0,-1.0,0900-0959,0.0,,0.0,230.0,225.0,208.0,1.0,1504.0,7,,,0.0,,0.0,,,,0,,,,,,,,,,,,,,,,,,,,,,,,,,,,,,,,,,,,,,,,,,,,,N,4.0,12.0,7.0,9.0,2.0,1.0,34.0,49.0,7,9,3.0,2.0,35.0,50.0,6,6,0,0.0,0.0,N836VA,N836VA-AS-0,35.0,46.0,15.0,50.0,61.0,,,0.0,35,50,0.0,0.0
N837AW,609.0,2019,2,5,2,4,2019-05-02,AA,AA,19805,AA,1895,,,,,AA,19805,AA,1895,12892,1289208,32575,LAX,"Los Angeles, CA",CA,6,California,91,14107,1410702,30466,PHX,"Phoenix, AZ",AZ,4,Arizona,81,605,4.0,4.0,0.0,0.0,0600-0659,19.0,628.0,720.0,8.0,735,728.0,-7.0,0.0,0.0,-1.0,0700-0759,0.0,,0.0,90.0,79.0,52.0,1.0,370.0,2,,,0.0,,0.0,,,,0,,,,,,,,,,,,,,,,,,,,,,,,,,,,,,,,,,,,,,,,,,,,,N,12.0,8.0,6.0,7.0,1.0,2.0,37.0,38.0,6,7,0.0,2.0,36.0,38.0,1,1,0,0.0,0.0,N837AW,N837AW-AA-0,37.0,49.0,1.0,38.0,50.0,,,0.0,37,38,0.0,0.0
N837DN,524.0,2019,2,5,2,4,2019-05-02,DL,DL,19790,DL,2485,,,,,DL,19790,DL,2485,10693,1069302,30693,BNA,"Nashville, TN",TN,47,Tennessee,54,10397,1039707,30397,ATL,"Atlanta, GA",GA,13,Georgia,34,530,-6.0,0.0,0.0,-1.0,0001-0559,9.0,533.0,709.0,8.0,748,717.0,-31.0,0.0,0.0,-2.0,0700-0759,0.0,,0.0,78.0,53.0,36.0,1.0,214.0,1,,,0.0,,0.0,,,,0,,,,,,,,,,,,,,,,,,,,,,,,,,,,,,,,,,,,,,,,,,,,,N,4.0,0.0,5.0,7.0,2.0,1.0,26.0,29.0,5,7,2.0,3.0,26.0,31.0,4,4,0,0.0,0.0,N837DN,N837DN-DL-0,26.0,38.0,3.0,29.0,41.0,,,0.0,26,29,0.0,0.0
N837NN,530.0,2019,2,5,2,4,2019-05-02,AA,AA,19805,AA,1411,,,,,AA,19805,AA,1411,13930,1393007,30977,ORD,"Chicago, IL",IL,17,Illinois,41,13303,1330303,32467,MIA,"Miami, FL",FL,12,Florida,33,534,-4.0,0.0,0.0,-1.0,0001-0559,12.0,542.0,922.0,10.0,940,932.0,-8.0,0.0,0.0,-1.0,0900-0959,0.0,,0.0,186.0,182.0,160.0,1.0,1197.0,5,,,0.0,,0.0,,,,0,,,,,,,,,,,,,,,,,,,,,,,,,,,,,,,,,,,,,,,,,,,,,N,4.0,0.0,5.0,9.0,2.0,2.0,26.0,38.0,5,9,2.0,3.0,26.0,39.0,7,7,0,0.0,0.0,N837NN,N837NN-AA-0,26.0,38.0,12.0,38.0,50.0,,,0.0,26,38,0.0,0.0
N838AE,600.0,2019,2,5,2,4,2019-05-02,AA,AA_CODESHARE,19805,AA,3706,,,,,MQ,20398,MQ,3706,15074,1507402,35074,SWO,"Stillwater, OK",OK,40,Oklahoma,73,11298,1129806,30194,DFW,"Dallas/Fort Worth, TX",TX,48,Texas,74,605,-5.0,0.0,0.0,-1.0,0600-0659,13.0,613.0,655.0,14.0,718,709.0,-9.0,0.0,0.0,-1.0,0700-0759,0.0,,0.0,73.0,69.0,42.0,1.0,225.0,1,,,0.0,,0.0,,,,0,,,,,,,,,,,,,,,,,,,,,,,,,,,,,,,,,,,,,,,,,,,,,N,4.0,4.0,6.0,7.0,0.0,1.0,28.0,33.0,6,7,0.0,1.0,28.0,33.0,3,3,0,1.0,1.0,N838AE,N838AE-AA-0,28.0,40.0,5.0,33.0,45.0,,,0.0,28,33,0.0,0.0
N838AE,838.0,2019,2,5,2,4,2019-05-02,AA,AA_CODESHARE,19805,AA,3496,,,,,MQ,20398,MQ,3496,11298,1129806,30194,DFW,"Dallas/Fort Worth, TX",TX,48,Texas,74,10728,1072804,30728,BPT,"Beaumont/Port Arthur, TX",TX,48,Texas,74,842,-4.0,0.0,0.0,-1.0,0800-0859,23.0,901.0,957.0,3.0,1000,1000.0,0.0,0.0,0.0,0.0,1000-1059,0.0,,0.0,78.0,82.0,56.0,1.0,270.0,2,,,0.0,,0.0,,,,0,,,,,,,,,,,,,,,,,,,,,,,,,,,,,,,,,,,,,,,,,,,,,N,4.0,4.0,8.0,10.0,3.0,0.0,39.0,44.0,8,10,3.0,0.0,39.0,44.0,8,8,1,1.0,0.0,N838AE,N838AE-AA-1,39.0,51.0,5.0,44.0,56.0,33.0,6.0,0.0,39,44,0.0,0.0
N838AW,742.0,2019,2,5,2,4,2019-05-02,AA,AA,19805,AA,752,,,,,AA,19805,AA,752,14321,1432105,34321,PWM,"Portland, ME",ME,23,Maine,12,11057,1105703,31057,CLT,"Charlotte, NC",NC,37,North Carolina,36,737,5.0,5.0,0.0,0.0,0700-0759,11.0,753.0,952.0,21.0,1019,1013.0,-6.0,0.0,0.0,-1.0,1000-1059,0.0,,0.0,162.0,151.0,119.0,1.0,813.0,4,,,0.0,,0.0,,,,0,,,,,,,,,,,,,,,,,,,,,,,,,,,,,,,,,,,,,,,,,,,,,N,0.0,0.0,7.0,10.0,3.0,1.0,31.0,41.0,7,10,2.0,1.0,30.0,41.0,4,4,0,0.0,0.0,N838AW,N838AW-AA-0,31.0,43.0,10.0,41.0,53.0,,,0.0,31,41,0.0,0.0
N838UA,645.0,2019,2,5,2,4,2019-05-02,UA,UA,19977,UA,1109,,,,,UA,19977,UA,1109,11618,1161802,31703,EWR,"Newark, NJ",NJ,34,New Jersey,21,13303,1330303,32467,MIA,"Miami, FL",FL,12,Florida,33,650,-5.0,0.0,0.0,-1.0,0600-0659,17.0,702.0,938.0,4.0,954,942.0,-12.0,0.0,0.0,-1.0,0900-0959,0.0,,0.0,184.0,177.0,156.0,1.0,1085.0,5,,,0.0,,0.0,,,,0,,,,,,,,,,,,,,,,,,,,,,,,,,,,,,,,,,,,,,,,,,,,,N,0.0,0.0,6.0,9.0,3.0,3.0,27.0,39.0,6,9,3.0,4.0,27.0,40.0,8,8,0,0.0,0.0,N838UA,N838UA-UA-0,27.0,39.0,12.0,39.0,51.0,,,0.0,27,39,0.0,0.0
N838VA,600.0,2019,2,5,2,4,2019-05-02,AS,AS,19930,AS,1062,,,,,AS,19930,AS,1062,12892,1289208,32575,LAX,"Los Angeles, CA",CA,6,California,91,14057,1405702,34057,PDX,"Portland, OR",OR,41,Oregon,92,600,0.0,0.0,0.0,0.0,0600-0659,28.0,628.0,831.0,5.0,835,836.0,1.0,1.0,0.0,0.0,0800-0859,0.0,,0.0,155.0,156.0,123.0,1.0,834.0,4,,,0.0,,0.0,,,,0,,,,,,,,,,,,,,,,,,,,,,,,,,,,,,,,,,,,,,,,,,,,,N,12.0,12.0,6.0,8.0,0.0,2.0,36.0,46.0,6,8,0.0,2.0,36.0,46.0,2,2,0,0.0,0.0,N838VA,N838VA-AS-0,36.0,48.0,10.0,46.0,58.0,,,0.0,36,46,0.0,0.0
N839AW,718.0,2019,2,5,2,4,2019-05-02,AA,AA,19805,AA,2183,,,,,AA,19805,AA,2183,10868,1086803,30868,CAE,"Columbia, SC",SC,45,South Carolina,37,11298,1129806,30194,DFW,"Dallas/Fort Worth, TX",TX,48,Texas,74,723,-5.0,0.0,0.0,-1.0,0700-0759,17.0,735.0,935.0,10.0,920,945.0,25.0,25.0,1.0,1.0,0900-0959,0.0,,0.0,177.0,207.0,180.0,1.0,922.0,4,0.0,0.0,25.0,0.0,0.0,,,,0,,,,,,,,,,,,,,,,,,,,,,,,,,,,,,,,,,,,,,,,,,,,,N,0.0,4.0,7.0,9.0,1.0,3.0,29.0,43.0,7,9,2.0,1.0,30.0,41.0,9,9,0,0.0,0.0,N839AW,N839AW-AA-0,30.0,41.0,14.0,44.0,55.0,,,2.0,30,44,0.0,0.0
N839DN,555.0,2019,2,5,2,4,2019-05-02,DL,DL,19790,DL,2211,,,,,DL,19790,DL,2211,11986,1198603,31986,GRR,"Grand Rapids, MI",MI,26,Michigan,43,10397,1039707,30397,ATL,"Atlanta, GA",GA,13,Georgia,34,600,-5.0,0.0,0.0,-1.0,0600-0659,11.0,606.0,741.0,6.0,755,747.0,-8.0,0.0,0.0,-1.0,0700-0759,0.0,,0.0,115.0,112.0,95.0,1.0,640.0,3,,,0.0,,0.0,,,,0,,,,,,,,,,,,,,,,,,,,,,,,,,,,,,,,,,,,,,,,,,,,,N,0.0,0.0,5.0,7.0,4.0,3.0,24.0,31.0,6,7,0.0,4.0,24.0,32.0,6,6,0,0.0,0.0,N839DN,N839DN-DL-0,24.0,36.0,7.0,31.0,43.0,,,0.0,24,31,0.0,0.0
N839NN,621.0,2019,2,5,2,4,2019-05-02,AA,AA,19805,AA,2477,,,,,AA,19805,AA,2477,12953,1295304,31703,LGA,"New York, NY",NY,36,New York,22,13930,1393007,30977,ORD,"Chicago, IL",IL,17,Illinois,41,630,-9.0,0.0,0.0,-1.0,0600-0659,20.0,641.0,740.0,20.0,809,800.0,-9.0,0.0,0.0,-1.0,0800-0859,0.0,,0.0,159.0,159.0,119.0,1.0,733.0,3,,,0.0,,0.0,,,,0,,,,,,,,,,,,,,,,,,,,,,,,,,,,,,,,,,,,,,,,,,,,,N,0.0,4.0,6.0,8.0,1.0,0.0,25.0,36.0,6,8,2.0,1.0,26.0,37.0,1,1,0,1.0,1.0,N839NN,N839NN-AA-0,26.0,37.0,11.0,37.0,48.0,,,0.0,26,37,0.0,0.0
N839NN,857.0,2019,2,5,2,4,2019-05-02,AA,AA,19805,AA,2211,,,,,AA,19805,AA,2211,13930,1393007,30977,ORD,"Chicago, IL",IL,17,Illinois,41,14635,1463502,31714,RSW,"Fort Myers, FL",FL,12,Florida,33,850,7.0,7.0,0.0,0.0,0800-0859,56.0,953.0,1346.0,4.0,1242,1350.0,68.0,68.0,1.0,4.0,1200-1259,0.0,,0.0,172.0,233.0,173.0,1.0,1120.0,5,2.0,0.0,61.0,0.0,5.0,,,,0,,,,,,,,,,,,,,,,,,,,,,,,,,,,,,,,,,,,,,,,,,,,,N,4.0,0.0,8.0,13.0,4.0,3.0,40.0,55.0,8,12,3.0,3.0,39.0,51.0,2,2,1,1.0,0.0,N839NN,N839NN-AA-1,39.0,52.0,15.0,54.0,67.0,36.0,4.0,4.0,41,56,2.0,5.12
N839VA,556.0,2019,2,5,2,4,2019-05-02,AS,AS,19930,AS,1469,,,,,AS,19930,AS,1469,12889,1288903,32211,LAS,"Las Vegas, NV",NV,32,Nevada,85,12892,1289208,32575,LAX,"Los Angeles, CA",CA,6,California,91,600,-4.0,0.0,0.0,-1.0,0600-0659,22.0,618.0,659.0,9.0,715,708.0,-7.0,0.0,0.0,-1.0,0700-0759,0.0,,0.0,75.0,72.0,41.0,1.0,236.0,1,,,0.0,,0.0,,,,0,,,,,,,,,,,,,,,,,,,,,,,,,,,,,,,,,,,,,,,,,,,,,N,12.0,12.0,5.0,7.0,4.0,1.0,36.0,41.0,6,7,0.0,1.0,36.0,41.0,5,5,0,0.0,0.0,N839VA,N839VA-AS-0,36.0,48.0,5.0,41.0,53.0,,,0.0,36,41,0.0,0.0
N840AE,850.0,2019,2,5,2,4,2019-05-02,AA,AA_CODESHARE,19805,AA,3361,,,,,MQ,20398,MQ,3361,11298,1129806,30194,DFW,"Dallas/Fort Worth, TX",TX,48,Texas,74,12206,1220605,32206,HRL,"Harlingen/San Benito, TX",TX,48,Texas,74,852,-2.0,0.0,0.0,-1.0,0800-0859,57.0,947.0,1132.0,1.0,1033,1133.0,60.0,60.0,1.0,4.0,1000-1059,0.0,,0.0,101.0,163.0,105.0,1.0,461.0,2,0.0,0.0,60.0,0.0,0.0,,,,0,,,,,,,,,,,,,,,,,,,,,,,,,,,,,,,,,,,,,,,,,,,,,N,4.0,4.0,8.0,11.0,3.0,2.0,39.0,50.0,8,10,3.0,2.0,39.0,46.0,7,7,0,0.0,0.0,N840AE,N840AE-AA-0,39.0,51.0,11.0,50.0,62.0,,,4.0,39,50,0.0,0.0
N840AY,546.0,2019,2,5,2,4,2019-05-02,DL,DL_CODESHARE,19790,DL,3289,,,,,9E,20363,9E,3289,10990,1099005,30990,CHO,"Charlottesville, VA",VA,51,Virginia,38,10397,1039707,30397,ATL,"Atlanta, GA",GA,13,Georgia,34,600,-14.0,0.0,0.0,-1.0,0600-0659,18.0,604.0,716.0,4.0,734,720.0,-14.0,0.0,0.0,-1.0,0700-0759,0.0,,0.0,94.0,94.0,72.0,1.0,457.0,2,,,0.0,,0.0,,,,0,,,,,,,,,,,,,,,,,,,,,,,,,,,,,,,,,,,,,,,,,,,,,N,0.0,0.0,5.0,7.0,3.0,1.0,23.0,29.0,6,7,0.0,2.0,24.0,30.0,9,9,0,1.0,1.0,N840AY,N840AY-DL-0,24.0,35.0,6.0,30.0,41.0,,,0.0,24,30,0.0,0.0
N840AY,820.0,2019,2,5,2,4,2019-05-02,DL,DL_CODESHARE,19790,DL,5349,,,,,9E,20363,9E,5349,10397,1039707,30397,ATL,"Atlanta, GA",GA,13,Georgia,34,10208,1020803,30208,AGS,"Augusta, GA",GA,13,Georgia,34,825,-5.0,0.0,0.0,-1.0,0800-0859,16.0,836.0,907.0,4.0,927,911.0,-16.0,0.0,0.0,-2.0,0900-0959,0.0,,0.0,62.0,51.0,31.0,1.0,143.0,1,,,0.0,,0.0,,,,0,,,,,,,,,,,,,,,,,,,,,,,,,,,,,,,,,,,,,,,,,,,,,N,0.0,0.0,8.0,9.0,1.0,1.0,33.0,37.0,8,9,2.0,2.0,34.0,38.0,7,7,1,1.0,0.0,N840AY,N840AY-DL-1,34.0,45.0,4.0,38.0,49.0,29.0,4.0,0.0,34,38,0.0,0.0
N840DN,823.0,2019,2,5,2,4,2019-05-02,DL,DL,19790,DL,2607,,,,,DL,19790,DL,2607,10397,1039707,30397,ATL,"Atlanta, GA",GA,13,Georgia,34,15304,1530402,33195,TPA,"Tampa, FL",FL,12,Florida,33,825,-2.0,0.0,0.0,-1.0,0800-0859,14.0,837.0,939.0,3.0,950,942.0,-8.0,0.0,0.0,-1.0,0900-0959,0.0,,0.0,85.0,79.0,62.0,1.0,406.0,2,,,0.0,,0.0,,,,0,,,,,,,,,,,,,,,,,,,,,,,,,,,,,,,,,,,,,,,,,,,,,N,0.0,0.0,8.0,9.0,2.0,3.0,34.0,39.0,8,9,2.0,3.0,34.0,39.0,3,3,0,0.0,0.0,N840DN,N840DN-DL-0,34.0,46.0,5.0,39.0,51.0,,,0.0,34,39,0.0,0.0
N840NN,821.0,2019,2,5,2,4,2019-05-02,AA,AA,19805,AA,985,,,,,AA,19805,AA,985,13930,1393007,30977,ORD,"Chicago, IL",IL,17,Illinois,41,11278,1127805,30852,DCA,"Washington, DC",VA,51,Virginia,38,825,-4.0,0.0,0.0,-1.0,0800-0859,32.0,853.0,1118.0,6.0,1117,1124.0,7.0,7.0,0.0,0.0,1100-1159,0.0,,0.0,112.0,123.0,85.0,1.0,612.0,3,,,0.0,,0.0,,,,0,,,,,,,,,,,,,,,,,,,,,,,,,,,,,,,,,,,,,,,,,,,,,N,4.0,0.0,8.0,11.0,1.0,2.0,37.0,46.0,8,11,2.0,1.0,38.0,45.0,9,9,0,0.0,0.0,N840NN,N840NN-AA-0,38.0,49.0,9.0,47.0,58.0,,,0.0,38,47,0.0,0.0
N840VA,557.0,2019,2,5,2,4,2019-05-02,AS,AS,19930,AS,1565,,,,,AS,19930,AS,1565,14262,1426204,34262,PSP,"Palm Springs, CA",CA,6,California,91,14747,1474703,30559,SEA,"Seattle, WA",WA,53,Washington,93,605,-8.0,0.0,0.0,-1.0,0600-0659,12.0,609.0,849.0,10.0,855,859.0,4.0,4.0,0.0,0.0,0800-0859,0.0,,0.0,170.0,182.0,160.0,1.0,987.0,4,,,0.0,,0.0,,,,0,,,,,,,,,,,,,,,,,,,,,,,,,,,,,,,,,,,,,,,,,,,,,N,12.0,12.0,5.0,8.0,4.0,4.0,36.0,48.0,6,8,0.0,4.0,36.0,48.0,6,6,0,0.0,0.0,N840VA,N840VA-AS-0,36.0,48.0,12.0,48.0,60.0,,,0.0,36,48,0.0,0.0
N841AE,932.0,2019,2,5,2,4,2019-05-02,AA,AA_CODESHARE,19805,AA,3499,,,,,MQ,20398,MQ,3499,11066,1106606,31066,CMH,"Columbus, OH",OH,39,Ohio,44,12953,1295304,31703,LGA,"New York, NY",NY,36,New York,22,930,2.0,2.0,0.0,0.0,0900-0959,16.0,948.0,1105.0,25.0,1130,1130.0,0.0,0.0,0.0,0.0,1100-1159,0.0,,0.0,120.0,118.0,77.0,1.0,479.0,2,,,0.0,,0.0,,,,0,,,,,,,,,,,,,,,,,,,,,,,,,,,,,,,,,,,,,,,,,,,,,N,0.0,0.0,9.0,11.0,2.0,2.0,38.0,46.0,9,11,2.0,2.0,38.0,46.0,6,6,0,0.0,0.0,N841AE,N841AE-AA-0,38.0,50.0,8.0,46.0,58.0,,,0.0,38,46,0.0,0.0
N841DN,613.0,2019,2,5,2,4,2019-05-02,DL,DL,19790,DL,1361,,,,,DL,19790,DL,1361,14122,1412202,30198,PIT,"Pittsburgh, PA",PA,42,Pennsylvania,23,11433,1143302,31295,DTW,"Detroit, MI",MI,26,Michigan,43,620,-7.0,0.0,0.0,-1.0,0600-0659,10.0,623.0,700.0,5.0,729,705.0,-24.0,0.0,0.0,-2.0,0700-0759,0.0,,0.0,69.0,52.0,37.0,1.0,201.0,1,,,0.0,,0.0,,,,0,,,,,,,,,,,,,,,,,,,,,,,,,,,,,,,,,,,,,,,,,,,,,N,0.0,0.0,6.0,7.0,1.0,0.0,25.0,28.0,6,7,1.0,2.0,25.0,30.0,5,5,0,1.0,1.0,N841DN,N841DN-DL-0,25.0,37.0,3.0,28.0,40.0,,,0.0,25,28,0.0,0.0
N841DN,818.0,2019,2,5,2,4,2019-05-02,DL,DL,19790,DL,403,,,,,DL,19790,DL,403,11433,1143302,31295,DTW,"Detroit, MI",MI,26,Michigan,43,14057,1405702,34057,PDX,"Portland, OR",OR,41,Oregon,92,820,-2.0,0.0,0.0,-1.0,0800-0859,19.0,837.0,959.0,5.0,958,1004.0,6.0,6.0,0.0,0.0,0900-0959,0.0,,0.0,278.0,286.0,262.0,1.0,1953.0,8,,,0.0,,0.0,,,,0,,,,,,,,,,,,,,,,,,,,,,,,,,,,,,,,,,,,,,,,,,,,,N,0.0,12.0,8.0,10.0,1.0,0.0,33.0,52.0,8,9,1.0,4.0,33.0,52.0,2,2,1,1.0,0.0,N841DN,N841DN-DL-1,33.0,45.0,19.0,52.0,64.0,28.0,5.0,0.0,33,52,0.0,0.0
N841NN,609.0,2019,2,5,2,4,2019-05-02,AA,AA,19805,AA,2623,,,,,AA,19805,AA,2623,10721,1072102,30721,BOS,"Boston, MA",MA,25,Massachusetts,13,13303,1330303,32467,MIA,"Miami, FL",FL,12,Florida,33,610,-1.0,0.0,0.0,-1.0,0600-0659,22.0,631.0,932.0,10.0,945,942.0,-3.0,0.0,0.0,-1.0,0900-0959,0.0,,0.0,215.0,213.0,181.0,1.0,1258.0,6,,,0.0,,0.0,,,,0,,,,,,,,,,,,,,,,,,,,,,,,,,,,,,,,,,,,,,,,,,,,,N,0.0,0.0,6.0,9.0,1.0,3.0,25.0,39.0,6,9,1.0,3.0,25.0,39.0,7,7,0,0.0,0.0,N841NN,N841NN-AA-0,25.0,37.0,14.0,39.0,51.0,,,0.0,27,41,2.0,14.9
N841VA,748.0,2019,2,5,2,4,2019-05-02,AS,AS,19930,AS,1141,,,,,AS,19930,AS,1141,14100,1410005,34100,PHL,"Philadelphia, PA",PA,42,Pennsylvania,23,14771,1477104,32457,SFO,"San Francisco, CA",CA,6,California,91,800,-12.0,0.0,0.0,-1.0,0800-0859,15.0,803.0,1104.0,4.0,1120,1108.0,-12.0,0.0,0.0,-1.0,1100-1159,0.0,,0.0,380.0,380.0,361.0,1.0,2521.0,11,,,0.0,,0.0,,,,0,,,,,,,,,,,,,,,,,,,,,,,,,,,,,,,,,,,,,,,,,,,,,N,0.0,12.0,7.0,11.0,3.0,1.0,31.0,57.0,8,11,0.0,1.0,32.0,57.0,9,9,0,0.0,0.0,N841VA,N841VA-AS-0,32.0,43.0,26.0,58.0,69.0,,,0.0,32,58,0.0,0.0
N842DN,704.0,2019,2,5,2,4,2019-05-02,DL,DL,19790,DL,1080,,,,,DL,19790,DL,1080,15016,1501606,31123,STL,"St. Louis, MO",MO,29,Missouri,64,10397,1039707,30397,ATL,"Atlanta, GA",GA,13,Georgia,34,705,-1.0,0.0,0.0,-1.0,0700-0759,11.0,715.0,933.0,6.0,939,939.0,0.0,0.0,0.0,0.0,0900-0959,0.0,,0.0,94.0,95.0,78.0,1.0,484.0,2,,,0.0,,0.0,,,,0,,,,,,,,,,,,,,,,,,,,,,,,,,,,,,,,,,,,,,,,,,,,,N,4.0,0.0,7.0,9.0,0.0,3.0,32.0,39.0,7,9,0.0,3.0,32.0,39.0,8,8,0,0.0,0.0,N842DN,N842DN-DL-0,32.0,44.0,7.0,39.0,51.0,,,0.0,32,39,0.0,0.0
N842NN,555.0,2019,2,5,2,4,2019-05-02,AA,AA,19805,AA,2413,,,,,AA,19805,AA,2413,10423,1042302,30423,AUS,"Austin, TX",TX,48,Texas,74,12892,1289208,32575,LAX,"Los Angeles, CA",CA,6,California,91,601,-6.0,0.0,0.0,-1.0,0600-0659,18.0,613.0,709.0,11.0,729,720.0,-9.0,0.0,0.0,-1.0,0700-0759,0.0,,0.0,208.0,205.0,176.0,1.0,1242.0,5,,,0.0,,0.0,,,,0,,,,,,,,,,,,,,,,,,,,,,,,,,,,,,,,,,,,,,,,,,,,,N,4.0,12.0,5.0,7.0,4.0,1.0,28.0,41.0,6,7,0.0,2.0,28.0,42.0,2,2,0,0.0,0.0,N842NN,N842NN-AA-0,28.0,40.0,13.0,41.0,53.0,,,0.0,28,41,0.0,0.0
N84307,910.0,2019,2,5,2,4,2019-05-02,UA,UA_CODESHARE,19977,UA,6089,,,,,YV,20378,YV,6089,13851,1385103,33851,OKC,"Oklahoma City, OK",OK,40,Oklahoma,73,12266,1226603,31453,IAH,"Houston, TX",TX,48,Texas,74,710,120.0,120.0,1.0,8.0,0700-0759,13.0,923.0,1027.0,12.0,841,1039.0,118.0,118.0,1.0,7.0,0800-0859,0.0,,0.0,91.0,89.0,64.0,1.0,395.0,2,0.0,0.0,118.0,0.0,0.0,,,,0,,,,,,,,,,,,,,,,,,,,,,,,,,,,,,,,,,,,,,,,,,,,,N,4.0,4.0,9.0,10.0,1.0,3.0,41.0,47.0,7,8,1.0,3.0,33.0,39.0,1,1,0,0.0,0.0,N84307,N84307-UA-0,33.0,53.0,6.0,39.0,59.0,,,8.0,33,49,10.0,34.64
N843AE,540.0,2019,2,5,2,4,2019-05-02,AA,AA_CODESHARE,19805,AA,3832,,,,,MQ,20398,MQ,3832,14524,1452401,34524,RIC,"Richmond, VA",VA,51,Virginia,38,12953,1295304,31703,LGA,"New York, NY",NY,36,New York,22,543,-3.0,0.0,0.0,-1.0,0001-0559,24.0,604.0,653.0,10.0,710,703.0,-7.0,0.0,0.0,-1.0,0700-0759,0.0,,0.0,87.0,83.0,49.0,1.0,292.0,2,,,0.0,,0.0,,,,0,,,,,,,,,,,,,,,,,,,,,,,,,,,,,,,,,,,,,,,,,,,,,N,0.0,0.0,5.0,7.0,3.0,0.0,23.0,28.0,5,7,3.0,1.0,23.0,29.0,8,8,0,2.0,2.0,N843AE,N843AE-AA-0,23.0,35.0,5.0,28.0,40.0,,,0.0,23,28,0.0,0.0
N843AE,735.0,2019,2,5,2,4,2019-05-02,AA,AA_CODESHARE,19805,AA,3549,,,,,MQ,20398,MQ,3549,12953,1295304,31703,LGA,"New York, NY",NY,36,New York,22,14321,1432105,34321,PWM,"Portland, ME",ME,23,Maine,12,659,36.0,36.0,1.0,2.0,0600-0659,25.0,800.0,848.0,4.0,810,852.0,42.0,42.0,1.0,2.0,0800-0859,0.0,,0.0,71.0,77.0,48.0,1.0,269.0,2,0.0,0.0,6.0,0.0,36.0,,,,0,,,,,,,,,,,,,,,,,,,,,,,,,,,,,,,,,,,,,,,,,,,,,N,0.0,0.0,7.0,8.0,2.0,3.0,30.0,35.0,6,8,4.0,1.0,28.0,33.0,6,6,1,2.0,1.0,N843AE,N843AE-AA-1,28.0,42.0,5.0,33.0,47.0,28.0,2.0,3.0,28,33,0.0,0.0
N843AE,913.0,2019,2,5,2,4,2019-05-02,AA,AA_CODESHARE,19805,AA,3549,,,,,MQ,20398,MQ,3549,14321,1432105,34321,PWM,"Portland, ME",ME,23,Maine,12,12953,1295304,31703,LGA,"New York, NY",NY,36,New York,22,904,9.0,9.0,0.0,0.0,0900-0959,11.0,924.0,1036.0,9.0,1030,1045.0,15.0,15.0,1.0,1.0,1000-1059,0.0,,0.0,86.0,92.0,72.0,1.0,269.0,2,0.0,0.0,6.0,0.0,9.0,,,,0,,,,,,,,,,,,,,,,,,,,,,,,,,,,,,,,,,,,,,,,,,,,,N,0.0,0.0,9.0,10.0,1.0,3.0,37.0,43.0,9,10,0.0,2.0,36.0,42.0,9,9,2,2.0,0.0,N843AE,N843AE-AA-2,36.0,49.0,6.0,42.0,55.0,35.0,2.0,1.0,36,42,0.0,0.0
N843HK,927.0,2019,2,5,2,4,2019-05-02,UA,UA_CODESHARE,19977,UA,4663,,,,,AX,20237,AX,4663,15016,1501606,31123,STL,"St. Louis, MO",MO,29,Missouri,64,13930,1393007,30977,ORD,"Chicago, IL",IL,17,Illinois,41,844,43.0,43.0,1.0,2.0,0800-0859,16.0,943.0,1027.0,9.0,1010,1036.0,26.0,26.0,1.0,1.0,1000-1059,0.0,,0.0,86.0,69.0,44.0,1.0,258.0,2,0.0,0.0,26.0,0.0,0.0,,,,0,,,,,,,,,,,,,,,,,,,,,,,,,,,,,,,,,,,,,,,,,,,,,N,4.0,4.0,9.0,10.0,2.0,2.0,42.0,46.0,8,10,3.0,1.0,39.0,45.0,1,1,0,0.0,0.0,N843HK,N843HK-UA-0,40.0,54.0,4.0,44.0,58.0,,,2.0,40,44,0.0,0.0
N843NN,801.0,2019,2,5,2,4,2019-05-02,AA,AA,19805,AA,1003,,,,,AA,19805,AA,1003,15016,1501606,31123,STL,"St. Louis, MO",MO,29,Missouri,64,13930,1393007,30977,ORD,"Chicago, IL",IL,17,Illinois,41,736,25.0,25.0,1.0,1.0,0700-0759,17.0,818.0,902.0,10.0,900,912.0,12.0,12.0,0.0,0.0,0900-0959,0.0,,0.0,84.0,71.0,44.0,1.0,258.0,2,,,0.0,,0.0,,,,0,,,,,,,,,,,,,,,,,,,,,,,,,,,,,,,,,,,,,,,,,,,,,N,4.0,4.0,8.0,9.0,0.0,1.0,36.0,41.0,7,9,2.0,0.0,34.0,40.0,5,5,0,0.0,0.0,N843NN,N843NN-AA-0,36.0,48.0,5.0,41.0,53.0,,,0.0,36,41,0.0,0.0
N843UA,726.0,2019,2,5,2,4,2019-05-02,UA,UA,19977,UA,1639,,,,,UA,19977,UA,1639,11057,1105703,31057,CLT,"Charlotte, NC",NC,37,North Carolina,36,13930,1393007,30977,ORD,"Chicago, IL",IL,17,Illinois,41,715,11.0,11.0,0.0,0.0,0700-0759,13.0,739.0,815.0,9.0,842,824.0,-18.0,0.0,0.0,-2.0,0800-0859,0.0,,0.0,147.0,118.0,96.0,1.0,599.0,3,,,0.0,,0.0,,,,0,,,,,,,,,,,,,,,,,,,,,,,,,,,,,,,,,,,,,,,,,,,,,N,0.0,4.0,7.0,8.0,2.0,2.0,30.0,38.0,7,8,1.0,3.0,29.0,39.0,5,5,0,1.0,1.0,N843UA,N843UA-UA-0,30.0,42.0,8.0,38.0,50.0,,,0.0,30,38,0.0,0.0
N843UA,853.0,2019,2,5,2,4,2019-05-02,UA,UA,19977,UA,1272,,,,,UA,19977,UA,1272,13930,1393007,30977,ORD,"Chicago, IL",IL,17,Illinois,41,14122,1412202,30198,PIT,"Pittsburgh, PA",PA,42,Pennsylvania,23,755,58.0,58.0,1.0,3.0,0700-0759,36.0,929.0,1125.0,7.0,1022,1132.0,70.0,70.0,1.0,4.0,1000-1059,0.0,,0.0,87.0,99.0,56.0,1.0,413.0,2,0.0,0.0,12.0,0.0,58.0,,,,0,,,,,,,,,,,,,,,,,,,,,,,,,,,,,,,,,,,,,,,,,,,,,N,4.0,0.0,8.0,11.0,4.0,2.0,40.0,46.0,7,10,4.0,1.0,36.0,41.0,2,2,1,1.0,0.0,N843UA,N843UA-UA-1,36.0,52.0,6.0,42.0,58.0,38.0,2.0,5.0,36,42,0.0,0.0
N844DN,703.0,2019,2,5,2,4,2019-05-02,DL,DL,19790,DL,2539,,,,,DL,19790,DL,2539,13342,1334207,33342,MKE,"Milwaukee, WI",WI,55,Wisconsin,45,10397,1039707,30397,ATL,"Atlanta, GA",GA,13,Georgia,34,705,-2.0,0.0,0.0,-1.0,0700-0759,14.0,717.0,956.0,12.0,1004,1008.0,4.0,4.0,0.0,0.0,1000-1059,0.0,,0.0,119.0,125.0,99.0,1.0,669.0,3,,,0.0,,0.0,,,,0,,,,,,,,,,,,,,,,,,,,,,,,,,,,,,,,,,,,,,,,,,,,,N,4.0,0.0,7.0,10.0,0.0,1.0,32.0,41.0,7,10,0.0,0.0,32.0,40.0,1,1,0,0.0,0.0,N844DN,N844DN-DL-0,32.0,44.0,9.0,41.0,53.0,,,0.0,32,41,0.0,0.0
N844UA,858.0,2019,2,5,2,4,2019-05-02,UA,UA,19977,UA,2414,,,,,UA,19977,UA,2414,10693,1069302,30693,BNA,"Nashville, TN",TN,47,Tennessee,54,12264,1226402,30852,IAD,"Washington, DC",VA,51,Virginia,38,845,13.0,13.0,0.0,0.0,0800-0859,17.0,915.0,1132.0,3.0,1127,1135.0,8.0,8.0,0.0,0.0,1100-1159,0.0,,0.0,102.0,97.0,77.0,1.0,542.0,3,,,0.0,,0.0,,,,0,,,,,,,,,,,,,,,,,,,,,,,,,,,,,,,,,,,,,,,,,,,,,N,4.0,0.0,8.0,11.0,4.0,2.0,40.0,46.0,8,11,3.0,2.0,39.0,46.0,5,5,0,0.0,0.0,N844UA,N844UA-UA-0,40.0,52.0,6.0,46.0,58.0,,,0.0,40,46,0.0,0.0
N844VA,623.0,2019,2,5,2,4,2019-05-02,AS,AS,19930,AS,1038,,,,,AS,19930,AS,1038,11292,1129202,30325,DEN,"Denver, CO",CO,8,Colorado,82,14747,1474703,30559,SEA,"Seattle, WA",WA,53,Washington,93,630,-7.0,0.0,0.0,-1.0,0600-0659,15.0,638.0,810.0,14.0,830,824.0,-6.0,0.0,0.0,-1.0,0800-0859,0.0,,0.0,180.0,181.0,152.0,1.0,1024.0,5,,,0.0,,0.0,,,,0,,,,,,,,,,,,,,,,,,,,,,,,,,,,,,,,,,,,,,,,,,,,,N,8.0,12.0,6.0,8.0,2.0,2.0,34.0,46.0,6,8,2.0,2.0,34.0,46.0,2,2,0,0.0,0.0,N844VA,N844VA-AS-0,34.0,46.0,12.0,46.0,58.0,,,0.0,34,46,0.0,0.0
N845AE,837.0,2019,2,5,2,4,2019-05-02,AA,AA_CODESHARE,19805,AA,3405,,,,,MQ,20398,MQ,3405,11298,1129806,30194,DFW,"Dallas/Fort Worth, TX",TX,48,Texas,74,15411,1541106,35411,TYR,"Tyler, TX",TX,48,Texas,74,845,-8.0,0.0,0.0,-1.0,0800-0859,23.0,900.0,925.0,5.0,937,930.0,-7.0,0.0,0.0,-1.0,0900-0959,0.0,,0.0,52.0,53.0,25.0,1.0,102.0,1,,,0.0,,0.0,,,,0,,,,,,,,,,,,,,,,,,,,,,,,,,,,,,,,,,,,,,,,,,,,,N,4.0,4.0,8.0,9.0,2.0,2.0,38.0,42.0,8,9,3.0,2.0,39.0,42.0,3,3,0,0.0,0.0,N845AE,N845AE-AA-0,39.0,50.0,4.0,43.0,54.0,,,0.0,43,47,4.0,16.2
N845DN,555.0,2019,2,5,2,4,2019-05-02,DL,DL,19790,DL,1179,,,,,DL,19790,DL,1179,15016,1501606,31123,STL,"St. Louis, MO",MO,29,Missouri,64,10397,1039707,30397,ATL,"Atlanta, GA",GA,13,Georgia,34,600,-5.0,0.0,0.0,-1.0,0600-0659,8.0,603.0,826.0,8.0,833,834.0,1.0,1.0,0.0,0.0,0800-0859,0.0,,0.0,93.0,99.0,83.0,1.0,484.0,2,,,0.0,,0.0,,,,0,,,,,,,,,,,,,,,,,,,,,,,,,,,,,,,,,,,,,,,,,,,,,N,4.0,0.0,5.0,8.0,4.0,2.0,28.0,34.0,6,8,0.0,2.0,28.0,34.0,1,1,0,1.0,1.0,N845DN,N845DN-DL-0,28.0,40.0,6.0,34.0,46.0,,,0.0,28,34,0.0,0.0
N845DN,943.0,2019,2,5,2,4,2019-05-02,DL,DL,19790,DL,1547,,,,,DL,19790,DL,1547,10397,1039707,30397,ATL,"Atlanta, GA",GA,13,Georgia,34,11292,1129202,30325,DEN,"Denver, CO",CO,8,Colorado,82,946,-3.0,0.0,0.0,-1.0,0900-0959,11.0,954.0,1039.0,9.0,1053,1048.0,-5.0,0.0,0.0,-1.0,1000-1059,0.0,,0.0,187.0,185.0,165.0,1.0,1199.0,5,,,0.0,,0.0,,,,0,,,,,,,,,,,,,,,,,,,,,,,,,,,,,,,,,,,,,,,,,,,,,N,0.0,8.0,9.0,10.0,3.0,3.0,39.0,51.0,9,10,3.0,4.0,39.0,52.0,3,3,1,1.0,0.0,N845DN,N845DN-DL-1,39.0,51.0,12.0,51.0,63.0,34.0,5.0,0.0,44,56,5.0,22.06
N845UA,745.0,2019,2,5,2,4,2019-05-02,UA,UA,19977,UA,2192,,,,,UA,19977,UA,2192,13930,1393007,30977,ORD,"Chicago, IL",IL,17,Illinois,41,14679,1467903,33570,SAN,"San Diego, CA",CA,6,California,91,748,-3.0,0.0,0.0,-1.0,0700-0759,21.0,806.0,1005.0,2.0,1008,1007.0,-1.0,0.0,0.0,-1.0,1000-1059,0.0,,0.0,260.0,262.0,239.0,1.0,1723.0,7,,,0.0,,0.0,,,,0,,,,,,,,,,,,,,,,,,,,,,,,,,,,,,,,,,,,,,,,,,,,,N,4.0,12.0,7.0,10.0,3.0,0.0,35.0,52.0,7,10,3.0,1.0,35.0,53.0,3,3,0,0.0,0.0,N845UA,N845UA-UA-0,35.0,47.0,17.0,52.0,64.0,,,0.0,35,52,0.0,0.0
N846DN,604.0,2019,2,5,2,4,2019-05-02,DL,DL,19790,DL,1065,,,,,DL,19790,DL,1065,10529,1052906,30529,BDL,"Hartford, CT",CT,9,Connecticut,11,10397,1039707,30397,ATL,"Atlanta, GA",GA,13,Georgia,34,600,4.0,4.0,0.0,0.0,0600-0659,10.0,614.0,814.0,10.0,832,824.0,-8.0,0.0,0.0,-1.0,0800-0859,0.0,,0.0,152.0,140.0,120.0,1.0,859.0,4,,,0.0,,0.0,,,,0,,,,,,,,,,,,,,,,,,,,,,,,,,,,,,,,,,,,,,,,,,,,,N,0.0,0.0,6.0,8.0,0.0,2.0,24.0,34.0,6,8,0.0,2.0,24.0,34.0,7,7,0,1.0,1.0,N846DN,N846DN-DL-0,24.0,36.0,10.0,34.0,46.0,,,0.0,24,34,0.0,0.0
N846DN,929.0,2019,2,5,2,4,2019-05-02,DL,DL,19790,DL,95,,,,,DL,19790,DL,95,10397,1039707,30397,ATL,"Atlanta, GA",GA,13,Georgia,34,11433,1143302,31295,DTW,"Detroit, MI",MI,26,Michigan,43,930,-1.0,0.0,0.0,-1.0,0900-0959,9.0,938.0,1113.0,5.0,1125,1118.0,-7.0,0.0,0.0,-1.0,1100-1159,0.0,,0.0,115.0,109.0,95.0,1.0,594.0,3,,,0.0,,0.0,,,,0,,,,,,,,,,,,,,,,,,,,,,,,,,,,,,,,,,,,,,,,,,,,,N,0.0,0.0,9.0,11.0,2.0,1.0,38.0,45.0,9,11,2.0,2.0,38.0,46.0,7,7,1,1.0,0.0,N846DN,N846DN-DL-1,38.0,50.0,7.0,45.0,57.0,34.0,4.0,0.0,38,45,0.0,0.0
N846HK,624.0,2019,2,5,2,4,2019-05-02,UA,UA_CODESHARE,19977,UA,4660,,,,,AX,20237,AX,4660,14730,1473003,33044,SDF,"Louisville, KY",KY,21,Kentucky,52,13930,1393007,30977,ORD,"Chicago, IL",IL,17,Illinois,41,630,-6.0,0.0,0.0,-1.0,0600-0659,18.0,642.0,644.0,10.0,708,654.0,-14.0,0.0,0.0,-1.0,0700-0759,0.0,,0.0,98.0,90.0,62.0,1.0,286.0,2,,,0.0,,0.0,,,,0,,,,,,,,,,,,,,,,,,,,,,,,,,,,,,,,,,,,,,,,,,,,,N,0.0,4.0,6.0,6.0,2.0,4.0,26.0,32.0,6,7,2.0,1.0,26.0,33.0,9,9,0,0.0,0.0,N846HK,N846HK-UA-0,26.0,38.0,6.0,32.0,44.0,,,0.0,26,32,0.0,0.0
N846NN,759.0,2019,2,5,2,4,2019-05-02,AA,AA,19805,AA,1340,,,,,AA,19805,AA,1340,11278,1127805,30852,DCA,"Washington, DC",VA,51,Virginia,38,13303,1330303,32467,MIA,"Miami, FL",FL,12,Florida,33,759,0.0,0.0,0.0,0.0,0700-0759,21.0,820.0,1036.0,9.0,1053,1045.0,-8.0,0.0,0.0,-1.0,1000-1059,0.0,,0.0,174.0,166.0,136.0,1.0,919.0,4,,,0.0,,0.0,,,,0,,,,,,,,,,,,,,,,,,,,,,,,,,,,,,,,,,,,,,,,,,,,,N,0.0,0.0,7.0,10.0,4.0,3.0,32.0,43.0,7,10,4.0,4.0,32.0,44.0,4,4,0,0.0,0.0,N846NN,N846NN-AA-0,32.0,44.0,11.0,43.0,55.0,,,0.0,34,45,2.0,8.94
N846UA,711.0,2019,2,5,2,4,2019-05-02,UA,UA,19977,UA,2255,,,,,UA,19977,UA,2255,11986,1198603,31986,GRR,"Grand Rapids, MI",MI,26,Michigan,43,11292,1129202,30325,DEN,"Denver, CO",CO,8,Colorado,82,715,-4.0,0.0,0.0,-1.0,0700-0759,12.0,723.0,755.0,5.0,812,800.0,-12.0,0.0,0.0,-1.0,0800-0859,0.0,,0.0,177.0,169.0,152.0,1.0,1015.0,5,,,0.0,,0.0,,,,0,,,,,,,,,,,,,,,,,,,,,,,,,,,,,,,,,,,,,,,,,,,,,N,0.0,8.0,7.0,8.0,1.0,0.0,29.0,40.0,7,8,1.0,1.0,29.0,41.0,5,5,0,0.0,0.0,N846UA,N846UA-UA-0,29.0,41.0,11.0,40.0,52.0,,,0.0,29,40,0.0,0.0
N847NN,612.0,2019,2,5,2,4,2019-05-02,AA,AA,19805,AA,1019,,,,,AA,19805,AA,1019,14831,1483106,32457,SJC,"San Jose, CA",CA,6,California,91,11298,1129806,30194,DFW,"Dallas/Fort Worth, TX",TX,48,Texas,74,615,-3.0,0.0,0.0,-1.0,0600-0659,19.0,631.0,1136.0,16.0,1149,1152.0,3.0,3.0,0.0,0.0,1100-1159,0.0,,0.0,214.0,220.0,185.0,1.0,1438.0,6,,,0.0,,0.0,,,,0,,,,,,,,,,,,,,,,,,,,,,,,,,,,,,,,,,,,,,,,,,,,,N,12.0,4.0,6.0,11.0,1.0,3.0,37.0,51.0,6,11,1.0,3.0,37.0,51.0,8,8,0,0.0,0.0,N847NN,N847NN-AA-0,37.0,49.0,14.0,51.0,63.0,,,0.0,37,51,0.0,0.0
N847UA,718.0,2019,2,5,2,4,2019-05-02,UA,UA,19977,UA,2324,,,,,UA,19977,UA,2324,11618,1161802,31703,EWR,"Newark, NJ",NJ,34,New Jersey,21,10994,1099402,30994,CHS,"Charleston, SC",SC,45,South Carolina,37,730,-12.0,0.0,0.0,-1.0,0700-0759,14.0,732.0,900.0,4.0,932,904.0,-28.0,0.0,0.0,-2.0,0900-0959,0.0,,0.0,122.0,106.0,88.0,1.0,628.0,3,,,0.0,,0.0,,,,0,,,,,,,,,,,,,,,,,,,,,,,,,,,,,,,,,,,,,,,,,,,,,N,0.0,0.0,7.0,9.0,1.0,0.0,29.0,36.0,7,9,2.0,2.0,30.0,38.0,4,4,0,0.0,0.0,N847UA,N847UA-UA-0,30.0,41.0,7.0,37.0,48.0,,,0.0,30,37,0.0,0.0
N847VA,645.0,2019,2,5,2,4,2019-05-02,AS,AS,19930,AS,1017,,,,,AS,19930,AS,1017,13487,1348702,31650,MSP,"Minneapolis, MN",MN,27,Minnesota,63,14747,1474703,30559,SEA,"Seattle, WA",WA,53,Washington,93,700,-15.0,0.0,0.0,-1.0,0700-0759,22.0,707.0,832.0,12.0,850,844.0,-6.0,0.0,0.0,-1.0,0800-0859,0.0,,0.0,230.0,239.0,205.0,1.0,1399.0,6,,,0.0,,0.0,,,,0,,,,,,,,,,,,,,,,,,,,,,,,,,,,,,,,,,,,,,,,,,,,,N,4.0,12.0,6.0,8.0,3.0,3.0,31.0,47.0,7,8,0.0,3.0,32.0,47.0,1,1,0,0.0,0.0,N847VA,N847VA-AS-0,32.0,43.0,16.0,48.0,59.0,,,0.0,32,48,0.0,0.0
N848AE,610.0,2019,2,5,2,4,2019-05-02,AA,AA_CODESHARE,19805,AA,3469,,,,,MQ,20398,MQ,3469,14492,1449202,34492,RDU,"Raleigh/Durham, NC",NC,37,North Carolina,36,12953,1295304,31703,LGA,"New York, NY",NY,36,New York,22,600,10.0,10.0,0.0,0.0,0600-0659,20.0,630.0,742.0,5.0,741,747.0,6.0,6.0,0.0,0.0,0700-0759,0.0,,0.0,101.0,97.0,72.0,1.0,431.0,2,,,0.0,,0.0,,,,0,,,,,,,,,,,,,,,,,,,,,,,,,,,,,,,,,,,,,,,,,,,,,N,0.0,0.0,6.0,7.0,1.0,3.0,25.0,31.0,6,7,0.0,3.0,24.0,31.0,9,9,0,1.0,1.0,N848AE,N848AE-AA-0,25.0,37.0,6.0,31.0,43.0,,,0.0,25,31,0.0,0.0
N848AE,822.0,2019,2,5,2,4,2019-05-02,AA,AA_CODESHARE,19805,AA,4134,,,,,MQ,20398,MQ,4134,12953,1295304,31703,LGA,"New York, NY",NY,36,New York,22,14730,1473003,33044,SDF,"Louisville, KY",KY,21,Kentucky,52,829,-7.0,0.0,0.0,-1.0,0800-0859,33.0,855.0,1044.0,6.0,1102,1050.0,-12.0,0.0,0.0,-1.0,1100-1159,0.0,,0.0,153.0,148.0,109.0,1.0,659.0,3,,,0.0,,0.0,,,,0,,,,,,,,,,,,,,,,,,,,,,,,,,,,,,,,,,,,,,,,,,,,,N,0.0,0.0,8.0,10.0,1.0,3.0,33.0,43.0,8,11,2.0,0.0,34.0,44.0,7,7,1,1.0,0.0,N848AE,N848AE-AA-1,34.0,45.0,10.0,44.0,55.0,31.0,2.0,0.0,34,44,0.0,0.0
N848DN,619.0,2019,2,5,2,4,2019-05-02,DL,DL,19790,DL,883,,,,,DL,19790,DL,883,13342,1334207,33342,MKE,"Milwaukee, WI",WI,55,Wisconsin,45,13487,1348702,31650,MSP,"Minneapolis, MN",MN,27,Minnesota,63,625,-6.0,0.0,0.0,-1.0,0600-0659,15.0,634.0,723.0,3.0,743,726.0,-17.0,0.0,0.0,-2.0,0700-0759,0.0,,0.0,78.0,67.0,49.0,1.0,297.0,2,,,0.0,,0.0,,,,0,,,,,,,,,,,,,,,,,,,,,,,,,,,,,,,,,,,,,,,,,,,,,N,4.0,4.0,6.0,7.0,1.0,2.0,29.0,34.0,6,7,2.0,3.0,30.0,35.0,6,6,0,1.0,1.0,N848DN,N848DN-DL-0,30.0,41.0,5.0,35.0,46.0,,,0.0,30,35,0.0,0.0
N848DN,843.0,2019,2,5,2,4,2019-05-02,DL,DL,19790,DL,2661,,,,,DL,19790,DL,2661,13487,1348702,31650,MSP,"Minneapolis, MN",MN,27,Minnesota,63,11433,1143302,31295,DTW,"Detroit, MI",MI,26,Michigan,43,845,-2.0,0.0,0.0,-1.0,0800-0859,11.0,854.0,1106.0,6.0,1127,1112.0,-15.0,0.0,0.0,-1.0,1100-1159,0.0,,0.0,102.0,89.0,72.0,1.0,528.0,3,,,0.0,,0.0,,,,0,,,,,,,,,,,,,,,,,,,,,,,,,,,,,,,,,,,,,,,,,,,,,N,4.0,0.0,8.0,11.0,3.0,1.0,39.0,45.0,8,11,3.0,2.0,39.0,46.0,1,1,1,1.0,0.0,N848DN,N848DN-DL-1,39.0,51.0,6.0,45.0,57.0,34.0,5.0,0.0,40,46,1.0,1.22
N848NN,936.0,2019,2,5,2,4,2019-05-02,AA,AA,19805,AA,2537,,,,,AA,19805,AA,2537,11278,1127805,30852,DCA,"Washington, DC",VA,51,Virginia,38,13930,1393007,30977,ORD,"Chicago, IL",IL,17,Illinois,41,940,-4.0,0.0,0.0,-1.0,0900-0959,12.0,948.0,1030.0,16.0,1054,1046.0,-8.0,0.0,0.0,-1.0,1000-1059,0.0,,0.0,134.0,130.0,102.0,1.0,612.0,3,,,0.0,,0.0,,,,0,,,,,,,,,,,,,,,,,,,,,,,,,,,,,,,,,,,,,,,,,,,,,N,0.0,4.0,9.0,10.0,2.0,3.0,38.0,47.0,9,10,3.0,4.0,39.0,48.0,4,4,0,0.0,0.0,N848NN,N848NN-AA-0,39.0,50.0,9.0,48.0,59.0,,,0.0,40,49,1.0,4.18
N849DN,558.0,2019,2,5,2,4,2019-05-02,DL,DL,19790,DL,1847,,,,,DL,19790,DL,1847,14771,1477104,32457,SFO,"San Francisco, CA",CA,6,California,91,13487,1348702,31650,MSP,"Minneapolis, MN",MN,27,Minnesota,63,605,-7.0,0.0,0.0,-1.0,0600-0659,11.0,609.0,1106.0,9.0,1147,1115.0,-32.0,0.0,0.0,-2.0,1100-1159,0.0,,0.0,222.0,197.0,177.0,1.0,1589.0,7,,,0.0,,0.0,,,,0,,,,,,,,,,,,,,,,,,,,,,,,,,,,,,,,,,,,,,,,,,,,,N,12.0,4.0,5.0,11.0,4.0,1.0,36.0,49.0,6,11,0.0,3.0,36.0,51.0,3,3,0,0.0,0.0,N849DN,N849DN-DL-0,36.0,48.0,13.0,49.0,61.0,,,0.0,36,49,0.0,0.0
N849NN,655.0,2019,2,5,2,4,2019-05-02,AA,AA,19805,AA,2507,,,,,AA,19805,AA,2507,13930,1393007,30977,ORD,"Chicago, IL",IL,17,Illinois,41,13303,1330303,32467,MIA,"Miami, FL",FL,12,Florida,33,700,-5.0,0.0,0.0,-1.0,0700-0759,12.0,707.0,1050.0,17.0,1111,1107.0,-4.0,0.0,0.0,-1.0,1100-1159,0.0,,0.0,191.0,192.0,163.0,1.0,1197.0,5,,,0.0,,0.0,,,,0,,,,,,,,,,,,,,,,,,,,,,,,,,,,,,,,,,,,,,,,,,,,,N,4.0,0.0,6.0,11.0,4.0,0.0,32.0,44.0,7,11,0.0,1.0,32.0,45.0,2,2,0,0.0,0.0,N849NN,N849NN-AA-0,32.0,44.0,12.0,44.0,56.0,,,0.0,32,44,0.0,0.0
N849VA,636.0,2019,2,5,2,4,2019-05-02,AS,AS,19930,AS,1014,,,,,AS,19930,AS,1014,14747,1474703,30559,SEA,"Seattle, WA",WA,53,Washington,93,13930,1393007,30977,ORD,"Chicago, IL",IL,17,Illinois,41,640,-4.0,0.0,0.0,-1.0,0600-0659,19.0,655.0,1215.0,15.0,1250,1230.0,-20.0,0.0,0.0,-2.0,1200-1259,0.0,,0.0,250.0,234.0,200.0,1.0,1721.0,7,,,0.0,,0.0,,,,0,,,,,,,,,,,,,,,,,,,,,,,,,,,,,,,,,,,,,,,,,,,,,N,12.0,4.0,6.0,12.0,2.0,2.0,38.0,54.0,6,12,3.0,3.0,39.0,55.0,4,4,0,0.0,0.0,N849VA,N849VA-AS-0,39.0,50.0,16.0,55.0,66.0,,,0.0,41,57,2.0,9.14
N8501V,640.0,2019,2,5,2,4,2019-05-02,WN,WN,19393,WN,1532,,,,,WN,19393,WN,1532,14307,1430705,30721,PVD,"Providence, RI",RI,44,Rhode Island,15,13232,1323202,30977,MDW,"Chicago, IL",IL,17,Illinois,41,605,35.0,35.0,1.0,2.0,0600-0659,11.0,651.0,801.0,4.0,735,805.0,30.0,30.0,1.0,2.0,0700-0759,0.0,,0.0,150.0,145.0,130.0,1.0,842.0,4,0.0,0.0,28.0,0.0,2.0,,,,0,,,,,,,,,,,,,,,,,,,,,,,,,,,,,,,,,,,,,,,,,,,,,N,0.0,4.0,6.0,8.0,3.0,0.0,27.0,36.0,6,7,0.0,2.0,24.0,34.0,8,8,0,1.0,1.0,N8501V,N8501V-WN-0,25.0,39.0,9.0,34.0,48.0,,,2.0,25,34,0.0,0.0
N8501V,855.0,2019,2,5,2,4,2019-05-02,WN,WN,19393,WN,1114,,,,,WN,19393,WN,1114,13232,1323202,30977,MDW,"Chicago, IL",IL,17,Illinois,41,14683,1468305,33214,SAT,"San Antonio, TX",TX,48,Texas,74,835,20.0,20.0,1.0,1.0,0800-0859,9.0,904.0,1149.0,3.0,1130,1152.0,22.0,22.0,1.0,1.0,1100-1159,0.0,,0.0,175.0,177.0,165.0,1.0,1036.0,5,0.0,0.0,2.0,0.0,20.0,,,,0,,,,,,,,,,,,,,,,,,,,,,,,,,,,,,,,,,,,,,,,,,,,,N,4.0,4.0,8.0,11.0,4.0,3.0,40.0,51.0,8,11,2.0,2.0,38.0,50.0,4,4,1,1.0,0.0,N8501V,N8501V-WN-1,39.0,52.0,11.0,50.0,63.0,36.0,4.0,1.0,39,50,0.0,0.0
N8502Z,638.0,2019,2,5,2,4,2019-05-02,WN,WN,19393,WN,2132,,,,,WN,19393,WN,2132,13851,1385103,33851,OKC,"Oklahoma City, OK",OK,40,Oklahoma,73,14107,1410702,30466,PHX,"Phoenix, AZ",AZ,4,Arizona,81,640,-2.0,0.0,0.0,-1.0,0600-0659,9.0,647.0,651.0,3.0,700,654.0,-6.0,0.0,0.0,-1.0,0700-0759,0.0,,0.0,140.0,136.0,124.0,1.0,833.0,4,,,0.0,,0.0,,,,0,,,,,,,,,,,,,,,,,,,,,,,,,,,,,,,,,,,,,,,,,,,,,N,4.0,8.0,6.0,6.0,3.0,4.0,31.0,36.0,6,7,3.0,0.0,31.0,36.0,6,6,0,1.0,1.0,N8502Z,N8502Z-WN-0,31.0,43.0,5.0,36.0,48.0,,,0.0,31,36,0.0,0.0
N8502Z,750.0,2019,2,5,2,4,2019-05-02,WN,WN,19393,WN,2132,,,,,WN,19393,WN,2132,14107,1410702,30466,PHX,"Phoenix, AZ",AZ,4,Arizona,81,11292,1129202,30325,DEN,"Denver, CO",CO,8,Colorado,82,745,5.0,5.0,0.0,0.0,0700-0759,22.0,812.0,1032.0,9.0,1035,1041.0,6.0,6.0,0.0,0.0,1000-1059,0.0,,0.0,110.0,111.0,80.0,1.0,602.0,3,,,0.0,,0.0,,,,0,,,,,,,,,,,,,,,,,,,,,,,,,,,,,,,,,,,,,,,,,,,,,N,8.0,8.0,7.0,10.0,3.0,3.0,39.0,51.0,7,10,3.0,2.0,39.0,50.0,9,9,1,1.0,0.0,N8502Z,N8502Z-WN-1,39.0,51.0,12.0,51.0,63.0,36.0,3.0,0.0,39,51,0.0,0.0
N8504G,549.0,2019,2,5,2,4,2019-05-02,WN,WN,19393,WN,2208,,,,,WN,19393,WN,2208,14683,1468305,33214,SAT,"San Antonio, TX",TX,48,Texas,74,12889,1288903,32211,LAS,"Las Vegas, NV",NV,32,Nevada,85,550,-1.0,0.0,0.0,-1.0,0001-0559,6.0,555.0,624.0,3.0,645,627.0,-18.0,0.0,0.0,-2.0,0600-0659,0.0,,0.0,175.0,158.0,149.0,1.0,1069.0,5,,,0.0,,0.0,,,,0,,,,,,,,,,,,,,,,,,,,,,,,,,,,,,,,,,,,,,,,,,,,,N,4.0,12.0,5.0,6.0,3.0,2.0,27.0,38.0,5,6,3.0,3.0,27.0,39.0,6,6,0,0.0,0.0,N8504G,N8504G-WN-0,27.0,39.0,11.0,38.0,50.0,,,0.0,27,38,0.0,0.0
N8507C,720.0,2019,2,5,2,4,2019-05-02,WN,WN,19393,WN,1086,,,,,WN,19393,WN,1086,10821,1082106,30852,BWI,"Baltimore, MD",MD,24,Maryland,35,12191,1219102,31453,HOU,"Houston, TX",TX,48,Texas,74,720,0.0,0.0,0.0,0.0,0700-0759,9.0,729.0,923.0,4.0,940,927.0,-13.0,0.0,0.0,-1.0,0900-0959,0.0,,0.0,200.0,187.0,174.0,1.0,1246.0,5,,,0.0,,0.0,,,,0,,,,,,,,,,,,,,,,,,,,,,,,,,,,,,,,,,,,,,,,,,,,,N,0.0,4.0,7.0,9.0,1.0,2.0,29.0,42.0,7,9,1.0,3.0,29.0,43.0,8,8,0,0.0,0.0,N8507C,N8507C-WN-0,29.0,41.0,13.0,42.0,54.0,,,0.0,29,42,0.0,0.0
N8509U,739.0,2019,2,5,2,4,2019-05-02,WN,WN,19393,WN,1917,,,,,WN,19393,WN,1917,12339,1233904,32337,IND,"Indianapolis, IN",IN,18,Indiana,42,10821,1082106,30852,BWI,"Baltimore, MD",MD,24,Maryland,35,740,-1.0,0.0,0.0,-1.0,0700-0759,11.0,750.0,904.0,3.0,915,907.0,-8.0,0.0,0.0,-1.0,0900-0959,0.0,,0.0,95.0,88.0,74.0,1.0,516.0,3,,,0.0,,0.0,,,,0,,,,,,,,,,,,,,,,,,,,,,,,,,,,,,,,,,,,,,,,,,,,,N,0.0,0.0,7.0,9.0,3.0,0.0,31.0,36.0,7,9,3.0,1.0,31.0,37.0,7,7,0,0.0,0.0,N8509U,N8509U-WN-0,31.0,43.0,5.0,36.0,48.0,,,0.0,31,36,0.0,0.0
N850AE,702.0,2019,2,5,2,4,2019-05-02,AA,AA_CODESHARE,19805,AA,3675,,,,,MQ,20398,MQ,3675,10693,1069302,30693,BNA,"Nashville, TN",TN,47,Tennessee,54,12953,1295304,31703,LGA,"New York, NY",NY,36,New York,22,708,-6.0,0.0,0.0,-1.0,0700-0759,14.0,716.0,1005.0,8.0,1030,1013.0,-17.0,0.0,0.0,-2.0,1000-1059,0.0,,0.0,142.0,131.0,109.0,1.0,764.0,4,,,0.0,,0.0,,,,0,,,,,,,,,,,,,,,,,,,,,,,,,,,,,,,,,,,,,,,,,,,,,N,4.0,0.0,7.0,10.0,0.0,1.0,32.0,41.0,7,10,1.0,2.0,33.0,42.0,2,2,0,0.0,0.0,N850AE,N850AE-AA-0,33.0,44.0,9.0,42.0,53.0,,,0.0,33,42,0.0,0.0
N850DN,802.0,2019,2,5,2,4,2019-05-02,DL,DL,19790,DL,2834,,,,,DL,19790,DL,2834,10821,1082106,30852,BWI,"Baltimore, MD",MD,24,Maryland,35,10397,1039707,30397,ATL,"Atlanta, GA",GA,13,Georgia,34,800,2.0,2.0,0.0,0.0,0800-0859,16.0,818.0,944.0,9.0,955,953.0,-2.0,0.0,0.0,-1.0,0900-0959,0.0,,0.0,115.0,111.0,86.0,1.0,577.0,3,,,0.0,,0.0,,,,0,,,,,,,,,,,,,,,,,,,,,,,,,,,,,,,,,,,,,,,,,,,,,N,0.0,0.0,8.0,9.0,0.0,4.0,32.0,40.0,8,9,0.0,4.0,32.0,40.0,2,2,0,0.0,0.0,N850DN,N850DN-DL-0,32.0,44.0,8.0,40.0,52.0,,,0.0,33,41,1.0,2.32
N850NN,606.0,2019,2,5,2,4,2019-05-02,AA,AA,19805,AA,2661,,,,,AA,19805,AA,2661,12266,1226603,31453,IAH,"Houston, TX",TX,48,Texas,74,11057,1105703,31057,CLT,"Charlotte, NC",NC,37,North Carolina,36,521,45.0,45.0,1.0,3.0,0001-0559,15.0,621.0,926.0,12.0,851,938.0,47.0,47.0,1.0,3.0,0800-0859,0.0,,0.0,150.0,152.0,125.0,1.0,912.0,4,45.0,0.0,2.0,0.0,0.0,,,,0,,,,,,,,,,,,,,,,,,,,,,,,,,,,,,,,,,,,,,,,,,,,,N,4.0,0.0,6.0,9.0,0.0,3.0,28.0,39.0,5,8,1.0,3.0,25.0,35.0,9,9,0,0.0,0.0,N850NN,N850NN-AA-0,28.0,40.0,11.0,39.0,51.0,,,0.0,28,39,0.0,0.0
N850UA,610.0,2019,2,5,2,4,2019-05-02,UA,UA,19977,UA,2174,,,,,UA,19977,UA,2174,13198,1319801,33198,MCI,"Kansas City, MO",MO,29,Missouri,64,11618,1161802,31703,EWR,"Newark, NJ",NJ,34,New Jersey,21,615,-5.0,0.0,0.0,-1.0,0600-0659,18.0,628.0,945.0,20.0,957,1005.0,8.0,8.0,0.0,0.0,0900-0959,0.0,,0.0,162.0,175.0,137.0,1.0,1092.0,5,,,0.0,,0.0,,,,0,,,,,,,,,,,,,,,,,,,,,,,,,,,,,,,,,,,,,,,,,,,,,N,4.0,0.0,6.0,10.0,1.0,0.0,29.0,40.0,6,9,1.0,4.0,29.0,40.0,1,1,0,1.0,1.0,N850UA,N850UA-UA-0,29.0,41.0,11.0,40.0,52.0,,,0.0,29,41,1.0,1.22
N850UA,1039.0,2019,2,5,2,4,2019-05-02,UA,UA,19977,UA,2382,,,,,UA,19977,UA,2382,11618,1161802,31703,EWR,"Newark, NJ",NJ,34,New Jersey,21,10423,1042302,30423,AUS,"Austin, TX",TX,48,Texas,74,930,69.0,69.0,1.0,4.0,0900-0959,25.0,1104.0,1324.0,9.0,1237,1333.0,56.0,56.0,1.0,3.0,1200-1259,0.0,,0.0,247.0,234.0,200.0,1.0,1504.0,7,0.0,0.0,0.0,0.0,56.0,,,,0,,,,,,,,,,,,,,,,,,,,,,,,,,,,,,,,,,,,,,,,,,,,,N,0.0,4.0,10.0,13.0,3.0,2.0,43.0,58.0,9,12,2.0,2.0,38.0,54.0,3,3,1,1.0,0.0,N850UA,N850UA-UA-1,39.0,55.0,15.0,54.0,70.0,40.0,3.0,4.0,42,57,3.0,11.1
N8510E,545.0,2019,2,5,2,4,2019-05-02,WN,WN,19393,WN,1663,,,,,WN,19393,WN,1663,11433,1143302,31295,DTW,"Detroit, MI",MI,26,Michigan,43,14107,1410702,30466,PHX,"Phoenix, AZ",AZ,4,Arizona,81,545,0.0,0.0,0.0,0.0,0001-0559,12.0,557.0,652.0,4.0,700,656.0,-4.0,0.0,0.0,-1.0,0700-0759,0.0,,0.0,255.0,251.0,235.0,1.0,1671.0,7,,,0.0,,0.0,,,,0,,,,,,,,,,,,,,,,,,,,,,,,,,,,,,,,,,,,,,,,,,,,,N,0.0,8.0,5.0,6.0,3.0,4.0,23.0,36.0,5,7,3.0,0.0,23.0,36.0,8,8,0,0.0,0.0,N8510E,N8510E-WN-0,23.0,35.0,13.0,36.0,48.0,,,0.0,23,36,0.0,0.0
N8511K,558.0,2019,2,5,2,4,2019-05-02,WN,WN,19393,WN,1728,,,,,WN,19393,WN,1728,12889,1288903,32211,LAS,"Las Vegas, NV",NV,32,Nevada,85,11292,1129202,30325,DEN,"Denver, CO",CO,8,Colorado,82,600,-2.0,0.0,0.0,-1.0,0600-0659,11.0,609.0,831.0,8.0,845,839.0,-6.0,0.0,0.0,-1.0,0800-0859,0.0,,0.0,105.0,101.0,82.0,1.0,628.0,3,,,0.0,,0.0,,,,0,,,,,,,,,,,,,,,,,,,,,,,,,,,,,,,,,,,,,,,,,,,,,N,12.0,8.0,5.0,8.0,4.0,3.0,36.0,43.0,6,8,0.0,3.0,36.0,43.0,4,4,0,0.0,0.0,N8511K,N8511K-WN-0,36.0,48.0,7.0,43.0,55.0,,,0.0,39,46,3.0,14.14
N8512U,603.0,2019,2,5,2,4,2019-05-02,WN,WN,19393,WN,2126,,,,,WN,19393,WN,2126,13796,1379608,32457,OAK,"Oakland, CA",CA,6,California,91,14747,1474703,30559,SEA,"Seattle, WA",WA,53,Washington,93,605,-2.0,0.0,0.0,-1.0,0600-0659,14.0,617.0,754.0,6.0,815,800.0,-15.0,0.0,0.0,-1.0,0800-0859,0.0,,0.0,130.0,117.0,97.0,1.0,672.0,3,,,0.0,,0.0,,,,0,,,,,,,,,,,,,,,,,,,,,,,,,,,,,,,,,,,,,,,,,,,,,N,12.0,12.0,6.0,8.0,0.0,0.0,36.0,44.0,6,8,0.0,1.0,36.0,45.0,1,1,0,0.0,0.0,N8512U,N8512U-WN-0,36.0,48.0,8.0,44.0,56.0,,,0.0,36,44,0.0,0.0
N8514F,656.0,2019,2,5,2,4,2019-05-02,WN,WN,19393,WN,384,,,,,WN,19393,WN,384,10397,1039707,30397,ATL,"Atlanta, GA",GA,13,Georgia,34,11278,1127805,30852,DCA,"Washington, DC",VA,51,Virginia,38,700,-4.0,0.0,0.0,-1.0,0700-0759,11.0,707.0,821.0,4.0,845,825.0,-20.0,0.0,0.0,-2.0,0800-0859,0.0,,0.0,105.0,89.0,74.0,1.0,547.0,3,,,0.0,,0.0,,,,0,,,,,,,,,,,,,,,,,,,,,,,,,,,,,,,,,,,,,,,,,,,,,N,0.0,0.0,6.0,8.0,4.0,2.0,28.0,34.0,7,8,0.0,3.0,28.0,35.0,7,7,0,1.0,1.0,N8514F,N8514F-WN-0,28.0,40.0,6.0,34.0,46.0,,,0.0,29,35,1.0,7.48
N8514F,928.0,2019,2,5,2,4,2019-05-02,WN,WN,19393,WN,384,,,,,WN,19393,WN,384,11278,1127805,30852,DCA,"Washington, DC",VA,51,Virginia,38,11259,1125904,30194,DAL,"Dallas, TX",TX,48,Texas,74,935,-7.0,0.0,0.0,-1.0,0900-0959,10.0,938.0,1207.0,3.0,1150,1210.0,20.0,20.0,1.0,1.0,1100-1159,0.0,,0.0,195.0,222.0,209.0,1.0,1184.0,5,0.0,0.0,20.0,0.0,0.0,,,,0,,,,,,,,,,,,,,,,,,,,,,,,,,,,,,,,,,,,,,,,,,,,,N,0.0,4.0,9.0,12.0,2.0,1.0,38.0,53.0,9,11,2.0,3.0,38.0,51.0,4,4,1,1.0,0.0,N8514F,N8514F-WN-1,38.0,50.0,15.0,53.0,65.0,34.0,4.0,1.0,38,53,0.0,0.0
N8515X,548.0,2019,2,5,2,4,2019-05-02,WN,WN,19393,WN,519,,,,,WN,19393,WN,519,12892,1289208,32575,LAX,"Los Angeles, CA",CA,6,California,91,12191,1219102,31453,HOU,"Houston, TX",TX,48,Texas,74,540,8.0,8.0,0.0,0.0,0001-0559,10.0,558.0,1034.0,3.0,1050,1037.0,-13.0,0.0,0.0,-1.0,1000-1059,0.0,,0.0,190.0,169.0,156.0,1.0,1390.0,6,,,0.0,,0.0,,,,0,,,,,,,,,,,,,,,,,,,,,,,,,,,,,,,,,,,,,,,,,,,,,N,12.0,4.0,5.0,10.0,3.0,2.0,35.0,46.0,5,10,3.0,3.0,35.0,47.0,2,2,0,0.0,0.0,N8515X,N8515X-WN-0,35.0,47.0,11.0,46.0,58.0,,,0.0,35,46,0.0,0.0
N8517F,719.0,2019,2,5,2,4,2019-05-02,WN,WN,19393,WN,275,,,,,WN,19393,WN,275,11697,1169706,32467,FLL,"Fort Lauderdale, FL",FL,12,Florida,33,12191,1219102,31453,HOU,"Houston, TX",TX,48,Texas,74,710,9.0,9.0,0.0,0.0,0700-0759,14.0,733.0,851.0,3.0,900,854.0,-6.0,0.0,0.0,-1.0,0900-0959,0.0,,0.0,170.0,155.0,138.0,1.0,957.0,4,,,0.0,,0.0,,,,0,,,,,,,,,,,,,,,,,,,,,,,,,,,,,,,,,,,,,,,,,,,,,N,0.0,4.0,7.0,8.0,1.0,4.0,29.0,40.0,7,9,1.0,0.0,29.0,40.0,6,6,0,0.0,0.0,N8517F,N8517F-WN-0,29.0,41.0,11.0,40.0,52.0,,,0.0,29,40,0.0,0.0
N8518R,556.0,2019,2,5,2,4,2019-05-02,WN,WN,19393,WN,1081,,,,,WN,19393,WN,1081,13232,1323202,30977,MDW,"Chicago, IL",IL,17,Illinois,41,11292,1129202,30325,DEN,"Denver, CO",CO,8,Colorado,82,600,-4.0,0.0,0.0,-1.0,0600-0659,12.0,608.0,728.0,6.0,735,734.0,-1.0,0.0,0.0,-1.0,0700-0759,0.0,,0.0,155.0,158.0,140.0,1.0,895.0,4,,,0.0,,0.0,,,,0,,,,,,,,,,,,,,,,,,,,,,,,,,,,,,,,,,,,,,,,,,,,,N,4.0,8.0,5.0,7.0,4.0,2.0,28.0,38.0,6,7,0.0,2.0,28.0,38.0,3,3,0,0.0,0.0,N8518R,N8518R-WN-0,28.0,40.0,10.0,38.0,50.0,,,0.0,28,38,0.0,0.0
N851AE,745.0,2019,2,5,2,4,2019-05-02,AA,AA_CODESHARE,19805,AA,3543,,,,,MQ,20398,MQ,3543,10693,1069302,30693,BNA,"Nashville, TN",TN,47,Tennessee,54,12478,1247805,31703,JFK,"New York, NY",NY,36,New York,22,756,-11.0,0.0,0.0,-1.0,0700-0759,12.0,757.0,1055.0,8.0,1127,1103.0,-24.0,0.0,0.0,-2.0,1100-1159,0.0,,0.0,151.0,138.0,118.0,1.0,765.0,4,,,0.0,,0.0,,,,0,,,,,,,,,,,,,,,,,,,,,,,,,,,,,,,,,,,,,,,,,,,,,N,4.0,0.0,7.0,11.0,3.0,0.0,35.0,44.0,7,11,4.0,2.0,36.0,46.0,3,3,0,0.0,0.0,N851AE,N851AE-AA-0,36.0,47.0,9.0,45.0,56.0,,,0.0,36,45,0.0,0.0
N851DN,7.0,2019,2,5,2,4,2019-05-02,DL,DL,19790,DL,806,,,,,DL,19790,DL,806,14771,1477104,32457,SFO,"San Francisco, CA",CA,6,California,91,13487,1348702,31650,MSP,"Minneapolis, MN",MN,27,Minnesota,63,20,-13.0,0.0,0.0,-1.0,0001-0559,14.0,21.0,516.0,7.0,601,523.0,-38.0,0.0,0.0,-2.0,0600-0659,0.0,,0.0,221.0,196.0,175.0,1.0,1589.0,7,,,0.0,,0.0,,,,0,,,,,,,,,,,,,,,,,,,,,,,,,,,,,,,,,,,,,,,,,,,,,N,12.0,4.0,0.0,5.0,0.0,2.0,12.0,26.0,0,6,1.0,0.0,13.0,28.0,7,7,0,1.0,1.0,N851DN,N851DN-DL-0,13.0,24.0,14.0,27.0,38.0,,,0.0,13,27,0.0,0.0
N851DN,657.0,2019,2,5,2,4,2019-05-02,DL,DL,19790,DL,1819,,,,,DL,19790,DL,1819,13487,1348702,31650,MSP,"Minneapolis, MN",MN,27,Minnesota,63,13342,1334207,33342,MKE,"Milwaukee, WI",WI,55,Wisconsin,45,701,-4.0,0.0,0.0,-1.0,0700-0759,14.0,711.0,801.0,3.0,815,804.0,-11.0,0.0,0.0,-1.0,0800-0859,0.0,,0.0,74.0,67.0,50.0,1.0,297.0,2,,,0.0,,0.0,,,,0,,,,,,,,,,,,,,,,,,,,,,,,,,,,,,,,,,,,,,,,,,,,,N,4.0,4.0,6.0,8.0,4.0,0.0,32.0,36.0,7,8,0.0,1.0,32.0,37.0,7,7,1,1.0,0.0,N851DN,N851DN-DL-1,32.0,44.0,4.0,36.0,48.0,26.0,6.0,0.0,33,37,1.0,7.3
N851UA,551.0,2019,2,5,2,4,2019-05-02,UA,UA,19977,UA,2309,,,,,UA,19977,UA,2309,11775,1177502,31775,FSD,"Sioux Falls, SD",SD,46,South Dakota,67,11292,1129202,30325,DEN,"Denver, CO",CO,8,Colorado,82,600,-9.0,0.0,0.0,-1.0,0600-0659,12.0,603.0,621.0,4.0,643,625.0,-18.0,0.0,0.0,-2.0,0600-0659,0.0,,0.0,103.0,94.0,78.0,1.0,483.0,2,,,0.0,,0.0,,,,0,,,,,,,,,,,,,,,,,,,,,,,,,,,,,,,,,,,,,,,,,,,,,N,4.0,8.0,5.0,6.0,3.0,2.0,27.0,34.0,6,6,0.0,3.0,28.0,35.0,7,7,0,0.0,0.0,N851UA,N851UA-UA-0,28.0,39.0,7.0,35.0,46.0,,,0.0,28,35,0.0,0.0
N8523W,635.0,2019,2,5,2,4,2019-05-02,WN,WN,19393,WN,280,,,,,WN,19393,WN,280,10994,1099402,30994,CHS,"Charleston, SC",SC,45,South Carolina,37,13232,1323202,30977,MDW,"Chicago, IL",IL,17,Illinois,41,600,35.0,35.0,1.0,2.0,0600-0659,8.0,643.0,734.0,2.0,710,736.0,26.0,26.0,1.0,1.0,0700-0759,0.0,,0.0,130.0,121.0,111.0,1.0,745.0,3,0.0,0.0,26.0,0.0,0.0,,,,0,,,,,,,,,,,,,,,,,,,,,,,,,,,,,,,,,,,,,,,,,,,,,N,0.0,4.0,6.0,7.0,2.0,2.0,26.0,34.0,6,7,0.0,1.0,24.0,33.0,9,9,0,1.0,1.0,N8523W,N8523W-WN-0,24.0,38.0,8.0,32.0,46.0,,,2.0,24,32,0.0,0.0
N8523W,855.0,2019,2,5,2,4,2019-05-02,WN,WN,19393,WN,569,,,,,WN,19393,WN,569,13232,1323202,30977,MDW,"Chicago, IL",IL,17,Illinois,41,13204,1320402,31454,MCO,"Orlando, FL",FL,12,Florida,33,805,50.0,50.0,1.0,3.0,0800-0859,10.0,905.0,1218.0,9.0,1145,1227.0,42.0,42.0,1.0,2.0,1100-1159,0.0,,0.0,160.0,152.0,133.0,1.0,990.0,4,39.0,0.0,0.0,0.0,3.0,,,,0,,,,,,,,,,,,,,,,,,,,,,,,,,,,,,,,,,,,,,,,,,,,,N,4.0,0.0,8.0,12.0,4.0,2.0,40.0,50.0,8,11,0.0,3.0,36.0,47.0,7,7,1,1.0,0.0,N8523W,N8523W-WN-1,40.0,52.0,10.0,50.0,62.0,34.0,6.0,0.0,40,50,0.0,0.0
N8524Z,830.0,2019,2,5,2,4,2019-05-02,WN,WN,19393,WN,1030,,,,,WN,19393,WN,1030,15016,1501606,31123,STL,"St. Louis, MO",MO,29,Missouri,64,11433,1143302,31295,DTW,"Detroit, MI",MI,26,Michigan,43,830,0.0,0.0,0.0,0.0,0800-0859,18.0,848.0,1055.0,9.0,1100,1104.0,4.0,4.0,0.0,0.0,1100-1159,0.0,,0.0,90.0,94.0,67.0,1.0,440.0,2,,,0.0,,0.0,,,,0,,,,,,,,,,,,,,,,,,,,,,,,,,,,,,,,,,,,,,,,,,,,,N,4.0,0.0,8.0,11.0,2.0,0.0,38.0,44.0,8,11,2.0,0.0,38.0,44.0,8,8,0,0.0,0.0,N8524Z,N8524Z-WN-0,38.0,50.0,6.0,44.0,56.0,,,0.0,38,44,0.0,0.0
N8525S,657.0,2019,2,5,2,4,2019-05-02,WN,WN,19393,WN,2007,,,,,WN,19393,WN,2007,10821,1082106,30852,BWI,"Baltimore, MD",MD,24,Maryland,35,14492,1449202,34492,RDU,"Raleigh/Durham, NC",NC,37,North Carolina,36,700,-3.0,0.0,0.0,-1.0,0700-0759,11.0,708.0,752.0,4.0,810,756.0,-14.0,0.0,0.0,-1.0,0800-0859,0.0,,0.0,70.0,59.0,44.0,1.0,255.0,2,,,0.0,,0.0,,,,0,,,,,,,,,,,,,,,,,,,,,,,,,,,,,,,,,,,,,,,,,,,,,N,0.0,0.0,6.0,7.0,4.0,4.0,28.0,32.0,7,8,0.0,1.0,28.0,33.0,6,6,0,1.0,1.0,N8525S,N8525S-WN-0,28.0,40.0,4.0,32.0,44.0,,,0.0,28,32,0.0,0.0
N8525S,859.0,2019,2,5,2,4,2019-05-02,WN,WN,19393,WN,1948,,,,,WN,19393,WN,1948,14492,1449202,34492,RDU,"Raleigh/Durham, NC",NC,37,North Carolina,36,10821,1082106,30852,BWI,"Baltimore, MD",MD,24,Maryland,35,905,-6.0,0.0,0.0,-1.0,0900-0959,12.0,911.0,954.0,3.0,1015,957.0,-18.0,0.0,0.0,-2.0,1000-1059,0.0,,0.0,70.0,58.0,43.0,1.0,255.0,2,,,0.0,,0.0,,,,0,,,,,,,,,,,,,,,,,,,,,,,,,,,,,,,,,,,,,,,,,,,,,N,0.0,0.0,8.0,9.0,4.0,4.0,36.0,40.0,9,10,0.0,1.0,36.0,41.0,6,6,1,1.0,0.0,N8525S,N8525S-WN-1,36.0,48.0,4.0,40.0,52.0,32.0,4.0,0.0,36,40,0.0,0.0
N8527Q,532.0,2019,2,5,2,4,2019-05-02,WN,WN,19393,WN,2197,,,,,WN,19393,WN,2197,14107,1410702,30466,PHX,"Phoenix, AZ",AZ,4,Arizona,81,11259,1125904,30194,DAL,"Dallas, TX",TX,48,Texas,74,530,2.0,2.0,0.0,0.0,0001-0559,8.0,540.0,936.0,4.0,940,940.0,0.0,0.0,0.0,0.0,0900-0959,0.0,,0.0,130.0,128.0,116.0,1.0,879.0,4,,,0.0,,0.0,,,,0,,,,,,,,,,,,,,,,,,,,,,,,,,,,,,,,,,,,,,,,,,,,,N,8.0,4.0,5.0,9.0,2.0,3.0,30.0,43.0,5,9,2.0,3.0,30.0,43.0,4,4,0,0.0,0.0,N8527Q,N8527Q-WN-0,30.0,42.0,13.0,43.0,55.0,,,0.0,30,43,0.0,0.0
N8528Q,513.0,2019,2,5,2,4,2019-05-02,WN,WN,19393,WN,1379,,,,,WN,19393,WN,1379,14747,1474703,30559,SEA,"Seattle, WA",WA,53,Washington,93,14831,1483106,32457,SJC,"San Jose, CA",CA,6,California,91,520,-7.0,0.0,0.0,-1.0,0001-0559,11.0,524.0,659.0,4.0,725,703.0,-22.0,0.0,0.0,-2.0,0700-0759,0.0,,0.0,125.0,110.0,95.0,1.0,696.0,3,,,0.0,,0.0,,,,0,,,,,,,,,,,,,,,,,,,,,,,,,,,,,,,,,,,,,,,,,,,,,N,12.0,12.0,5.0,7.0,1.0,0.0,33.0,40.0,5,7,1.0,2.0,33.0,42.0,9,9,0,0.0,0.0,N8528Q,N8528Q-WN-0,33.0,45.0,7.0,40.0,52.0,,,0.0,33,40,0.0,0.0
N8529Z,738.0,2019,2,5,2,4,2019-05-02,WN,WN,19393,WN,433,,,,,WN,19393,WN,433,14869,1486903,34614,SLC,"Salt Lake City, UT",UT,49,Utah,87,14679,1467903,33570,SAN,"San Diego, CA",CA,6,California,91,735,3.0,3.0,0.0,0.0,0700-0759,13.0,751.0,823.0,3.0,825,826.0,1.0,1.0,0.0,0.0,0800-0859,0.0,,0.0,110.0,108.0,92.0,1.0,626.0,3,,,0.0,,0.0,,,,0,,,,,,,,,,,,,,,,,,,,,,,,,,,,,,,,,,,,,,,,,,,,,N,8.0,12.0,7.0,8.0,3.0,2.0,39.0,46.0,7,8,2.0,2.0,38.0,46.0,2,2,0,0.0,0.0,N8529Z,N8529Z-WN-0,39.0,51.0,7.0,46.0,58.0,,,0.0,39,46,0.0,0.0
N852AE,753.0,2019,2,5,2,4,2019-05-02,AA,AA_CODESHARE,19805,AA,3931,,,,,MQ,20398,MQ,3931,11995,1199502,31995,GSO,"Greensboro/High Point, NC",NC,37,North Carolina,36,12953,1295304,31703,LGA,"New York, NY",NY,36,New York,22,800,-7.0,0.0,0.0,-1.0,0800-0859,39.0,832.0,947.0,10.0,949,957.0,8.0,8.0,0.0,0.0,0900-0959,0.0,,0.0,109.0,124.0,75.0,1.0,461.0,2,,,0.0,,0.0,,,,0,,,,,,,,,,,,,,,,,,,,,,,,,,,,,,,,,,,,,,,,,,,,,N,0.0,0.0,7.0,9.0,4.0,4.0,32.0,40.0,8,9,0.0,3.0,32.0,39.0,6,6,0,0.0,0.0,N852AE,N852AE-AA-0,32.0,44.0,8.0,40.0,52.0,,,0.0,32,40,0.0,0.0
N852DN,28.0,2019,2,5,2,4,2019-05-02,DL,DL,19790,DL,814,,,,,DL,19790,DL,814,14057,1405702,34057,PDX,"Portland, OR",OR,41,Oregon,92,13487,1348702,31650,MSP,"Minneapolis, MN",MN,27,Minnesota,63,35,-7.0,0.0,0.0,-1.0,0001-0559,10.0,38.0,526.0,14.0,546,540.0,-6.0,0.0,0.0,-1.0,0001-0559,0.0,,0.0,191.0,192.0,168.0,1.0,1426.0,6,,,0.0,,0.0,,,,0,,,,,,,,,,,,,,,,,,,,,,,,,,,,,,,,,,,,,,,,,,,,,N,12.0,4.0,0.0,5.0,2.0,3.0,14.0,27.0,0,5,2.0,3.0,14.0,27.0,2,2,0,1.0,1.0,N852DN,N852DN-DL-0,14.0,26.0,13.0,27.0,39.0,,,0.0,14,29,2.0,5.16
N852DN,658.0,2019,2,5,2,4,2019-05-02,DL,DL,19790,DL,1175,,,,,DL,19790,DL,1175,13487,1348702,31650,MSP,"Minneapolis, MN",MN,27,Minnesota,63,11292,1129202,30325,DEN,"Denver, CO",CO,8,Colorado,82,700,-2.0,0.0,0.0,-1.0,0700-0759,38.0,736.0,824.0,6.0,807,830.0,23.0,23.0,1.0,1.0,0800-0859,0.0,,0.0,127.0,152.0,108.0,1.0,680.0,3,0.0,0.0,23.0,0.0,0.0,,,,0,,,,,,,,,,,,,,,,,,,,,,,,,,,,,,,,,,,,,,,,,,,,,N,4.0,8.0,6.0,8.0,4.0,2.0,32.0,42.0,7,8,0.0,0.0,32.0,40.0,6,6,1,1.0,0.0,N852DN,N852DN-DL-1,32.0,44.0,10.0,42.0,54.0,27.0,5.0,2.0,32,42,0.0,0.0
N852UA,642.0,2019,2,5,2,4,2019-05-02,UA,UA,19977,UA,1698,,,,,UA,19977,UA,1698,14492,1449202,34492,RDU,"Raleigh/Durham, NC",NC,37,North Carolina,36,14771,1477104,32457,SFO,"San Francisco, CA",CA,6,California,91,645,-3.0,0.0,0.0,-1.0,0600-0659,10.0,652.0,922.0,23.0,944,945.0,1.0,1.0,0.0,0.0,0900-0959,0.0,,0.0,359.0,363.0,330.0,1.0,2400.0,10,,,0.0,,0.0,,,,0,,,,,,,,,,,,,,,,,,,,,,,,,,,,,,,,,,,,,,,,,,,,,N,0.0,12.0,6.0,9.0,3.0,3.0,27.0,51.0,6,9,3.0,3.0,27.0,51.0,4,4,0,0.0,0.0,N852UA,N852UA-UA-0,27.0,39.0,24.0,51.0,63.0,,,0.0,27,52,1.0,4.36
N8530W,720.0,2019,2,5,2,4,2019-05-02,WN,WN,19393,WN,761,,,,,WN,19393,WN,761,13931,1393102,33667,ORF,"Norfolk, VA",VA,51,Virginia,38,13204,1320402,31454,MCO,"Orlando, FL",FL,12,Florida,33,725,-5.0,0.0,0.0,-1.0,0700-0759,10.0,730.0,904.0,7.0,920,911.0,-9.0,0.0,0.0,-1.0,0900-0959,0.0,,0.0,115.0,111.0,94.0,1.0,655.0,3,,,0.0,,0.0,,,,0,,,,,,,,,,,,,,,,,,,,,,,,,,,,,,,,,,,,,,,,,,,,,N,0.0,0.0,7.0,9.0,1.0,1.0,29.0,37.0,7,9,2.0,1.0,30.0,37.0,8,8,0,0.0,0.0,N8530W,N8530W-WN-0,30.0,41.0,8.0,38.0,49.0,,,0.0,30,38,0.0,0.0
N8531Q,721.0,2019,2,5,2,4,2019-05-02,WN,WN,19393,WN,2276,,,,,WN,19393,WN,2276,14027,1402702,34027,PBI,"West Palm Beach/Palm Beach, FL",FL,12,Florida,33,10821,1082106,30852,BWI,"Baltimore, MD",MD,24,Maryland,35,715,6.0,6.0,0.0,0.0,0700-0759,8.0,729.0,927.0,4.0,935,931.0,-4.0,0.0,0.0,-1.0,0900-0959,0.0,,0.0,140.0,130.0,118.0,1.0,883.0,4,,,0.0,,0.0,,,,0,,,,,,,,,,,,,,,,,,,,,,,,,,,,,,,,,,,,,,,,,,,,,N,0.0,0.0,7.0,9.0,1.0,2.0,29.0,38.0,7,9,1.0,2.0,29.0,38.0,7,7,0,0.0,0.0,N8531Q,N8531Q-WN-0,29.0,41.0,9.0,38.0,50.0,,,0.0,29,38,0.0,0.0
N85320,754.0,2019,2,5,2,4,2019-05-02,UA,UA_CODESHARE,19977,UA,6350,,,,,YV,20378,YV,6350,13851,1385103,33851,OKC,"Oklahoma City, OK",OK,40,Oklahoma,73,12264,1226402,30852,IAD,"Washington, DC",VA,51,Virginia,38,800,-6.0,0.0,0.0,-1.0,0800-0859,12.0,806.0,1144.0,5.0,1147,1149.0,2.0,2.0,0.0,0.0,1100-1159,0.0,,0.0,167.0,175.0,158.0,1.0,1136.0,5,,,0.0,,0.0,,,,0,,,,,,,,,,,,,,,,,,,,,,,,,,,,,,,,,,,,,,,,,,,,,N,4.0,0.0,7.0,11.0,4.0,3.0,36.0,47.0,8,11,0.0,3.0,36.0,47.0,1,1,0,0.0,0.0,N85320,N85320-UA-0,36.0,48.0,11.0,47.0,59.0,,,0.0,36,49,2.0,2.72
N8532S,524.0,2019,2,5,2,4,2019-05-02,WN,WN,19393,WN,105,,,,,WN,19393,WN,105,12889,1288903,32211,LAS,"Las Vegas, NV",NV,32,Nevada,85,13232,1323202,30977,MDW,"Chicago, IL",IL,17,Illinois,41,525,-1.0,0.0,0.0,-1.0,0001-0559,11.0,535.0,1031.0,3.0,1055,1034.0,-21.0,0.0,0.0,-2.0,1000-1059,0.0,,0.0,210.0,190.0,176.0,1.0,1521.0,7,,,0.0,,0.0,,,,0,,,,,,,,,,,,,,,,,,,,,,,,,,,,,,,,,,,,,,,,,,,,,N,12.0,4.0,5.0,10.0,2.0,2.0,34.0,46.0,5,10,2.0,4.0,34.0,48.0,2,2,0,0.0,0.0,N8532S,N8532S-WN-0,34.0,46.0,12.0,46.0,58.0,,,0.0,34,46,0.0,0.0
N85340,1029.0,2019,2,5,2,4,2019-05-02,UA,UA_CODESHARE,19977,UA,6136,,,,,YV,20378,YV,6136,14685,1468502,34685,SAV,"Savannah, GA",GA,13,Georgia,34,12266,1226603,31453,IAH,"Houston, TX",TX,48,Texas,74,700,209.0,209.0,1.0,12.0,0700-0759,13.0,1042.0,1154.0,15.0,845,1209.0,204.0,204.0,1.0,12.0,0800-0859,0.0,,0.0,165.0,160.0,132.0,1.0,851.0,4,0.0,0.0,204.0,0.0,0.0,,,,0,,,,,,,,,,,,,,,,,,,,,,,,,,,,,,,,,,,,,,,,,,,,,N,0.0,4.0,10.0,12.0,2.0,1.0,42.0,53.0,7,8,0.0,3.0,28.0,39.0,3,3,0,0.0,0.0,N85340,N85340-UA-0,28.0,54.0,11.0,39.0,65.0,,,14.0,28,46,7.0,33.5
N8534Z,707.0,2019,2,5,2,4,2019-05-02,WN,WN,19393,WN,2152,,,,,WN,19393,WN,2152,10821,1082106,30852,BWI,"Baltimore, MD",MD,24,Maryland,35,14107,1410702,30466,PHX,"Phoenix, AZ",AZ,4,Arizona,81,710,-3.0,0.0,0.0,-1.0,0700-0759,10.0,717.0,919.0,5.0,910,924.0,14.0,14.0,0.0,0.0,0900-0959,0.0,,0.0,300.0,317.0,302.0,1.0,1999.0,8,,,0.0,,0.0,,,,0,,,,,,,,,,,,,,,,,,,,,,,,,,,,,,,,,,,,,,,,,,,,,N,0.0,8.0,7.0,9.0,0.0,2.0,28.0,46.0,7,9,1.0,1.0,29.0,45.0,1,1,0,0.0,0.0,N8534Z,N8534Z-WN-0,29.0,40.0,18.0,47.0,58.0,,,0.0,29,50,3.0,5.14
N85351,947.0,2019,2,5,2,4,2019-05-02,UA,UA_CODESHARE,19977,UA,6093,,,,,YV,20378,YV,6093,10994,1099402,30994,CHS,"Charleston, SC",SC,45,South Carolina,37,12266,1226603,31453,IAH,"Houston, TX",TX,48,Texas,74,700,167.0,167.0,1.0,11.0,0700-0759,30.0,1017.0,1145.0,26.0,850,1211.0,201.0,201.0,1.0,12.0,0800-0859,0.0,,0.0,170.0,204.0,148.0,1.0,925.0,4,0.0,0.0,201.0,0.0,0.0,,,,0,,,,,,,,,,,,,,,,,,,,,,,,,,,,,,,,,,,,,,,,,,,,,N,0.0,4.0,9.0,12.0,3.0,1.0,39.0,53.0,7,8,0.0,3.0,28.0,39.0,2,2,0,0.0,0.0,N85351,N85351-UA-0,28.0,51.0,14.0,42.0,65.0,,,13.0,28,49,7.0,26.52
N85352,743.0,2019,2,5,2,4,2019-05-02,UA,UA_CODESHARE,19977,UA,6126,,,,,YV,20378,YV,6126,12266,1226603,31453,IAH,"Houston, TX",TX,48,Texas,74,13158,1315805,33158,MAF,"Midland/Odessa, TX",TX,48,Texas,74,730,13.0,13.0,0.0,0.0,0700-0759,76.0,859.0,1012.0,6.0,905,1018.0,73.0,73.0,1.0,4.0,0900-0959,0.0,,0.0,95.0,155.0,73.0,1.0,429.0,2,0.0,73.0,0.0,0.0,0.0,,,,0,,,,,,,,,,,,,,,,,,,,,,,,,,,,,,,,,,,,,,,,,,,,,N,4.0,4.0,7.0,10.0,3.0,1.0,35.0,45.0,7,9,2.0,0.0,34.0,40.0,5,5,0,0.0,0.0,N85352,N85352-UA-0,35.0,47.0,10.0,45.0,57.0,,,0.0,35,45,0.0,0.0
N85354,542.0,2019,2,5,2,4,2019-05-02,UA,UA_CODESHARE,19977,UA,6098,,,,,YV,20378,YV,6098,10397,1039707,30397,ATL,"Atlanta, GA",GA,13,Georgia,34,12264,1226402,30852,IAD,"Washington, DC",VA,51,Virginia,38,545,-3.0,0.0,0.0,-1.0,0001-0559,20.0,602.0,728.0,6.0,726,734.0,8.0,8.0,0.0,0.0,0700-0759,0.0,,0.0,101.0,112.0,86.0,1.0,534.0,3,,,0.0,,0.0,,,,0,,,,,,,,,,,,,,,,,,,,,,,,,,,,,,,,,,,,,,,,,,,,,N,0.0,0.0,5.0,7.0,3.0,2.0,23.0,30.0,5,7,3.0,2.0,23.0,30.0,1,1,0,1.0,1.0,N85354,N85354-UA-0,23.0,35.0,7.0,30.0,42.0,,,0.0,23,38,8.0,24.9
N85354,1113.0,2019,2,5,2,4,2019-05-02,UA,UA_CODESHARE,19977,UA,6263,,,,,YV,20378,YV,6263,12264,1226402,30852,IAD,"Washington, DC",VA,51,Virginia,38,11298,1129806,30194,DFW,"Dallas/Fort Worth, TX",TX,48,Texas,74,830,163.0,163.0,1.0,10.0,0800-0859,18.0,1131.0,1350.0,15.0,1053,1405.0,192.0,192.0,1.0,12.0,1000-1059,0.0,,0.0,203.0,232.0,199.0,1.0,1172.0,5,0.0,0.0,192.0,0.0,0.0,,,,0,,,,,,,,,,,,,,,,,,,,,,,,,,,,,,,,,,,,,,,,,,,,,N,0.0,4.0,11.0,14.0,1.0,0.0,45.0,60.0,8,10,2.0,4.0,34.0,48.0,1,1,1,1.0,0.0,N85354,N85354-UA-1,34.0,57.0,15.0,49.0,72.0,30.0,15.0,13.0,41,56,7.0,17.4
N85355,526.0,2019,2,5,2,4,2019-05-02,UA,UA_CODESHARE,19977,UA,6346,,,,,YV,20378,YV,6346,13487,1348702,31650,MSP,"Minneapolis, MN",MN,27,Minnesota,63,12266,1226603,31453,IAH,"Houston, TX",TX,48,Texas,74,530,-4.0,0.0,0.0,-1.0,0001-0559,12.0,538.0,829.0,11.0,838,840.0,2.0,2.0,0.0,0.0,0800-0859,0.0,,0.0,188.0,194.0,171.0,1.0,1034.0,5,,,0.0,,0.0,,,,0,,,,,,,,,,,,,,,,,,,,,,,,,,,,,,,,,,,,,,,,,,,,,N,4.0,4.0,5.0,8.0,2.0,3.0,26.0,39.0,5,8,2.0,3.0,26.0,39.0,1,1,0,0.0,0.0,N85355,N85355-UA-0,26.0,38.0,13.0,39.0,51.0,,,0.0,29,50,11.0,43.38
N85356,1036.0,2019,2,5,2,4,2019-05-02,UA,UA_CODESHARE,19977,UA,6242,,,,,YV,20378,YV,6242,11193,1119302,33105,CVG,"Cincinnati, OH",KY,21,Kentucky,52,12266,1226603,31453,IAH,"Houston, TX",TX,48,Texas,74,645,231.0,231.0,1.0,12.0,0600-0659,18.0,1054.0,1222.0,21.0,833,1243.0,250.0,250.0,1.0,12.0,0800-0859,0.0,,0.0,168.0,187.0,148.0,1.0,871.0,4,0.0,0.0,250.0,0.0,0.0,,,,0,,,,,,,,,,,,,,,,,,,,,,,,,,,,,,,,,,,,,,,,,,,,,N,0.0,4.0,10.0,12.0,2.0,3.0,42.0,55.0,6,8,3.0,2.0,27.0,38.0,4,4,0,0.0,0.0,N85356,N85356-UA-0,27.0,54.0,13.0,40.0,67.0,,,17.0,27,45,5.0,27.12
N85358,645.0,2019,2,5,2,4,2019-05-02,UA,UA_CODESHARE,19977,UA,6016,,,,,YV,20378,YV,6016,10713,1071302,30713,BOI,"Boise, ID",ID,16,Idaho,83,12266,1226603,31453,IAH,"Houston, TX",TX,48,Texas,74,640,5.0,5.0,0.0,0.0,0600-0659,13.0,658.0,1127.0,8.0,1115,1135.0,20.0,20.0,1.0,1.0,1100-1159,0.0,,0.0,215.0,230.0,209.0,1.0,1482.0,6,0.0,0.0,20.0,0.0,0.0,,,,0,,,,,,,,,,,,,,,,,,,,,,,,,,,,,,,,,,,,,,,,,,,,,N,8.0,4.0,6.0,11.0,3.0,2.0,35.0,50.0,6,11,3.0,1.0,35.0,49.0,1,1,0,0.0,0.0,N85358,N85358-UA-0,35.0,47.0,15.0,50.0,62.0,,,1.0,35,50,0.0,0.0
N8535S,658.0,2019,2,5,2,4,2019-05-02,WN,WN,19393,WN,1035,,,,,WN,19393,WN,1035,15016,1501606,31123,STL,"St. Louis, MO",MO,29,Missouri,64,14107,1410702,30466,PHX,"Phoenix, AZ",AZ,4,Arizona,81,650,8.0,8.0,0.0,0.0,0600-0659,11.0,709.0,809.0,3.0,805,812.0,7.0,7.0,0.0,0.0,0800-0859,0.0,,0.0,195.0,194.0,180.0,1.0,1262.0,6,,,0.0,,0.0,,,,0,,,,,,,,,,,,,,,,,,,,,,,,,,,,,,,,,,,,,,,,,,,,,N,4.0,8.0,6.0,8.0,4.0,1.0,32.0,41.0,6,8,3.0,0.0,31.0,40.0,9,9,0,0.0,0.0,N8535S,N8535S-WN-0,32.0,44.0,9.0,41.0,53.0,,,0.0,32,41,0.0,0.0
N8536Z,526.0,2019,2,5,2,4,2019-05-02,WN,WN,19393,WN,7,,,,,WN,19393,WN,7,13232,1323202,30977,MDW,"Chicago, IL",IL,17,Illinois,41,11259,1125904,30194,DAL,"Dallas, TX",TX,48,Texas,74,525,1.0,1.0,0.0,0.0,0001-0559,9.0,535.0,748.0,5.0,745,753.0,8.0,8.0,0.0,0.0,0700-0759,0.0,,0.0,140.0,147.0,133.0,1.0,793.0,4,,,0.0,,0.0,,,,0,,,,,,,,,,,,,,,,,,,,,,,,,,,,,,,,,,,,,,,,,,,,,N,4.0,4.0,5.0,7.0,2.0,4.0,26.0,36.0,5,7,2.0,3.0,26.0,35.0,4,4,0,0.0,0.0,N8536Z,N8536Z-WN-0,26.0,38.0,10.0,36.0,48.0,,,0.0,26,36,0.0,0.0
N8537Z,644.0,2019,2,5,2,4,2019-05-02,WN,WN,19393,WN,2004,,,,,WN,19393,WN,2004,13891,1389101,32575,ONT,"Ontario, CA",CA,6,California,91,11292,1129202,30325,DEN,"Denver, CO",CO,8,Colorado,82,640,4.0,4.0,0.0,0.0,0600-0659,10.0,654.0,944.0,9.0,945,953.0,8.0,8.0,0.0,0.0,0900-0959,0.0,,0.0,125.0,129.0,110.0,1.0,819.0,4,,,0.0,,0.0,,,,0,,,,,,,,,,,,,,,,,,,,,,,,,,,,,,,,,,,,,,,,,,,,,N,12.0,8.0,6.0,9.0,3.0,4.0,39.0,48.0,6,9,3.0,3.0,39.0,47.0,1,1,0,0.0,0.0,N8537Z,N8537Z-WN-0,39.0,51.0,9.0,48.0,60.0,,,0.0,39,48,0.0,0.0
N8538V,709.0,2019,2,5,2,4,2019-05-02,WN,WN,19393,WN,513,,,,,WN,19393,WN,513,13487,1348702,31650,MSP,"Minneapolis, MN",MN,27,Minnesota,63,10397,1039707,30397,ATL,"Atlanta, GA",GA,13,Georgia,34,635,34.0,34.0,1.0,2.0,0600-0659,8.0,717.0,1050.0,11.0,1000,1101.0,61.0,61.0,1.0,4.0,1000-1059,0.0,,0.0,145.0,172.0,153.0,1.0,907.0,4,0.0,0.0,61.0,0.0,0.0,632.0,10.0,10.0,0,,,,,,,,,,,,,,,,,,,,,,,,,,,,,,,,,,,,,,,,,,,,,N,4.0,0.0,7.0,11.0,1.0,0.0,33.0,44.0,6,10,2.0,0.0,30.0,40.0,8,8,0,0.0,0.0,N8538V,N8538V-WN-0,30.0,45.0,11.0,41.0,56.0,,,4.0,30,41,0.0,0.0
N853UA,700.0,2019,2,5,2,4,2019-05-02,UA,UA,19977,UA,264,,,,,UA,19977,UA,264,13485,1348502,33485,MSN,"Madison, WI",WI,55,Wisconsin,45,11292,1129202,30325,DEN,"Denver, CO",CO,8,Colorado,82,700,0.0,0.0,0.0,0.0,0700-0759,36.0,736.0,841.0,5.0,830,846.0,16.0,16.0,1.0,1.0,0800-0859,0.0,,0.0,150.0,166.0,125.0,1.0,826.0,4,0.0,0.0,16.0,0.0,0.0,,,,0,,,,,,,,,,,,,,,,,,,,,,,,,,,,,,,,,,,,,,,,,,,,,N,4.0,8.0,7.0,8.0,0.0,3.0,32.0,43.0,7,8,0.0,2.0,32.0,42.0,1,1,0,0.0,0.0,N853UA,N853UA-UA-0,32.0,44.0,11.0,43.0,55.0,,,1.0,32,45,2.0,3.02
N8541W,821.0,2019,2,5,2,4,2019-05-02,WN,WN,19393,WN,2240,,,,,WN,19393,WN,2240,12191,1219102,31453,HOU,"Houston, TX",TX,48,Texas,74,14107,1410702,30466,PHX,"Phoenix, AZ",AZ,4,Arizona,81,810,11.0,11.0,0.0,0.0,0800-0859,6.0,827.0,901.0,6.0,900,907.0,7.0,7.0,0.0,0.0,0900-0959,0.0,,0.0,170.0,166.0,154.0,1.0,1020.0,5,,,0.0,,0.0,,,,0,,,,,,,,,,,,,,,,,,,,,,,,,,,,,,,,,,,,,,,,,,,,,N,4.0,8.0,8.0,9.0,1.0,0.0,37.0,44.0,8,9,1.0,0.0,37.0,44.0,7,7,0,0.0,0.0,N8541W,N8541W-WN-0,37.0,49.0,7.0,44.0,56.0,,,0.0,37,44,0.0,0.0
N8542Z,611.0,2019,2,5,2,4,2019-05-02,WN,WN,19393,WN,1984,,,,,WN,19393,WN,1984,12191,1219102,31453,HOU,"Houston, TX",TX,48,Texas,74,11697,1169706,32467,FLL,"Fort Lauderdale, FL",FL,12,Florida,33,615,-4.0,0.0,0.0,-1.0,0600-0659,8.0,619.0,917.0,5.0,935,922.0,-13.0,0.0,0.0,-1.0,0900-0959,0.0,,0.0,140.0,131.0,118.0,1.0,957.0,4,,,0.0,,0.0,,,,0,,,,,,,,,,,,,,,,,,,,,,,,,,,,,,,,,,,,,,,,,,,,,N,4.0,0.0,6.0,9.0,1.0,1.0,29.0,37.0,6,9,1.0,2.0,29.0,38.0,6,6,0,0.0,0.0,N8542Z,N8542Z-WN-0,29.0,41.0,8.0,37.0,49.0,,,0.0,29,37,0.0,0.0
N8543Z,701.0,2019,2,5,2,4,2019-05-02,WN,WN,19393,WN,1578,,,,,WN,19393,WN,1578,10693,1069302,30693,BNA,"Nashville, TN",TN,47,Tennessee,54,10821,1082106,30852,BWI,"Baltimore, MD",MD,24,Maryland,35,705,-4.0,0.0,0.0,-1.0,0700-0759,8.0,709.0,932.0,3.0,945,935.0,-10.0,0.0,0.0,-1.0,0900-0959,0.0,,0.0,100.0,94.0,83.0,1.0,587.0,3,,,0.0,,0.0,,,,0,,,,,,,,,,,,,,,,,,,,,,,,,,,,,,,,,,,,,,,,,,,,,N,4.0,0.0,7.0,9.0,0.0,2.0,32.0,38.0,7,9,0.0,3.0,32.0,39.0,8,8,0,0.0,0.0,N8543Z,N8543Z-WN-0,32.0,44.0,6.0,38.0,50.0,,,0.0,32,38,0.0,0.0
N8544Z,527.0,2019,2,5,2,4,2019-05-02,WN,WN,19393,WN,1936,,,,,WN,19393,WN,1936,14893,1489302,33192,SMF,"Sacramento, CA",CA,6,California,91,14679,1467903,33570,SAN,"San Diego, CA",CA,6,California,91,530,-3.0,0.0,0.0,-1.0,0001-0559,13.0,540.0,650.0,21.0,655,711.0,16.0,16.0,1.0,1.0,0600-0659,0.0,,0.0,85.0,104.0,70.0,1.0,480.0,2,0.0,0.0,16.0,0.0,0.0,,,,0,,,,,,,,,,,,,,,,,,,,,,,,,,,,,,,,,,,,,,,,,,,,,N,12.0,12.0,5.0,7.0,2.0,1.0,34.0,41.0,5,6,2.0,4.0,34.0,40.0,4,4,0,0.0,0.0,N8544Z,N8544Z-WN-0,34.0,46.0,7.0,41.0,53.0,,,1.0,34,41,0.0,0.0
N8545V,603.0,2019,2,5,2,4,2019-05-02,WN,WN,19393,WN,660,,,,,WN,19393,WN,660,13796,1379608,32457,OAK,"Oakland, CA",CA,6,California,91,13232,1323202,30977,MDW,"Chicago, IL",IL,17,Illinois,41,600,3.0,3.0,0.0,0.0,0600-0659,12.0,615.0,1145.0,5.0,1205,1150.0,-15.0,0.0,0.0,-1.0,1200-1259,0.0,,0.0,245.0,227.0,210.0,1.0,1844.0,8,,,0.0,,0.0,,,,0,,,,,,,,,,,,,,,,,,,,,,,,,,,,,,,,,,,,,,,,,,,,,N,12.0,4.0,6.0,11.0,0.0,3.0,36.0,51.0,6,12,0.0,0.0,36.0,52.0,6,6,0,0.0,0.0,N8545V,N8545V-WN-0,36.0,48.0,15.0,51.0,63.0,,,0.0,36,51,0.0,0.0
N8546V,917.0,2019,2,5,2,4,2019-05-02,WN,WN,19393,WN,558,,,,,WN,19393,WN,558,13232,1323202,30977,MDW,"Chicago, IL",IL,17,Illinois,41,14869,1486903,34614,SLC,"Salt Lake City, UT",UT,49,Utah,87,850,27.0,27.0,1.0,1.0,0800-0859,12.0,929.0,1137.0,2.0,1120,1139.0,19.0,19.0,1.0,1.0,1100-1159,0.0,,0.0,210.0,202.0,188.0,1.0,1259.0,6,18.0,0.0,0.0,0.0,1.0,,,,0,,,,,,,,,,,,,,,,,,,,,,,,,,,,,,,,,,,,,,,,,,,,,N,4.0,8.0,9.0,11.0,1.0,3.0,41.0,55.0,8,11,3.0,1.0,39.0,53.0,5,5,0,0.0,0.0,N8546V,N8546V-WN-0,41.0,53.0,14.0,55.0,67.0,,,0.0,41,55,0.0,0.0
N8547V,553.0,2019,2,5,2,4,2019-05-02,WN,WN,19393,WN,505,,,,,WN,19393,WN,505,12191,1219102,31453,HOU,"Houston, TX",TX,48,Texas,74,12889,1288903,32211,LAS,"Las Vegas, NV",NV,32,Nevada,85,545,8.0,8.0,0.0,0.0,0001-0559,6.0,559.0,657.0,4.0,705,701.0,-4.0,0.0,0.0,-1.0,0700-0759,0.0,,0.0,200.0,188.0,178.0,1.0,1235.0,5,,,0.0,,0.0,,,,0,,,,,,,,,,,,,,,,,,,,,,,,,,,,,,,,,,,,,,,,,,,,,N,4.0,12.0,5.0,7.0,4.0,0.0,28.0,40.0,5,7,3.0,0.0,27.0,40.0,4,4,0,0.0,0.0,N8547V,N8547V-WN-0,28.0,40.0,12.0,40.0,52.0,,,0.0,28,40,0.0,0.0
N8548P,616.0,2019,2,5,2,4,2019-05-02,WN,WN,19393,WN,1556,,,,,WN,19393,WN,1556,15304,1530402,33195,TPA,"Tampa, FL",FL,12,Florida,33,11259,1125904,30194,DAL,"Dallas, TX",TX,48,Texas,74,615,1.0,1.0,0.0,0.0,0600-0659,8.0,624.0,812.0,4.0,745,816.0,31.0,31.0,1.0,2.0,0700-0759,0.0,,0.0,150.0,180.0,168.0,1.0,917.0,4,0.0,0.0,31.0,0.0,0.0,,,,0,,,,,,,,,,,,,,,,,,,,,,,,,,,,,,,,,,,,,,,,,,,,,N,0.0,4.0,6.0,8.0,1.0,1.0,25.0,37.0,6,7,1.0,3.0,25.0,35.0,2,2,0,1.0,1.0,N8548P,N8548P-WN-0,25.0,37.0,12.0,37.0,49.0,,,2.0,25,37,0.0,0.0
N8548P,917.0,2019,2,5,2,4,2019-05-02,WN,WN,19393,WN,1556,,,,,WN,19393,WN,1556,11259,1125904,30194,DAL,"Dallas, TX",TX,48,Texas,74,14107,1410702,30466,PHX,"Phoenix, AZ",AZ,4,Arizona,81,840,37.0,37.0,1.0,2.0,0800-0859,13.0,930.0,958.0,3.0,920,1001.0,41.0,41.0,1.0,2.0,0900-0959,0.0,,0.0,160.0,164.0,148.0,1.0,879.0,4,6.0,0.0,4.0,0.0,31.0,,,,0,,,,,,,,,,,,,,,,,,,,,,,,,,,,,,,,,,,,,,,,,,,,,N,4.0,8.0,9.0,10.0,1.0,0.0,41.0,48.0,8,9,3.0,1.0,39.0,45.0,7,7,1,1.0,0.0,N8548P,N8548P-WN-1,39.0,53.0,7.0,46.0,60.0,37.0,4.0,2.0,39,46,0.0,0.0
N854AE,652.0,2019,2,5,2,4,2019-05-02,AA,AA_CODESHARE,19805,AA,3374,,,,,MQ,20398,MQ,3374,12953,1295304,31703,LGA,"New York, NY",NY,36,New York,22,11433,1143302,31295,DTW,"Detroit, MI",MI,26,Michigan,43,659,-7.0,0.0,0.0,-1.0,0600-0659,12.0,704.0,828.0,14.0,901,842.0,-19.0,0.0,0.0,-2.0,0900-0959,0.0,,0.0,122.0,110.0,84.0,1.0,502.0,3,,,0.0,,0.0,,,,0,,,,,,,,,,,,,,,,,,,,,,,,,,,,,,,,,,,,,,,,,,,,,N,0.0,0.0,6.0,8.0,3.0,3.0,27.0,35.0,6,9,4.0,0.0,28.0,36.0,7,7,0,0.0,0.0,N854AE,N854AE-AA-0,28.0,39.0,8.0,36.0,47.0,,,0.0,28,36,0.0,0.0
N854DN,759.0,2019,2,5,2,4,2019-05-02,DL,DL,19790,DL,2271,,,,,DL,19790,DL,2271,14027,1402702,34027,PBI,"West Palm Beach/Palm Beach, FL",FL,12,Florida,33,10397,1039707,30397,ATL,"Atlanta, GA",GA,13,Georgia,34,800,-1.0,0.0,0.0,-1.0,0800-0859,23.0,822.0,938.0,10.0,945,948.0,3.0,3.0,0.0,0.0,0900-0959,0.0,,0.0,105.0,109.0,76.0,1.0,545.0,3,,,0.0,,0.0,,,,0,,,,,,,,,,,,,,,,,,,,,,,,,,,,,,,,,,,,,,,,,,,,,N,0.0,0.0,7.0,9.0,4.0,3.0,32.0,39.0,8,9,0.0,3.0,32.0,39.0,1,1,0,0.0,0.0,N854DN,N854DN-DL-0,32.0,44.0,7.0,39.0,51.0,,,0.0,32,41,2.0,3.4
N854UA,557.0,2019,2,5,2,4,2019-05-02,UA,UA,19977,UA,2211,,,,,UA,19977,UA,2211,13485,1348502,33485,MSN,"Madison, WI",WI,55,Wisconsin,45,13930,1393007,30977,ORD,"Chicago, IL",IL,17,Illinois,41,600,-3.0,0.0,0.0,-1.0,0600-0659,14.0,611.0,639.0,6.0,700,645.0,-15.0,0.0,0.0,-1.0,0700-0759,0.0,,0.0,60.0,48.0,28.0,1.0,109.0,1,,,0.0,,0.0,,,,0,,,,,,,,,,,,,,,,,,,,,,,,,,,,,,,,,,,,,,,,,,,,,N,4.0,4.0,5.0,6.0,4.0,3.0,28.0,31.0,6,7,0.0,0.0,28.0,32.0,9,9,0,0.0,0.0,N854UA,N854UA-UA-0,28.0,40.0,3.0,31.0,43.0,,,0.0,28,31,0.0,0.0
N8550Q,656.0,2019,2,5,2,4,2019-05-02,WN,WN,19393,WN,1572,,,,,WN,19393,WN,1572,12892,1289208,32575,LAX,"Los Angeles, CA",CA,6,California,91,13232,1323202,30977,MDW,"Chicago, IL",IL,17,Illinois,41,650,6.0,6.0,0.0,0.0,0600-0659,10.0,706.0,1231.0,4.0,1240,1235.0,-5.0,0.0,0.0,-1.0,1200-1259,0.0,,0.0,230.0,219.0,205.0,1.0,1750.0,8,,,0.0,,0.0,,,,0,,,,,,,,,,,,,,,,,,,,,,,,,,,,,,,,,,,,,,,,,,,,,N,12.0,4.0,6.0,12.0,4.0,2.0,40.0,54.0,6,12,3.0,3.0,39.0,55.0,8,8,0,0.0,0.0,N8550Q,N8550Q-WN-0,40.0,52.0,14.0,54.0,66.0,,,0.0,40,54,0.0,0.0
N8551Q,639.0,2019,2,5,2,4,2019-05-02,WN,WN,19393,WN,2213,,,,,WN,19393,WN,2213,14679,1467903,33570,SAN,"San Diego, CA",CA,6,California,91,10821,1082106,30852,BWI,"Baltimore, MD",MD,24,Maryland,35,640,-1.0,0.0,0.0,-1.0,0600-0659,21.0,700.0,1425.0,5.0,1450,1430.0,-20.0,0.0,0.0,-2.0,1400-1459,0.0,,0.0,310.0,291.0,265.0,1.0,2295.0,10,,,0.0,,0.0,,,,0,,,,,,,,,,,,,,,,,,,,,,,,,,,,,,,,,,,,,,,,,,,,,N,12.0,0.0,6.0,14.0,3.0,2.0,39.0,58.0,6,14,3.0,3.0,39.0,59.0,6,6,0,0.0,0.0,N8551Q,N8551Q-WN-0,39.0,51.0,19.0,58.0,70.0,,,0.0,39,58,0.0,0.0
N8552Z,547.0,2019,2,5,2,4,2019-05-02,WN,WN,19393,WN,1219,,,,,WN,19393,WN,1219,13342,1334207,33342,MKE,"Milwaukee, WI",WI,55,Wisconsin,45,11292,1129202,30325,DEN,"Denver, CO",CO,8,Colorado,82,550,-3.0,0.0,0.0,-1.0,0001-0559,9.0,556.0,716.0,4.0,720,720.0,0.0,0.0,0.0,0.0,0700-0759,0.0,,0.0,150.0,153.0,140.0,1.0,896.0,4,,,0.0,,0.0,,,,0,,,,,,,,,,,,,,,,,,,,,,,,,,,,,,,,,,,,,,,,,,,,,N,4.0,8.0,5.0,7.0,3.0,1.0,27.0,37.0,5,7,3.0,1.0,27.0,37.0,2,2,0,0.0,0.0,N8552Z,N8552Z-WN-0,27.0,39.0,10.0,37.0,49.0,,,0.0,27,40,3.0,8.08
N8553W,715.0,2019,2,5,2,4,2019-05-02,WN,WN,19393,WN,971,,,,,WN,19393,WN,971,14831,1483106,32457,SJC,"San Jose, CA",CA,6,California,91,13232,1323202,30977,MDW,"Chicago, IL",IL,17,Illinois,41,630,45.0,45.0,1.0,3.0,0600-0659,8.0,723.0,1251.0,5.0,1240,1256.0,16.0,16.0,1.0,1.0,1200-1259,0.0,,0.0,250.0,221.0,208.0,1.0,1838.0,8,16.0,0.0,0.0,0.0,0.0,630.0,30.0,30.0,0,,,,,,,,,,,,,,,,,,,,,,,,,,,,,,,,,,,,,,,,,,,,,N,12.0,4.0,7.0,12.0,1.0,4.0,41.0,56.0,6,12,2.0,3.0,38.0,55.0,6,6,0,0.0,0.0,N8553W,N8553W-WN-0,41.0,53.0,15.0,56.0,68.0,,,0.0,41,56,0.0,0.0
N8555Z,644.0,2019,2,5,2,4,2019-05-02,WN,WN,19393,WN,2286,,,,,WN,19393,WN,2286,14570,1457002,34570,RNO,"Reno, NV",NV,32,Nevada,85,13232,1323202,30977,MDW,"Chicago, IL",IL,17,Illinois,41,645,-1.0,0.0,0.0,-1.0,0600-0659,10.0,654.0,1203.0,2.0,1230,1205.0,-25.0,0.0,0.0,-2.0,1200-1259,0.0,,0.0,225.0,201.0,189.0,1.0,1680.0,7,,,0.0,,0.0,,,,0,,,,,,,,,,,,,,,,,,,,,,,,,,,,,,,,,,,,,,,,,,,,,N,12.0,4.0,6.0,12.0,3.0,0.0,39.0,52.0,6,12,3.0,2.0,39.0,54.0,1,1,0,0.0,0.0,N8555Z,N8555Z-WN-0,39.0,51.0,13.0,52.0,64.0,,,0.0,39,52,0.0,0.0
N8556Z,656.0,2019,2,5,2,4,2019-05-02,WN,WN,19393,WN,1500,,,,,WN,19393,WN,1500,10599,1059904,30599,BHM,"Birmingham, AL",AL,1,Alabama,51,10821,1082106,30852,BWI,"Baltimore, MD",MD,24,Maryland,35,700,-4.0,0.0,0.0,-1.0,0700-0759,13.0,709.0,942.0,6.0,1005,948.0,-17.0,0.0,0.0,-2.0,1000-1059,0.0,,0.0,125.0,112.0,93.0,1.0,682.0,3,,,0.0,,0.0,,,,0,,,,,,,,,,,,,,,,,,,,,,,,,,,,,,,,,,,,,,,,,,,,,N,4.0,0.0,6.0,9.0,4.0,3.0,32.0,39.0,7,10,0.0,0.0,32.0,40.0,5,5,0,0.0,0.0,N8556Z,N8556Z-WN-0,32.0,44.0,7.0,39.0,51.0,,,0.0,32,39,0.0,0.0
N8557Q,649.0,2019,2,5,2,4,2019-05-02,WN,WN,19393,WN,1148,,,,,WN,19393,WN,1148,10693,1069302,30693,BNA,"Nashville, TN",TN,47,Tennessee,54,15304,1530402,33195,TPA,"Tampa, FL",FL,12,Florida,33,650,-1.0,0.0,0.0,-1.0,0600-0659,8.0,657.0,923.0,4.0,930,927.0,-3.0,0.0,0.0,-1.0,0900-0959,0.0,,0.0,100.0,98.0,86.0,1.0,612.0,3,,,0.0,,0.0,,,,0,,,,,,,,,,,,,,,,,,,,,,,,,,,,,,,,,,,,,,,,,,,,,N,4.0,0.0,6.0,9.0,3.0,2.0,31.0,38.0,6,9,3.0,2.0,31.0,38.0,3,3,0,0.0,0.0,N8557Q,N8557Q-WN-0,31.0,43.0,7.0,38.0,50.0,,,0.0,31,38,0.0,0.0
N8558Z,639.0,2019,2,5,2,4,2019-05-02,WN,WN,19393,WN,2232,,,,,WN,19393,WN,2232,10821,1082106,30852,BWI,"Baltimore, MD",MD,24,Maryland,35,12892,1289208,32575,LAX,"Los Angeles, CA",CA,6,California,91,635,4.0,4.0,0.0,0.0,0600-0659,11.0,650.0,931.0,6.0,915,937.0,22.0,22.0,1.0,1.0,0900-0959,0.0,,0.0,340.0,358.0,341.0,1.0,2329.0,10,0.0,0.0,22.0,0.0,0.0,,,,0,,,,,,,,,,,,,,,,,,,,,,,,,,,,,,,,,,,,,,,,,,,,,N,0.0,12.0,6.0,9.0,3.0,2.0,27.0,50.0,6,9,2.0,1.0,26.0,49.0,6,6,0,0.0,0.0,N8558Z,N8558Z-WN-0,26.0,39.0,23.0,49.0,62.0,,,1.0,28,51,2.0,13.38
N8559Q,730.0,2019,2,5,2,4,2019-05-02,WN,WN,19393,WN,462,,,,,WN,19393,WN,462,15016,1501606,31123,STL,"St. Louis, MO",MO,29,Missouri,64,12892,1289208,32575,LAX,"Los Angeles, CA",CA,6,California,91,705,25.0,25.0,1.0,1.0,0700-0759,13.0,743.0,928.0,5.0,910,933.0,23.0,23.0,1.0,1.0,0900-0959,0.0,,0.0,245.0,243.0,225.0,1.0,1592.0,7,23.0,0.0,0.0,0.0,0.0,,,,0,,,,,,,,,,,,,,,,,,,,,,,,,,,,,,,,,,,,,,,,,,,,,N,4.0,12.0,7.0,9.0,2.0,2.0,34.0,50.0,7,9,0.0,1.0,32.0,49.0,7,7,0,0.0,0.0,N8559Q,N8559Q-WN-0,34.0,46.0,16.0,50.0,62.0,,,0.0,34,50,0.0,0.0
N855AE,639.0,2019,2,5,2,4,2019-05-02,AA,AA_CODESHARE,19805,AA,3634,,,,,MQ,20398,MQ,3634,13931,1393102,33667,ORF,"Norfolk, VA",VA,51,Virginia,38,12953,1295304,31703,LGA,"New York, NY",NY,36,New York,22,558,41.0,41.0,1.0,2.0,0001-0559,14.0,653.0,755.0,8.0,724,803.0,39.0,39.0,1.0,2.0,0700-0759,0.0,,0.0,86.0,84.0,62.0,1.0,296.0,2,0.0,0.0,39.0,0.0,0.0,,,,0,,,,,,,,,,,,,,,,,,,,,,,,,,,,,,,,,,,,,,,,,,,,,N,0.0,0.0,6.0,8.0,3.0,0.0,27.0,32.0,5,7,4.0,2.0,24.0,30.0,2,2,0,1.0,1.0,N855AE,N855AE-AA-0,24.0,39.0,5.0,29.0,44.0,,,3.0,24,30,1.0,2.3
N855AE,828.0,2019,2,5,2,4,2019-05-02,AA,AA_CODESHARE,19805,AA,3343,,,,,MQ,20398,MQ,3343,12953,1295304,31703,LGA,"New York, NY",NY,36,New York,22,14492,1449202,34492,RDU,"Raleigh/Durham, NC",NC,37,North Carolina,36,759,29.0,29.0,1.0,1.0,0700-0759,25.0,853.0,1001.0,9.0,944,1010.0,26.0,26.0,1.0,1.0,0900-0959,0.0,,0.0,105.0,102.0,68.0,1.0,431.0,2,0.0,0.0,0.0,0.0,26.0,,,,0,,,,,,,,,,,,,,,,,,,,,,,,,,,,,,,,,,,,,,,,,,,,,N,0.0,0.0,8.0,10.0,2.0,1.0,34.0,41.0,7,9,4.0,3.0,32.0,39.0,5,5,1,1.0,0.0,N855AE,N855AE-AA-1,32.0,46.0,7.0,39.0,53.0,32.0,2.0,2.0,32,39,0.0,0.0
N855DN,554.0,2019,2,5,2,4,2019-05-02,DL,DL,19790,DL,1937,,,,,DL,19790,DL,1937,10821,1082106,30852,BWI,"Baltimore, MD",MD,24,Maryland,35,11433,1143302,31295,DTW,"Detroit, MI",MI,26,Michigan,43,600,-6.0,0.0,0.0,-1.0,0600-0659,15.0,609.0,721.0,6.0,731,727.0,-4.0,0.0,0.0,-1.0,0700-0759,0.0,,0.0,91.0,93.0,72.0,1.0,409.0,2,,,0.0,,0.0,,,,0,,,,,,,,,,,,,,,,,,,,,,,,,,,,,,,,,,,,,,,,,,,,,N,0.0,0.0,5.0,7.0,4.0,2.0,24.0,30.0,6,7,0.0,2.0,24.0,30.0,3,3,0,1.0,1.0,N855DN,N855DN-DL-0,24.0,36.0,6.0,30.0,42.0,,,0.0,24,30,0.0,0.0
N855DN,829.0,2019,2,5,2,4,2019-05-02,DL,DL,19790,DL,1622,,,,,DL,19790,DL,1622,11433,1143302,31295,DTW,"Detroit, MI",MI,26,Michigan,43,12889,1288903,32211,LAS,"Las Vegas, NV",NV,32,Nevada,85,832,-3.0,0.0,0.0,-1.0,0800-0859,24.0,853.0,1001.0,5.0,952,1006.0,14.0,14.0,0.0,0.0,0900-0959,0.0,,0.0,260.0,277.0,248.0,1.0,1749.0,7,,,0.0,,0.0,,,,0,,,,,,,,,,,,,,,,,,,,,,,,,,,,,,,,,,,,,,,,,,,,,N,0.0,12.0,8.0,10.0,2.0,0.0,34.0,52.0,8,9,2.0,3.0,34.0,51.0,9,9,1,1.0,0.0,N855DN,N855DN-DL-1,34.0,46.0,18.0,52.0,64.0,30.0,4.0,0.0,34,52,0.0,0.0
N855NN,553.0,2019,2,5,2,4,2019-05-02,AA,AA,19805,AA,2788,,,,,AA,19805,AA,2788,11109,1110902,30189,COS,"Colorado Springs, CO",CO,8,Colorado,82,11298,1129806,30194,DFW,"Dallas/Fort Worth, TX",TX,48,Texas,74,600,-7.0,0.0,0.0,-1.0,0600-0659,21.0,614.0,839.0,5.0,859,844.0,-15.0,0.0,0.0,-1.0,0800-0859,0.0,,0.0,119.0,111.0,85.0,1.0,592.0,3,,,0.0,,0.0,,,,0,,,,,,,,,,,,,,,,,,,,,,,,,,,,,,,,,,,,,,,,,,,,,N,8.0,4.0,5.0,8.0,4.0,3.0,32.0,39.0,6,8,0.0,4.0,32.0,40.0,3,3,0,0.0,0.0,N855NN,N855NN-AA-0,32.0,44.0,7.0,39.0,51.0,,,0.0,32,40,1.0,3.3
N855RW,757.0,2019,2,5,2,4,2019-05-02,UA,UA_CODESHARE,19977,UA,3608,,,,,YX,20452,YX,3608,12339,1233904,32337,IND,"Indianapolis, IN",IN,18,Indiana,42,13930,1393007,30977,ORD,"Chicago, IL",IL,17,Illinois,41,730,27.0,27.0,1.0,1.0,0700-0759,11.0,808.0,753.0,8.0,741,801.0,20.0,20.0,1.0,1.0,0700-0759,0.0,,0.0,71.0,64.0,45.0,1.0,177.0,1,20.0,0.0,0.0,0.0,0.0,,,,0,,,,,,,,,,,,,,,,,,,,,,,,,,,,,,,,,,,,,,,,,,,,,N,0.0,4.0,7.0,8.0,4.0,0.0,32.0,36.0,7,7,2.0,3.0,30.0,35.0,7,7,0,1.0,1.0,N855RW,N855RW-UA-0,32.0,44.0,4.0,36.0,48.0,,,0.0,32,36,0.0,0.0
N855RW,823.0,2019,2,5,2,4,2019-05-02,UA,UA_CODESHARE,19977,UA,3572,,,,,YX,20452,YX,3572,13930,1393007,30977,ORD,"Chicago, IL",IL,17,Illinois,41,11433,1143302,31295,DTW,"Detroit, MI",MI,26,Michigan,43,826,-3.0,0.0,0.0,-1.0,0800-0859,29.0,852.0,1041.0,7.0,1050,1048.0,-2.0,0.0,0.0,-1.0,1000-1059,0.0,,0.0,84.0,85.0,49.0,1.0,235.0,1,,,0.0,,0.0,,,,0,,,,,,,,,,,,,,,,,,,,,,,,,,,,,,,,,,,,,,,,,,,,,N,4.0,0.0,8.0,10.0,2.0,3.0,38.0,43.0,8,10,2.0,3.0,38.0,43.0,2,2,1,1.0,0.0,N855RW,N855RW-UA-1,38.0,50.0,5.0,43.0,55.0,36.0,2.0,0.0,47,52,9.0,40.52
N855UA,757.0,2019,2,5,2,4,2019-05-02,UA,UA,19977,UA,981,,,,,UA,19977,UA,981,12266,1226603,31453,IAH,"Houston, TX",TX,48,Texas,74,15304,1530402,33195,TPA,"Tampa, FL",FL,12,Florida,33,730,27.0,27.0,1.0,1.0,0700-0759,22.0,819.0,1101.0,4.0,1046,1105.0,19.0,19.0,1.0,1.0,1000-1059,0.0,,0.0,136.0,128.0,102.0,1.0,787.0,4,19.0,0.0,0.0,0.0,0.0,,,,0,,,,,,,,,,,,,,,,,,,,,,,,,,,,,,,,,,,,,,,,,,,,,N,4.0,0.0,7.0,11.0,4.0,0.0,36.0,44.0,7,10,2.0,3.0,34.0,43.0,6,6,0,0.0,0.0,N855UA,N855UA-UA-0,36.0,48.0,8.0,44.0,56.0,,,0.0,36,44,0.0,0.0
N8560Z,659.0,2019,2,5,2,4,2019-05-02,WN,WN,19393,WN,964,,,,,WN,19393,WN,964,14107,1410702,30466,PHX,"Phoenix, AZ",AZ,4,Arizona,81,13232,1323202,30977,MDW,"Chicago, IL",IL,17,Illinois,41,700,-1.0,0.0,0.0,-1.0,0700-0759,15.0,714.0,1157.0,3.0,1210,1200.0,-10.0,0.0,0.0,-1.0,1200-1259,0.0,,0.0,190.0,181.0,163.0,1.0,1444.0,6,,,0.0,,0.0,,,,0,,,,,,,,,,,,,,,,,,,,,,,,,,,,,,,,,,,,,,,,,,,,,N,8.0,4.0,6.0,12.0,4.0,0.0,36.0,52.0,7,12,0.0,1.0,36.0,53.0,9,9,0,0.0,0.0,N8560Z,N8560Z-WN-0,36.0,48.0,16.0,52.0,64.0,,,0.0,36,52,0.0,0.0
N8561Z,715.0,2019,2,5,2,4,2019-05-02,WN,WN,19393,WN,318,,,,,WN,19393,WN,318,13204,1320402,31454,MCO,"Orlando, FL",FL,12,Florida,33,10792,1079206,30792,BUF,"Buffalo, NY",NY,36,New York,22,705,10.0,10.0,0.0,0.0,0700-0759,15.0,730.0,937.0,2.0,935,939.0,4.0,4.0,0.0,0.0,0900-0959,0.0,,0.0,150.0,144.0,127.0,1.0,1011.0,5,,,0.0,,0.0,,,,0,,,,,,,,,,,,,,,,,,,,,,,,,,,,,,,,,,,,,,,,,,,,,N,0.0,0.0,7.0,9.0,1.0,3.0,29.0,39.0,7,9,0.0,2.0,28.0,38.0,1,1,0,0.0,0.0,N8561Z,N8561Z-WN-0,29.0,41.0,10.0,39.0,51.0,,,0.0,29,39,0.0,0.0
N8562Z,732.0,2019,2,5,2,4,2019-05-02,WN,WN,19393,WN,127,,,,,WN,19393,WN,127,12191,1219102,31453,HOU,"Houston, TX",TX,48,Texas,74,10397,1039707,30397,ATL,"Atlanta, GA",GA,13,Georgia,34,720,12.0,12.0,0.0,0.0,0700-0759,11.0,743.0,1019.0,9.0,1020,1028.0,8.0,8.0,0.0,0.0,1000-1059,0.0,,0.0,120.0,116.0,96.0,1.0,696.0,3,,,0.0,,0.0,,,,0,,,,,,,,,,,,,,,,,,,,,,,,,,,,,,,,,,,,,,,,,,,,,N,4.0,0.0,7.0,10.0,2.0,2.0,34.0,42.0,7,10,1.0,1.0,33.0,41.0,2,2,0,0.0,0.0,N8562Z,N8562Z-WN-0,34.0,46.0,8.0,42.0,54.0,,,0.0,34,43,1.0,2.3
N8563Z,724.0,2019,2,5,2,4,2019-05-02,WN,WN,19393,WN,2205,,,,,WN,19393,WN,2205,11697,1169706,32467,FLL,"Fort Lauderdale, FL",FL,12,Florida,33,10693,1069302,30693,BNA,"Nashville, TN",TN,47,Tennessee,54,725,-1.0,0.0,0.0,-1.0,0700-0759,20.0,744.0,829.0,11.0,840,840.0,0.0,0.0,0.0,0.0,0800-0859,0.0,,0.0,135.0,136.0,105.0,1.0,793.0,4,,,0.0,,0.0,,,,0,,,,,,,,,,,,,,,,,,,,,,,,,,,,,,,,,,,,,,,,,,,,,N,0.0,4.0,7.0,8.0,2.0,3.0,30.0,39.0,7,8,2.0,3.0,30.0,39.0,3,3,0,0.0,0.0,N8563Z,N8563Z-WN-0,30.0,42.0,9.0,39.0,51.0,,,0.0,30,39,0.0,0.0
N8564Z,544.0,2019,2,5,2,4,2019-05-02,WN,WN,19393,WN,266,,,,,WN,19393,WN,266,14747,1474703,30559,SEA,"Seattle, WA",WA,53,Washington,93,13232,1323202,30977,MDW,"Chicago, IL",IL,17,Illinois,41,545,-1.0,0.0,0.0,-1.0,0001-0559,12.0,556.0,1122.0,3.0,1140,1125.0,-15.0,0.0,0.0,-1.0,1100-1159,0.0,,0.0,235.0,221.0,206.0,1.0,1733.0,7,,,0.0,,0.0,,,,0,,,,,,,,,,,,,,,,,,,,,,,,,,,,,,,,,,,,,,,,,,,,,N,12.0,4.0,5.0,11.0,3.0,2.0,35.0,50.0,5,11,3.0,3.0,35.0,51.0,8,8,0,0.0,0.0,N8564Z,N8564Z-WN-0,35.0,47.0,15.0,50.0,62.0,,,0.0,35,50,0.0,0.0
N8566Z,543.0,2019,2,5,2,4,2019-05-02,WN,WN,19393,WN,1433,,,,,WN,19393,WN,1433,14107,1410702,30466,PHX,"Phoenix, AZ",AZ,4,Arizona,81,14869,1486903,34614,SLC,"Salt Lake City, UT",UT,49,Utah,87,545,-2.0,0.0,0.0,-1.0,0001-0559,14.0,557.0,811.0,6.0,815,817.0,2.0,2.0,0.0,0.0,0800-0859,0.0,,0.0,90.0,94.0,74.0,1.0,507.0,3,,,0.0,,0.0,,,,0,,,,,,,,,,,,,,,,,,,,,,,,,,,,,,,,,,,,,,,,,,,,,N,8.0,8.0,5.0,8.0,3.0,1.0,31.0,41.0,5,8,3.0,1.0,31.0,41.0,7,7,0,0.0,0.0,N8566Z,N8566Z-WN-0,31.0,43.0,10.0,41.0,53.0,,,0.0,31,41,0.0,0.0
N8569Z,615.0,2019,2,5,2,4,2019-05-02,WN,WN,19393,WN,768,,,,,WN,19393,WN,768,12191,1219102,31453,HOU,"Houston, TX",TX,48,Texas,74,10821,1082106,30852,BWI,"Baltimore, MD",MD,24,Maryland,35,610,5.0,5.0,0.0,0.0,0600-0659,11.0,626.0,1007.0,2.0,1000,1009.0,9.0,9.0,0.0,0.0,1000-1059,0.0,,0.0,170.0,174.0,161.0,1.0,1246.0,5,,,0.0,,0.0,,,,0,,,,,,,,,,,,,,,,,,,,,,,,,,,,,,,,,,,,,,,,,,,,,N,4.0,0.0,6.0,10.0,1.0,1.0,29.0,41.0,6,10,1.0,0.0,29.0,40.0,6,6,0,0.0,0.0,N8569Z,N8569Z-WN-0,29.0,41.0,12.0,41.0,53.0,,,0.0,29,41,0.0,0.0
N856AE,625.0,2019,2,5,2,4,2019-05-02,AA,AA_CODESHARE,19805,AA,4008,,,,,MQ,20398,MQ,4008,14783,1478302,34783,SGF,"Springfield, MO",MO,29,Missouri,64,11298,1129806,30194,DFW,"Dallas/Fort Worth, TX",TX,48,Texas,74,626,-1.0,0.0,0.0,-1.0,0600-0659,10.0,635.0,737.0,12.0,800,749.0,-11.0,0.0,0.0,-1.0,0800-0859,0.0,,0.0,94.0,84.0,62.0,1.0,364.0,2,,,0.0,,0.0,,,,0,,,,,,,,,,,,,,,,,,,,,,,,,,,,,,,,,,,,,,,,,,,,,N,4.0,4.0,6.0,7.0,2.0,3.0,30.0,35.0,6,8,2.0,0.0,30.0,36.0,7,7,0,0.0,0.0,N856AE,N856AE-AA-0,30.0,42.0,5.0,35.0,47.0,,,0.0,30,35,0.0,0.0
N856AS,1038.0,2019,2,5,2,4,2019-05-02,UA,UA_CODESHARE,19977,UA,4123,,,,,EV,20366,EV,4123,15412,1541205,35412,TYS,"Knoxville, TN",TN,47,Tennessee,54,12266,1226603,31453,IAH,"Houston, TX",TX,48,Texas,74,710,208.0,208.0,1.0,12.0,0700-0759,24.0,1102.0,1213.0,13.0,843,1226.0,223.0,223.0,1.0,12.0,0800-0859,0.0,,0.0,153.0,168.0,131.0,1.0,771.0,4,0.0,0.0,223.0,0.0,0.0,735.0,74.0,74.0,0,,,,,,,,,,,,,,,,,,,,,,,,,,,,,,,,,,,,,,,,,,,,,N,0.0,4.0,10.0,12.0,3.0,2.0,43.0,54.0,7,8,1.0,3.0,29.0,39.0,2,2,0,0.0,0.0,N856AS,N856AS-UA-0,29.0,55.0,11.0,40.0,66.0,,,15.0,29,47,7.0,26.34
N856DN,657.0,2019,2,5,2,4,2019-05-02,DL,DL,19790,DL,1682,,,,,DL,19790,DL,1682,11637,1163703,31637,FAR,"Fargo, ND",ND,38,North Dakota,66,13487,1348702,31650,MSP,"Minneapolis, MN",MN,27,Minnesota,63,700,-3.0,0.0,0.0,-1.0,0700-0759,33.0,730.0,818.0,5.0,808,823.0,15.0,15.0,1.0,1.0,0800-0859,0.0,,0.0,68.0,86.0,48.0,1.0,223.0,1,0.0,0.0,15.0,0.0,0.0,,,,0,,,,,,,,,,,,,,,,,,,,,,,,,,,,,,,,,,,,,,,,,,,,,N,4.0,4.0,6.0,8.0,4.0,2.0,32.0,38.0,7,8,0.0,1.0,32.0,37.0,8,8,0,0.0,0.0,N856DN,N856DN-DL-0,32.0,44.0,6.0,38.0,50.0,,,1.0,32,38,0.0,0.0
N856NN,611.0,2019,2,5,2,4,2019-05-02,AA,AA,19805,AA,2831,,,,,AA,19805,AA,2831,10693,1069302,30693,BNA,"Nashville, TN",TN,47,Tennessee,54,13303,1330303,32467,MIA,"Miami, FL",FL,12,Florida,33,617,-6.0,0.0,0.0,-1.0,0600-0659,12.0,623.0,910.0,10.0,936,920.0,-16.0,0.0,0.0,-2.0,0900-0959,0.0,,0.0,139.0,129.0,107.0,1.0,806.0,4,,,0.0,,0.0,,,,0,,,,,,,,,,,,,,,,,,,,,,,,,,,,,,,,,,,,,,,,,,,,,N,4.0,0.0,6.0,9.0,1.0,1.0,29.0,37.0,6,9,1.0,2.0,29.0,38.0,9,9,0,0.0,0.0,N856NN,N856NN-AA-0,29.0,41.0,8.0,37.0,49.0,,,0.0,29,37,0.0,0.0
N856RW,712.0,2019,2,5,2,4,2019-05-02,UA,UA_CODESHARE,19977,UA,3443,,,,,YX,20452,YX,3443,11066,1106606,31066,CMH,"Columbus, OH",OH,39,Ohio,44,13930,1393007,30977,ORD,"Chicago, IL",IL,17,Illinois,41,620,52.0,52.0,1.0,3.0,0600-0659,14.0,726.0,723.0,10.0,654,733.0,39.0,39.0,1.0,2.0,0600-0659,0.0,,0.0,94.0,81.0,57.0,1.0,296.0,2,39.0,0.0,0.0,0.0,0.0,,,,0,,,,,,,,,,,,,,,,,,,,,,,,,,,,,,,,,,,,,,,,,,,,,N,0.0,4.0,7.0,7.0,1.0,2.0,29.0,34.0,6,6,1.0,4.0,25.0,32.0,5,5,0,1.0,1.0,N856RW,N856RW-UA-0,29.0,41.0,5.0,34.0,46.0,,,0.0,29,34,0.0,0.0
N856RW,759.0,2019,2,5,2,4,2019-05-02,UA,UA_CODESHARE,19977,UA,3622,,,,,YX,20452,YX,3622,13930,1393007,30977,ORD,"Chicago, IL",IL,17,Illinois,41,14576,1457606,34576,ROC,"Rochester, NY",NY,36,New York,22,800,-1.0,0.0,0.0,-1.0,0800-0859,22.0,821.0,1033.0,7.0,1042,1040.0,-2.0,0.0,0.0,-1.0,1000-1059,0.0,,0.0,102.0,101.0,72.0,1.0,528.0,3,,,0.0,,0.0,,,,0,,,,,,,,,,,,,,,,,,,,,,,,,,,,,,,,,,,,,,,,,,,,,N,4.0,0.0,7.0,10.0,4.0,3.0,36.0,43.0,8,10,0.0,3.0,36.0,43.0,7,7,1,1.0,0.0,N856RW,N856RW-UA-1,36.0,48.0,7.0,43.0,55.0,34.0,2.0,0.0,36,43,0.0,0.0
N8570W,807.0,2019,2,5,2,4,2019-05-02,WN,WN,19393,WN,27,,,,,WN,19393,WN,27,14100,1410005,34100,PHL,"Philadelphia, PA",PA,42,Pennsylvania,23,15016,1501606,31123,STL,"St. Louis, MO",MO,29,Missouri,64,810,-3.0,0.0,0.0,-1.0,0800-0859,18.0,825.0,926.0,4.0,940,930.0,-10.0,0.0,0.0,-1.0,0900-0959,0.0,,0.0,150.0,143.0,121.0,1.0,814.0,4,,,0.0,,0.0,,,,0,,,,,,,,,,,,,,,,,,,,,,,,,,,,,,,,,,,,,,,,,,,,,N,0.0,4.0,8.0,9.0,0.0,2.0,32.0,42.0,8,9,1.0,3.0,33.0,43.0,4,4,0,0.0,0.0,N8570W,N8570W-WN-0,33.0,44.0,10.0,43.0,54.0,,,0.0,33,43,0.0,0.0
N8571Z,555.0,2019,2,5,2,4,2019-05-02,WN,WN,19393,WN,1365,,,,,WN,19393,WN,1365,13232,1323202,30977,MDW,"Chicago, IL",IL,17,Illinois,41,11433,1143302,31295,DTW,"Detroit, MI",MI,26,Michigan,43,600,-5.0,0.0,0.0,-1.0,0600-0659,14.0,609.0,754.0,7.0,805,801.0,-4.0,0.0,0.0,-1.0,0800-0859,0.0,,0.0,65.0,66.0,45.0,1.0,228.0,1,,,0.0,,0.0,,,,0,,,,,,,,,,,,,,,,,,,,,,,,,,,,,,,,,,,,,,,,,,,,,N,4.0,0.0,5.0,8.0,4.0,0.0,28.0,32.0,6,8,0.0,0.0,28.0,32.0,7,7,0,1.0,1.0,N8571Z,N8571Z-WN-0,28.0,40.0,4.0,32.0,44.0,,,0.0,28,33,1.0,7.2
N8571Z,905.0,2019,2,5,2,4,2019-05-02,WN,WN,19393,WN,801,,,,,WN,19393,WN,801,11433,1143302,31295,DTW,"Detroit, MI",MI,26,Michigan,43,15016,1501606,31123,STL,"St. Louis, MO",MO,29,Missouri,64,910,-5.0,0.0,0.0,-1.0,0900-0959,8.0,913.0,929.0,4.0,945,933.0,-12.0,0.0,0.0,-1.0,0900-0959,0.0,,0.0,95.0,88.0,76.0,1.0,440.0,2,,,0.0,,0.0,,,,0,,,,,,,,,,,,,,,,,,,,,,,,,,,,,,,,,,,,,,,,,,,,,N,0.0,4.0,9.0,9.0,0.0,2.0,36.0,42.0,9,9,1.0,3.0,37.0,43.0,7,7,1,1.0,0.0,N8571Z,N8571Z-WN-1,37.0,48.0,6.0,43.0,54.0,32.0,4.0,0.0,37,43,0.0,0.0
N8572X,715.0,2019,2,5,2,4,2019-05-02,WN,WN,19393,WN,1407,,,,,WN,19393,WN,1407,14635,1463502,31714,RSW,"Fort Myers, FL",FL,12,Florida,33,13232,1323202,30977,MDW,"Chicago, IL",IL,17,Illinois,41,610,65.0,65.0,1.0,4.0,0600-0659,9.0,724.0,900.0,6.0,800,906.0,66.0,66.0,1.0,4.0,0800-0859,0.0,,0.0,170.0,171.0,156.0,1.0,1105.0,5,0.0,64.0,1.0,0.0,1.0,,,,0,,,,,,,,,,,,,,,,,,,,,,,,,,,,,,,,,,,,,,,,,,,,,N,0.0,4.0,7.0,9.0,1.0,0.0,29.0,40.0,6,8,1.0,0.0,25.0,36.0,3,3,0,0.0,0.0,N8572X,N8572X-WN-0,29.0,41.0,11.0,40.0,52.0,,,0.0,29,40,0.0,0.0
N8573Z,659.0,2019,2,5,2,4,2019-05-02,WN,WN,19393,WN,278,,,,,WN,19393,WN,278,15304,1530402,33195,TPA,"Tampa, FL",FL,12,Florida,33,11697,1169706,32467,FLL,"Fort Lauderdale, FL",FL,12,Florida,33,700,-1.0,0.0,0.0,-1.0,0700-0759,17.0,716.0,755.0,4.0,800,759.0,-1.0,0.0,0.0,-1.0,0800-0859,0.0,,0.0,60.0,60.0,39.0,1.0,197.0,1,,,0.0,,0.0,,,,0,,,,,,,,,,,,,,,,,,,,,,,,,,,,,,,,,,,,,,,,,,,,,N,0.0,0.0,6.0,7.0,4.0,4.0,28.0,32.0,7,8,0.0,0.0,28.0,32.0,3,3,0,1.0,1.0,N8573Z,N8573Z-WN-0,28.0,40.0,4.0,32.0,44.0,,,0.0,28,32,0.0,0.0
N8573Z,856.0,2019,2,5,2,4,2019-05-02,WN,WN,19393,WN,278,,,,,WN,19393,WN,278,11697,1169706,32467,FLL,"Fort Lauderdale, FL",FL,12,Florida,33,15016,1501606,31123,STL,"St. Louis, MO",MO,29,Missouri,64,845,11.0,11.0,0.0,0.0,0800-0859,14.0,910.0,1028.0,5.0,1040,1033.0,-7.0,0.0,0.0,-1.0,1000-1059,0.0,,0.0,175.0,157.0,138.0,1.0,1057.0,5,,,0.0,,0.0,,,,0,,,,,,,,,,,,,,,,,,,,,,,,,,,,,,,,,,,,,,,,,,,,,N,0.0,4.0,8.0,10.0,4.0,2.0,36.0,46.0,8,10,3.0,3.0,35.0,47.0,9,9,1,1.0,0.0,N8573Z,N8573Z-WN-1,36.0,48.0,10.0,46.0,58.0,32.0,4.0,0.0,36,46,0.0,0.0
N8575Z,813.0,2019,2,5,2,4,2019-05-02,WN,WN,19393,WN,1096,,,,,WN,19393,WN,1096,11697,1169706,32467,FLL,"Fort Lauderdale, FL",FL,12,Florida,33,10821,1082106,30852,BWI,"Baltimore, MD",MD,24,Maryland,35,815,-2.0,0.0,0.0,-1.0,0800-0859,14.0,827.0,1028.0,4.0,1045,1032.0,-13.0,0.0,0.0,-1.0,1000-1059,0.0,,0.0,150.0,139.0,121.0,1.0,925.0,4,,,0.0,,0.0,,,,0,,,,,,,,,,,,,,,,,,,,,,,,,,,,,,,,,,,,,,,,,,,,,N,0.0,0.0,8.0,10.0,1.0,2.0,33.0,42.0,8,10,1.0,3.0,33.0,43.0,8,8,0,0.0,0.0,N8575Z,N8575Z-WN-0,33.0,45.0,9.0,42.0,54.0,,,0.0,33,42,0.0,0.0
N8576Z,845.0,2019,2,5,2,4,2019-05-02,WN,WN,19393,WN,2034,,,,,WN,19393,WN,2034,13232,1323202,30977,MDW,"Chicago, IL",IL,17,Illinois,41,10423,1042302,30423,AUS,"Austin, TX",TX,48,Texas,74,845,0.0,0.0,0.0,0.0,0800-0859,10.0,855.0,1120.0,4.0,1125,1124.0,-1.0,0.0,0.0,-1.0,1100-1159,0.0,,0.0,160.0,159.0,145.0,1.0,972.0,4,,,0.0,,0.0,,,,0,,,,,,,,,,,,,,,,,,,,,,,,,,,,,,,,,,,,,,,,,,,,,N,4.0,4.0,8.0,11.0,3.0,2.0,39.0,50.0,8,11,3.0,2.0,39.0,50.0,4,4,0,0.0,0.0,N8576Z,N8576Z-WN-0,39.0,51.0,11.0,50.0,62.0,,,0.0,39,50,0.0,0.0
N8578Q,720.0,2019,2,5,2,4,2019-05-02,WN,WN,19393,WN,608,,,,,WN,19393,WN,608,12451,1245102,31136,JAX,"Jacksonville, FL",FL,12,Florida,33,11697,1169706,32467,FLL,"Fort Lauderdale, FL",FL,12,Florida,33,720,0.0,0.0,0.0,0.0,0700-0759,9.0,729.0,826.0,3.0,835,829.0,-6.0,0.0,0.0,-1.0,0800-0859,0.0,,0.0,75.0,69.0,57.0,1.0,319.0,2,,,0.0,,0.0,,,,0,,,,,,,,,,,,,,,,,,,,,,,,,,,,,,,,,,,,,,,,,,,,,N,0.0,0.0,7.0,8.0,1.0,2.0,29.0,34.0,7,8,1.0,2.0,29.0,34.0,7,7,0,1.0,1.0,N8578Q,N8578Q-WN-0,29.0,41.0,5.0,34.0,46.0,,,0.0,29,34,0.0,0.0
N8578Q,920.0,2019,2,5,2,4,2019-05-02,WN,WN,19393,WN,608,,,,,WN,19393,WN,608,11697,1169706,32467,FLL,"Fort Lauderdale, FL",FL,12,Florida,33,10257,1025702,30257,ALB,"Albany, NY",NY,36,New York,22,920,0.0,0.0,0.0,0.0,0900-0959,22.0,942.0,1221.0,3.0,1235,1224.0,-11.0,0.0,0.0,-1.0,1200-1259,0.0,,0.0,195.0,184.0,159.0,1.0,1204.0,5,,,0.0,,0.0,,,,0,,,,,,,,,,,,,,,,,,,,,,,,,,,,,,,,,,,,,,,,,,,,,N,0.0,0.0,9.0,12.0,1.0,2.0,37.0,50.0,9,12,1.0,2.0,37.0,50.0,7,7,1,1.0,0.0,N8578Q,N8578Q-WN-1,37.0,49.0,13.0,50.0,62.0,34.0,3.0,0.0,37,50,0.0,0.0
N8579Z,718.0,2019,2,5,2,4,2019-05-02,WN,WN,19393,WN,1417,,,,,WN,19393,WN,1417,15304,1530402,33195,TPA,"Tampa, FL",FL,12,Florida,33,10693,1069302,30693,BNA,"Nashville, TN",TN,47,Tennessee,54,720,-2.0,0.0,0.0,-1.0,0700-0759,16.0,734.0,758.0,3.0,815,801.0,-14.0,0.0,0.0,-1.0,0800-0859,0.0,,0.0,115.0,103.0,84.0,1.0,612.0,3,,,0.0,,0.0,,,,0,,,,,,,,,,,,,,,,,,,,,,,,,,,,,,,,,,,,,,,,,,,,,N,0.0,4.0,7.0,8.0,1.0,0.0,29.0,36.0,7,8,1.0,1.0,29.0,37.0,3,3,0,0.0,0.0,N8579Z,N8579Z-WN-0,29.0,41.0,7.0,36.0,48.0,,,0.0,30,37,1.0,3.4
N857AE,508.0,2019,2,5,2,4,2019-05-02,AA,AA_CODESHARE,19805,AA,3353,,,,,MQ,20398,MQ,3353,10136,1013603,30136,ABI,"Abilene, TX",TX,48,Texas,74,11298,1129806,30194,DFW,"Dallas/Fort Worth, TX",TX,48,Texas,74,509,-1.0,0.0,0.0,-1.0,0001-0559,9.0,517.0,548.0,23.0,604,611.0,7.0,7.0,0.0,0.0,0600-0659,0.0,,0.0,55.0,63.0,31.0,1.0,158.0,1,,,0.0,,0.0,,,,0,,,,,,,,,,,,,,,,,,,,,,,,,,,,,,,,,,,,,,,,,,,,,N,4.0,4.0,5.0,6.0,1.0,1.0,25.0,29.0,5,6,1.0,0.0,25.0,28.0,4,4,0,1.0,1.0,N857AE,N857AE-AA-0,25.0,37.0,4.0,29.0,41.0,,,0.0,25,29,0.0,0.0
N857AE,1133.0,2019,2,5,2,4,2019-05-02,AA,AA_CODESHARE,19805,AA,3571,,,,,MQ,20398,MQ,3571,14960,1496002,34960,SPS,"Wichita Falls, TX",TX,48,Texas,74,11298,1129806,30194,DFW,"Dallas/Fort Worth, TX",TX,48,Texas,74,656,277.0,277.0,1.0,12.0,0600-0659,13.0,1146.0,1216.0,23.0,749,1239.0,290.0,290.0,1.0,12.0,0700-0759,0.0,,0.0,53.0,66.0,30.0,1.0,113.0,1,0.0,277.0,13.0,0.0,0.0,,,,0,,,,,,,,,,,,,,,,,,,,,,,,,,,,,,,,,,,,,,,,,,,,,N,4.0,4.0,11.0,12.0,2.0,3.0,50.0,55.0,6,7,4.0,3.0,32.0,35.0,4,4,1,1.0,0.0,N857AE,N857AE-AA-1,49.0,62.0,5.0,54.0,67.0,29.0,21.0,1.0,49,54,0.0,0.0
N857AS,923.0,2019,2,5,2,4,2019-05-02,UA,UA_CODESHARE,19977,UA,5846,,,,,OO,20304,OO,5846,12448,1244807,32448,JAN,"Jackson/Vicksburg, MS",MS,28,Mississippi,53,12266,1226603,31453,IAH,"Houston, TX",TX,48,Texas,74,700,143.0,143.0,1.0,9.0,0700-0759,17.0,940.0,1056.0,13.0,831,1109.0,158.0,158.0,1.0,10.0,0800-0859,0.0,,0.0,91.0,106.0,76.0,1.0,351.0,2,0.0,0.0,158.0,0.0,0.0,,,,0,,,,,,,,,,,,,,,,,,,,,,,,,,,,,,,,,,,,,,,,,,,,,N,4.0,4.0,9.0,11.0,2.0,1.0,42.0,49.0,7,8,0.0,2.0,32.0,38.0,7,7,0,0.0,0.0,N857AS,N857AS-UA-0,32.0,54.0,7.0,39.0,61.0,,,11.0,32,39,0.0,0.0
N857DZ,720.0,2019,2,5,2,4,2019-05-02,DL,DL,19790,DL,917,,,,,DL,19790,DL,917,15304,1530402,33195,TPA,"Tampa, FL",FL,12,Florida,33,14869,1486903,34614,SLC,"Salt Lake City, UT",UT,49,Utah,87,720,0.0,0.0,0.0,0.0,0700-0759,11.0,731.0,935.0,18.0,1002,953.0,-9.0,0.0,0.0,-1.0,1000-1059,0.0,,0.0,282.0,273.0,244.0,1.0,1888.0,8,,,0.0,,0.0,,,,0,,,,,,,,,,,,,,,,,,,,,,,,,,,,,,,,,,,,,,,,,,,,,N,0.0,8.0,7.0,9.0,1.0,4.0,29.0,48.0,7,10,1.0,0.0,29.0,48.0,4,4,0,0.0,0.0,N857DZ,N857DZ-DL-0,29.0,41.0,19.0,48.0,60.0,,,0.0,29,48,0.0,0.0
N857NN,554.0,2019,2,5,2,4,2019-05-02,AA,AA,19805,AA,363,,,,,AA,19805,AA,363,13198,1319801,33198,MCI,"Kansas City, MO",MO,29,Missouri,64,13930,1393007,30977,ORD,"Chicago, IL",IL,17,Illinois,41,601,-7.0,0.0,0.0,-1.0,0600-0659,16.0,610.0,711.0,21.0,742,732.0,-10.0,0.0,0.0,-1.0,0700-0759,0.0,,0.0,101.0,98.0,61.0,1.0,403.0,2,,,0.0,,0.0,,,,0,,,,,,,,,,,,,,,,,,,,,,,,,,,,,,,,,,,,,,,,,,,,,N,4.0,4.0,5.0,7.0,4.0,2.0,28.0,34.0,6,7,0.0,3.0,28.0,35.0,3,3,0,1.0,1.0,N857NN,N857NN-AA-0,28.0,40.0,6.0,34.0,46.0,,,0.0,28,34,0.0,0.0
N857NN,854.0,2019,2,5,2,4,2019-05-02,AA,AA,19805,AA,2412,,,,,AA,19805,AA,2412,13930,1393007,30977,ORD,"Chicago, IL",IL,17,Illinois,41,11298,1129806,30194,DFW,"Dallas/Fort Worth, TX",TX,48,Texas,74,850,4.0,4.0,0.0,0.0,0800-0859,26.0,920.0,1132.0,18.0,1127,1150.0,23.0,23.0,1.0,1.0,1100-1159,0.0,,0.0,157.0,176.0,132.0,1.0,801.0,4,4.0,0.0,19.0,0.0,0.0,,,,0,,,,,,,,,,,,,,,,,,,,,,,,,,,,,,,,,,,,,,,,,,,,,N,4.0,4.0,8.0,11.0,4.0,3.0,40.0,51.0,8,11,3.0,2.0,39.0,50.0,2,2,1,1.0,0.0,N857NN,N857NN-AA-1,39.0,52.0,11.0,50.0,63.0,34.0,6.0,1.0,46,57,7.0,28.52
N8580Z,819.0,2019,2,5,2,4,2019-05-02,WN,WN,19393,WN,2260,,,,,WN,19393,WN,2260,10529,1052906,30529,BDL,"Hartford, CT",CT,9,Connecticut,11,11697,1169706,32467,FLL,"Fort Lauderdale, FL",FL,12,Florida,33,820,-1.0,0.0,0.0,-1.0,0800-0859,11.0,830.0,1110.0,3.0,1130,1113.0,-17.0,0.0,0.0,-2.0,1100-1159,0.0,,0.0,190.0,174.0,160.0,1.0,1173.0,5,,,0.0,,0.0,,,,0,,,,,,,,,,,,,,,,,,,,,,,,,,,,,,,,,,,,,,,,,,,,,N,0.0,0.0,8.0,11.0,1.0,1.0,33.0,45.0,8,11,1.0,2.0,33.0,46.0,1,1,0,0.0,0.0,N8580Z,N8580Z-WN-0,33.0,45.0,12.0,45.0,57.0,,,0.0,33,45,0.0,0.0
N8581Z,752.0,2019,2,5,2,4,2019-05-02,WN,WN,19393,WN,982,,,,,WN,19393,WN,982,14730,1473003,33044,SDF,"Louisville, KY",KY,21,Kentucky,52,10821,1082106,30852,BWI,"Baltimore, MD",MD,24,Maryland,35,750,2.0,2.0,0.0,0.0,0700-0759,10.0,802.0,921.0,4.0,920,925.0,5.0,5.0,0.0,0.0,0900-0959,0.0,,0.0,90.0,93.0,79.0,1.0,495.0,2,,,0.0,,0.0,,,,0,,,,,,,,,,,,,,,,,,,,,,,,,,,,,,,,,,,,,,,,,,,,,N,0.0,0.0,7.0,9.0,3.0,2.0,31.0,38.0,7,9,3.0,1.0,31.0,37.0,4,4,0,0.0,0.0,N8581Z,N8581Z-WN-0,31.0,43.0,7.0,38.0,50.0,,,0.0,31,38,0.0,0.0
N8582Z,642.0,2019,2,5,2,4,2019-05-02,WN,WN,19393,WN,2244,,,,,WN,19393,WN,2244,10821,1082106,30852,BWI,"Baltimore, MD",MD,24,Maryland,35,13342,1334207,33342,MKE,"Milwaukee, WI",WI,55,Wisconsin,45,630,12.0,12.0,0.0,0.0,0600-0659,13.0,655.0,731.0,3.0,730,734.0,4.0,4.0,0.0,0.0,0700-0759,0.0,,0.0,120.0,112.0,96.0,1.0,641.0,3,,,0.0,,0.0,,,,0,,,,,,,,,,,,,,,,,,,,,,,,,,,,,,,,,,,,,,,,,,,,,N,0.0,4.0,6.0,7.0,3.0,2.0,27.0,34.0,6,7,2.0,2.0,26.0,34.0,7,7,0,1.0,1.0,N8582Z,N8582Z-WN-0,27.0,39.0,7.0,34.0,46.0,,,0.0,27,34,0.0,0.0
N8582Z,810.0,2019,2,5,2,4,2019-05-02,WN,WN,19393,WN,2010,,,,,WN,19393,WN,2010,13342,1334207,33342,MKE,"Milwaukee, WI",WI,55,Wisconsin,45,11278,1127805,30852,DCA,"Washington, DC",VA,51,Virginia,38,815,-5.0,0.0,0.0,-1.0,0800-0859,9.0,819.0,1049.0,5.0,1105,1054.0,-11.0,0.0,0.0,-1.0,1100-1159,0.0,,0.0,110.0,104.0,90.0,1.0,634.0,3,,,0.0,,0.0,,,,0,,,,,,,,,,,,,,,,,,,,,,,,,,,,,,,,,,,,,,,,,,,,,N,4.0,0.0,8.0,10.0,1.0,4.0,37.0,44.0,8,11,1.0,0.0,37.0,44.0,6,6,1,1.0,0.0,N8582Z,N8582Z-WN-1,37.0,49.0,7.0,44.0,56.0,34.0,3.0,0.0,37,44,0.0,0.0
N8583Z,615.0,2019,2,5,2,4,2019-05-02,WN,WN,19393,WN,2271,,,,,WN,19393,WN,2271,14730,1473003,33044,SDF,"Louisville, KY",KY,21,Kentucky,52,14107,1410702,30466,PHX,"Phoenix, AZ",AZ,4,Arizona,81,615,0.0,0.0,0.0,0.0,0600-0659,14.0,629.0,706.0,5.0,700,711.0,11.0,11.0,0.0,0.0,0700-0759,0.0,,0.0,225.0,236.0,217.0,1.0,1506.0,7,,,0.0,,0.0,,,,0,,,,,,,,,,,,,,,,,,,,,,,,,,,,,,,,,,,,,,,,,,,,,N,0.0,8.0,6.0,7.0,1.0,1.0,25.0,37.0,6,7,1.0,0.0,25.0,36.0,2,2,0,1.0,1.0,N8583Z,N8583Z-WN-0,25.0,37.0,12.0,37.0,49.0,,,0.0,25,37,0.0,0.0
N8583Z,758.0,2019,2,5,2,4,2019-05-02,WN,WN,19393,WN,2041,,,,,WN,19393,WN,2041,14107,1410702,30466,PHX,"Phoenix, AZ",AZ,4,Arizona,81,13204,1320402,31454,MCO,"Orlando, FL",FL,12,Florida,33,745,13.0,13.0,0.0,0.0,0700-0759,17.0,815.0,1453.0,7.0,1455,1500.0,5.0,5.0,0.0,0.0,1400-1459,0.0,,0.0,250.0,242.0,218.0,1.0,1849.0,8,,,0.0,,0.0,,,,0,,,,,,,,,,,,,,,,,,,,,,,,,,,,,,,,,,,,,,,,,,,,,N,8.0,0.0,7.0,15.0,4.0,0.0,40.0,60.0,7,14,3.0,4.0,39.0,60.0,1,1,1,1.0,0.0,N8583Z,N8583Z-WN-1,40.0,52.0,20.0,60.0,72.0,37.0,3.0,0.0,41,61,1.0,1.22
N8584Z,503.0,2019,2,5,2,4,2019-05-02,WN,WN,19393,WN,992,,,,,WN,19393,WN,992,14307,1430705,30721,PVD,"Providence, RI",RI,44,Rhode Island,15,10821,1082106,30852,BWI,"Baltimore, MD",MD,24,Maryland,35,510,-7.0,0.0,0.0,-1.0,0001-0559,9.0,512.0,608.0,5.0,630,613.0,-17.0,0.0,0.0,-2.0,0600-0659,0.0,,0.0,80.0,70.0,56.0,1.0,327.0,2,,,0.0,,0.0,,,,0,,,,,,,,,,,,,,,,,,,,,,,,,,,,,,,,,,,,,,,,,,,,,N,0.0,0.0,5.0,6.0,0.0,1.0,20.0,25.0,5,6,1.0,2.0,21.0,26.0,4,4,0,1.0,1.0,N8584Z,N8584Z-WN-0,21.0,32.0,5.0,26.0,37.0,,,0.0,21,26,0.0,0.0
N8584Z,823.0,2019,2,5,2,4,2019-05-02,WN,WN,19393,WN,993,,,,,WN,19393,WN,993,10821,1082106,30852,BWI,"Baltimore, MD",MD,24,Maryland,35,10423,1042302,30423,AUS,"Austin, TX",TX,48,Texas,74,825,-2.0,0.0,0.0,-1.0,0800-0859,12.0,835.0,1039.0,21.0,1105,1100.0,-5.0,0.0,0.0,-1.0,1100-1159,0.0,,0.0,220.0,217.0,184.0,1.0,1342.0,6,,,0.0,,0.0,,,,0,,,,,,,,,,,,,,,,,,,,,,,,,,,,,,,,,,,,,,,,,,,,,N,0.0,4.0,8.0,11.0,2.0,0.0,34.0,48.0,8,11,2.0,0.0,34.0,48.0,9,9,1,1.0,0.0,N8584Z,N8584Z-WN-1,34.0,46.0,14.0,48.0,60.0,25.0,9.0,0.0,35,49,1.0,9.36
N858NN,841.0,2019,2,5,2,4,2019-05-02,AA,AA,19805,AA,2828,,,,,AA,19805,AA,2828,13303,1330303,32467,MIA,"Miami, FL",FL,12,Florida,33,10397,1039707,30397,ATL,"Atlanta, GA",GA,13,Georgia,34,845,-4.0,0.0,0.0,-1.0,0800-0859,18.0,859.0,1025.0,8.0,1046,1033.0,-13.0,0.0,0.0,-1.0,1000-1059,0.0,,0.0,121.0,112.0,86.0,1.0,594.0,3,,,0.0,,0.0,,,,0,,,,,,,,,,,,,,,,,,,,,,,,,,,,,,,,,,,,,,,,,,,,,N,0.0,0.0,8.0,10.0,3.0,2.0,35.0,42.0,8,10,3.0,3.0,35.0,43.0,3,3,0,0.0,0.0,N858NN,N858NN-AA-0,35.0,47.0,7.0,42.0,54.0,,,0.0,38,45,3.0,11.16
N858RW,627.0,2019,2,5,2,4,2019-05-02,UA,UA_CODESHARE,19977,UA,3512,,,,,YX,20452,YX,3512,11618,1161802,31703,EWR,"Newark, NJ",NJ,34,New Jersey,21,11298,1129806,30194,DFW,"Dallas/Fort Worth, TX",TX,48,Texas,74,600,27.0,27.0,1.0,1.0,0600-0659,28.0,655.0,938.0,11.0,906,949.0,43.0,43.0,1.0,2.0,0900-0959,0.0,,0.0,246.0,262.0,223.0,1.0,1372.0,6,0.0,27.0,16.0,0.0,0.0,,,,0,,,,,,,,,,,,,,,,,,,,,,,,,,,,,,,,,,,,,,,,,,,,,N,0.0,4.0,6.0,9.0,2.0,3.0,26.0,43.0,6,9,0.0,0.0,24.0,40.0,2,2,0,0.0,0.0,N858RW,N858RW-UA-0,25.0,38.0,17.0,42.0,55.0,,,1.0,26,43,1.0,2.22
N859DN,600.0,2019,2,5,2,4,2019-05-02,DL,DL,19790,DL,1384,,,,,DL,19790,DL,1384,14893,1489302,33192,SMF,"Sacramento, CA",CA,6,California,91,14869,1486903,34614,SLC,"Salt Lake City, UT",UT,49,Utah,87,604,-4.0,0.0,0.0,-1.0,0600-0659,15.0,615.0,826.0,21.0,845,847.0,2.0,2.0,0.0,0.0,0800-0859,0.0,,0.0,101.0,107.0,71.0,1.0,532.0,3,,,0.0,,0.0,,,,0,,,,,,,,,,,,,,,,,,,,,,,,,,,,,,,,,,,,,,,,,,,,,N,12.0,8.0,6.0,8.0,0.0,3.0,36.0,43.0,6,8,0.0,3.0,36.0,43.0,3,3,0,0.0,0.0,N859DN,N859DN-DL-0,36.0,48.0,7.0,43.0,55.0,,,0.0,36,43,0.0,0.0
N859NN,528.0,2019,2,5,2,4,2019-05-02,AA,AA,19805,AA,1418,,,,,AA,19805,AA,1418,10721,1072102,30721,BOS,"Boston, MA",MA,25,Massachusetts,13,13303,1330303,32467,MIA,"Miami, FL",FL,12,Florida,33,535,-7.0,0.0,0.0,-1.0,0001-0559,16.0,544.0,842.0,9.0,917,851.0,-26.0,0.0,0.0,-2.0,0900-0959,0.0,,0.0,222.0,203.0,178.0,1.0,1258.0,6,,,0.0,,0.0,,,,0,,,,,,,,,,,,,,,,,,,,,,,,,,,,,,,,,,,,,,,,,,,,,N,0.0,0.0,5.0,8.0,2.0,3.0,22.0,35.0,5,9,2.0,1.0,22.0,37.0,3,3,0,0.0,0.0,N859NN,N859NN-AA-0,22.0,34.0,13.0,35.0,47.0,,,0.0,22,36,1.0,3.14
N8600F,546.0,2019,2,5,2,4,2019-05-02,WN,WN,19393,WN,1813,,,,,WN,19393,WN,1813,11292,1129202,30325,DEN,"Denver, CO",CO,8,Colorado,82,13796,1379608,32457,OAK,"Oakland, CA",CA,6,California,91,545,1.0,1.0,0.0,0.0,0001-0559,11.0,557.0,718.0,5.0,725,723.0,-2.0,0.0,0.0,-1.0,0700-0759,0.0,,0.0,160.0,157.0,141.0,1.0,957.0,4,,,0.0,,0.0,,,,0,,,,,,,,,,,,,,,,,,,,,,,,,,,,,,,,,,,,,,,,,,,,,N,8.0,12.0,5.0,7.0,3.0,2.0,31.0,42.0,5,7,3.0,2.0,31.0,42.0,5,5,0,0.0,0.0,N8600F,N8600F-WN-0,31.0,43.0,11.0,42.0,54.0,,,0.0,31,42,0.0,0.0
N8602F,727.0,2019,2,5,2,4,2019-05-02,WN,WN,19393,WN,2211,,,,,WN,19393,WN,2211,14683,1468305,33214,SAT,"San Antonio, TX",TX,48,Texas,74,10821,1082106,30852,BWI,"Baltimore, MD",MD,24,Maryland,35,725,2.0,2.0,0.0,0.0,0700-0759,30.0,757.0,1153.0,5.0,1140,1158.0,18.0,18.0,1.0,1.0,1100-1159,0.0,,0.0,195.0,211.0,176.0,1.0,1407.0,6,0.0,0.0,18.0,0.0,0.0,,,,0,,,,,,,,,,,,,,,,,,,,,,,,,,,,,,,,,,,,,,,,,,,,,N,4.0,0.0,7.0,11.0,2.0,4.0,34.0,48.0,7,11,2.0,3.0,34.0,47.0,5,5,0,0.0,0.0,N8602F,N8602F-WN-0,34.0,46.0,14.0,48.0,60.0,,,1.0,34,48,0.0,0.0
N8603F,656.0,2019,2,5,2,4,2019-05-02,WN,WN,19393,WN,2090,,,,,WN,19393,WN,2090,11433,1143302,31295,DTW,"Detroit, MI",MI,26,Michigan,43,12889,1288903,32211,LAS,"Las Vegas, NV",NV,32,Nevada,85,700,-4.0,0.0,0.0,-1.0,0700-0759,7.0,703.0,804.0,3.0,815,807.0,-8.0,0.0,0.0,-1.0,0800-0859,0.0,,0.0,255.0,251.0,241.0,1.0,1749.0,7,,,0.0,,0.0,,,,0,,,,,,,,,,,,,,,,,,,,,,,,,,,,,,,,,,,,,,,,,,,,,N,0.0,12.0,6.0,8.0,4.0,0.0,28.0,44.0,7,8,0.0,1.0,28.0,45.0,3,3,0,0.0,0.0,N8603F,N8603F-WN-0,28.0,40.0,16.0,44.0,56.0,,,0.0,28,44,0.0,0.0
N8605E,720.0,2019,2,5,2,4,2019-05-02,WN,WN,19393,WN,1130,,,,,WN,19393,WN,1130,10821,1082106,30852,BWI,"Baltimore, MD",MD,24,Maryland,35,13204,1320402,31454,MCO,"Orlando, FL",FL,12,Florida,33,725,-5.0,0.0,0.0,-1.0,0700-0759,13.0,733.0,922.0,18.0,940,940.0,0.0,0.0,0.0,0.0,0900-0959,0.0,,0.0,135.0,140.0,109.0,1.0,787.0,4,,,0.0,,0.0,,,,0,,,,,,,,,,,,,,,,,,,,,,,,,,,,,,,,,,,,,,,,,,,,,N,0.0,0.0,7.0,9.0,1.0,3.0,29.0,39.0,7,9,2.0,3.0,30.0,39.0,8,8,0,1.0,1.0,N8605E,N8605E-WN-0,30.0,41.0,10.0,40.0,51.0,,,0.0,30,40,0.0,0.0
N8605E,1030.0,2019,2,5,2,4,2019-05-02,WN,WN,19393,WN,1322,,,,,WN,19393,WN,1322,13204,1320402,31454,MCO,"Orlando, FL",FL,12,Florida,33,14307,1430705,30721,PVD,"Providence, RI",RI,44,Rhode Island,15,810,140.0,140.0,1.0,9.0,0800-0859,16.0,1046.0,1258.0,4.0,1100,1302.0,122.0,122.0,1.0,8.0,1100-1159,0.0,,0.0,170.0,152.0,132.0,1.0,1072.0,5,0.0,0.0,0.0,0.0,122.0,,,,0,,,,,,,,,,,,,,,,,,,,,,,,,,,,,,,,,,,,,,,,,,,,,N,0.0,0.0,10.0,13.0,2.0,0.0,42.0,52.0,8,11,1.0,0.0,33.0,44.0,3,3,1,1.0,0.0,N8605E,N8605E-WN-1,34.0,54.0,10.0,44.0,64.0,39.0,3.0,8.0,35,45,1.0,3.24
N8606C,714.0,2019,2,5,2,4,2019-05-02,WN,WN,19393,WN,889,,,,,WN,19393,WN,889,12339,1233904,32337,IND,"Indianapolis, IN",IN,18,Indiana,42,12889,1288903,32211,LAS,"Las Vegas, NV",NV,32,Nevada,85,715,-1.0,0.0,0.0,-1.0,0700-0759,20.0,734.0,830.0,3.0,810,833.0,23.0,23.0,1.0,1.0,0800-0859,0.0,,0.0,235.0,259.0,236.0,1.0,1590.0,7,0.0,0.0,23.0,0.0,0.0,,,,0,,,,,,,,,,,,,,,,,,,,,,,,,,,,,,,,,,,,,,,,,,,,,N,0.0,12.0,7.0,8.0,1.0,2.0,29.0,46.0,7,8,1.0,1.0,29.0,45.0,4,4,0,0.0,0.0,N8606C,N8606C-WN-0,29.0,41.0,17.0,46.0,58.0,,,2.0,29,46,0.0,0.0
N8607M,630.0,2019,2,5,2,4,2019-05-02,WN,WN,19393,WN,1957,,,,,WN,19393,WN,1957,10397,1039707,30397,ATL,"Atlanta, GA",GA,13,Georgia,34,12889,1288903,32211,LAS,"Las Vegas, NV",NV,32,Nevada,85,615,15.0,15.0,1.0,1.0,0600-0659,11.0,641.0,735.0,4.0,740,739.0,-1.0,0.0,0.0,-1.0,0700-0759,0.0,,0.0,265.0,249.0,234.0,1.0,1747.0,7,,,0.0,,0.0,,,,0,,,,,,,,,,,,,,,,,,,,,,,,,,,,,,,,,,,,,,,,,,,,,N,0.0,12.0,6.0,7.0,2.0,3.0,26.0,43.0,6,7,1.0,3.0,25.0,43.0,1,1,0,0.0,0.0,N8607M,N8607M-WN-0,26.0,38.0,17.0,43.0,55.0,,,0.0,26,43,0.0,0.0
N8608N,659.0,2019,2,5,2,4,2019-05-02,WN,WN,19393,WN,965,,,,,WN,19393,WN,965,14683,1468305,33214,SAT,"San Antonio, TX",TX,48,Texas,74,14107,1410702,30466,PHX,"Phoenix, AZ",AZ,4,Arizona,81,655,4.0,4.0,0.0,0.0,0600-0659,16.0,715.0,723.0,7.0,720,730.0,10.0,10.0,0.0,0.0,0700-0759,0.0,,0.0,145.0,151.0,128.0,1.0,843.0,4,,,0.0,,0.0,,,,0,,,,,,,,,,,,,,,,,,,,,,,,,,,,,,,,,,,,,,,,,,,,,N,4.0,8.0,6.0,7.0,4.0,2.0,32.0,38.0,6,7,4.0,1.0,32.0,37.0,7,7,0,1.0,1.0,N8608N,N8608N-WN-0,32.0,44.0,6.0,38.0,50.0,,,0.0,32,38,0.0,0.0
N8608N,816.0,2019,2,5,2,4,2019-05-02,WN,WN,19393,WN,1477,,,,,WN,19393,WN,1477,14107,1410702,30466,PHX,"Phoenix, AZ",AZ,4,Arizona,81,14771,1477104,32457,SFO,"San Francisco, CA",CA,6,California,91,710,66.0,66.0,1.0,4.0,0700-0759,11.0,827.0,1010.0,5.0,915,1015.0,60.0,60.0,1.0,4.0,0900-0959,0.0,,0.0,125.0,119.0,103.0,1.0,651.0,3,60.0,0.0,0.0,0.0,0.0,,,,0,,,,,,,,,,,,,,,,,,,,,,,,,,,,,,,,,,,,,,,,,,,,,N,8.0,12.0,8.0,10.0,1.0,1.0,41.0,53.0,7,9,1.0,1.0,37.0,49.0,5,5,1,1.0,0.0,N8608N,N8608N-WN-1,41.0,53.0,12.0,53.0,65.0,38.0,3.0,0.0,42,54,1.0,5.24
N8609A,744.0,2019,2,5,2,4,2019-05-02,WN,WN,19393,WN,1279,,,,,WN,19393,WN,1279,10721,1072102,30721,BOS,"Boston, MA",MA,25,Massachusetts,13,15016,1501606,31123,STL,"St. Louis, MO",MO,29,Missouri,64,745,-1.0,0.0,0.0,-1.0,0700-0759,22.0,806.0,940.0,4.0,955,944.0,-11.0,0.0,0.0,-1.0,0900-0959,0.0,,0.0,190.0,180.0,154.0,1.0,1047.0,5,,,0.0,,0.0,,,,0,,,,,,,,,,,,,,,,,,,,,,,,,,,,,,,,,,,,,,,,,,,,,N,0.0,4.0,7.0,9.0,3.0,3.0,31.0,43.0,7,9,3.0,4.0,31.0,44.0,7,7,0,0.0,0.0,N8609A,N8609A-WN-0,31.0,43.0,12.0,43.0,55.0,,,0.0,31,43,0.0,0.0
N860NN,606.0,2019,2,5,2,4,2019-05-02,AA,AA,19805,AA,146,,,,,AA,19805,AA,146,10529,1052906,30529,BDL,"Hartford, CT",CT,9,Connecticut,11,13303,1330303,32467,MIA,"Miami, FL",FL,12,Florida,33,613,-7.0,0.0,0.0,-1.0,0600-0659,13.0,619.0,900.0,5.0,934,905.0,-29.0,0.0,0.0,-2.0,0900-0959,0.0,,0.0,201.0,179.0,161.0,1.0,1194.0,5,,,0.0,,0.0,,,,0,,,,,,,,,,,,,,,,,,,,,,,,,,,,,,,,,,,,,,,,,,,,,N,0.0,0.0,6.0,9.0,0.0,0.0,24.0,36.0,6,9,1.0,2.0,25.0,38.0,6,6,0,0.0,0.0,N860NN,N860NN-AA-0,25.0,36.0,12.0,37.0,48.0,,,0.0,25,37,0.0,0.0
N8610A,815.0,2019,2,5,2,4,2019-05-02,WN,WN,19393,WN,727,,,,,WN,19393,WN,727,10821,1082106,30852,BWI,"Baltimore, MD",MD,24,Maryland,35,14683,1468305,33214,SAT,"San Antonio, TX",TX,48,Texas,74,815,0.0,0.0,0.0,0.0,0800-0859,15.0,830.0,1041.0,2.0,1100,1043.0,-17.0,0.0,0.0,-2.0,1100-1159,0.0,,0.0,225.0,208.0,191.0,1.0,1407.0,6,,,0.0,,0.0,,,,0,,,,,,,,,,,,,,,,,,,,,,,,,,,,,,,,,,,,,,,,,,,,,N,0.0,4.0,8.0,10.0,1.0,3.0,33.0,47.0,8,11,1.0,0.0,33.0,48.0,2,2,0,0.0,0.0,N8610A,N8610A-WN-0,33.0,45.0,14.0,47.0,59.0,,,0.0,33,47,0.0,0.0
N8611F,754.0,2019,2,5,2,4,2019-05-02,WN,WN,19393,WN,1009,,,,,WN,19393,WN,1009,11066,1106606,31066,CMH,"Columbus, OH",OH,39,Ohio,44,10721,1072102,30721,BOS,"Boston, MA",MA,25,Massachusetts,13,710,44.0,44.0,1.0,2.0,0700-0759,9.0,803.0,930.0,14.0,905,944.0,39.0,39.0,1.0,2.0,0900-0959,0.0,,0.0,115.0,110.0,87.0,1.0,640.0,3,39.0,0.0,0.0,0.0,0.0,,,,0,,,,,,,,,,,,,,,,,,,,,,,,,,,,,,,,,,,,,,,,,,,,,N,0.0,0.0,7.0,9.0,4.0,3.0,32.0,39.0,7,9,1.0,0.0,29.0,36.0,4,4,0,0.0,0.0,N8611F,N8611F-WN-0,32.0,44.0,7.0,39.0,51.0,,,0.0,32,39,0.0,0.0
N8612K,559.0,2019,2,5,2,4,2019-05-02,WN,WN,19393,WN,1513,,,,,WN,19393,WN,1513,13232,1323202,30977,MDW,"Chicago, IL",IL,17,Illinois,41,10721,1072102,30721,BOS,"Boston, MA",MA,25,Massachusetts,13,605,-6.0,0.0,0.0,-1.0,0600-0659,11.0,610.0,859.0,20.0,915,919.0,4.0,4.0,0.0,0.0,0900-0959,0.0,,0.0,130.0,140.0,109.0,1.0,861.0,4,,,0.0,,0.0,,,,0,,,,,,,,,,,,,,,,,,,,,,,,,,,,,,,,,,,,,,,,,,,,,N,4.0,0.0,5.0,9.0,4.0,1.0,28.0,37.0,6,9,0.0,1.0,28.0,37.0,1,1,0,0.0,0.0,N8612K,N8612K-WN-0,28.0,40.0,9.0,37.0,49.0,,,0.0,30,40,3.0,5.2
N8613K,528.0,2019,2,5,2,4,2019-05-02,WN,WN,19393,WN,1117,,,,,WN,19393,WN,1117,13342,1334207,33342,MKE,"Milwaukee, WI",WI,55,Wisconsin,45,14107,1410702,30466,PHX,"Phoenix, AZ",AZ,4,Arizona,81,530,-2.0,0.0,0.0,-1.0,0001-0559,10.0,538.0,715.0,12.0,715,727.0,12.0,12.0,0.0,0.0,0700-0759,0.0,,0.0,225.0,239.0,217.0,1.0,1460.0,6,,,0.0,,0.0,,,,0,,,,,,,,,,,,,,,,,,,,,,,,,,,,,,,,,,,,,,,,,,,,,N,4.0,8.0,5.0,7.0,2.0,2.0,26.0,38.0,5,7,2.0,1.0,26.0,37.0,1,1,0,0.0,0.0,N8613K,N8613K-WN-0,26.0,38.0,12.0,38.0,50.0,,,0.0,26,38,0.0,0.0
N8614M,549.0,2019,2,5,2,4,2019-05-02,WN,WN,19393,WN,1194,,,,,WN,19393,WN,1194,12889,1288903,32211,LAS,"Las Vegas, NV",NV,32,Nevada,85,14107,1410702,30466,PHX,"Phoenix, AZ",AZ,4,Arizona,81,555,-6.0,0.0,0.0,-1.0,0001-0559,10.0,559.0,644.0,3.0,705,647.0,-18.0,0.0,0.0,-2.0,0700-0759,0.0,,0.0,70.0,58.0,45.0,1.0,255.0,2,,,0.0,,0.0,,,,0,,,,,,,,,,,,,,,,,,,,,,,,,,,,,,,,,,,,,,,,,,,,,N,12.0,8.0,5.0,6.0,3.0,3.0,35.0,35.0,5,7,4.0,0.0,36.0,36.0,9,9,0,0.0,0.0,N8614M,N8614M-WN-0,36.0,47.0,0.0,36.0,47.0,,,0.0,36,36,0.0,0.0
N8615E,643.0,2019,2,5,2,4,2019-05-02,WN,WN,19393,WN,1302,,,,,WN,19393,WN,1302,10257,1025702,30257,ALB,"Albany, NY",NY,36,New York,22,13232,1323202,30977,MDW,"Chicago, IL",IL,17,Illinois,41,630,13.0,13.0,0.0,0.0,0600-0659,9.0,652.0,744.0,4.0,740,748.0,8.0,8.0,0.0,0.0,0700-0759,0.0,,0.0,130.0,125.0,112.0,1.0,717.0,3,,,0.0,,0.0,,,,0,,,,,,,,,,,,,,,,,,,,,,,,,,,,,,,,,,,,,,,,,,,,,N,0.0,4.0,6.0,7.0,3.0,3.0,27.0,35.0,6,7,2.0,3.0,26.0,35.0,6,6,0,0.0,0.0,N8615E,N8615E-WN-0,27.0,39.0,8.0,35.0,47.0,,,0.0,27,35,0.0,0.0
N8616C,647.0,2019,2,5,2,4,2019-05-02,WN,WN,19393,WN,1044,,,,,WN,19393,WN,1044,12339,1233904,32337,IND,"Indianapolis, IN",IN,18,Indiana,42,11697,1169706,32467,FLL,"Fort Lauderdale, FL",FL,12,Florida,33,650,-3.0,0.0,0.0,-1.0,0600-0659,10.0,657.0,910.0,29.0,935,939.0,4.0,4.0,0.0,0.0,0900-0959,0.0,,0.0,165.0,172.0,133.0,1.0,1005.0,5,,,0.0,,0.0,,,,0,,,,,,,,,,,,,,,,,,,,,,,,,,,,,,,,,,,,,,,,,,,,,N,0.0,0.0,6.0,9.0,3.0,3.0,27.0,39.0,6,9,3.0,2.0,27.0,38.0,4,4,0,0.0,0.0,N8616C,N8616C-WN-0,27.0,39.0,12.0,39.0,51.0,,,0.0,27,39,0.0,0.0
N8617E,742.0,2019,2,5,2,4,2019-05-02,WN,WN,19393,WN,2125,,,,,WN,19393,WN,2125,10693,1069302,30693,BNA,"Nashville, TN",TN,47,Tennessee,54,13204,1320402,31454,MCO,"Orlando, FL",FL,12,Florida,33,740,2.0,2.0,0.0,0.0,0700-0759,10.0,752.0,1015.0,8.0,1030,1023.0,-7.0,0.0,0.0,-1.0,1000-1059,0.0,,0.0,110.0,101.0,83.0,1.0,616.0,3,,,0.0,,0.0,,,,0,,,,,,,,,,,,,,,,,,,,,,,,,,,,,,,,,,,,,,,,,,,,,N,4.0,0.0,7.0,10.0,3.0,2.0,35.0,42.0,7,10,3.0,2.0,35.0,42.0,5,5,0,0.0,0.0,N8617E,N8617E-WN-0,35.0,47.0,7.0,42.0,54.0,,,0.0,35,42,0.0,0.0
N8618N,824.0,2019,2,5,2,4,2019-05-02,WN,WN,19393,WN,2100,,,,,WN,19393,WN,2100,15016,1501606,31123,STL,"St. Louis, MO",MO,29,Missouri,64,10721,1072102,30721,BOS,"Boston, MA",MA,25,Massachusetts,13,825,-1.0,0.0,0.0,-1.0,0800-0859,7.0,831.0,1137.0,8.0,1210,1145.0,-25.0,0.0,0.0,-2.0,1200-1259,0.0,,0.0,165.0,141.0,126.0,1.0,1047.0,5,,,0.0,,0.0,,,,0,,,,,,,,,,,,,,,,,,,,,,,,,,,,,,,,,,,,,,,,,,,,,N,4.0,0.0,8.0,11.0,2.0,3.0,38.0,47.0,8,12,2.0,1.0,38.0,49.0,4,4,0,0.0,0.0,N8618N,N8618N-WN-0,38.0,50.0,9.0,47.0,59.0,,,0.0,38,47,0.0,0.0
N861DN,910.0,2019,2,5,2,4,2019-05-02,DL,DL,19790,DL,1429,,,,,DL,19790,DL,1429,10397,1039707,30397,ATL,"Atlanta, GA",GA,13,Georgia,34,14831,1483106,32457,SJC,"San Jose, CA",CA,6,California,91,913,-3.0,0.0,0.0,-1.0,0900-0959,18.0,928.0,1103.0,4.0,1112,1107.0,-5.0,0.0,0.0,-1.0,1100-1159,0.0,,0.0,299.0,297.0,275.0,1.0,2116.0,9,,,0.0,,0.0,,,,0,,,,,,,,,,,,,,,,,,,,,,,,,,,,,,,,,,,,,,,,,,,,,N,0.0,12.0,9.0,11.0,1.0,0.0,37.0,56.0,9,11,1.0,1.0,37.0,57.0,7,7,0,0.0,0.0,N861DN,N861DN-DL-0,37.0,49.0,19.0,56.0,68.0,,,0.0,37,56,0.0,0.0
N861RW,606.0,2019,2,5,2,4,2019-05-02,UA,UA_CODESHARE,19977,UA,3580,,,,,YX,20452,YX,3580,13158,1315805,33158,MAF,"Midland/Odessa, TX",TX,48,Texas,74,11292,1129202,30325,DEN,"Denver, CO",CO,8,Colorado,82,615,-9.0,0.0,0.0,-1.0,0600-0659,13.0,619.0,641.0,8.0,708,649.0,-19.0,0.0,0.0,-2.0,0700-0759,0.0,,0.0,113.0,103.0,82.0,1.0,563.0,3,,,0.0,,0.0,,,,0,,,,,,,,,,,,,,,,,,,,,,,,,,,,,,,,,,,,,,,,,,,,,N,4.0,8.0,6.0,6.0,0.0,3.0,28.0,35.0,6,7,1.0,1.0,29.0,37.0,4,4,0,0.0,0.0,N861RW,N861RW-UA-0,29.0,40.0,7.0,36.0,47.0,,,0.0,29,36,0.0,0.0
N8621A,659.0,2019,2,5,2,4,2019-05-02,WN,WN,19393,WN,565,,,,,WN,19393,WN,565,13232,1323202,30977,MDW,"Chicago, IL",IL,17,Illinois,41,12889,1288903,32211,LAS,"Las Vegas, NV",NV,32,Nevada,85,700,-1.0,0.0,0.0,-1.0,0700-0759,9.0,708.0,842.0,4.0,845,846.0,1.0,1.0,0.0,0.0,0800-0859,0.0,,0.0,225.0,227.0,214.0,1.0,1521.0,7,,,0.0,,0.0,,,,0,,,,,,,,,,,,,,,,,,,,,,,,,,,,,,,,,,,,,,,,,,,,,N,4.0,12.0,6.0,8.0,4.0,3.0,32.0,47.0,7,8,0.0,3.0,32.0,47.0,2,2,0,0.0,0.0,N8621A,N8621A-WN-0,32.0,44.0,15.0,47.0,59.0,,,0.0,32,47,0.0,0.0
N8622A,641.0,2019,2,5,2,4,2019-05-02,WN,WN,19393,WN,1937,,,,,WN,19393,WN,1937,14747,1474703,30559,SEA,"Seattle, WA",WA,53,Washington,93,14893,1489302,33192,SMF,"Sacramento, CA",CA,6,California,91,645,-4.0,0.0,0.0,-1.0,0600-0659,13.0,654.0,810.0,5.0,825,815.0,-10.0,0.0,0.0,-1.0,0800-0859,0.0,,0.0,100.0,94.0,76.0,1.0,605.0,3,,,0.0,,0.0,,,,0,,,,,,,,,,,,,,,,,,,,,,,,,,,,,,,,,,,,,,,,,,,,,N,12.0,12.0,6.0,8.0,3.0,1.0,39.0,45.0,6,8,3.0,2.0,39.0,46.0,3,3,0,0.0,0.0,N8622A,N8622A-WN-0,39.0,51.0,6.0,45.0,57.0,,,0.0,39,45,0.0,0.0
N8623F,650.0,2019,2,5,2,4,2019-05-02,WN,WN,19393,WN,840,,,,,WN,19393,WN,840,13796,1379608,32457,OAK,"Oakland, CA",CA,6,California,91,12892,1289208,32575,LAX,"Los Angeles, CA",CA,6,California,91,650,0.0,0.0,0.0,0.0,0600-0659,33.0,723.0,820.0,6.0,820,826.0,6.0,6.0,0.0,0.0,0800-0859,0.0,,0.0,90.0,96.0,57.0,1.0,337.0,2,,,0.0,,0.0,,,,0,,,,,,,,,,,,,,,,,,,,,,,,,,,,,,,,,,,,,,,,,,,,,N,12.0,12.0,6.0,8.0,3.0,2.0,39.0,46.0,6,8,3.0,1.0,39.0,45.0,5,5,0,0.0,0.0,N8623F,N8623F-WN-0,39.0,51.0,7.0,46.0,58.0,,,0.0,39,46,0.0,0.0
N8624J,630.0,2019,2,5,2,4,2019-05-02,WN,WN,19393,WN,640,,,,,WN,19393,WN,640,13342,1334207,33342,MKE,"Milwaukee, WI",WI,55,Wisconsin,45,12889,1288903,32211,LAS,"Las Vegas, NV",NV,32,Nevada,85,630,0.0,0.0,0.0,0.0,0600-0659,12.0,642.0,825.0,6.0,820,831.0,11.0,11.0,0.0,0.0,0800-0859,0.0,,0.0,230.0,241.0,223.0,1.0,1524.0,7,,,0.0,,0.0,,,,0,,,,,,,,,,,,,,,,,,,,,,,,,,,,,,,,,,,,,,,,,,,,,N,4.0,12.0,6.0,8.0,2.0,2.0,30.0,46.0,6,8,2.0,1.0,30.0,45.0,1,1,0,0.0,0.0,N8624J,N8624J-WN-0,30.0,42.0,16.0,46.0,58.0,,,0.0,30,46,0.0,0.0
N8625A,709.0,2019,2,5,2,4,2019-05-02,WN,WN,19393,WN,1950,,,,,WN,19393,WN,1950,14107,1410702,30466,PHX,"Phoenix, AZ",AZ,4,Arizona,81,14908,1490803,32575,SNA,"Santa Ana, CA",CA,6,California,91,710,-1.0,0.0,0.0,-1.0,0700-0759,10.0,719.0,818.0,4.0,825,822.0,-3.0,0.0,0.0,-1.0,0800-0859,0.0,,0.0,75.0,73.0,59.0,1.0,338.0,2,,,0.0,,0.0,,,,0,,,,,,,,,,,,,,,,,,,,,,,,,,,,,,,,,,,,,,,,,,,,,N,8.0,12.0,7.0,8.0,1.0,1.0,37.0,45.0,7,8,1.0,2.0,37.0,46.0,6,6,0,0.0,0.0,N8625A,N8625A-WN-0,37.0,49.0,8.0,45.0,57.0,,,0.0,37,45,0.0,0.0
N8626B,618.0,2019,2,5,2,4,2019-05-02,WN,WN,19393,WN,940,,,,,WN,19393,WN,940,14679,1467903,33570,SAN,"San Diego, CA",CA,6,California,91,10423,1042302,30423,AUS,"Austin, TX",TX,48,Texas,74,620,-2.0,0.0,0.0,-1.0,0600-0659,16.0,634.0,1045.0,39.0,1100,1124.0,24.0,24.0,1.0,1.0,1100-1159,0.0,,0.0,160.0,186.0,131.0,1.0,1164.0,5,0.0,0.0,24.0,0.0,0.0,,,,0,,,,,,,,,,,,,,,,,,,,,,,,,,,,,,,,,,,,,,,,,,,,,N,12.0,4.0,6.0,11.0,1.0,2.0,37.0,50.0,6,11,1.0,0.0,37.0,48.0,8,8,0,0.0,0.0,N8626B,N8626B-WN-0,37.0,49.0,13.0,50.0,62.0,,,2.0,37,50,0.0,0.0
N8627B,850.0,2019,2,5,2,4,2019-05-02,WN,WN,19393,WN,1424,,,,,WN,19393,WN,1424,14307,1430705,30721,PVD,"Providence, RI",RI,44,Rhode Island,15,13232,1323202,30977,MDW,"Chicago, IL",IL,17,Illinois,41,850,0.0,0.0,0.0,0.0,0800-0859,13.0,903.0,1010.0,4.0,1020,1014.0,-6.0,0.0,0.0,-1.0,1000-1059,0.0,,0.0,150.0,144.0,127.0,1.0,842.0,4,,,0.0,,0.0,,,,0,,,,,,,,,,,,,,,,,,,,,,,,,,,,,,,,,,,,,,,,,,,,,N,0.0,4.0,8.0,10.0,3.0,1.0,35.0,45.0,8,10,3.0,1.0,35.0,45.0,1,1,0,1.0,1.0,N8627B,N8627B-WN-0,35.0,47.0,10.0,45.0,57.0,,,0.0,35,45,0.0,0.0
N8627B,1110.0,2019,2,5,2,4,2019-05-02,WN,WN,19393,WN,1302,,,,,WN,19393,WN,1302,13232,1323202,30977,MDW,"Chicago, IL",IL,17,Illinois,41,13796,1379608,32457,OAK,"Oakland, CA",CA,6,California,91,830,160.0,160.0,1.0,10.0,0800-0859,9.0,1119.0,1340.0,4.0,1110,1344.0,154.0,154.0,1.0,10.0,1100-1159,0.0,,0.0,280.0,274.0,261.0,1.0,1844.0,8,146.0,0.0,0.0,0.0,8.0,,,,0,,,,,,,,,,,,,,,,,,,,,,,,,,,,,,,,,,,,,,,,,,,,,N,4.0,12.0,11.0,13.0,1.0,3.0,49.0,67.0,8,11,2.0,1.0,38.0,57.0,3,3,1,1.0,0.0,N8627B,N8627B-WN-1,48.0,61.0,18.0,66.0,79.0,45.0,4.0,1.0,48,66,0.0,0.0
N8628A,559.0,2019,2,5,2,4,2019-05-02,WN,WN,19393,WN,1398,,,,,WN,19393,WN,1398,14893,1489302,33192,SMF,"Sacramento, CA",CA,6,California,91,14747,1474703,30559,SEA,"Seattle, WA",WA,53,Washington,93,525,34.0,34.0,1.0,2.0,0001-0559,19.0,618.0,748.0,12.0,715,800.0,45.0,45.0,1.0,3.0,0700-0759,0.0,,0.0,110.0,121.0,90.0,1.0,605.0,3,34.0,0.0,11.0,0.0,0.0,,,,0,,,,,,,,,,,,,,,,,,,,,,,,,,,,,,,,,,,,,,,,,,,,,N,12.0,12.0,5.0,8.0,4.0,0.0,36.0,44.0,5,7,2.0,1.0,34.0,41.0,3,3,0,0.0,0.0,N8628A,N8628A-WN-0,35.0,48.0,8.0,43.0,56.0,,,1.0,35,43,0.0,0.0
N862AS,609.0,2019,2,5,2,4,2019-05-02,UA,UA_CODESHARE,19977,UA,4397,,,,,EV,20366,EV,4397,15412,1541205,35412,TYS,"Knoxville, TN",TN,47,Tennessee,54,13930,1393007,30977,ORD,"Chicago, IL",IL,17,Illinois,41,610,-1.0,0.0,0.0,-1.0,0600-0659,18.0,627.0,650.0,10.0,704,700.0,-4.0,0.0,0.0,-1.0,0700-0759,0.0,,0.0,114.0,111.0,83.0,1.0,475.0,2,,,0.0,,0.0,,,,0,,,,,,,,,,,,,,,,,,,,,,,,,,,,,,,,,,,,,,,,,,,,,N,0.0,4.0,6.0,7.0,1.0,0.0,25.0,32.0,6,7,1.0,0.0,25.0,32.0,8,8,0,0.0,0.0,N862AS,N862AS-UA-0,25.0,37.0,7.0,32.0,44.0,,,0.0,25,32,0.0,0.0
N862RW,547.0,2019,2,5,2,4,2019-05-02,UA,UA_CODESHARE,19977,UA,3567,,,,,YX,20452,YX,3567,13871,1387102,33316,OMA,"Omaha, NE",NE,31,Nebraska,65,11618,1161802,31703,EWR,"Newark, NJ",NJ,34,New Jersey,21,600,-13.0,0.0,0.0,-1.0,0600-0659,14.0,601.0,924.0,7.0,1002,931.0,-31.0,0.0,0.0,-2.0,1000-1059,0.0,,0.0,182.0,164.0,143.0,1.0,1134.0,5,,,0.0,,0.0,,,,0,,,,,,,,,,,,,,,,,,,,,,,,,,,,,,,,,,,,,,,,,,,,,N,4.0,0.0,5.0,9.0,3.0,2.0,27.0,38.0,6,10,0.0,0.0,28.0,40.0,6,6,0,0.0,0.0,N862RW,N862RW-UA-0,28.0,39.0,11.0,39.0,50.0,,,0.0,28,39,0.0,0.0
N86309,917.0,2019,2,5,2,4,2019-05-02,UA,UA_CODESHARE,19977,UA,6262,,,,,YV,20378,YV,6262,14193,1419306,33728,PNS,"Pensacola, FL",FL,12,Florida,33,12266,1226603,31453,IAH,"Houston, TX",TX,48,Texas,74,850,27.0,27.0,1.0,1.0,0800-0859,10.0,927.0,1055.0,13.0,1041,1108.0,27.0,27.0,1.0,1.0,1000-1059,0.0,,0.0,111.0,111.0,88.0,1.0,489.0,2,0.0,0.0,27.0,0.0,0.0,,,,0,,,,,,,,,,,,,,,,,,,,,,,,,,,,,,,,,,,,,,,,,,,,,N,4.0,4.0,9.0,11.0,1.0,1.0,41.0,49.0,8,10,3.0,3.0,39.0,47.0,3,3,0,0.0,0.0,N86309,N86309-UA-0,39.0,53.0,8.0,47.0,61.0,,,2.0,39,47,0.0,0.0
N8630B,657.0,2019,2,5,2,4,2019-05-02,WN,WN,19393,WN,499,,,,,WN,19393,WN,499,13232,1323202,30977,MDW,"Chicago, IL",IL,17,Illinois,41,14122,1412202,30198,PIT,"Pittsburgh, PA",PA,42,Pennsylvania,23,700,-3.0,0.0,0.0,-1.0,0700-0759,14.0,711.0,914.0,4.0,915,918.0,3.0,3.0,0.0,0.0,0900-0959,0.0,,0.0,75.0,81.0,63.0,1.0,402.0,2,,,0.0,,0.0,,,,0,,,,,,,,,,,,,,,,,,,,,,,,,,,,,,,,,,,,,,,,,,,,,N,4.0,0.0,6.0,9.0,4.0,1.0,32.0,37.0,7,9,0.0,1.0,32.0,37.0,3,3,0,0.0,0.0,N8630B,N8630B-WN-0,32.0,44.0,5.0,37.0,49.0,,,0.0,32,37,0.0,0.0
N86311,858.0,2019,2,5,2,4,2019-05-02,UA,UA_CODESHARE,19977,UA,6272,,,,,YV,20378,YV,6272,10397,1039707,30397,ATL,"Atlanta, GA",GA,13,Georgia,34,12266,1226603,31453,IAH,"Houston, TX",TX,48,Texas,74,735,83.0,83.0,1.0,5.0,0700-0759,17.0,915.0,1010.0,8.0,853,1018.0,85.0,85.0,1.0,5.0,0800-0859,0.0,,0.0,138.0,140.0,115.0,1.0,689.0,3,0.0,0.0,85.0,0.0,0.0,,,,0,,,,,,,,,,,,,,,,,,,,,,,,,,,,,,,,,,,,,,,,,,,,,N,0.0,4.0,8.0,10.0,4.0,1.0,36.0,45.0,7,8,2.0,4.0,30.0,40.0,9,9,0,0.0,0.0,N86311,N86311-UA-0,30.0,48.0,9.0,39.0,57.0,,,6.0,32,41,2.0,19.18
N86312,850.0,2019,2,5,2,4,2019-05-02,UA,UA_CODESHARE,19977,UA,6324,,,,,YV,20378,YV,6324,12266,1226603,31453,IAH,"Houston, TX",TX,48,Texas,74,10423,1042302,30423,AUS,"Austin, TX",TX,48,Texas,74,750,60.0,60.0,1.0,4.0,0700-0759,39.0,929.0,957.0,11.0,851,1008.0,77.0,77.0,1.0,5.0,0800-0859,0.0,,0.0,61.0,78.0,28.0,1.0,140.0,1,0.0,77.0,0.0,0.0,0.0,,,,0,,,,,,,,,,,,,,,,,,,,,,,,,,,,,,,,,,,,,,,,,,,,,N,4.0,4.0,8.0,10.0,3.0,1.0,39.0,45.0,7,8,3.0,3.0,35.0,39.0,1,1,0,0.0,0.0,N86312,N86312-UA-0,39.0,51.0,6.0,45.0,57.0,,,0.0,42,48,3.0,5.42
N86316,748.0,2019,2,5,2,4,2019-05-02,UA,UA_CODESHARE,19977,UA,6076,,,,,YV,20378,YV,6076,11298,1129806,30194,DFW,"Dallas/Fort Worth, TX",TX,48,Texas,74,12264,1226402,30852,IAD,"Washington, DC",VA,51,Virginia,38,745,3.0,3.0,0.0,0.0,0700-0759,20.0,808.0,1135.0,6.0,1144,1141.0,-3.0,0.0,0.0,-1.0,1100-1159,0.0,,0.0,179.0,173.0,147.0,1.0,1172.0,5,,,0.0,,0.0,,,,0,,,,,,,,,,,,,,,,,,,,,,,,,,,,,,,,,,,,,,,,,,,,,N,4.0,0.0,7.0,11.0,3.0,3.0,35.0,47.0,7,11,3.0,3.0,35.0,47.0,8,8,0,0.0,0.0,N86316,N86316-UA-0,35.0,47.0,12.0,47.0,59.0,,,0.0,35,47,0.0,0.0
N8631A,659.0,2019,2,5,2,4,2019-05-02,WN,WN,19393,WN,1281,,,,,WN,19393,WN,1281,12391,1239103,31703,ISP,"Islip, NY",NY,36,New York,22,13204,1320402,31454,MCO,"Orlando, FL",FL,12,Florida,33,700,-1.0,0.0,0.0,-1.0,0700-0759,8.0,707.0,920.0,8.0,940,928.0,-12.0,0.0,0.0,-1.0,0900-0959,0.0,,0.0,160.0,149.0,133.0,1.0,971.0,4,,,0.0,,0.0,,,,0,,,,,,,,,,,,,,,,,,,,,,,,,,,,,,,,,,,,,,,,,,,,,N,0.0,0.0,6.0,9.0,4.0,2.0,28.0,38.0,7,9,0.0,3.0,28.0,39.0,2,2,0,0.0,0.0,N8631A,N8631A-WN-0,28.0,40.0,10.0,38.0,50.0,,,0.0,28,39,1.0,2.2
N8632A,726.0,2019,2,5,2,4,2019-05-02,WN,WN,19393,WN,2201,,,,,WN,19393,WN,2201,10792,1079206,30792,BUF,"Buffalo, NY",NY,36,New York,22,12889,1288903,32211,LAS,"Las Vegas, NV",NV,32,Nevada,85,645,41.0,41.0,1.0,2.0,0600-0659,9.0,735.0,914.0,4.0,835,918.0,43.0,43.0,1.0,2.0,0800-0859,0.0,,0.0,290.0,292.0,279.0,1.0,1986.0,8,41.0,0.0,2.0,0.0,0.0,,,,0,,,,,,,,,,,,,,,,,,,,,,,,,,,,,,,,,,,,,,,,,,,,,N,0.0,12.0,7.0,9.0,2.0,1.0,30.0,49.0,6,8,3.0,2.0,27.0,46.0,9,9,0,0.0,0.0,N8632A,N8632A-WN-0,30.0,42.0,19.0,49.0,61.0,,,0.0,30,49,0.0,0.0
N86334,855.0,2019,2,5,2,4,2019-05-02,UA,UA_CODESHARE,19977,UA,6056,,,,,YV,20378,YV,6056,11433,1143302,31295,DTW,"Detroit, MI",MI,26,Michigan,43,12266,1226603,31453,IAH,"Houston, TX",TX,48,Texas,74,855,0.0,0.0,0.0,0.0,0800-0859,24.0,919.0,1128.0,17.0,1109,1145.0,36.0,36.0,1.0,2.0,1100-1159,0.0,,0.0,194.0,230.0,189.0,1.0,1075.0,5,0.0,0.0,36.0,0.0,0.0,,,,0,,,,,,,,,,,,,,,,,,,,,,,,,,,,,,,,,,,,,,,,,,,,,N,0.0,4.0,8.0,11.0,4.0,3.0,36.0,51.0,8,11,4.0,1.0,36.0,49.0,2,2,0,0.0,0.0,N86334,N86334-UA-0,36.0,48.0,15.0,51.0,63.0,,,2.0,38,53,2.0,5.2
N86336,726.0,2019,2,5,2,4,2019-05-02,UA,UA_CODESHARE,19977,UA,6028,,,,,YV,20378,YV,6028,10423,1042302,30423,AUS,"Austin, TX",TX,48,Texas,74,12264,1226402,30852,IAD,"Washington, DC",VA,51,Virginia,38,730,-4.0,0.0,0.0,-1.0,0700-0759,12.0,738.0,1130.0,6.0,1140,1136.0,-4.0,0.0,0.0,-1.0,1100-1159,0.0,,0.0,190.0,190.0,172.0,1.0,1297.0,6,,,0.0,,0.0,,,,0,,,,,,,,,,,,,,,,,,,,,,,,,,,,,,,,,,,,,,,,,,,,,N,4.0,0.0,7.0,11.0,2.0,2.0,34.0,46.0,7,11,2.0,3.0,34.0,47.0,3,3,0,0.0,0.0,N86336,N86336-UA-0,34.0,46.0,12.0,46.0,58.0,,,0.0,34,46,0.0,0.0
N86344,839.0,2019,2,5,2,4,2019-05-02,UA,UA_CODESHARE,19977,UA,6277,,,,,YV,20378,YV,6277,13931,1393102,33667,ORF,"Norfolk, VA",VA,51,Virginia,38,12266,1226603,31453,IAH,"Houston, TX",TX,48,Texas,74,830,9.0,9.0,0.0,0.0,0800-0859,9.0,848.0,1049.0,10.0,1100,1059.0,-1.0,0.0,0.0,-1.0,1100-1159,0.0,,0.0,210.0,200.0,181.0,1.0,1201.0,5,,,0.0,,0.0,,,,0,,,,,,,,,,,,,,,,,,,,,,,,,,,,,,,,,,,,,,,,,,,,,N,0.0,4.0,8.0,10.0,3.0,4.0,35.0,48.0,8,11,2.0,0.0,34.0,48.0,9,9,0,0.0,0.0,N86344,N86344-UA-0,35.0,47.0,13.0,48.0,60.0,,,0.0,35,48,0.0,0.0
N86347,1206.0,2019,2,5,2,4,2019-05-02,UA,UA_CODESHARE,19977,UA,6233,,,,,YV,20378,YV,6233,12266,1226603,31453,IAH,"Houston, TX",TX,48,Texas,74,13851,1385103,33851,OKC,"Oklahoma City, OK",OK,40,Oklahoma,73,725,281.0,281.0,1.0,12.0,0700-0759,10.0,1216.0,1312.0,5.0,855,1317.0,262.0,262.0,1.0,12.0,0800-0859,0.0,,0.0,90.0,71.0,56.0,1.0,395.0,2,0.0,0.0,0.0,0.0,262.0,,,,0,,,,,,,,,,,,,,,,,,,,,,,,,,,,,,,,,,,,,,,,,,,,,N,4.0,4.0,12.0,13.0,0.0,1.0,52.0,57.0,7,8,2.0,4.0,34.0,40.0,6,6,0,0.0,0.0,N86347,N86347-UA-0,35.0,64.0,5.0,40.0,69.0,,,17.0,35,40,0.0,0.0
N8634A,557.0,2019,2,5,2,4,2019-05-02,WN,WN,19393,WN,1850,,,,,WN,19393,WN,1850,11292,1129202,30325,DEN,"Denver, CO",CO,8,Colorado,82,15304,1530402,33195,TPA,"Tampa, FL",FL,12,Florida,33,600,-3.0,0.0,0.0,-1.0,0600-0659,8.0,605.0,1137.0,3.0,1125,1140.0,15.0,15.0,1.0,1.0,1100-1159,0.0,,0.0,205.0,223.0,212.0,1.0,1506.0,7,0.0,0.0,15.0,0.0,0.0,,,,0,,,,,,,,,,,,,,,,,,,,,,,,,,,,,,,,,,,,,,,,,,,,,N,8.0,0.0,5.0,11.0,4.0,3.0,32.0,47.0,6,11,0.0,2.0,32.0,46.0,5,5,0,0.0,0.0,N8634A,N8634A-WN-0,32.0,44.0,15.0,47.0,59.0,,,1.0,32,47,0.0,0.0
N86350,840.0,2019,2,5,2,4,2019-05-02,UA,UA_CODESHARE,19977,UA,6029,,,,,YV,20378,YV,6029,12264,1226402,30852,IAD,"Washington, DC",VA,51,Virginia,38,10423,1042302,30423,AUS,"Austin, TX",TX,48,Texas,74,840,0.0,0.0,0.0,0.0,0800-0859,20.0,900.0,1049.0,9.0,1116,1058.0,-18.0,0.0,0.0,-2.0,1100-1159,0.0,,0.0,216.0,198.0,169.0,1.0,1297.0,6,,,0.0,,0.0,,,,0,,,,,,,,,,,,,,,,,,,,,,,,,,,,,,,,,,,,,,,,,,,,,N,0.0,4.0,8.0,10.0,3.0,4.0,35.0,48.0,8,11,3.0,1.0,35.0,49.0,2,2,0,0.0,0.0,N86350,N86350-UA-0,35.0,47.0,13.0,48.0,60.0,,,0.0,35,48,0.0,0.0
N8635F,702.0,2019,2,5,2,4,2019-05-02,WN,WN,19393,WN,1938,,,,,WN,19393,WN,1938,12191,1219102,31453,HOU,"Houston, TX",TX,48,Texas,74,13204,1320402,31454,MCO,"Orlando, FL",FL,12,Florida,33,705,-3.0,0.0,0.0,-1.0,0700-0759,9.0,711.0,1000.0,5.0,1020,1005.0,-15.0,0.0,0.0,-1.0,1000-1059,0.0,,0.0,135.0,123.0,109.0,1.0,849.0,4,,,0.0,,0.0,,,,0,,,,,,,,,,,,,,,,,,,,,,,,,,,,,,,,,,,,,,,,,,,,,N,4.0,0.0,7.0,10.0,0.0,0.0,32.0,40.0,7,10,0.0,1.0,32.0,41.0,7,7,0,0.0,0.0,N8635F,N8635F-WN-0,32.0,44.0,8.0,40.0,52.0,,,0.0,32,40,0.0,0.0
N863DN,656.0,2019,2,5,2,4,2019-05-02,DL,DL,19790,DL,1183,,,,,DL,19790,DL,1183,13931,1393102,33667,ORF,"Norfolk, VA",VA,51,Virginia,38,10397,1039707,30397,ATL,"Atlanta, GA",GA,13,Georgia,34,700,-4.0,0.0,0.0,-1.0,0700-0759,11.0,707.0,827.0,10.0,851,837.0,-14.0,0.0,0.0,-1.0,0800-0859,0.0,,0.0,111.0,101.0,80.0,1.0,516.0,3,,,0.0,,0.0,,,,0,,,,,,,,,,,,,,,,,,,,,,,,,,,,,,,,,,,,,,,,,,,,,N,0.0,0.0,6.0,8.0,4.0,2.0,28.0,34.0,7,8,0.0,3.0,28.0,35.0,9,9,0,0.0,0.0,N863DN,N863DN-DL-0,28.0,40.0,6.0,34.0,46.0,,,0.0,28,34,0.0,0.0
N863RW,705.0,2019,2,5,2,4,2019-05-02,UA,UA_CODESHARE,19977,UA,3576,,,,,YX,20452,YX,3576,14730,1473003,33044,SDF,"Louisville, KY",KY,21,Kentucky,52,11618,1161802,31703,EWR,"Newark, NJ",NJ,34,New Jersey,21,600,65.0,65.0,1.0,4.0,0600-0659,21.0,726.0,902.0,17.0,812,919.0,67.0,67.0,1.0,4.0,0800-0859,0.0,,0.0,132.0,134.0,96.0,1.0,642.0,3,65.0,0.0,2.0,0.0,0.0,551.0,63.0,63.0,0,,,,,,,,,,,,,,,,,,,,,,,,,,,,,,,,,,,,,,,,,,,,,N,0.0,0.0,7.0,9.0,0.0,1.0,28.0,37.0,6,8,0.0,1.0,24.0,33.0,3,3,0,1.0,1.0,N863RW,N863RW-UA-0,28.0,40.0,9.0,37.0,49.0,,,0.0,28,37,0.0,0.0
N863RW,1221.0,2019,2,5,2,4,2019-05-02,UA,UA_CODESHARE,19977,UA,3516,,,,,YX,20452,YX,3516,11618,1161802,31703,EWR,"Newark, NJ",NJ,34,New Jersey,21,11624,1162403,31624,EYW,"Key West, FL",FL,12,Florida,33,855,206.0,206.0,1.0,12.0,0800-0859,18.0,1239.0,1524.0,5.0,1224,1529.0,185.0,185.0,1.0,12.0,1200-1259,0.0,,0.0,209.0,188.0,165.0,1.0,1196.0,5,132.0,0.0,0.0,0.0,53.0,1044.0,30.0,30.0,0,,,,,,,,,,,,,,,,,,,,,,,,,,,,,,,,,,,,,,,,,,,,,N,0.0,0.0,12.0,15.0,1.0,2.0,49.0,62.0,8,12,4.0,2.0,36.0,50.0,3,3,1,1.0,0.0,N863RW,N863RW-UA-1,45.0,61.0,13.0,58.0,74.0,37.0,12.0,4.0,46,59,1.0,3.3
N8642E,602.0,2019,2,5,2,4,2019-05-02,WN,WN,19393,WN,2117,,,,,WN,19393,WN,2117,13495,1349505,33495,MSY,"New Orleans, LA",LA,22,Louisiana,72,13232,1323202,30977,MDW,"Chicago, IL",IL,17,Illinois,41,605,-3.0,0.0,0.0,-1.0,0600-0659,10.0,612.0,810.0,9.0,820,819.0,-1.0,0.0,0.0,-1.0,0800-0859,0.0,,0.0,135.0,137.0,118.0,1.0,825.0,4,,,0.0,,0.0,,,,0,,,,,,,,,,,,,,,,,,,,,,,,,,,,,,,,,,,,,,,,,,,,,N,4.0,4.0,6.0,8.0,0.0,1.0,28.0,37.0,6,8,0.0,1.0,28.0,37.0,1,1,0,0.0,0.0,N8642E,N8642E-WN-0,28.0,40.0,9.0,37.0,49.0,,,0.0,28,37,0.0,0.0
N8643A,656.0,2019,2,5,2,4,2019-05-02,WN,WN,19393,WN,103,,,,,WN,19393,WN,103,15016,1501606,31123,STL,"St. Louis, MO",MO,29,Missouri,64,13204,1320402,31454,MCO,"Orlando, FL",FL,12,Florida,33,700,-4.0,0.0,0.0,-1.0,0700-0759,12.0,708.0,1005.0,7.0,1020,1012.0,-8.0,0.0,0.0,-1.0,1000-1059,0.0,,0.0,140.0,136.0,117.0,1.0,882.0,4,,,0.0,,0.0,,,,0,,,,,,,,,,,,,,,,,,,,,,,,,,,,,,,,,,,,,,,,,,,,,N,4.0,0.0,6.0,10.0,4.0,1.0,32.0,41.0,7,10,0.0,1.0,32.0,41.0,8,8,0,0.0,0.0,N8643A,N8643A-WN-0,32.0,44.0,9.0,41.0,53.0,,,0.0,32,41,0.0,0.0
N8646B,708.0,2019,2,5,2,4,2019-05-02,WN,WN,19393,WN,1534,,,,,WN,19393,WN,1534,13244,1324402,33244,MEM,"Memphis, TN",TN,47,Tennessee,54,10821,1082106,30852,BWI,"Baltimore, MD",MD,24,Maryland,35,705,3.0,3.0,0.0,0.0,0700-0759,9.0,717.0,1000.0,3.0,1010,1003.0,-7.0,0.0,0.0,-1.0,1000-1059,0.0,,0.0,125.0,115.0,103.0,1.0,787.0,4,,,0.0,,0.0,,,,0,,,,,,,,,,,,,,,,,,,,,,,,,,,,,,,,,,,,,,,,,,,,,N,4.0,0.0,7.0,10.0,1.0,0.0,33.0,40.0,7,10,0.0,1.0,32.0,41.0,6,6,0,0.0,0.0,N8646B,N8646B-WN-0,33.0,45.0,7.0,40.0,52.0,,,0.0,33,40,0.0,0.0
N8647A,639.0,2019,2,5,2,4,2019-05-02,WN,WN,19393,WN,1353,,,,,WN,19393,WN,1353,12339,1233904,32337,IND,"Indianapolis, IN",IN,18,Indiana,42,11292,1129202,30325,DEN,"Denver, CO",CO,8,Colorado,82,640,-1.0,0.0,0.0,-1.0,0600-0659,10.0,649.0,724.0,5.0,725,729.0,4.0,4.0,0.0,0.0,0700-0759,0.0,,0.0,165.0,170.0,155.0,1.0,977.0,4,,,0.0,,0.0,,,,0,,,,,,,,,,,,,,,,,,,,,,,,,,,,,,,,,,,,,,,,,,,,,N,0.0,8.0,6.0,7.0,3.0,2.0,27.0,38.0,6,7,3.0,2.0,27.0,38.0,2,2,0,0.0,0.0,N8647A,N8647A-WN-0,27.0,39.0,11.0,38.0,50.0,,,0.0,27,38,0.0,0.0
N8649A,546.0,2019,2,5,2,4,2019-05-02,WN,WN,19393,WN,64,,,,,WN,19393,WN,64,13796,1379608,32457,OAK,"Oakland, CA",CA,6,California,91,11292,1129202,30325,DEN,"Denver, CO",CO,8,Colorado,82,550,-4.0,0.0,0.0,-1.0,0001-0559,13.0,559.0,853.0,6.0,915,859.0,-16.0,0.0,0.0,-2.0,0900-0959,0.0,,0.0,145.0,133.0,114.0,1.0,957.0,4,,,0.0,,0.0,,,,0,,,,,,,,,,,,,,,,,,,,,,,,,,,,,,,,,,,,,,,,,,,,,N,12.0,8.0,5.0,8.0,3.0,4.0,35.0,44.0,5,9,3.0,1.0,35.0,45.0,4,4,0,0.0,0.0,N8649A,N8649A-WN-0,35.0,47.0,9.0,44.0,56.0,,,0.0,35,44,0.0,0.0
N864AS,615.0,2019,2,5,2,4,2019-05-02,UA,UA_CODESHARE,19977,UA,5447,,,,,OO,20304,OO,5447,13930,1393007,30977,ORD,"Chicago, IL",IL,17,Illinois,41,10257,1025702,30257,ALB,"Albany, NY",NY,36,New York,22,615,0.0,0.0,0.0,0.0,0600-0659,14.0,629.0,912.0,5.0,920,917.0,-3.0,0.0,0.0,-1.0,0900-0959,0.0,,0.0,125.0,122.0,103.0,1.0,723.0,3,,,0.0,,0.0,,,,0,,,,,,,,,,,,,,,,,,,,,,,,,,,,,,,,,,,,,,,,,,,,,N,4.0,0.0,6.0,9.0,1.0,1.0,29.0,37.0,6,9,1.0,1.0,29.0,37.0,8,8,0,0.0,0.0,N864AS,N864AS-UA-0,29.0,41.0,8.0,37.0,49.0,,,0.0,29,37,0.0,0.0
N864DN,822.0,2019,2,5,2,4,2019-05-02,DL,DL,19790,DL,997,,,,,DL,19790,DL,997,12451,1245102,31136,JAX,"Jacksonville, FL",FL,12,Florida,33,10397,1039707,30397,ATL,"Atlanta, GA",GA,13,Georgia,34,830,-8.0,0.0,0.0,-1.0,0800-0859,12.0,834.0,918.0,9.0,944,927.0,-17.0,0.0,0.0,-2.0,0900-0959,0.0,,0.0,74.0,65.0,44.0,1.0,270.0,2,,,0.0,,0.0,,,,0,,,,,,,,,,,,,,,,,,,,,,,,,,,,,,,,,,,,,,,,,,,,,N,0.0,0.0,8.0,9.0,1.0,2.0,33.0,38.0,8,9,2.0,3.0,34.0,39.0,8,8,0,0.0,0.0,N864DN,N864DN-DL-0,34.0,45.0,5.0,39.0,50.0,,,0.0,34,39,0.0,0.0
N8651A,724.0,2019,2,5,2,4,2019-05-02,WN,WN,19393,WN,2101,,,,,WN,19393,WN,2101,13204,1320402,31454,MCO,"Orlando, FL",FL,12,Florida,33,13232,1323202,30977,MDW,"Chicago, IL",IL,17,Illinois,41,710,14.0,14.0,0.0,0.0,0700-0759,11.0,735.0,905.0,7.0,855,912.0,17.0,17.0,1.0,1.0,0800-0859,0.0,,0.0,165.0,168.0,150.0,1.0,990.0,4,14.0,0.0,3.0,0.0,0.0,,,,0,,,,,,,,,,,,,,,,,,,,,,,,,,,,,,,,,,,,,,,,,,,,,N,0.0,4.0,7.0,9.0,2.0,1.0,30.0,41.0,7,8,1.0,4.0,29.0,40.0,2,2,0,0.0,0.0,N8651A,N8651A-WN-0,30.0,42.0,11.0,41.0,53.0,,,0.0,32,43,2.0,5.0
N8652B,731.0,2019,2,5,2,4,2019-05-02,WN,WN,19393,WN,474,,,,,WN,19393,WN,474,10529,1052906,30529,BDL,"Hartford, CT",CT,9,Connecticut,11,15304,1530402,33195,TPA,"Tampa, FL",FL,12,Florida,33,730,1.0,1.0,0.0,0.0,0700-0759,11.0,742.0,1022.0,4.0,1030,1026.0,-4.0,0.0,0.0,-1.0,1000-1059,0.0,,0.0,180.0,175.0,160.0,1.0,1111.0,5,,,0.0,,0.0,,,,0,,,,,,,,,,,,,,,,,,,,,,,,,,,,,,,,,,,,,,,,,,,,,N,0.0,0.0,7.0,10.0,2.0,2.0,30.0,42.0,7,10,2.0,2.0,30.0,42.0,3,3,0,0.0,0.0,N8652B,N8652B-WN-0,30.0,42.0,12.0,42.0,54.0,,,0.0,30,42,0.0,0.0
N8653A,555.0,2019,2,5,2,4,2019-05-02,WN,WN,19393,WN,397,,,,,WN,19393,WN,397,10599,1059904,30599,BHM,"Birmingham, AL",AL,1,Alabama,51,13204,1320402,31454,MCO,"Orlando, FL",FL,12,Florida,33,600,-5.0,0.0,0.0,-1.0,0600-0659,10.0,605.0,818.0,8.0,830,826.0,-4.0,0.0,0.0,-1.0,0800-0859,0.0,,0.0,90.0,91.0,73.0,1.0,479.0,2,,,0.0,,0.0,,,,0,,,,,,,,,,,,,,,,,,,,,,,,,,,,,,,,,,,,,,,,,,,,,N,4.0,0.0,5.0,8.0,4.0,2.0,28.0,34.0,6,8,0.0,2.0,28.0,34.0,7,7,0,1.0,1.0,N8653A,N8653A-WN-0,28.0,40.0,6.0,34.0,46.0,,,0.0,28,34,0.0,0.0
N8653A,924.0,2019,2,5,2,4,2019-05-02,WN,WN,19393,WN,397,,,,,WN,19393,WN,397,13204,1320402,31454,MCO,"Orlando, FL",FL,12,Florida,33,10821,1082106,30852,BWI,"Baltimore, MD",MD,24,Maryland,35,915,9.0,9.0,0.0,0.0,0900-0959,12.0,936.0,1115.0,5.0,1125,1120.0,-5.0,0.0,0.0,-1.0,1100-1159,0.0,,0.0,130.0,116.0,99.0,1.0,787.0,4,,,0.0,,0.0,,,,0,,,,,,,,,,,,,,,,,,,,,,,,,,,,,,,,,,,,,,,,,,,,,N,0.0,0.0,9.0,11.0,2.0,1.0,38.0,45.0,9,11,1.0,2.0,37.0,46.0,3,3,1,1.0,0.0,N8653A,N8653A-WN-1,38.0,50.0,7.0,45.0,57.0,34.0,4.0,0.0,38,45,0.0,0.0
N8654B,529.0,2019,2,5,2,4,2019-05-02,WN,WN,19393,WN,579,,,,,WN,19393,WN,579,14771,1477104,32457,SFO,"San Francisco, CA",CA,6,California,91,13232,1323202,30977,MDW,"Chicago, IL",IL,17,Illinois,41,525,4.0,4.0,0.0,0.0,0001-0559,11.0,540.0,1104.0,4.0,1125,1108.0,-17.0,0.0,0.0,-2.0,1100-1159,0.0,,0.0,240.0,219.0,204.0,1.0,1855.0,8,,,0.0,,0.0,,,,0,,,,,,,,,,,,,,,,,,,,,,,,,,,,,,,,,,,,,,,,,,,,,N,12.0,4.0,5.0,11.0,2.0,1.0,34.0,49.0,5,11,2.0,2.0,34.0,50.0,7,7,0,0.0,0.0,N8654B,N8654B-WN-0,34.0,46.0,15.0,49.0,61.0,,,0.0,34,49,0.0,0.0
N8656B,758.0,2019,2,5,2,4,2019-05-02,WN,WN,19393,WN,1495,,,,,WN,19393,WN,1495,13204,1320402,31454,MCO,"Orlando, FL",FL,12,Florida,33,14122,1412202,30198,PIT,"Pittsburgh, PA",PA,42,Pennsylvania,23,730,28.0,28.0,1.0,1.0,0700-0759,15.0,813.0,956.0,5.0,945,1001.0,16.0,16.0,1.0,1.0,0900-0959,0.0,,0.0,135.0,123.0,103.0,1.0,834.0,4,16.0,0.0,0.0,0.0,0.0,,,,0,,,,,,,,,,,,,,,,,,,,,,,,,,,,,,,,,,,,,,,,,,,,,N,0.0,0.0,7.0,10.0,4.0,0.0,32.0,40.0,7,9,2.0,3.0,30.0,39.0,4,4,0,0.0,0.0,N8656B,N8656B-WN-0,32.0,44.0,8.0,40.0,52.0,,,0.0,32,40,0.0,0.0
N8658A,629.0,2019,2,5,2,4,2019-05-02,WN,WN,19393,WN,2235,,,,,WN,19393,WN,2235,14570,1457002,34570,RNO,"Reno, NV",NV,32,Nevada,85,12889,1288903,32211,LAS,"Las Vegas, NV",NV,32,Nevada,85,630,-1.0,0.0,0.0,-1.0,0600-0659,8.0,637.0,728.0,7.0,740,735.0,-5.0,0.0,0.0,-1.0,0700-0759,0.0,,0.0,70.0,66.0,51.0,1.0,345.0,2,,,0.0,,0.0,,,,0,,,,,,,,,,,,,,,,,,,,,,,,,,,,,,,,,,,,,,,,,,,,,N,12.0,12.0,6.0,7.0,2.0,2.0,38.0,42.0,6,7,2.0,3.0,38.0,43.0,8,8,0,0.0,0.0,N8658A,N8658A-WN-0,38.0,50.0,4.0,42.0,54.0,,,0.0,38,42,0.0,0.0
N865DN,754.0,2019,2,5,2,4,2019-05-02,DL,DL,19790,DL,994,,,,,DL,19790,DL,994,10721,1072102,30721,BOS,"Boston, MA",MA,25,Massachusetts,13,13487,1348702,31650,MSP,"Minneapolis, MN",MN,27,Minnesota,63,755,-1.0,0.0,0.0,-1.0,0700-0759,27.0,821.0,1006.0,3.0,1011,1009.0,-2.0,0.0,0.0,-1.0,1000-1059,0.0,,0.0,196.0,195.0,165.0,1.0,1124.0,5,,,0.0,,0.0,,,,0,,,,,,,,,,,,,,,,,,,,,,,,,,,,,,,,,,,,,,,,,,,,,N,0.0,4.0,7.0,10.0,4.0,1.0,32.0,45.0,7,10,4.0,1.0,32.0,45.0,4,4,0,0.0,0.0,N865DN,N865DN-DL-0,32.0,44.0,13.0,45.0,57.0,,,0.0,33,46,1.0,4.2
N865NN,834.0,2019,2,5,2,4,2019-05-02,AA,AA,19805,AA,1567,,,,,AA,19805,AA,1567,10397,1039707,30397,ATL,"Atlanta, GA",GA,13,Georgia,34,11298,1129806,30194,DFW,"Dallas/Fort Worth, TX",TX,48,Texas,74,801,33.0,33.0,1.0,2.0,0800-0859,17.0,851.0,955.0,10.0,940,1005.0,25.0,25.0,1.0,1.0,0900-0959,0.0,,0.0,159.0,151.0,124.0,1.0,731.0,3,11.0,0.0,0.0,0.0,14.0,,,,0,,,,,,,,,,,,,,,,,,,,,,,,,,,,,,,,,,,,,,,,,,,,,N,0.0,4.0,8.0,10.0,2.0,0.0,34.0,44.0,8,9,0.0,3.0,32.0,43.0,4,4,0,0.0,0.0,N865NN,N865NN-AA-0,33.0,46.0,10.0,43.0,56.0,,,1.0,33,43,0.0,0.0
N865RW,558.0,2019,2,5,2,4,2019-05-02,UA,UA_CODESHARE,19977,UA,3515,,,,,YX,20452,YX,3515,11066,1106606,31066,CMH,"Columbus, OH",OH,39,Ohio,44,11618,1161802,31703,EWR,"Newark, NJ",NJ,34,New Jersey,21,600,-2.0,0.0,0.0,-1.0,0600-0659,83.0,721.0,836.0,6.0,750,842.0,52.0,52.0,1.0,3.0,0700-0759,0.0,,0.0,110.0,164.0,75.0,1.0,463.0,2,0.0,0.0,52.0,0.0,0.0,,,,0,,,,,,,,,,,,,,,,,,,,,,,,,,,,,,,,,,,,,,,,,,,,,N,0.0,0.0,5.0,8.0,4.0,3.0,24.0,35.0,6,7,0.0,3.0,24.0,31.0,1,1,0,1.0,1.0,N865RW,N865RW-UA-0,24.0,36.0,11.0,35.0,47.0,,,3.0,24,36,1.0,1.28
N865RW,902.0,2019,2,5,2,4,2019-05-02,UA,UA_CODESHARE,19977,UA,3647,,,,,YX,20452,YX,3647,11618,1161802,31703,EWR,"Newark, NJ",NJ,34,New Jersey,21,11278,1127805,30852,DCA,"Washington, DC",VA,51,Virginia,38,835,27.0,27.0,1.0,1.0,0800-0859,27.0,929.0,1010.0,5.0,958,1015.0,17.0,17.0,1.0,1.0,0900-0959,0.0,,0.0,83.0,73.0,41.0,1.0,199.0,1,0.0,0.0,0.0,0.0,17.0,,,,0,,,,,,,,,,,,,,,,,,,,,,,,,,,,,,,,,,,,,,,,,,,,,N,0.0,0.0,9.0,10.0,0.0,1.0,36.0,41.0,8,9,2.0,4.0,34.0,40.0,2,2,1,1.0,0.0,N865RW,N865RW-UA-1,35.0,48.0,5.0,40.0,53.0,35.0,1.0,1.0,36,42,2.0,4.84
N8660A,543.0,2019,2,5,2,4,2019-05-02,WN,WN,19393,WN,1625,,,,,WN,19393,WN,1625,14107,1410702,30466,PHX,"Phoenix, AZ",AZ,4,Arizona,81,10397,1039707,30397,ATL,"Atlanta, GA",GA,13,Georgia,34,545,-2.0,0.0,0.0,-1.0,0001-0559,17.0,600.0,1223.0,10.0,1215,1233.0,18.0,18.0,1.0,1.0,1200-1259,0.0,,0.0,210.0,230.0,203.0,1.0,1587.0,7,0.0,0.0,18.0,0.0,0.0,,,,0,,,,,,,,,,,,,,,,,,,,,,,,,,,,,,,,,,,,,,,,,,,,,N,8.0,0.0,5.0,12.0,3.0,2.0,31.0,50.0,5,12,3.0,1.0,31.0,49.0,6,6,0,0.0,0.0,N8660A,N8660A-WN-0,31.0,43.0,19.0,50.0,62.0,,,1.0,31,50,0.0,0.0
N8661A,601.0,2019,2,5,2,4,2019-05-02,WN,WN,19393,WN,150,,,,,WN,19393,WN,150,15304,1530402,33195,TPA,"Tampa, FL",FL,12,Florida,33,12889,1288903,32211,LAS,"Las Vegas, NV",NV,32,Nevada,85,605,-4.0,0.0,0.0,-1.0,0600-0659,12.0,613.0,745.0,5.0,755,750.0,-5.0,0.0,0.0,-1.0,0700-0759,0.0,,0.0,290.0,289.0,272.0,1.0,1984.0,8,,,0.0,,0.0,,,,0,,,,,,,,,,,,,,,,,,,,,,,,,,,,,,,,,,,,,,,,,,,,,N,0.0,12.0,6.0,7.0,0.0,3.0,24.0,43.0,6,7,0.0,4.0,24.0,44.0,6,6,0,0.0,0.0,N8661A,N8661A-WN-0,24.0,36.0,19.0,43.0,55.0,,,0.0,24,43,0.0,0.0
N8662F,613.0,2019,2,5,2,4,2019-05-02,WN,WN,19393,WN,3713,,,,,WN,19393,WN,3713,12889,1288903,32211,LAS,"Las Vegas, NV",NV,32,Nevada,85,10821,1082106,30852,BWI,"Baltimore, MD",MD,24,Maryland,35,615,-2.0,0.0,0.0,-1.0,0600-0659,12.0,625.0,1325.0,3.0,1345,1328.0,-17.0,0.0,0.0,-2.0,1300-1359,0.0,,0.0,270.0,255.0,240.0,1.0,2106.0,9,,,0.0,,0.0,,,,0,,,,,,,,,,,,,,,,,,,,,,,,,,,,,,,,,,,,,,,,,,,,,N,12.0,0.0,6.0,13.0,1.0,2.0,37.0,54.0,6,13,1.0,3.0,37.0,55.0,4,4,0,0.0,0.0,N8662F,N8662F-WN-0,37.0,49.0,17.0,54.0,66.0,,,0.0,37,54,0.0,0.0
N8664J,628.0,2019,2,5,2,4,2019-05-02,WN,WN,19393,WN,2177,,,,,WN,19393,WN,2177,10397,1039707,30397,ATL,"Atlanta, GA",GA,13,Georgia,34,11292,1129202,30325,DEN,"Denver, CO",CO,8,Colorado,82,615,13.0,13.0,0.0,0.0,0600-0659,11.0,639.0,731.0,5.0,730,736.0,6.0,6.0,0.0,0.0,0700-0759,0.0,,0.0,195.0,188.0,172.0,1.0,1199.0,5,,,0.0,,0.0,,,,0,,,,,,,,,,,,,,,,,,,,,,,,,,,,,,,,,,,,,,,,,,,,,N,0.0,8.0,6.0,7.0,2.0,2.0,26.0,38.0,6,7,1.0,2.0,25.0,38.0,3,3,0,0.0,0.0,N8664J,N8664J-WN-0,26.0,38.0,12.0,38.0,50.0,,,0.0,26,38,0.0,0.0
N8665D,929.0,2019,2,5,2,4,2019-05-02,WN,WN,19393,WN,930,,,,,WN,19393,WN,930,11697,1169706,32467,FLL,"Fort Lauderdale, FL",FL,12,Florida,33,14107,1410702,30466,PHX,"Phoenix, AZ",AZ,4,Arizona,81,900,29.0,29.0,1.0,1.0,0900-0959,19.0,948.0,1124.0,6.0,1055,1130.0,35.0,35.0,1.0,2.0,1000-1059,0.0,,0.0,295.0,301.0,276.0,1.0,1972.0,8,29.0,0.0,6.0,0.0,0.0,,,,0,,,,,,,,,,,,,,,,,,,,,,,,,,,,,,,,,,,,,,,,,,,,,N,0.0,8.0,9.0,11.0,2.0,2.0,38.0,54.0,9,10,0.0,4.0,36.0,52.0,3,3,0,0.0,0.0,N8665D,N8665D-WN-0,38.0,50.0,16.0,54.0,66.0,,,0.0,38,54,0.0,0.0
N8667D,714.0,2019,2,5,2,4,2019-05-02,WN,WN,19393,WN,2290,,,,,WN,19393,WN,2290,15304,1530402,33195,TPA,"Tampa, FL",FL,12,Florida,33,13198,1319801,33198,MCI,"Kansas City, MO",MO,29,Missouri,64,715,-1.0,0.0,0.0,-1.0,0700-0759,19.0,733.0,849.0,5.0,855,854.0,-1.0,0.0,0.0,-1.0,0800-0859,0.0,,0.0,160.0,160.0,136.0,1.0,1048.0,5,,,0.0,,0.0,,,,0,,,,,,,,,,,,,,,,,,,,,,,,,,,,,,,,,,,,,,,,,,,,,N,0.0,4.0,7.0,8.0,1.0,4.0,29.0,40.0,7,8,1.0,4.0,29.0,40.0,9,9,0,0.0,0.0,N8667D,N8667D-WN-0,29.0,41.0,11.0,40.0,52.0,,,0.0,29,40,0.0,0.0
N8668A,628.0,2019,2,5,2,4,2019-05-02,WN,WN,19393,WN,2291,,,,,WN,19393,WN,2291,14122,1412202,30198,PIT,"Pittsburgh, PA",PA,42,Pennsylvania,23,12889,1288903,32211,LAS,"Las Vegas, NV",NV,32,Nevada,85,630,-2.0,0.0,0.0,-1.0,0600-0659,8.0,636.0,755.0,3.0,810,758.0,-12.0,0.0,0.0,-1.0,0800-0859,0.0,,0.0,280.0,270.0,259.0,1.0,1910.0,8,,,0.0,,0.0,,,,0,,,,,,,,,,,,,,,,,,,,,,,,,,,,,,,,,,,,,,,,,,,,,N,0.0,12.0,6.0,7.0,2.0,4.0,26.0,44.0,6,8,2.0,1.0,26.0,45.0,2,2,0,0.0,0.0,N8668A,N8668A-WN-0,26.0,38.0,18.0,44.0,56.0,,,0.0,26,44,0.0,0.0
N8669B,730.0,2019,2,5,2,4,2019-05-02,WN,WN,19393,WN,1319,,,,,WN,19393,WN,1319,13296,1329604,30721,MHT,"Manchester, NH",NH,33,New Hampshire,14,13204,1320402,31454,MCO,"Orlando, FL",FL,12,Florida,33,730,0.0,0.0,0.0,0.0,0700-0759,13.0,743.0,1031.0,10.0,1035,1041.0,6.0,6.0,0.0,0.0,1000-1059,0.0,,0.0,185.0,191.0,168.0,1.0,1142.0,5,,,0.0,,0.0,,,,0,,,,,,,,,,,,,,,,,,,,,,,,,,,,,,,,,,,,,,,,,,,,,N,0.0,0.0,7.0,10.0,2.0,3.0,30.0,43.0,7,10,2.0,2.0,30.0,42.0,7,7,0,0.0,0.0,N8669B,N8669B-WN-0,30.0,42.0,13.0,43.0,55.0,,,0.0,30,43,0.0,0.0
N866AS,541.0,2019,2,5,2,4,2019-05-02,AA,AA_CODESHARE,19805,AA,3113,,,,,OO,20304,OO,3113,12278,1227805,30928,ICT,"Wichita, KS",KS,20,Kansas,62,13930,1393007,30977,ORD,"Chicago, IL",IL,17,Illinois,41,543,-2.0,0.0,0.0,-1.0,0001-0559,17.0,558.0,726.0,17.0,744,743.0,-1.0,0.0,0.0,-1.0,0700-0759,0.0,,0.0,121.0,122.0,88.0,1.0,588.0,3,,,0.0,,0.0,,,,0,,,,,,,,,,,,,,,,,,,,,,,,,,,,,,,,,,,,,,,,,,,,,N,4.0,4.0,5.0,7.0,3.0,3.0,27.0,35.0,5,7,3.0,3.0,27.0,35.0,4,4,0,0.0,0.0,N866AS,N866AS-AA-0,27.0,39.0,8.0,35.0,47.0,,,0.0,27,35,0.0,0.0
N866DN,826.0,2019,2,5,2,4,2019-05-02,DL,DL,19790,DL,1753,,,,,DL,19790,DL,1753,14635,1463502,31714,RSW,"Fort Myers, FL",FL,12,Florida,33,10397,1039707,30397,ATL,"Atlanta, GA",GA,13,Georgia,34,830,-4.0,0.0,0.0,-1.0,0800-0859,9.0,835.0,954.0,16.0,1015,1010.0,-5.0,0.0,0.0,-1.0,1000-1059,0.0,,0.0,105.0,104.0,79.0,1.0,515.0,3,,,0.0,,0.0,,,,0,,,,,,,,,,,,,,,,,,,,,,,,,,,,,,,,,,,,,,,,,,,,,N,0.0,0.0,8.0,10.0,2.0,1.0,34.0,41.0,8,10,2.0,1.0,34.0,41.0,3,3,0,0.0,0.0,N866DN,N866DN-DL-0,34.0,46.0,7.0,41.0,53.0,,,0.0,34,41,0.0,0.0
N8671D,542.0,2019,2,5,2,4,2019-05-02,WN,WN,19393,WN,1264,,,,,WN,19393,WN,1264,13232,1323202,30977,MDW,"Chicago, IL",IL,17,Illinois,41,12892,1289208,32575,LAX,"Los Angeles, CA",CA,6,California,91,540,2.0,2.0,0.0,0.0,0001-0559,11.0,553.0,801.0,8.0,805,809.0,4.0,4.0,0.0,0.0,0800-0859,0.0,,0.0,265.0,267.0,248.0,1.0,1750.0,8,,,0.0,,0.0,,,,0,,,,,,,,,,,,,,,,,,,,,,,,,,,,,,,,,,,,,,,,,,,,,N,4.0,12.0,5.0,8.0,3.0,1.0,27.0,45.0,5,8,3.0,0.0,27.0,44.0,2,2,0,0.0,0.0,N8671D,N8671D-WN-0,27.0,39.0,18.0,45.0,57.0,,,0.0,27,45,0.0,0.0
N8672F,754.0,2019,2,5,2,4,2019-05-02,WN,WN,19393,WN,925,,,,,WN,19393,WN,925,12339,1233904,32337,IND,"Indianapolis, IN",IN,18,Indiana,42,10397,1039707,30397,ATL,"Atlanta, GA",GA,13,Georgia,34,750,4.0,4.0,0.0,0.0,0700-0759,10.0,804.0,913.0,7.0,925,920.0,-5.0,0.0,0.0,-1.0,0900-0959,0.0,,0.0,95.0,86.0,69.0,1.0,432.0,2,,,0.0,,0.0,,,,0,,,,,,,,,,,,,,,,,,,,,,,,,,,,,,,,,,,,,,,,,,,,,N,0.0,0.0,7.0,9.0,4.0,1.0,32.0,37.0,7,9,3.0,2.0,31.0,38.0,6,6,0,0.0,0.0,N8672F,N8672F-WN-0,32.0,44.0,5.0,37.0,49.0,,,0.0,32,37,0.0,0.0
N8673F,630.0,2019,2,5,2,4,2019-05-02,WN,WN,19393,WN,1759,,,,,WN,19393,WN,1759,14100,1410005,34100,PHL,"Philadelphia, PA",PA,42,Pennsylvania,23,13232,1323202,30977,MDW,"Chicago, IL",IL,17,Illinois,41,600,30.0,30.0,1.0,2.0,0600-0659,15.0,645.0,736.0,2.0,705,738.0,33.0,33.0,1.0,2.0,0700-0759,0.0,,0.0,125.0,128.0,111.0,1.0,668.0,3,0.0,0.0,33.0,0.0,0.0,,,,0,,,,,,,,,,,,,,,,,,,,,,,,,,,,,,,,,,,,,,,,,,,,,N,0.0,4.0,6.0,7.0,2.0,3.0,26.0,35.0,6,7,0.0,0.0,24.0,32.0,2,2,0,1.0,1.0,N8673F,N8673F-WN-0,24.0,38.0,9.0,33.0,47.0,,,2.0,24,34,1.0,2.14
N8673F,826.0,2019,2,5,2,4,2019-05-02,WN,WN,19393,WN,1759,,,,,WN,19393,WN,1759,13232,1323202,30977,MDW,"Chicago, IL",IL,17,Illinois,41,12892,1289208,32575,LAX,"Los Angeles, CA",CA,6,California,91,750,36.0,36.0,1.0,2.0,0700-0759,7.0,833.0,1039.0,17.0,1025,1056.0,31.0,31.0,1.0,2.0,1000-1059,0.0,,0.0,275.0,270.0,246.0,1.0,1750.0,8,3.0,0.0,0.0,0.0,28.0,,,,0,,,,,,,,,,,,,,,,,,,,,,,,,,,,,,,,,,,,,,,,,,,,,N,4.0,12.0,8.0,10.0,2.0,4.0,38.0,56.0,7,10,3.0,2.0,35.0,54.0,8,8,1,1.0,0.0,N8673F,N8673F-WN-1,36.0,50.0,18.0,54.0,68.0,35.0,3.0,2.0,37,55,1.0,8.22
N8675A,615.0,2019,2,5,2,4,2019-05-02,WN,WN,19393,WN,2016,,,,,WN,19393,WN,2016,12339,1233904,32337,IND,"Indianapolis, IN",IN,18,Indiana,42,14107,1410702,30466,PHX,"Phoenix, AZ",AZ,4,Arizona,81,610,5.0,5.0,0.0,0.0,0600-0659,8.0,623.0,658.0,4.0,705,702.0,-3.0,0.0,0.0,-1.0,0700-0759,0.0,,0.0,235.0,227.0,215.0,1.0,1488.0,6,,,0.0,,0.0,,,,0,,,,,,,,,,,,,,,,,,,,,,,,,,,,,,,,,,,,,,,,,,,,,N,0.0,8.0,6.0,7.0,1.0,0.0,25.0,36.0,6,7,1.0,0.0,25.0,36.0,6,6,0,0.0,0.0,N8675A,N8675A-WN-0,25.0,37.0,11.0,36.0,48.0,,,0.0,25,36,0.0,0.0
N8676A,544.0,2019,2,5,2,4,2019-05-02,WN,WN,19393,WN,6655,,,,,WN,19393,WN,6655,11292,1129202,30325,DEN,"Denver, CO",CO,8,Colorado,82,10693,1069302,30693,BNA,"Nashville, TN",TN,47,Tennessee,54,545,-1.0,0.0,0.0,-1.0,0001-0559,10.0,554.0,908.0,5.0,910,913.0,3.0,3.0,0.0,0.0,0900-0959,0.0,,0.0,145.0,149.0,134.0,1.0,1014.0,5,,,0.0,,0.0,,,,0,,,,,,,,,,,,,,,,,,,,,,,,,,,,,,,,,,,,,,,,,,,,,N,8.0,4.0,5.0,9.0,3.0,1.0,31.0,41.0,5,9,3.0,1.0,31.0,41.0,7,7,0,0.0,0.0,N8676A,N8676A-WN-0,31.0,43.0,10.0,41.0,53.0,,,0.0,31,41,0.0,0.0
N8677A,722.0,2019,2,5,2,4,2019-05-02,WN,WN,19393,WN,431,,,,,WN,19393,WN,431,14107,1410702,30466,PHX,"Phoenix, AZ",AZ,4,Arizona,81,10821,1082106,30852,BWI,"Baltimore, MD",MD,24,Maryland,35,700,22.0,22.0,1.0,1.0,0700-0759,11.0,733.0,1428.0,3.0,1410,1431.0,21.0,21.0,1.0,1.0,1400-1459,0.0,,0.0,250.0,249.0,235.0,1.0,1999.0,8,21.0,0.0,0.0,0.0,0.0,,,,0,,,,,,,,,,,,,,,,,,,,,,,,,,,,,,,,,,,,,,,,,,,,,N,8.0,0.0,7.0,14.0,1.0,2.0,37.0,58.0,7,14,0.0,1.0,36.0,57.0,6,6,0,0.0,0.0,N8677A,N8677A-WN-0,37.0,49.0,21.0,58.0,70.0,,,0.0,37,58,0.0,0.0
N8678E,731.0,2019,2,5,2,4,2019-05-02,WN,WN,19393,WN,324,,,,,WN,19393,WN,324,14100,1410005,34100,PHL,"Philadelphia, PA",PA,42,Pennsylvania,23,11697,1169706,32467,FLL,"Fort Lauderdale, FL",FL,12,Florida,33,735,-4.0,0.0,0.0,-1.0,0700-0759,16.0,747.0,1011.0,3.0,1025,1014.0,-11.0,0.0,0.0,-1.0,1000-1059,0.0,,0.0,170.0,163.0,144.0,1.0,992.0,4,,,0.0,,0.0,,,,0,,,,,,,,,,,,,,,,,,,,,,,,,,,,,,,,,,,,,,,,,,,,,N,0.0,0.0,7.0,10.0,2.0,1.0,30.0,41.0,7,10,2.0,2.0,30.0,42.0,8,8,0,0.0,0.0,N8678E,N8678E-WN-0,30.0,42.0,11.0,41.0,53.0,,,0.0,30,41,0.0,0.0
N8679A,612.0,2019,2,5,2,4,2019-05-02,WN,WN,19393,WN,1601,,,,,WN,19393,WN,1601,13871,1387102,33316,OMA,"Omaha, NE",NE,31,Nebraska,65,14107,1410702,30466,PHX,"Phoenix, AZ",AZ,4,Arizona,81,615,-3.0,0.0,0.0,-1.0,0600-0659,8.0,620.0,654.0,7.0,705,701.0,-4.0,0.0,0.0,-1.0,0700-0759,0.0,,0.0,170.0,169.0,154.0,1.0,1037.0,5,,,0.0,,0.0,,,,0,,,,,,,,,,,,,,,,,,,,,,,,,,,,,,,,,,,,,,,,,,,,,N,4.0,8.0,6.0,7.0,1.0,0.0,29.0,36.0,6,7,1.0,0.0,29.0,36.0,5,5,0,0.0,0.0,N8679A,N8679A-WN-0,29.0,41.0,7.0,36.0,48.0,,,0.0,29,37,1.0,5.28
N867DN,801.0,2019,2,5,2,4,2019-05-02,DL,DL,19790,DL,2836,,,,,DL,19790,DL,2836,12478,1247805,31703,JFK,"New York, NY",NY,36,New York,22,11292,1129202,30325,DEN,"Denver, CO",CO,8,Colorado,82,805,-4.0,0.0,0.0,-1.0,0800-0859,22.0,823.0,1005.0,6.0,1043,1011.0,-32.0,0.0,0.0,-2.0,1000-1059,0.0,,0.0,278.0,250.0,222.0,1.0,1626.0,7,,,0.0,,0.0,,,,0,,,,,,,,,,,,,,,,,,,,,,,,,,,,,,,,,,,,,,,,,,,,,N,0.0,8.0,8.0,10.0,0.0,1.0,32.0,49.0,8,10,0.0,3.0,32.0,51.0,3,3,0,0.0,0.0,N867DN,N867DN-DL-0,32.0,44.0,17.0,49.0,61.0,,,0.0,35,52,3.0,10.74
N867NN,737.0,2019,2,5,2,4,2019-05-02,AA,AA,19805,AA,1586,,,,,AA,19805,AA,1586,11996,1199603,31871,GSP,"Greer, SC",SC,45,South Carolina,37,11298,1129806,30194,DFW,"Dallas/Fort Worth, TX",TX,48,Texas,74,737,0.0,0.0,0.0,0.0,0700-0759,28.0,805.0,926.0,14.0,929,940.0,11.0,11.0,0.0,0.0,0900-0959,0.0,,0.0,172.0,183.0,141.0,1.0,862.0,4,,,0.0,,0.0,,,,0,,,,,,,,,,,,,,,,,,,,,,,,,,,,,,,,,,,,,,,,,,,,,N,0.0,4.0,7.0,9.0,2.0,3.0,30.0,43.0,7,9,2.0,2.0,30.0,42.0,1,1,0,0.0,0.0,N867NN,N867NN-AA-0,30.0,42.0,13.0,43.0,55.0,,,0.0,30,43,0.0,0.0
N867RW,558.0,2019,2,5,2,4,2019-05-02,DL,DL_CODESHARE,19790,DL,5911,,,,,YX,20452,YX,5911,11278,1127805,30852,DCA,"Washington, DC",VA,51,Virginia,38,12953,1295304,31703,LGA,"New York, NY",NY,36,New York,22,600,-2.0,0.0,0.0,-1.0,0600-0659,24.0,622.0,704.0,6.0,715,710.0,-5.0,0.0,0.0,-1.0,0700-0759,0.0,,0.0,75.0,72.0,42.0,1.0,214.0,1,,,0.0,,0.0,,,,0,,,,,,,,,,,,,,,,,,,,,,,,,,,,,,,,,,,,,,,,,,,,,N,0.0,0.0,5.0,7.0,4.0,1.0,24.0,29.0,6,7,0.0,1.0,24.0,29.0,6,6,0,1.0,1.0,N867RW,N867RW-DL-0,24.0,36.0,5.0,29.0,41.0,,,0.0,24,29,0.0,0.0
N867RW,747.0,2019,2,5,2,4,2019-05-02,DL,DL_CODESHARE,19790,DL,5945,,,,,YX,20452,YX,5945,12953,1295304,31703,LGA,"New York, NY",NY,36,New York,22,11057,1105703,31057,CLT,"Charlotte, NC",NC,37,North Carolina,36,755,-8.0,0.0,0.0,-1.0,0700-0759,15.0,802.0,930.0,16.0,1007,946.0,-21.0,0.0,0.0,-2.0,1000-1059,0.0,,0.0,132.0,119.0,88.0,1.0,544.0,3,,,0.0,,0.0,,,,0,,,,,,,,,,,,,,,,,,,,,,,,,,,,,,,,,,,,,,,,,,,,,N,0.0,0.0,7.0,9.0,3.0,3.0,31.0,39.0,7,10,4.0,0.0,32.0,40.0,1,1,1,1.0,0.0,N867RW,N867RW-DL-1,32.0,43.0,8.0,40.0,51.0,29.0,2.0,0.0,33,41,1.0,1.3
N8681M,649.0,2019,2,5,2,4,2019-05-02,WN,WN,19393,WN,697,,,,,WN,19393,WN,697,11884,1188402,31884,GEG,"Spokane, WA",WA,53,Washington,93,11292,1129202,30325,DEN,"Denver, CO",CO,8,Colorado,82,640,9.0,9.0,0.0,0.0,0600-0659,9.0,658.0,942.0,6.0,945,948.0,3.0,3.0,0.0,0.0,0900-0959,0.0,,0.0,125.0,119.0,104.0,1.0,836.0,4,,,0.0,,0.0,,,,0,,,,,,,,,,,,,,,,,,,,,,,,,,,,,,,,,,,,,,,,,,,,,N,12.0,8.0,6.0,9.0,3.0,3.0,39.0,47.0,6,9,3.0,3.0,39.0,47.0,1,1,0,0.0,0.0,N8681M,N8681M-WN-0,39.0,51.0,8.0,47.0,59.0,,,0.0,39,47,0.0,0.0
N8682B,559.0,2019,2,5,2,4,2019-05-02,WN,WN,19393,WN,2014,,,,,WN,19393,WN,2014,10693,1069302,30693,BNA,"Nashville, TN",TN,47,Tennessee,54,12892,1289208,32575,LAX,"Los Angeles, CA",CA,6,California,91,600,-1.0,0.0,0.0,-1.0,0600-0659,10.0,609.0,815.0,8.0,835,823.0,-12.0,0.0,0.0,-1.0,0800-0859,0.0,,0.0,275.0,264.0,246.0,1.0,1797.0,8,,,0.0,,0.0,,,,0,,,,,,,,,,,,,,,,,,,,,,,,,,,,,,,,,,,,,,,,,,,,,N,4.0,12.0,5.0,8.0,4.0,2.0,28.0,46.0,6,8,0.0,2.0,28.0,46.0,5,5,0,0.0,0.0,N8682B,N8682B-WN-0,28.0,40.0,18.0,46.0,58.0,,,0.0,28,46,0.0,0.0
N8683B,741.0,2019,2,5,2,4,2019-05-02,DL,DL_CODESHARE,19790,DL,3462,,,,,9E,20363,9E,3462,15412,1541205,35412,TYS,"Knoxville, TN",TN,47,Tennessee,54,11433,1143302,31295,DTW,"Detroit, MI",MI,26,Michigan,43,745,-4.0,0.0,0.0,-1.0,0700-0759,10.0,751.0,911.0,13.0,924,924.0,0.0,0.0,0.0,0.0,0900-0959,0.0,,0.0,99.0,103.0,80.0,1.0,443.0,2,,,0.0,,0.0,,,,0,,,,,,,,,,,,,,,,,,,,,,,,,,,,,,,,,,,,,,,,,,,,,N,0.0,0.0,7.0,9.0,3.0,2.0,31.0,38.0,7,9,3.0,2.0,31.0,38.0,1,1,0,0.0,0.0,N8683B,N8683B-DL-0,31.0,43.0,7.0,38.0,50.0,,,0.0,31,40,2.0,2.94
N8683D,711.0,2019,2,5,2,4,2019-05-02,WN,WN,19393,WN,675,,,,,WN,19393,WN,675,10257,1025702,30257,ALB,"Albany, NY",NY,36,New York,22,11697,1169706,32467,FLL,"Fort Lauderdale, FL",FL,12,Florida,33,705,6.0,6.0,0.0,0.0,0700-0759,8.0,719.0,1006.0,4.0,1020,1010.0,-10.0,0.0,0.0,-1.0,1000-1059,0.0,,0.0,195.0,179.0,167.0,1.0,1204.0,5,,,0.0,,0.0,,,,0,,,,,,,,,,,,,,,,,,,,,,,,,,,,,,,,,,,,,,,,,,,,,N,0.0,0.0,7.0,10.0,1.0,1.0,29.0,41.0,7,10,0.0,1.0,28.0,41.0,5,5,0,0.0,0.0,N8683D,N8683D-WN-0,29.0,41.0,12.0,41.0,53.0,,,0.0,29,41,0.0,0.0
N8685B,640.0,2019,2,5,2,4,2019-05-02,WN,WN,19393,WN,2164,,,,,WN,19393,WN,2164,13495,1349505,33495,MSY,"New Orleans, LA",LA,22,Louisiana,72,10821,1082106,30852,BWI,"Baltimore, MD",MD,24,Maryland,35,640,0.0,0.0,0.0,0.0,0600-0659,9.0,649.0,957.0,3.0,1010,1000.0,-10.0,0.0,0.0,-1.0,1000-1059,0.0,,0.0,150.0,140.0,128.0,1.0,998.0,4,,,0.0,,0.0,,,,0,,,,,,,,,,,,,,,,,,,,,,,,,,,,,,,,,,,,,,,,,,,,,N,4.0,0.0,6.0,10.0,3.0,0.0,31.0,40.0,6,10,3.0,1.0,31.0,41.0,7,7,0,0.0,0.0,N8685B,N8685B-WN-0,31.0,43.0,9.0,40.0,52.0,,,0.0,31,40,0.0,0.0
N8686A,738.0,2019,2,5,2,4,2019-05-02,WN,WN,19393,WN,2108,,,,,WN,19393,WN,2108,13198,1319801,33198,MCI,"Kansas City, MO",MO,29,Missouri,64,14679,1467903,33570,SAN,"San Diego, CA",CA,6,California,91,720,18.0,18.0,1.0,1.0,0700-0759,8.0,746.0,853.0,6.0,845,859.0,14.0,14.0,0.0,0.0,0800-0859,0.0,,0.0,205.0,201.0,187.0,1.0,1334.0,6,,,0.0,,0.0,,,,0,,,,,,,,,,,,,,,,,,,,,,,,,,,,,,,,,,,,,,,,,,,,,N,4.0,12.0,7.0,8.0,3.0,4.0,35.0,48.0,7,8,1.0,3.0,33.0,47.0,2,2,0,0.0,0.0,N8686A,N8686A-WN-0,35.0,47.0,13.0,48.0,60.0,,,0.0,35,48,0.0,0.0
N8687A,704.0,2019,2,5,2,4,2019-05-02,WN,WN,19393,WN,882,,,,,WN,19393,WN,882,11066,1106606,31066,CMH,"Columbus, OH",OH,39,Ohio,44,11292,1129202,30325,DEN,"Denver, CO",CO,8,Colorado,82,615,49.0,49.0,1.0,3.0,0600-0659,11.0,715.0,807.0,4.0,720,811.0,51.0,51.0,1.0,3.0,0700-0759,0.0,,0.0,185.0,187.0,172.0,1.0,1154.0,5,49.0,0.0,2.0,0.0,0.0,,,,0,,,,,,,,,,,,,,,,,,,,,,,,,,,,,,,,,,,,,,,,,,,,,N,0.0,8.0,7.0,8.0,0.0,1.0,28.0,41.0,6,7,1.0,1.0,25.0,37.0,2,2,0,0.0,0.0,N8687A,N8687A-WN-0,28.0,40.0,13.0,41.0,53.0,,,0.0,28,41,0.0,0.0
N8688J,600.0,2019,2,5,2,4,2019-05-02,WN,WN,19393,WN,716,,,,,WN,19393,WN,716,14057,1405702,34057,PDX,"Portland, OR",OR,41,Oregon,92,13232,1323202,30977,MDW,"Chicago, IL",IL,17,Illinois,41,600,0.0,0.0,0.0,0.0,0600-0659,13.0,613.0,1142.0,4.0,1200,1146.0,-14.0,0.0,0.0,-1.0,1200-1259,0.0,,0.0,240.0,226.0,209.0,1.0,1751.0,8,,,0.0,,0.0,,,,0,,,,,,,,,,,,,,,,,,,,,,,,,,,,,,,,,,,,,,,,,,,,,N,12.0,4.0,6.0,11.0,0.0,3.0,36.0,51.0,6,12,0.0,0.0,36.0,52.0,7,7,0,0.0,0.0,N8688J,N8688J-WN-0,36.0,48.0,15.0,51.0,63.0,,,0.0,36,51,0.0,0.0
N8689C,643.0,2019,2,5,2,4,2019-05-02,WN,WN,19393,WN,254,,,,,WN,19393,WN,254,10821,1082106,30852,BWI,"Baltimore, MD",MD,24,Maryland,35,12889,1288903,32211,LAS,"Las Vegas, NV",NV,32,Nevada,85,635,8.0,8.0,0.0,0.0,0600-0659,10.0,653.0,858.0,3.0,845,901.0,16.0,16.0,1.0,1.0,0800-0859,0.0,,0.0,310.0,318.0,305.0,1.0,2106.0,9,8.0,0.0,8.0,0.0,0.0,,,,0,,,,,,,,,,,,,,,,,,,,,,,,,,,,,,,,,,,,,,,,,,,,,N,0.0,12.0,6.0,9.0,3.0,0.0,27.0,48.0,6,8,2.0,3.0,26.0,47.0,2,2,0,0.0,0.0,N8689C,N8689C-WN-0,26.0,39.0,21.0,47.0,60.0,,,1.0,27,48,1.0,2.4
N868CA,629.0,2019,2,5,2,4,2019-05-02,DL,DL_CODESHARE,19790,DL,7396,,,,,OO,20304,OO,7396,15389,1538902,35389,TWF,"Twin Falls, ID",ID,16,Idaho,83,14869,1486903,34614,SLC,"Salt Lake City, UT",UT,49,Utah,87,630,-1.0,0.0,0.0,-1.0,0600-0659,5.0,634.0,704.0,4.0,730,708.0,-22.0,0.0,0.0,-2.0,0700-0759,0.0,,0.0,60.0,39.0,30.0,1.0,175.0,1,,,0.0,,0.0,,,,0,,,,,,,,,,,,,,,,,,,,,,,,,,,,,,,,,,,,,,,,,,,,,N,8.0,8.0,6.0,7.0,2.0,1.0,34.0,37.0,6,7,2.0,2.0,34.0,38.0,1,1,0,0.0,0.0,N868CA,N868CA-DL-0,34.0,46.0,3.0,37.0,49.0,,,0.0,34,37,0.0,0.0
N868DN,626.0,2019,2,5,2,4,2019-05-02,DL,DL,19790,DL,1845,,,,,DL,19790,DL,1845,13871,1387102,33316,OMA,"Omaha, NE",NE,31,Nebraska,65,13487,1348702,31650,MSP,"Minneapolis, MN",MN,27,Minnesota,63,630,-4.0,0.0,0.0,-1.0,0600-0659,10.0,636.0,721.0,4.0,749,725.0,-24.0,0.0,0.0,-2.0,0700-0759,0.0,,0.0,79.0,59.0,45.0,1.0,282.0,2,,,0.0,,0.0,,,,0,,,,,,,,,,,,,,,,,,,,,,,,,,,,,,,,,,,,,,,,,,,,,N,4.0,4.0,6.0,7.0,2.0,2.0,30.0,34.0,6,7,2.0,3.0,30.0,35.0,3,3,0,1.0,1.0,N868DN,N868DN-DL-0,30.0,42.0,4.0,34.0,46.0,,,0.0,30,34,0.0,0.0
N868DN,845.0,2019,2,5,2,4,2019-05-02,DL,DL,19790,DL,2733,,,,,DL,19790,DL,2733,13487,1348702,31650,MSP,"Minneapolis, MN",MN,27,Minnesota,63,12892,1289208,32575,LAX,"Los Angeles, CA",CA,6,California,91,850,-5.0,0.0,0.0,-1.0,0800-0859,26.0,911.0,1044.0,14.0,1046,1058.0,12.0,12.0,0.0,0.0,1000-1059,0.0,,0.0,236.0,253.0,213.0,1.0,1535.0,7,,,0.0,,0.0,,,,0,,,,,,,,,,,,,,,,,,,,,,,,,,,,,,,,,,,,,,,,,,,,,N,4.0,12.0,8.0,10.0,3.0,4.0,39.0,56.0,8,10,3.0,3.0,39.0,55.0,1,1,1,1.0,0.0,N868DN,N868DN-DL-1,39.0,51.0,17.0,56.0,68.0,34.0,5.0,0.0,39,56,0.0,0.0
N868NN,732.0,2019,2,5,2,4,2019-05-02,AA,AA,19805,AA,1220,,,,,AA,19805,AA,1220,14027,1402702,34027,PBI,"West Palm Beach/Palm Beach, FL",FL,12,Florida,33,11298,1129806,30194,DFW,"Dallas/Fort Worth, TX",TX,48,Texas,74,735,-3.0,0.0,0.0,-1.0,0700-0759,13.0,745.0,1057.0,12.0,955,1109.0,74.0,74.0,1.0,4.0,0900-0959,0.0,,0.0,200.0,277.0,252.0,1.0,1102.0,5,0.0,0.0,74.0,0.0,0.0,,,,0,,,,,,,,,,,,,,,,,,,,,,,,,,,,,,,,,,,,,,,,,,,,,N,0.0,4.0,7.0,11.0,2.0,1.0,30.0,49.0,7,9,2.0,4.0,30.0,44.0,8,8,0,0.0,0.0,N868NN,N868NN-AA-0,30.0,42.0,19.0,49.0,61.0,,,5.0,30,49,0.0,0.0
N868RW,636.0,2019,2,5,2,4,2019-05-02,DL,DL_CODESHARE,19790,DL,6114,,,,,YX,20452,YX,6114,14730,1473003,33044,SDF,"Louisville, KY",KY,21,Kentucky,52,12953,1295304,31703,LGA,"New York, NY",NY,36,New York,22,640,-4.0,0.0,0.0,-1.0,0600-0659,12.0,648.0,834.0,12.0,855,846.0,-9.0,0.0,0.0,-1.0,0800-0859,0.0,,0.0,135.0,130.0,106.0,1.0,659.0,3,,,0.0,,0.0,,,,0,,,,,,,,,,,,,,,,,,,,,,,,,,,,,,,,,,,,,,,,,,,,,N,0.0,0.0,6.0,8.0,2.0,3.0,26.0,35.0,6,8,3.0,4.0,27.0,36.0,4,4,0,1.0,1.0,N868RW,N868RW-DL-0,27.0,38.0,9.0,36.0,47.0,,,0.0,27,36,0.0,0.0
N868RW,930.0,2019,2,5,2,4,2019-05-02,DL,DL_CODESHARE,19790,DL,6047,,,,,YX,20452,YX,6047,12953,1295304,31703,LGA,"New York, NY",NY,36,New York,22,11986,1198603,31986,GRR,"Grand Rapids, MI",MI,26,Michigan,43,935,-5.0,0.0,0.0,-1.0,0900-0959,37.0,1007.0,1147.0,5.0,1149,1152.0,3.0,3.0,0.0,0.0,1100-1159,0.0,,0.0,134.0,142.0,100.0,1.0,618.0,3,,,0.0,,0.0,,,,0,,,,,,,,,,,,,,,,,,,,,,,,,,,,,,,,,,,,,,,,,,,,,N,0.0,0.0,9.0,11.0,2.0,3.0,38.0,47.0,9,11,2.0,3.0,38.0,47.0,2,2,1,1.0,0.0,N868RW,N868RW-DL-1,38.0,50.0,9.0,47.0,59.0,35.0,3.0,0.0,42,51,4.0,11.64
N8690A,552.0,2019,2,5,2,4,2019-05-02,WN,WN,19393,WN,2186,,,,,WN,19393,WN,2186,13198,1319801,33198,MCI,"Kansas City, MO",MO,29,Missouri,64,14107,1410702,30466,PHX,"Phoenix, AZ",AZ,4,Arizona,81,550,2.0,2.0,0.0,0.0,0001-0559,10.0,602.0,634.0,3.0,640,637.0,-3.0,0.0,0.0,-1.0,0600-0659,0.0,,0.0,170.0,165.0,152.0,1.0,1044.0,5,,,0.0,,0.0,,,,0,,,,,,,,,,,,,,,,,,,,,,,,,,,,,,,,,,,,,,,,,,,,,N,4.0,8.0,5.0,6.0,3.0,2.0,27.0,34.0,5,6,3.0,3.0,27.0,35.0,4,4,0,1.0,1.0,N8690A,N8690A-WN-0,27.0,39.0,7.0,34.0,46.0,,,0.0,27,34,0.0,0.0
N8690A,740.0,2019,2,5,2,4,2019-05-02,WN,WN,19393,WN,2186,,,,,WN,19393,WN,2186,14107,1410702,30466,PHX,"Phoenix, AZ",AZ,4,Arizona,81,14831,1483106,32457,SJC,"San Jose, CA",CA,6,California,91,735,5.0,5.0,0.0,0.0,0700-0759,18.0,758.0,934.0,3.0,930,937.0,7.0,7.0,0.0,0.0,0900-0959,0.0,,0.0,115.0,117.0,96.0,1.0,621.0,3,,,0.0,,0.0,,,,0,,,,,,,,,,,,,,,,,,,,,,,,,,,,,,,,,,,,,,,,,,,,,N,8.0,12.0,7.0,9.0,3.0,2.0,39.0,50.0,7,9,2.0,2.0,38.0,50.0,4,4,1,1.0,0.0,N8690A,N8690A-WN-1,39.0,51.0,11.0,50.0,62.0,34.0,5.0,0.0,39,50,0.0,0.0
N8692F,655.0,2019,2,5,2,4,2019-05-02,WN,WN,19393,WN,1396,,,,,WN,19393,WN,1396,13204,1320402,31454,MCO,"Orlando, FL",FL,12,Florida,33,12889,1288903,32211,LAS,"Las Vegas, NV",NV,32,Nevada,85,655,0.0,0.0,0.0,0.0,0600-0659,17.0,712.0,855.0,3.0,850,858.0,8.0,8.0,0.0,0.0,0800-0859,0.0,,0.0,295.0,303.0,283.0,1.0,2039.0,9,,,0.0,,0.0,,,,0,,,,,,,,,,,,,,,,,,,,,,,,,,,,,,,,,,,,,,,,,,,,,N,0.0,12.0,6.0,8.0,4.0,4.0,28.0,48.0,6,8,4.0,3.0,28.0,47.0,5,5,0,0.0,0.0,N8692F,N8692F-WN-0,28.0,40.0,20.0,48.0,60.0,,,0.0,28,48,0.0,0.0
N8693A,640.0,2019,2,5,2,4,2019-05-02,WN,WN,19393,WN,1536,,,,,WN,19393,WN,1536,14679,1467903,33570,SAN,"San Diego, CA",CA,6,California,91,14771,1477104,32457,SFO,"San Francisco, CA",CA,6,California,91,645,-5.0,0.0,0.0,-1.0,0600-0659,24.0,704.0,810.0,6.0,825,816.0,-9.0,0.0,0.0,-1.0,0800-0859,0.0,,0.0,100.0,96.0,66.0,1.0,447.0,2,,,0.0,,0.0,,,,0,,,,,,,,,,,,,,,,,,,,,,,,,,,,,,,,,,,,,,,,,,,,,N,12.0,12.0,6.0,8.0,3.0,1.0,39.0,45.0,6,8,3.0,2.0,39.0,46.0,5,5,0,0.0,0.0,N8693A,N8693A-WN-0,39.0,51.0,6.0,45.0,57.0,,,0.0,42,48,3.0,17.42
N8694A,654.0,2019,2,5,2,4,2019-05-02,DL,DL_CODESHARE,19790,DL,5061,,,,,9E,20363,9E,5061,11193,1119302,33105,CVG,"Cincinnati, OH",KY,21,Kentucky,52,11057,1105703,31057,CLT,"Charlotte, NC",NC,37,North Carolina,36,705,-11.0,0.0,0.0,-1.0,0700-0759,28.0,722.0,825.0,11.0,850,836.0,-14.0,0.0,0.0,-1.0,0800-0859,0.0,,0.0,105.0,102.0,63.0,1.0,335.0,2,,,0.0,,0.0,,,,0,,,,,,,,,,,,,,,,,,,,,,,,,,,,,,,,,,,,,,,,,,,,,N,0.0,0.0,6.0,8.0,4.0,2.0,28.0,34.0,7,8,0.0,3.0,28.0,35.0,6,6,0,1.0,1.0,N8694A,N8694A-DL-0,28.0,40.0,6.0,34.0,46.0,,,0.0,28,34,0.0,0.0
N8694A,910.0,2019,2,5,2,4,2019-05-02,DL,DL_CODESHARE,19790,DL,5061,,,,,9E,20363,9E,5061,11057,1105703,31057,CLT,"Charlotte, NC",NC,37,North Carolina,36,11193,1119302,33105,CVG,"Cincinnati, OH",KY,21,Kentucky,52,920,-10.0,0.0,0.0,-1.0,0900-0959,20.0,930.0,1030.0,5.0,1048,1035.0,-13.0,0.0,0.0,-1.0,1000-1059,0.0,,0.0,88.0,85.0,60.0,1.0,335.0,2,,,0.0,,0.0,,,,0,,,,,,,,,,,,,,,,,,,,,,,,,,,,,,,,,,,,,,,,,,,,,N,0.0,0.0,9.0,10.0,1.0,2.0,37.0,42.0,9,10,1.0,3.0,37.0,43.0,5,5,1,1.0,0.0,N8694A,N8694A-DL-1,37.0,49.0,5.0,42.0,54.0,34.0,3.0,0.0,37,42,0.0,0.0
N8694E,532.0,2019,2,5,2,4,2019-05-02,WN,WN,19393,WN,200,,,,,WN,19393,WN,200,11292,1129202,30325,DEN,"Denver, CO",CO,8,Colorado,82,10397,1039707,30397,ATL,"Atlanta, GA",GA,13,Georgia,34,535,-3.0,0.0,0.0,-1.0,0001-0559,9.0,541.0,1021.0,8.0,1030,1029.0,-1.0,0.0,0.0,-1.0,1000-1059,0.0,,0.0,175.0,177.0,160.0,1.0,1199.0,5,,,0.0,,0.0,,,,0,,,,,,,,,,,,,,,,,,,,,,,,,,,,,,,,,,,,,,,,,,,,,N,8.0,0.0,5.0,10.0,2.0,2.0,30.0,42.0,5,10,2.0,2.0,30.0,42.0,6,6,0,0.0,0.0,N8694E,N8694E-WN-0,30.0,42.0,12.0,42.0,54.0,,,0.0,30,42,0.0,0.0
N8695D,642.0,2019,2,5,2,4,2019-05-02,WN,WN,19393,WN,1842,,,,,WN,19393,WN,1842,15304,1530402,33195,TPA,"Tampa, FL",FL,12,Florida,33,15016,1501606,31123,STL,"St. Louis, MO",MO,29,Missouri,64,645,-3.0,0.0,0.0,-1.0,0600-0659,12.0,654.0,755.0,11.0,805,806.0,1.0,1.0,0.0,0.0,0800-0859,0.0,,0.0,140.0,144.0,121.0,1.0,869.0,4,,,0.0,,0.0,,,,0,,,,,,,,,,,,,,,,,,,,,,,,,,,,,,,,,,,,,,,,,,,,,N,0.0,4.0,6.0,8.0,3.0,0.0,27.0,36.0,6,8,3.0,0.0,27.0,36.0,6,6,0,1.0,1.0,N8695D,N8695D-WN-0,27.0,39.0,9.0,36.0,48.0,,,0.0,27,36,0.0,0.0
N8695D,851.0,2019,2,5,2,4,2019-05-02,WN,WN,19393,WN,1842,,,,,WN,19393,WN,1842,15016,1501606,31123,STL,"St. Louis, MO",MO,29,Missouri,64,11292,1129202,30325,DEN,"Denver, CO",CO,8,Colorado,82,850,1.0,1.0,0.0,0.0,0800-0859,11.0,902.0,1001.0,10.0,1010,1011.0,1.0,1.0,0.0,0.0,1000-1059,0.0,,0.0,140.0,140.0,119.0,1.0,770.0,4,,,0.0,,0.0,,,,0,,,,,,,,,,,,,,,,,,,,,,,,,,,,,,,,,,,,,,,,,,,,,N,4.0,8.0,8.0,10.0,3.0,1.0,39.0,49.0,8,10,3.0,1.0,39.0,49.0,7,7,1,1.0,0.0,N8695D,N8695D-WN-1,39.0,51.0,10.0,49.0,61.0,36.0,3.0,0.0,39,49,0.0,0.0
N8696E,541.0,2019,2,5,2,4,2019-05-02,WN,WN,19393,WN,2222,,,,,WN,19393,WN,2222,10693,1069302,30693,BNA,"Nashville, TN",TN,47,Tennessee,54,14107,1410702,30466,PHX,"Phoenix, AZ",AZ,4,Arizona,81,540,1.0,1.0,0.0,0.0,0001-0559,7.0,548.0,712.0,6.0,720,718.0,-2.0,0.0,0.0,-1.0,0700-0759,0.0,,0.0,220.0,217.0,204.0,1.0,1449.0,6,,,0.0,,0.0,,,,0,,,,,,,,,,,,,,,,,,,,,,,,,,,,,,,,,,,,,,,,,,,,,N,4.0,8.0,5.0,7.0,3.0,1.0,27.0,37.0,5,7,3.0,1.0,27.0,37.0,3,3,0,0.0,0.0,N8696E,N8696E-WN-0,27.0,39.0,10.0,37.0,49.0,,,0.0,27,38,1.0,3.2
N8697C,734.0,2019,2,5,2,4,2019-05-02,WN,WN,19393,WN,1512,,,,,WN,19393,WN,1512,15376,1537604,30436,TUS,"Tucson, AZ",AZ,4,Arizona,81,13232,1323202,30977,MDW,"Chicago, IL",IL,17,Illinois,41,735,-1.0,0.0,0.0,-1.0,0700-0759,35.0,809.0,1259.0,5.0,1245,1304.0,19.0,19.0,1.0,1.0,1200-1259,0.0,,0.0,190.0,210.0,170.0,1.0,1440.0,6,0.0,0.0,19.0,0.0,0.0,,,,0,,,,,,,,,,,,,,,,,,,,,,,,,,,,,,,,,,,,,,,,,,,,,N,8.0,4.0,7.0,13.0,2.0,0.0,38.0,56.0,7,12,2.0,3.0,38.0,55.0,2,2,0,0.0,0.0,N8697C,N8697C-WN-0,38.0,50.0,18.0,56.0,68.0,,,1.0,38,56,0.0,0.0
N8698B,648.0,2019,2,5,2,4,2019-05-02,WN,WN,19393,WN,2050,,,,,WN,19393,WN,2050,10721,1072102,30721,BOS,"Boston, MA",MA,25,Massachusetts,13,10821,1082106,30852,BWI,"Baltimore, MD",MD,24,Maryland,35,650,-2.0,0.0,0.0,-1.0,0600-0659,12.0,700.0,806.0,12.0,825,818.0,-7.0,0.0,0.0,-1.0,0800-0859,0.0,,0.0,95.0,90.0,66.0,1.0,369.0,2,,,0.0,,0.0,,,,0,,,,,,,,,,,,,,,,,,,,,,,,,,,,,,,,,,,,,,,,,,,,,N,0.0,0.0,6.0,8.0,3.0,1.0,27.0,33.0,6,8,3.0,2.0,27.0,34.0,8,8,0,1.0,1.0,N8698B,N8698B-WN-0,27.0,39.0,6.0,33.0,45.0,,,0.0,27,33,0.0,0.0
N8698B,909.0,2019,2,5,2,4,2019-05-02,WN,WN,19393,WN,2050,,,,,WN,19393,WN,2050,10821,1082106,30852,BWI,"Baltimore, MD",MD,24,Maryland,35,11697,1169706,32467,FLL,"Fort Lauderdale, FL",FL,12,Florida,33,910,-1.0,0.0,0.0,-1.0,0900-0959,13.0,922.0,1129.0,5.0,1145,1134.0,-11.0,0.0,0.0,-1.0,1100-1159,0.0,,0.0,155.0,145.0,127.0,1.0,925.0,4,,,0.0,,0.0,,,,0,,,,,,,,,,,,,,,,,,,,,,,,,,,,,,,,,,,,,,,,,,,,,N,0.0,0.0,9.0,11.0,1.0,2.0,37.0,46.0,9,11,1.0,3.0,37.0,47.0,2,2,1,1.0,0.0,N8698B,N8698B-WN-1,37.0,49.0,9.0,46.0,58.0,33.0,4.0,0.0,39,48,2.0,5.0
N8699A,753.0,2019,2,5,2,4,2019-05-02,WN,WN,19393,WN,1290,,,,,WN,19393,WN,1290,11292,1129202,30325,DEN,"Denver, CO",CO,8,Colorado,82,12264,1226402,30852,IAD,"Washington, DC",VA,51,Virginia,38,645,68.0,68.0,1.0,4.0,0600-0659,12.0,805.0,1247.0,7.0,1205,1254.0,49.0,49.0,1.0,3.0,1200-1259,0.0,,0.0,200.0,181.0,162.0,1.0,1452.0,6,49.0,0.0,0.0,0.0,0.0,,,,0,,,,,,,,,,,,,,,,,,,,,,,,,,,,,,,,,,,,,,,,,,,,,N,8.0,0.0,7.0,12.0,4.0,4.0,40.0,52.0,6,12,3.0,0.0,35.0,48.0,8,8,0,0.0,0.0,N8699A,N8699A-WN-0,40.0,52.0,12.0,52.0,64.0,,,0.0,40,52,0.0,0.0
N869AS,700.0,2019,2,5,2,4,2019-05-02,UA,UA_CODESHARE,19977,UA,5856,,,,,OO,20304,OO,5856,15376,1537604,30436,TUS,"Tucson, AZ",AZ,4,Arizona,81,14771,1477104,32457,SFO,"San Francisco, CA",CA,6,California,91,710,-10.0,0.0,0.0,-1.0,0700-0759,28.0,728.0,925.0,4.0,950,929.0,-21.0,0.0,0.0,-2.0,0900-0959,0.0,,0.0,160.0,149.0,117.0,1.0,751.0,4,,,0.0,,0.0,,,,0,,,,,,,,,,,,,,,,,,,,,,,,,,,,,,,,,,,,,,,,,,,,,N,8.0,12.0,7.0,9.0,0.0,2.0,36.0,50.0,7,9,1.0,3.0,37.0,51.0,8,8,0,0.0,0.0,N869AS,N869AS-UA-0,37.0,48.0,14.0,51.0,62.0,,,0.0,37,51,0.0,0.0
N869DN,607.0,2019,2,5,2,4,2019-05-02,DL,DL,19790,DL,2711,,,,,DL,19790,DL,2711,11292,1129202,30325,DEN,"Denver, CO",CO,8,Colorado,82,10397,1039707,30397,ATL,"Atlanta, GA",GA,13,Georgia,34,600,7.0,7.0,0.0,0.0,0600-0659,20.0,627.0,1053.0,10.0,1051,1103.0,12.0,12.0,0.0,0.0,1000-1059,0.0,,0.0,171.0,176.0,146.0,1.0,1199.0,5,,,0.0,,0.0,,,,0,,,,,,,,,,,,,,,,,,,,,,,,,,,,,,,,,,,,,,,,,,,,,N,8.0,0.0,6.0,11.0,0.0,0.0,32.0,44.0,6,10,0.0,3.0,32.0,43.0,3,3,0,0.0,0.0,N869DN,N869DN-DL-0,32.0,44.0,12.0,44.0,56.0,,,0.0,32,44,0.0,0.0
N869NN,826.0,2019,2,5,2,4,2019-05-02,AA,AA,19805,AA,103,,,,,AA,19805,AA,103,12953,1295304,31703,LGA,"New York, NY",NY,36,New York,22,13930,1393007,30977,ORD,"Chicago, IL",IL,17,Illinois,41,830,-4.0,0.0,0.0,-1.0,0800-0859,19.0,845.0,949.0,19.0,1022,1008.0,-14.0,0.0,0.0,-1.0,1000-1059,0.0,,0.0,172.0,162.0,124.0,1.0,733.0,3,,,0.0,,0.0,,,,0,,,,,,,,,,,,,,,,,,,,,,,,,,,,,,,,,,,,,,,,,,,,,N,0.0,4.0,8.0,10.0,2.0,1.0,34.0,45.0,8,10,2.0,1.0,34.0,45.0,3,3,0,0.0,0.0,N869NN,N869NN-AA-0,34.0,46.0,11.0,45.0,57.0,,,0.0,36,47,2.0,6.8
N869RW,623.0,2019,2,5,2,4,2019-05-02,DL,DL_CODESHARE,19790,DL,5918,,,,,YX,20452,YX,5918,12339,1233904,32337,IND,"Indianapolis, IN",IN,18,Indiana,42,10721,1072102,30721,BOS,"Boston, MA",MA,25,Massachusetts,13,630,-7.0,0.0,0.0,-1.0,0600-0659,16.0,639.0,829.0,15.0,851,844.0,-7.0,0.0,0.0,-1.0,0800-0859,0.0,,0.0,141.0,141.0,110.0,1.0,818.0,4,,,0.0,,0.0,,,,0,,,,,,,,,,,,,,,,,,,,,,,,,,,,,,,,,,,,,,,,,,,,,N,0.0,0.0,6.0,8.0,2.0,3.0,26.0,35.0,6,8,2.0,3.0,26.0,35.0,9,9,0,1.0,1.0,N869RW,N869RW-DL-0,26.0,38.0,9.0,35.0,47.0,,,0.0,26,35,0.0,0.0
N869RW,920.0,2019,2,5,2,4,2019-05-02,DL,DL_CODESHARE,19790,DL,5976,,,,,YX,20452,YX,5976,10721,1072102,30721,BOS,"Boston, MA",MA,25,Massachusetts,13,10792,1079206,30792,BUF,"Buffalo, NY",NY,36,New York,22,931,-11.0,0.0,0.0,-1.0,0900-0959,41.0,1001.0,1119.0,5.0,1114,1124.0,10.0,10.0,0.0,0.0,1100-1159,0.0,,0.0,103.0,124.0,78.0,1.0,395.0,2,,,0.0,,0.0,,,,0,,,,,,,,,,,,,,,,,,,,,,,,,,,,,,,,,,,,,,,,,,,,,N,0.0,0.0,9.0,11.0,1.0,2.0,37.0,46.0,9,11,2.0,1.0,38.0,45.0,2,2,1,1.0,0.0,N869RW,N869RW-DL-1,38.0,49.0,9.0,47.0,58.0,35.0,2.0,0.0,38,47,0.0,0.0
N870AS,841.0,2019,2,5,2,4,2019-05-02,UA,UA_CODESHARE,19977,UA,4032,,,,,EV,20366,EV,4032,13198,1319801,33198,MCI,"Kansas City, MO",MO,29,Missouri,64,12266,1226603,31453,IAH,"Houston, TX",TX,48,Texas,74,850,-9.0,0.0,0.0,-1.0,0800-0859,12.0,853.0,1031.0,10.0,1105,1041.0,-24.0,0.0,0.0,-2.0,1100-1159,0.0,,0.0,135.0,120.0,98.0,1.0,643.0,3,,,0.0,,0.0,,,,0,,,,,,,,,,,,,,,,,,,,,,,,,,,,,,,,,,,,,,,,,,,,,N,4.0,4.0,8.0,10.0,3.0,3.0,39.0,47.0,8,11,3.0,0.0,39.0,48.0,4,4,0,0.0,0.0,N870AS,N870AS-UA-0,39.0,51.0,8.0,47.0,59.0,,,0.0,39,47,0.0,0.0
N870DN,815.0,2019,2,5,2,4,2019-05-02,DL,DL,19790,DL,2106,,,,,DL,19790,DL,2106,10397,1039707,30397,ATL,"Atlanta, GA",GA,13,Georgia,34,13198,1319801,33198,MCI,"Kansas City, MO",MO,29,Missouri,64,810,5.0,5.0,0.0,0.0,0800-0859,9.0,824.0,903.0,4.0,918,907.0,-11.0,0.0,0.0,-1.0,0900-0959,0.0,,0.0,128.0,112.0,99.0,1.0,692.0,3,,,0.0,,0.0,,,,0,,,,,,,,,,,,,,,,,,,,,,,,,,,,,,,,,,,,,,,,,,,,,N,0.0,4.0,8.0,9.0,1.0,0.0,33.0,40.0,8,9,1.0,1.0,33.0,41.0,9,9,0,0.0,0.0,N870DN,N870DN-DL-0,33.0,45.0,7.0,40.0,52.0,,,0.0,33,40,0.0,0.0
N870NN,623.0,2019,2,5,2,4,2019-05-02,AA,AA,19805,AA,1270,,,,,AA,19805,AA,1270,14869,1486903,34614,SLC,"Salt Lake City, UT",UT,49,Utah,87,13930,1393007,30977,ORD,"Chicago, IL",IL,17,Illinois,41,627,-4.0,0.0,0.0,-1.0,0600-0659,22.0,645.0,1019.0,23.0,1044,1042.0,-2.0,0.0,0.0,-1.0,1000-1059,0.0,,0.0,197.0,199.0,154.0,1.0,1250.0,6,,,0.0,,0.0,,,,0,,,,,,,,,,,,,,,,,,,,,,,,,,,,,,,,,,,,,,,,,,,,,N,8.0,4.0,6.0,10.0,2.0,3.0,34.0,47.0,6,10,2.0,3.0,34.0,47.0,3,3,0,0.0,0.0,N870NN,N870NN-AA-0,34.0,46.0,13.0,47.0,59.0,,,0.0,38,51,4.0,16.1
N870RW,805.0,2019,2,5,2,4,2019-05-02,DL,DL_CODESHARE,19790,DL,5898,,,,,YX,20452,YX,5898,14576,1457606,34576,ROC,"Rochester, NY",NY,36,New York,22,12953,1295304,31703,LGA,"New York, NY",NY,36,New York,22,600,125.0,125.0,1.0,8.0,0600-0659,12.0,817.0,903.0,10.0,715,913.0,118.0,118.0,1.0,7.0,0700-0759,0.0,,0.0,75.0,68.0,46.0,1.0,254.0,2,118.0,0.0,0.0,0.0,0.0,,,,0,,,,,,,,,,,,,,,,,,,,,,,,,,,,,,,,,,,,,,,,,,,,,N,0.0,0.0,8.0,9.0,0.0,1.0,32.0,37.0,6,7,0.0,1.0,24.0,29.0,9,9,0,1.0,1.0,N870RW,N870RW-DL-0,32.0,44.0,5.0,37.0,49.0,,,0.0,32,37,0.0,0.0
N870RW,942.0,2019,2,5,2,4,2019-05-02,DL,DL_CODESHARE,19790,DL,5974,,,,,YX,20452,YX,5974,12953,1295304,31703,LGA,"New York, NY",NY,36,New York,22,11278,1127805,30852,DCA,"Washington, DC",VA,51,Virginia,38,759,103.0,103.0,1.0,6.0,0700-0759,32.0,1014.0,1105.0,3.0,922,1108.0,106.0,106.0,1.0,7.0,0900-0959,0.0,,0.0,83.0,86.0,51.0,1.0,214.0,1,103.0,0.0,3.0,0.0,0.0,,,,0,,,,,,,,,,,,,,,,,,,,,,,,,,,,,,,,,,,,,,,,,,,,,N,0.0,0.0,9.0,11.0,3.0,1.0,39.0,45.0,7,9,4.0,1.0,32.0,37.0,9,9,1,1.0,0.0,N870RW,N870RW-DL-1,39.0,51.0,6.0,45.0,57.0,37.0,2.0,0.0,43,49,4.0,39.64
N871RW,658.0,2019,2,5,2,4,2019-05-02,DL,DL_CODESHARE,19790,DL,6040,,,,,YX,20452,YX,6040,11278,1127805,30852,DCA,"Washington, DC",VA,51,Virginia,38,12953,1295304,31703,LGA,"New York, NY",NY,36,New York,22,659,-1.0,0.0,0.0,-1.0,0600-0659,29.0,727.0,817.0,11.0,816,828.0,12.0,12.0,0.0,0.0,0800-0859,0.0,,0.0,77.0,90.0,50.0,1.0,214.0,1,,,0.0,,0.0,,,,0,,,,,,,,,,,,,,,,,,,,,,,,,,,,,,,,,,,,,,,,,,,,,N,0.0,0.0,6.0,8.0,4.0,2.0,28.0,34.0,6,8,4.0,1.0,28.0,33.0,8,8,0,1.0,1.0,N871RW,N871RW-DL-0,28.0,40.0,6.0,34.0,46.0,,,0.0,28,34,0.0,0.0
N871RW,857.0,2019,2,5,2,4,2019-05-02,DL,DL_CODESHARE,19790,DL,5969,,,,,YX,20452,YX,5969,12953,1295304,31703,LGA,"New York, NY",NY,36,New York,22,11278,1127805,30852,DCA,"Washington, DC",VA,51,Virginia,38,859,-2.0,0.0,0.0,-1.0,0800-0859,29.0,926.0,1012.0,3.0,1026,1015.0,-11.0,0.0,0.0,-1.0,1000-1059,0.0,,0.0,87.0,78.0,46.0,1.0,214.0,1,,,0.0,,0.0,,,,0,,,,,,,,,,,,,,,,,,,,,,,,,,,,,,,,,,,,,,,,,,,,,N,0.0,0.0,8.0,10.0,4.0,1.0,36.0,41.0,8,10,4.0,2.0,36.0,42.0,2,2,1,1.0,0.0,N871RW,N871RW-DL-1,36.0,48.0,5.0,41.0,53.0,34.0,2.0,0.0,36,42,1.0,2.2
N872DN,528.0,2019,2,5,2,4,2019-05-02,DL,DL,19790,DL,2031,,,,,DL,19790,DL,2031,14027,1402702,34027,PBI,"West Palm Beach/Palm Beach, FL",FL,12,Florida,33,10397,1039707,30397,ATL,"Atlanta, GA",GA,13,Georgia,34,530,-2.0,0.0,0.0,-1.0,0001-0559,11.0,539.0,658.0,3.0,712,701.0,-11.0,0.0,0.0,-1.0,0700-0759,0.0,,0.0,102.0,93.0,79.0,1.0,545.0,3,,,0.0,,0.0,,,,0,,,,,,,,,,,,,,,,,,,,,,,,,,,,,,,,,,,,,,,,,,,,,N,0.0,0.0,5.0,7.0,2.0,0.0,22.0,28.0,5,7,2.0,1.0,22.0,29.0,8,8,0,0.0,0.0,N872DN,N872DN-DL-0,22.0,34.0,6.0,28.0,40.0,,,0.0,22,28,0.0,0.0
N872NN,840.0,2019,2,5,2,4,2019-05-02,AA,AA,19805,AA,1221,,,,,AA,19805,AA,1221,11298,1129806,30194,DFW,"Dallas/Fort Worth, TX",TX,48,Texas,74,11057,1105703,31057,CLT,"Charlotte, NC",NC,37,North Carolina,36,844,-4.0,0.0,0.0,-1.0,0800-0859,17.0,857.0,1158.0,10.0,1218,1208.0,-10.0,0.0,0.0,-1.0,1200-1259,0.0,,0.0,154.0,148.0,121.0,1.0,936.0,4,,,0.0,,0.0,,,,0,,,,,,,,,,,,,,,,,,,,,,,,,,,,,,,,,,,,,,,,,,,,,N,4.0,0.0,8.0,12.0,3.0,1.0,39.0,49.0,8,12,3.0,1.0,39.0,49.0,7,7,0,0.0,0.0,N872NN,N872NN-AA-0,39.0,51.0,10.0,49.0,61.0,,,0.0,39,49,0.0,0.0
N872RW,614.0,2019,2,5,2,4,2019-05-02,DL,DL_CODESHARE,19790,DL,6085,,,,,YX,20452,YX,6085,12339,1233904,32337,IND,"Indianapolis, IN",IN,18,Indiana,42,12953,1295304,31703,LGA,"New York, NY",NY,36,New York,22,615,-1.0,0.0,0.0,-1.0,0600-0659,14.0,628.0,806.0,6.0,819,812.0,-7.0,0.0,0.0,-1.0,0800-0859,0.0,,0.0,124.0,118.0,98.0,1.0,660.0,3,,,0.0,,0.0,,,,0,,,,,,,,,,,,,,,,,,,,,,,,,,,,,,,,,,,,,,,,,,,,,N,0.0,0.0,6.0,8.0,1.0,1.0,25.0,33.0,6,8,1.0,1.0,25.0,33.0,6,6,0,1.0,1.0,N872RW,N872RW-DL-0,25.0,37.0,8.0,33.0,45.0,,,0.0,25,33,0.0,0.0
N872RW,856.0,2019,2,5,2,4,2019-05-02,DL,DL_CODESHARE,19790,DL,5996,,,,,YX,20452,YX,5996,12953,1295304,31703,LGA,"New York, NY",NY,36,New York,22,10721,1072102,30721,BOS,"Boston, MA",MA,25,Massachusetts,13,859,-3.0,0.0,0.0,-1.0,0800-0859,20.0,916.0,949.0,15.0,1025,1004.0,-21.0,0.0,0.0,-2.0,1000-1059,0.0,,0.0,86.0,68.0,33.0,1.0,184.0,1,,,0.0,,0.0,,,,0,,,,,,,,,,,,,,,,,,,,,,,,,,,,,,,,,,,,,,,,,,,,,N,0.0,0.0,8.0,10.0,4.0,0.0,36.0,40.0,8,10,4.0,2.0,36.0,42.0,3,3,1,1.0,0.0,N872RW,N872RW-DL-1,36.0,48.0,4.0,40.0,52.0,33.0,3.0,0.0,38,42,2.0,7.12
N87303,740.0,2019,2,5,2,4,2019-05-02,UA,UA_CODESHARE,19977,UA,6290,,,,,YV,20378,YV,6290,12266,1226603,31453,IAH,"Houston, TX",TX,48,Texas,74,11042,1104205,30647,CLE,"Cleveland, OH",OH,39,Ohio,44,745,-5.0,0.0,0.0,-1.0,0700-0759,50.0,830.0,1151.0,6.0,1137,1157.0,20.0,20.0,1.0,1.0,1100-1159,0.0,,0.0,172.0,197.0,141.0,1.0,1091.0,5,0.0,0.0,20.0,0.0,0.0,,,,0,,,,,,,,,,,,,,,,,,,,,,,,,,,,,,,,,,,,,,,,,,,,,N,4.0,0.0,7.0,11.0,3.0,4.0,35.0,48.0,7,11,3.0,2.0,35.0,46.0,3,3,0,0.0,0.0,N87303,N87303-UA-0,35.0,47.0,13.0,48.0,60.0,,,1.0,35,48,0.0,0.0
N87306,800.0,2019,2,5,2,4,2019-05-02,UA,UA_CODESHARE,19977,UA,6194,,,,,YV,20378,YV,6194,12266,1226603,31453,IAH,"Houston, TX",TX,48,Texas,74,13256,1325602,33256,MFE,"Mission/McAllen/Edinburg, TX",TX,48,Texas,74,800,0.0,0.0,0.0,0.0,0800-0859,43.0,843.0,939.0,4.0,916,943.0,27.0,27.0,1.0,1.0,0900-0959,0.0,,0.0,76.0,103.0,56.0,1.0,316.0,2,0.0,0.0,27.0,0.0,0.0,,,,0,,,,,,,,,,,,,,,,,,,,,,,,,,,,,,,,,,,,,,,,,,,,,N,4.0,4.0,8.0,9.0,0.0,3.0,36.0,43.0,8,9,0.0,1.0,36.0,41.0,8,8,0,0.0,0.0,N87306,N87306-UA-0,36.0,48.0,7.0,43.0,55.0,,,2.0,36,43,0.0,0.0
N87319,457.0,2019,2,5,2,4,2019-05-02,UA,UA_CODESHARE,19977,UA,6308,,,,,YV,20378,YV,6308,15370,1537002,34653,TUL,"Tulsa, OK",OK,40,Oklahoma,73,12266,1226603,31453,IAH,"Houston, TX",TX,48,Texas,74,500,-3.0,0.0,0.0,-1.0,0001-0559,13.0,510.0,653.0,7.0,644,700.0,16.0,16.0,1.0,1.0,0600-0659,0.0,,0.0,104.0,123.0,103.0,1.0,429.0,2,0.0,0.0,16.0,0.0,0.0,,,,0,,,,,,,,,,,,,,,,,,,,,,,,,,,,,,,,,,,,,,,,,,,,,N,4.0,4.0,4.0,7.0,4.0,0.0,24.0,32.0,5,6,0.0,3.0,24.0,31.0,7,7,0,1.0,1.0,N87319,N87319-UA-0,24.0,36.0,8.0,32.0,44.0,,,1.0,24,32,0.0,0.0
N87319,934.0,2019,2,5,2,4,2019-05-02,UA,UA_CODESHARE,19977,UA,6287,,,,,YV,20378,YV,6287,12266,1226603,31453,IAH,"Houston, TX",TX,48,Texas,74,10397,1039707,30397,ATL,"Atlanta, GA",GA,13,Georgia,34,810,84.0,84.0,1.0,5.0,0800-0859,19.0,953.0,1242.0,18.0,1114,1300.0,106.0,106.0,1.0,7.0,1100-1159,0.0,,0.0,124.0,146.0,109.0,1.0,689.0,3,0.0,106.0,0.0,0.0,0.0,,,,0,,,,,,,,,,,,,,,,,,,,,,,,,,,,,,,,,,,,,,,,,,,,,N,4.0,0.0,9.0,13.0,2.0,0.0,42.0,52.0,8,11,1.0,1.0,37.0,45.0,5,5,1,1.0,0.0,N87319,N87319-UA-1,42.0,54.0,10.0,52.0,64.0,32.0,10.0,0.0,42,52,0.0,0.0
N87337,925.0,2019,2,5,2,4,2019-05-02,UA,UA_CODESHARE,19977,UA,6041,,,,,YV,20378,YV,6041,14193,1419306,33728,PNS,"Pensacola, FL",FL,12,Florida,33,12266,1226603,31453,IAH,"Houston, TX",TX,48,Texas,74,700,145.0,145.0,1.0,9.0,0700-0759,11.0,936.0,1102.0,7.0,853,1109.0,136.0,136.0,1.0,9.0,0800-0859,0.0,,0.0,113.0,104.0,86.0,1.0,489.0,2,0.0,0.0,136.0,0.0,0.0,,,,0,,,,,,,,,,,,,,,,,,,,,,,,,,,,,,,,,,,,,,,,,,,,,N,4.0,4.0,9.0,11.0,2.0,1.0,42.0,49.0,7,8,0.0,4.0,32.0,40.0,7,7,0,0.0,0.0,N87337,N87337-UA-0,33.0,54.0,7.0,40.0,61.0,,,9.0,33,40,0.0,0.0
N87353,732.0,2019,2,5,2,4,2019-05-02,UA,UA_CODESHARE,19977,UA,6144,,,,,YV,20378,YV,6144,12266,1226603,31453,IAH,"Houston, TX",TX,48,Texas,74,11057,1105703,31057,CLT,"Charlotte, NC",NC,37,North Carolina,36,730,2.0,2.0,0.0,0.0,0700-0759,29.0,801.0,1108.0,7.0,1055,1115.0,20.0,20.0,1.0,1.0,1000-1059,0.0,,0.0,145.0,163.0,127.0,1.0,912.0,4,0.0,0.0,20.0,0.0,0.0,,,,0,,,,,,,,,,,,,,,,,,,,,,,,,,,,,,,,,,,,,,,,,,,,,N,4.0,0.0,7.0,11.0,2.0,1.0,34.0,45.0,7,10,2.0,4.0,34.0,44.0,6,6,0,0.0,0.0,N87353,N87353-UA-0,34.0,46.0,11.0,45.0,57.0,,,1.0,34,45,0.0,0.0
N87360,838.0,2019,2,5,2,4,2019-05-02,UA,UA_CODESHARE,19977,UA,6115,,,,,YV,20378,YV,6115,11423,1142307,31423,DSM,"Des Moines, IA",IA,19,Iowa,61,12266,1226603,31453,IAH,"Houston, TX",TX,48,Texas,74,605,153.0,153.0,1.0,10.0,0600-0659,12.0,850.0,1147.0,7.0,841,1154.0,193.0,193.0,1.0,12.0,0800-0859,0.0,,0.0,156.0,196.0,177.0,1.0,802.0,4,0.0,0.0,193.0,0.0,0.0,,,,0,,,,,,,,,,,,,,,,,,,,,,,,,,,,,,,,,,,,,,,,,,,,,N,4.0,4.0,8.0,11.0,3.0,4.0,39.0,52.0,6,8,0.0,3.0,28.0,39.0,2,2,0,0.0,0.0,N87360,N87360-UA-0,28.0,51.0,13.0,41.0,64.0,,,13.0,28,48,7.0,26.32
N873AS,825.0,2019,2,5,2,4,2019-05-02,DL,DL_CODESHARE,19790,DL,3525,,,,,OO,20304,OO,3525,10397,1039707,30397,ATL,"Atlanta, GA",GA,13,Georgia,34,12323,1232305,32323,ILM,"Wilmington, NC",NC,37,North Carolina,36,827,-2.0,0.0,0.0,-1.0,0800-0859,16.0,841.0,936.0,1.0,954,937.0,-17.0,0.0,0.0,-2.0,0900-0959,0.0,,0.0,87.0,72.0,55.0,1.0,377.0,2,,,0.0,,0.0,,,,0,,,,,,,,,,,,,,,,,,,,,,,,,,,,,,,,,,,,,,,,,,,,,N,0.0,0.0,8.0,9.0,2.0,2.0,34.0,38.0,8,9,2.0,4.0,34.0,40.0,2,2,0,0.0,0.0,N873AS,N873AS-DL-0,34.0,46.0,4.0,38.0,50.0,,,0.0,34,38,0.0,0.0
N873DN,807.0,2019,2,5,2,4,2019-05-02,DL,DL,19790,DL,2474,,,,,DL,19790,DL,2474,12478,1247805,31703,JFK,"New York, NY",NY,36,New York,22,14843,1484306,34819,SJU,"San Juan, PR",PR,72,Puerto Rico,3,805,2.0,2.0,0.0,0.0,0800-0859,26.0,833.0,1151.0,3.0,1200,1154.0,-6.0,0.0,0.0,-1.0,1200-1259,0.0,,0.0,235.0,227.0,198.0,1.0,1598.0,7,,,0.0,,0.0,,,,0,,,,,,,,,,,,,,,,,,,,,,,,,,,,,,,,,,,,,,,,,,,,,N,0.0,-4.0,8.0,11.0,0.0,4.0,32.0,44.0,8,12,0.0,0.0,32.0,44.0,3,3,0,0.0,0.0,N873DN,N873DN-DL-0,32.0,44.0,12.0,44.0,56.0,,,0.0,32,44,0.0,0.0
N873RW,711.0,2019,2,5,2,4,2019-05-02,DL,DL_CODESHARE,19790,DL,6024,,,,,YX,20452,YX,6024,14122,1412202,30198,PIT,"Pittsburgh, PA",PA,42,Pennsylvania,23,12953,1295304,31703,LGA,"New York, NY",NY,36,New York,22,715,-4.0,0.0,0.0,-1.0,0700-0759,14.0,725.0,830.0,7.0,849,837.0,-12.0,0.0,0.0,-1.0,0800-0859,0.0,,0.0,94.0,86.0,65.0,1.0,335.0,2,,,0.0,,0.0,,,,0,,,,,,,,,,,,,,,,,,,,,,,,,,,,,,,,,,,,,,,,,,,,,N,0.0,0.0,7.0,8.0,1.0,2.0,29.0,34.0,7,8,1.0,3.0,29.0,35.0,6,6,0,1.0,1.0,N873RW,N873RW-DL-0,29.0,41.0,5.0,34.0,46.0,,,0.0,29,34,0.0,0.0
N873RW,920.0,2019,2,5,2,4,2019-05-02,DL,DL_CODESHARE,19790,DL,5907,,,,,YX,20452,YX,5907,12953,1295304,31703,LGA,"New York, NY",NY,36,New York,22,14122,1412202,30198,PIT,"Pittsburgh, PA",PA,42,Pennsylvania,23,930,-10.0,0.0,0.0,-1.0,0900-0959,27.0,947.0,1044.0,7.0,1119,1051.0,-28.0,0.0,0.0,-2.0,1100-1159,0.0,,0.0,109.0,91.0,57.0,1.0,335.0,2,,,0.0,,0.0,,,,0,,,,,,,,,,,,,,,,,,,,,,,,,,,,,,,,,,,,,,,,,,,,,N,0.0,0.0,9.0,10.0,1.0,3.0,37.0,43.0,9,11,2.0,1.0,38.0,45.0,9,9,1,1.0,0.0,N873RW,N873RW-DL-1,38.0,49.0,6.0,44.0,55.0,34.0,3.0,0.0,38,44,0.0,0.0
N874AS,756.0,2019,2,5,2,4,2019-05-02,UA,UA_CODESHARE,19977,UA,5399,,,,,OO,20304,OO,5399,14696,1469608,34696,SBN,"South Bend, IN",IN,18,Indiana,42,13930,1393007,30977,ORD,"Chicago, IL",IL,17,Illinois,41,800,-4.0,0.0,0.0,-1.0,0800-0859,16.0,812.0,747.0,18.0,814,805.0,-9.0,0.0,0.0,-1.0,0800-0859,0.0,,0.0,74.0,69.0,35.0,1.0,84.0,1,,,0.0,,0.0,,,,0,,,,,,,,,,,,,,,,,,,,,,,,,,,,,,,,,,,,,,,,,,,,,N,0.0,4.0,7.0,8.0,4.0,0.0,32.0,36.0,8,8,0.0,1.0,32.0,37.0,4,4,0,0.0,0.0,N874AS,N874AS-UA-0,32.0,44.0,4.0,36.0,48.0,,,0.0,32,36,0.0,0.0
N874DN,658.0,2019,2,5,2,4,2019-05-02,DL,DL,19790,DL,2419,,,,,DL,19790,DL,2419,11066,1106606,31066,CMH,"Columbus, OH",OH,39,Ohio,44,10397,1039707,30397,ATL,"Atlanta, GA",GA,13,Georgia,34,700,-2.0,0.0,0.0,-1.0,0700-0759,12.0,710.0,817.0,9.0,834,826.0,-8.0,0.0,0.0,-1.0,0800-0859,0.0,,0.0,94.0,88.0,67.0,1.0,447.0,2,,,0.0,,0.0,,,,0,,,,,,,,,,,,,,,,,,,,,,,,,,,,,,,,,,,,,,,,,,,,,N,0.0,0.0,6.0,8.0,4.0,2.0,28.0,34.0,7,8,0.0,2.0,28.0,34.0,2,2,0,0.0,0.0,N874DN,N874DN-DL-0,28.0,40.0,6.0,34.0,46.0,,,0.0,28,34,0.0,0.0
N874NN,638.0,2019,2,5,2,4,2019-05-02,AA,AA,19805,AA,2721,,,,,AA,19805,AA,2721,13204,1320402,31454,MCO,"Orlando, FL",FL,12,Florida,33,13930,1393007,30977,ORD,"Chicago, IL",IL,17,Illinois,41,643,-5.0,0.0,0.0,-1.0,0600-0659,18.0,656.0,826.0,15.0,900,841.0,-19.0,0.0,0.0,-2.0,0900-0959,0.0,,0.0,197.0,183.0,150.0,1.0,1005.0,5,,,0.0,,0.0,,,,0,,,,,,,,,,,,,,,,,,,,,,,,,,,,,,,,,,,,,,,,,,,,,N,0.0,4.0,6.0,8.0,3.0,3.0,27.0,39.0,6,9,3.0,0.0,27.0,40.0,7,7,0,0.0,0.0,N874NN,N874NN-AA-0,27.0,39.0,12.0,39.0,51.0,,,0.0,27,39,0.0,0.0
N874RW,552.0,2019,2,5,2,4,2019-05-02,DL,DL_CODESHARE,19790,DL,6140,,,,,YX,20452,YX,6140,14122,1412202,30198,PIT,"Pittsburgh, PA",PA,42,Pennsylvania,23,12953,1295304,31703,LGA,"New York, NY",NY,36,New York,22,600,-8.0,0.0,0.0,-1.0,0600-0659,11.0,603.0,658.0,7.0,725,705.0,-20.0,0.0,0.0,-2.0,0700-0759,0.0,,0.0,85.0,73.0,55.0,1.0,335.0,2,,,0.0,,0.0,,,,0,,,,,,,,,,,,,,,,,,,,,,,,,,,,,,,,,,,,,,,,,,,,,N,0.0,0.0,5.0,7.0,3.0,0.0,23.0,28.0,6,7,0.0,2.0,24.0,30.0,6,6,0,1.0,1.0,N874RW,N874RW-DL-0,24.0,35.0,5.0,29.0,40.0,,,0.0,24,29,0.0,0.0
N874RW,759.0,2019,2,5,2,4,2019-05-02,DL,DL_CODESHARE,19790,DL,5925,,,,,YX,20452,YX,5925,12953,1295304,31703,LGA,"New York, NY",NY,36,New York,22,15016,1501606,31123,STL,"St. Louis, MO",MO,29,Missouri,64,805,-6.0,0.0,0.0,-1.0,0800-0859,33.0,832.0,951.0,6.0,956,957.0,1.0,1.0,0.0,0.0,0900-0959,0.0,,0.0,171.0,178.0,139.0,1.0,888.0,4,,,0.0,,0.0,,,,0,,,,,,,,,,,,,,,,,,,,,,,,,,,,,,,,,,,,,,,,,,,,,N,0.0,4.0,7.0,9.0,4.0,4.0,32.0,44.0,8,9,0.0,4.0,32.0,44.0,5,5,1,1.0,0.0,N874RW,N874RW-DL-1,32.0,44.0,12.0,44.0,56.0,28.0,4.0,0.0,33,45,1.0,5.3
N87527,552.0,2019,2,5,2,4,2019-05-02,UA,UA,19977,UA,1401,,,,,UA,19977,UA,1401,14057,1405702,34057,PDX,"Portland, OR",OR,41,Oregon,92,14771,1477104,32457,SFO,"San Francisco, CA",CA,6,California,91,600,-8.0,0.0,0.0,-1.0,0600-0659,10.0,602.0,721.0,16.0,750,737.0,-13.0,0.0,0.0,-1.0,0700-0759,0.0,,0.0,110.0,105.0,79.0,1.0,550.0,3,,,0.0,,0.0,,,,0,,,,,,,,,,,,,,,,,,,,,,,,,,,,,,,,,,,,,,,,,,,,,N,12.0,12.0,5.0,7.0,3.0,2.0,35.0,42.0,6,7,0.0,3.0,36.0,43.0,7,7,0,0.0,0.0,N87527,N87527-UA-0,36.0,47.0,7.0,43.0,54.0,,,0.0,36,43,0.0,0.0
N87531,611.0,2019,2,5,2,4,2019-05-02,UA,UA,19977,UA,1057,,,,,UA,19977,UA,1057,14771,1477104,32457,SFO,"San Francisco, CA",CA,6,California,91,14057,1405702,34057,PDX,"Portland, OR",OR,41,Oregon,92,620,-9.0,0.0,0.0,-1.0,0600-0659,19.0,630.0,747.0,2.0,807,749.0,-18.0,0.0,0.0,-2.0,0800-0859,0.0,,0.0,107.0,98.0,77.0,1.0,550.0,3,,,0.0,,0.0,,,,0,,,,,,,,,,,,,,,,,,,,,,,,,,,,,,,,,,,,,,,,,,,,,N,12.0,12.0,6.0,7.0,1.0,3.0,37.0,43.0,6,8,1.0,0.0,37.0,44.0,7,7,0,0.0,0.0,N87531,N87531-UA-0,37.0,49.0,6.0,43.0,55.0,,,0.0,37,43,0.0,0.0
N875AS,636.0,2019,2,5,2,4,2019-05-02,DL,DL_CODESHARE,19790,DL,7433,,,,,OO,20304,OO,7433,13367,1336705,33367,MLI,"Moline, IL",IL,17,Illinois,41,13487,1348702,31650,MSP,"Minneapolis, MN",MN,27,Minnesota,63,643,-7.0,0.0,0.0,-1.0,0600-0659,28.0,704.0,802.0,5.0,810,807.0,-3.0,0.0,0.0,-1.0,0800-0859,0.0,,0.0,87.0,91.0,58.0,1.0,274.0,2,,,0.0,,0.0,,,,0,,,,,,,,,,,,,,,,,,,,,,,,,,,,,,,,,,,,,,,,,,,,,N,4.0,4.0,6.0,8.0,2.0,0.0,30.0,36.0,6,8,3.0,1.0,31.0,37.0,5,5,0,0.0,0.0,N875AS,N875AS-DL-0,31.0,42.0,6.0,37.0,48.0,,,0.0,31,37,0.0,0.0
N875DN,650.0,2019,2,5,2,4,2019-05-02,DL,DL,19790,DL,2577,,,,,DL,19790,DL,2577,11292,1129202,30325,DEN,"Denver, CO",CO,8,Colorado,82,12478,1247805,31703,JFK,"New York, NY",NY,36,New York,22,650,0.0,0.0,0.0,0.0,0600-0659,13.0,703.0,1210.0,7.0,1244,1217.0,-27.0,0.0,0.0,-2.0,1200-1259,0.0,,0.0,234.0,207.0,187.0,1.0,1626.0,7,,,0.0,,0.0,,,,0,,,,,,,,,,,,,,,,,,,,,,,,,,,,,,,,,,,,,,,,,,,,,N,8.0,0.0,6.0,12.0,3.0,1.0,35.0,49.0,6,12,3.0,3.0,35.0,51.0,4,4,0,0.0,0.0,N875DN,N875DN-DL-0,35.0,47.0,14.0,49.0,61.0,,,0.0,35,49,0.0,0.0
N875RW,643.0,2019,2,5,2,4,2019-05-02,DL,DL_CODESHARE,19790,DL,5989,,,,,YX,20452,YX,5989,14122,1412202,30198,PIT,"Pittsburgh, PA",PA,42,Pennsylvania,23,10721,1072102,30721,BOS,"Boston, MA",MA,25,Massachusetts,13,630,13.0,13.0,0.0,0.0,0600-0659,10.0,653.0,814.0,13.0,816,827.0,11.0,11.0,0.0,0.0,0800-0859,0.0,,0.0,106.0,104.0,81.0,1.0,496.0,2,,,0.0,,0.0,,,,0,,,,,,,,,,,,,,,,,,,,,,,,,,,,,,,,,,,,,,,,,,,,,N,0.0,0.0,6.0,8.0,3.0,2.0,27.0,34.0,6,8,2.0,1.0,26.0,33.0,1,1,0,1.0,1.0,N875RW,N875RW-DL-0,27.0,39.0,7.0,34.0,46.0,,,0.0,27,34,0.0,0.0
N875RW,856.0,2019,2,5,2,4,2019-05-02,DL,DL_CODESHARE,19790,DL,6055,,,,,YX,20452,YX,6055,10721,1072102,30721,BOS,"Boston, MA",MA,25,Massachusetts,13,12953,1295304,31703,LGA,"New York, NY",NY,36,New York,22,900,-4.0,0.0,0.0,-1.0,0900-0959,38.0,934.0,1024.0,7.0,1025,1031.0,6.0,6.0,0.0,0.0,1000-1059,0.0,,0.0,85.0,95.0,50.0,1.0,184.0,1,,,0.0,,0.0,,,,0,,,,,,,,,,,,,,,,,,,,,,,,,,,,,,,,,,,,,,,,,,,,,N,0.0,0.0,8.0,10.0,4.0,2.0,36.0,42.0,9,10,0.0,2.0,36.0,42.0,4,4,1,1.0,0.0,N875RW,N875RW-DL-1,36.0,48.0,6.0,42.0,54.0,34.0,2.0,0.0,36,42,0.0,0.0
N876NN,242.0,2019,2,5,2,4,2019-05-02,AA,AA,19805,AA,2797,,,,,AA,19805,AA,2797,13891,1389101,32575,ONT,"Ontario, CA",CA,6,California,91,11298,1129806,30194,DFW,"Dallas/Fort Worth, TX",TX,48,Texas,74,110,92.0,92.0,1.0,6.0,0001-0559,12.0,254.0,717.0,9.0,559,726.0,87.0,87.0,1.0,5.0,0001-0559,0.0,,0.0,169.0,164.0,143.0,1.0,1188.0,5,87.0,0.0,0.0,0.0,0.0,,,,0,,,,,,,,,,,,,,,,,,,,,,,,,,,,,,,,,,,,,,,,,,,,,N,12.0,4.0,2.0,7.0,3.0,2.0,23.0,34.0,1,5,1.0,4.0,17.0,28.0,3,3,0,0.0,0.0,N876NN,N876NN-AA-0,23.0,35.0,11.0,34.0,46.0,,,0.0,23,34,0.0,0.0
N8775A,558.0,2019,2,5,2,4,2019-05-02,DL,DL_CODESHARE,19790,DL,5339,,,,,9E,20363,9E,5339,11150,1115005,31150,CSG,"Columbus, GA",GA,13,Georgia,34,10397,1039707,30397,ATL,"Atlanta, GA",GA,13,Georgia,34,600,-2.0,0.0,0.0,-1.0,0600-0659,18.0,616.0,638.0,6.0,650,644.0,-6.0,0.0,0.0,-1.0,0600-0659,0.0,,0.0,50.0,46.0,22.0,1.0,83.0,1,,,0.0,,0.0,,,,0,,,,,,,,,,,,,,,,,,,,,,,,,,,,,,,,,,,,,,,,,,,,,N,0.0,0.0,5.0,6.0,4.0,3.0,24.0,27.0,6,6,0.0,3.0,24.0,27.0,1,1,0,2.0,2.0,N8775A,N8775A-DL-0,24.0,36.0,3.0,27.0,39.0,,,0.0,24,27,0.0,0.0
N8775A,812.0,2019,2,5,2,4,2019-05-02,DL,DL_CODESHARE,19790,DL,5494,,,,,9E,20363,9E,5494,10397,1039707,30397,ATL,"Atlanta, GA",GA,13,Georgia,34,10980,1098002,30980,CHA,"Chattanooga, TN",TN,47,Tennessee,54,816,-4.0,0.0,0.0,-1.0,0800-0859,11.0,823.0,849.0,5.0,907,854.0,-13.0,0.0,0.0,-1.0,0900-0959,0.0,,0.0,51.0,42.0,26.0,1.0,106.0,1,,,0.0,,0.0,,,,0,,,,,,,,,,,,,,,,,,,,,,,,,,,,,,,,,,,,,,,,,,,,,N,0.0,0.0,8.0,8.0,1.0,4.0,33.0,36.0,8,9,1.0,0.0,33.0,36.0,4,4,1,2.0,1.0,N8775A,N8775A-DL-1,33.0,45.0,3.0,36.0,48.0,27.0,6.0,0.0,33,36,0.0,0.0
N8775A,928.0,2019,2,5,2,4,2019-05-02,DL,DL_CODESHARE,19790,DL,5494,,,,,9E,20363,9E,5494,10980,1098002,30980,CHA,"Chattanooga, TN",TN,47,Tennessee,54,10397,1039707,30397,ATL,"Atlanta, GA",GA,13,Georgia,34,933,-5.0,0.0,0.0,-1.0,0900-0959,12.0,940.0,1006.0,10.0,1029,1016.0,-13.0,0.0,0.0,-1.0,1000-1059,0.0,,0.0,56.0,48.0,26.0,1.0,106.0,1,,,0.0,,0.0,,,,0,,,,,,,,,,,,,,,,,,,,,,,,,,,,,,,,,,,,,,,,,,,,,N,0.0,0.0,9.0,10.0,2.0,1.0,38.0,41.0,9,10,2.0,2.0,38.0,42.0,7,7,2,2.0,0.0,N8775A,N8775A-DL-2,38.0,50.0,3.0,41.0,53.0,36.0,2.0,0.0,38,41,0.0,0.0
N877DN,647.0,2019,2,5,2,4,2019-05-02,DL,DL,19790,DL,2969,,,,,DL,19790,DL,2969,13487,1348702,31650,MSP,"Minneapolis, MN",MN,27,Minnesota,63,14869,1486903,34614,SLC,"Salt Lake City, UT",UT,49,Utah,87,650,-3.0,0.0,0.0,-1.0,0600-0659,11.0,658.0,824.0,22.0,839,846.0,7.0,7.0,0.0,0.0,0800-0859,0.0,,0.0,169.0,179.0,146.0,1.0,991.0,4,,,0.0,,0.0,,,,0,,,,,,,,,,,,,,,,,,,,,,,,,,,,,,,,,,,,,,,,,,,,,N,4.0,8.0,6.0,8.0,3.0,3.0,31.0,43.0,6,8,3.0,3.0,31.0,43.0,7,7,0,0.0,0.0,N877DN,N877DN-DL-0,31.0,43.0,12.0,43.0,55.0,,,0.0,31,43,0.0,0.0
N878AS,714.0,2019,2,5,2,4,2019-05-02,DL,DL_CODESHARE,19790,DL,3545,,,,,OO,20304,OO,3545,13277,1327702,33277,MGM,"Montgomery, AL",AL,1,Alabama,51,10397,1039707,30397,ATL,"Atlanta, GA",GA,13,Georgia,34,715,-1.0,0.0,0.0,-1.0,0700-0759,13.0,727.0,857.0,11.0,928,908.0,-20.0,0.0,0.0,-2.0,0900-0959,0.0,,0.0,73.0,54.0,30.0,1.0,147.0,1,,,0.0,,0.0,,,,0,,,,,,,,,,,,,,,,,,,,,,,,,,,,,,,,,,,,,,,,,,,,,N,4.0,0.0,7.0,9.0,1.0,1.0,33.0,37.0,7,9,1.0,2.0,33.0,38.0,1,1,0,0.0,0.0,N878AS,N878AS-DL-0,33.0,45.0,4.0,37.0,49.0,,,0.0,33,37,0.0,0.0
N878DN,658.0,2019,2,5,2,4,2019-05-02,DL,DL,19790,DL,326,,,,,DL,19790,DL,326,14843,1484306,34819,SJU,"San Juan, PR",PR,72,Puerto Rico,3,12478,1247805,31703,JFK,"New York, NY",NY,36,New York,22,705,-7.0,0.0,0.0,-1.0,0700-0759,17.0,715.0,1042.0,5.0,1100,1047.0,-13.0,0.0,0.0,-1.0,1100-1159,0.0,,0.0,235.0,229.0,207.0,1.0,1598.0,7,,,0.0,,0.0,,,,0,,,,,,,,,,,,,,,,,,,,,,,,,,,,,,,,,,,,,,,,,,,,,N,-4.0,0.0,6.0,10.0,4.0,3.0,24.0,43.0,7,11,0.0,0.0,24.0,44.0,6,6,0,0.0,0.0,N878DN,N878DN-DL-0,24.0,36.0,19.0,43.0,55.0,,,0.0,24,43,0.0,0.0
N878NN,617.0,2019,2,5,2,4,2019-05-02,AA,AA,19805,AA,1408,,,,,AA,19805,AA,1408,14831,1483106,32457,SJC,"San Jose, CA",CA,6,California,91,14107,1410702,30466,PHX,"Phoenix, AZ",AZ,4,Arizona,81,620,-3.0,0.0,0.0,-1.0,0600-0659,18.0,635.0,758.0,4.0,819,802.0,-17.0,0.0,0.0,-2.0,0800-0859,0.0,,0.0,119.0,105.0,83.0,1.0,621.0,3,,,0.0,,0.0,,,,0,,,,,,,,,,,,,,,,,,,,,,,,,,,,,,,,,,,,,,,,,,,,,N,12.0,8.0,6.0,8.0,1.0,0.0,37.0,40.0,6,8,1.0,1.0,37.0,41.0,8,8,0,0.0,0.0,N878NN,N878NN-AA-0,37.0,49.0,3.0,40.0,52.0,,,0.0,37,40,0.0,0.0
N878RW,552.0,2019,2,5,2,4,2019-05-02,DL,DL_CODESHARE,19790,DL,5967,,,,,YX,20452,YX,5967,10721,1072102,30721,BOS,"Boston, MA",MA,25,Massachusetts,13,14100,1410005,34100,PHL,"Philadelphia, PA",PA,42,Pennsylvania,23,600,-8.0,0.0,0.0,-1.0,0600-0659,21.0,613.0,743.0,8.0,750,751.0,1.0,1.0,0.0,0.0,0700-0759,0.0,,0.0,110.0,119.0,90.0,1.0,280.0,2,,,0.0,,0.0,,,,0,,,,,,,,,,,,,,,,,,,,,,,,,,,,,,,,,,,,,,,,,,,,,N,0.0,0.0,5.0,7.0,3.0,3.0,23.0,31.0,6,7,0.0,3.0,24.0,31.0,6,6,0,1.0,1.0,N878RW,N878RW-DL-0,24.0,35.0,8.0,32.0,43.0,,,0.0,24,32,0.0,0.0
N878RW,814.0,2019,2,5,2,4,2019-05-02,DL,DL_CODESHARE,19790,DL,5938,,,,,YX,20452,YX,5938,14100,1410005,34100,PHL,"Philadelphia, PA",PA,42,Pennsylvania,23,10721,1072102,30721,BOS,"Boston, MA",MA,25,Massachusetts,13,825,-11.0,0.0,0.0,-1.0,0800-0859,45.0,859.0,1002.0,5.0,1003,1007.0,4.0,4.0,0.0,0.0,1000-1059,0.0,,0.0,98.0,113.0,63.0,1.0,280.0,2,,,0.0,,0.0,,,,0,,,,,,,,,,,,,,,,,,,,,,,,,,,,,,,,,,,,,,,,,,,,,N,0.0,0.0,8.0,10.0,1.0,0.0,33.0,40.0,8,10,2.0,0.0,34.0,40.0,3,3,1,1.0,0.0,N878RW,N878RW-DL-1,34.0,45.0,7.0,41.0,52.0,31.0,2.0,0.0,34,41,0.0,0.0
N879AS,624.0,2019,2,5,2,4,2019-05-02,AA,AA_CODESHARE,19805,AA,3134,,,,,OO,20304,OO,3134,13342,1334207,33342,MKE,"Milwaukee, WI",WI,55,Wisconsin,45,13930,1393007,30977,ORD,"Chicago, IL",IL,17,Illinois,41,636,-12.0,0.0,0.0,-1.0,0600-0659,12.0,636.0,709.0,17.0,739,726.0,-13.0,0.0,0.0,-1.0,0700-0759,0.0,,0.0,63.0,62.0,33.0,1.0,67.0,1,,,0.0,,0.0,,,,0,,,,,,,,,,,,,,,,,,,,,,,,,,,,,,,,,,,,,,,,,,,,,N,4.0,4.0,6.0,7.0,2.0,2.0,30.0,34.0,6,7,2.0,3.0,30.0,35.0,9,9,0,1.0,1.0,N879AS,N879AS-AA-0,30.0,42.0,4.0,34.0,46.0,,,0.0,30,34,0.0,0.0
N879AS,838.0,2019,2,5,2,4,2019-05-02,AA,AA_CODESHARE,19805,AA,3113,,,,,OO,20304,OO,3113,13930,1393007,30977,ORD,"Chicago, IL",IL,17,Illinois,41,13342,1334207,33342,MKE,"Milwaukee, WI",WI,55,Wisconsin,45,845,-7.0,0.0,0.0,-1.0,0800-0859,35.0,913.0,930.0,3.0,937,933.0,-4.0,0.0,0.0,-1.0,0900-0959,0.0,,0.0,52.0,55.0,17.0,1.0,67.0,1,,,0.0,,0.0,,,,0,,,,,,,,,,,,,,,,,,,,,,,,,,,,,,,,,,,,,,,,,,,,,N,4.0,4.0,8.0,9.0,3.0,2.0,39.0,42.0,8,9,3.0,2.0,39.0,42.0,7,7,1,1.0,0.0,N879AS,N879AS-AA-1,39.0,51.0,3.0,42.0,54.0,34.0,5.0,0.0,39,42,0.0,0.0
N879DN,704.0,2019,2,5,2,4,2019-05-02,DL,DL,19790,DL,2901,,,,,DL,19790,DL,2901,11292,1129202,30325,DEN,"Denver, CO",CO,8,Colorado,82,14869,1486903,34614,SLC,"Salt Lake City, UT",UT,49,Utah,87,705,-1.0,0.0,0.0,-1.0,0700-0759,25.0,729.0,842.0,15.0,845,857.0,12.0,12.0,0.0,0.0,0800-0859,0.0,,0.0,100.0,113.0,73.0,1.0,391.0,2,,,0.0,,0.0,,,,0,,,,,,,,,,,,,,,,,,,,,,,,,,,,,,,,,,,,,,,,,,,,,N,8.0,8.0,7.0,8.0,0.0,4.0,36.0,44.0,7,8,0.0,3.0,36.0,43.0,5,5,0,0.0,0.0,N879DN,N879DN-DL-0,36.0,48.0,8.0,44.0,56.0,,,0.0,36,44,0.0,0.0
N879NN,640.0,2019,2,5,2,4,2019-05-02,AA,AA,19805,AA,2266,,,,,AA,19805,AA,2266,14683,1468305,33214,SAT,"San Antonio, TX",TX,48,Texas,74,11298,1129806,30194,DFW,"Dallas/Fort Worth, TX",TX,48,Texas,74,635,5.0,5.0,0.0,0.0,0600-0659,13.0,653.0,735.0,11.0,749,746.0,-3.0,0.0,0.0,-1.0,0700-0759,0.0,,0.0,74.0,66.0,42.0,1.0,247.0,1,,,0.0,,0.0,,,,0,,,,,,,,,,,,,,,,,,,,,,,,,,,,,,,,,,,,,,,,,,,,,N,4.0,4.0,6.0,7.0,3.0,3.0,31.0,35.0,6,7,2.0,3.0,30.0,35.0,5,5,0,0.0,0.0,N879NN,N879NN-AA-0,31.0,43.0,4.0,35.0,47.0,,,0.0,31,35,0.0,0.0
N879RW,654.0,2019,2,5,2,4,2019-05-02,DL,DL_CODESHARE,19790,DL,5999,,,,,YX,20452,YX,5999,11066,1106606,31066,CMH,"Columbus, OH",OH,39,Ohio,44,12478,1247805,31703,JFK,"New York, NY",NY,36,New York,22,701,-7.0,0.0,0.0,-1.0,0700-0759,21.0,715.0,842.0,9.0,900,851.0,-9.0,0.0,0.0,-1.0,0900-0959,0.0,,0.0,119.0,117.0,87.0,1.0,483.0,2,,,0.0,,0.0,,,,0,,,,,,,,,,,,,,,,,,,,,,,,,,,,,,,,,,,,,,,,,,,,,N,0.0,0.0,6.0,8.0,4.0,3.0,28.0,35.0,7,9,0.0,0.0,28.0,36.0,1,1,0,1.0,1.0,N879RW,N879RW-DL-0,28.0,40.0,7.0,35.0,47.0,,,0.0,28,35,0.0,0.0
N879RW,933.0,2019,2,5,2,4,2019-05-02,DL,DL_CODESHARE,19790,DL,5939,,,,,YX,20452,YX,5939,12478,1247805,31703,JFK,"New York, NY",NY,36,New York,22,11066,1106606,31066,CMH,"Columbus, OH",OH,39,Ohio,44,940,-7.0,0.0,0.0,-1.0,0900-0959,13.0,946.0,1059.0,5.0,1123,1104.0,-19.0,0.0,0.0,-2.0,1100-1159,0.0,,0.0,103.0,91.0,73.0,1.0,483.0,2,,,0.0,,0.0,,,,0,,,,,,,,,,,,,,,,,,,,,,,,,,,,,,,,,,,,,,,,,,,,,N,0.0,0.0,9.0,11.0,2.0,0.0,38.0,44.0,9,11,3.0,2.0,39.0,46.0,5,5,1,1.0,0.0,N879RW,N879RW-DL-1,39.0,50.0,6.0,45.0,56.0,35.0,3.0,0.0,39,45,0.0,0.0
N880AS,538.0,2019,2,5,2,4,2019-05-02,UA,UA_CODESHARE,19977,UA,5156,,,,,OO,20304,OO,5156,14952,1495203,34952,SPI,"Springfield, IL",IL,17,Illinois,41,13930,1393007,30977,ORD,"Chicago, IL",IL,17,Illinois,41,545,-7.0,0.0,0.0,-1.0,0001-0559,16.0,554.0,631.0,10.0,700,641.0,-19.0,0.0,0.0,-2.0,0700-0759,0.0,,0.0,75.0,63.0,37.0,1.0,174.0,1,,,0.0,,0.0,,,,0,,,,,,,,,,,,,,,,,,,,,,,,,,,,,,,,,,,,,,,,,,,,,N,4.0,4.0,5.0,6.0,3.0,3.0,27.0,31.0,5,7,3.0,0.0,27.0,32.0,7,7,0,1.0,1.0,N880AS,N880AS-UA-0,27.0,39.0,4.0,31.0,43.0,,,0.0,27,32,1.0,7.24
N880AS,802.0,2019,2,5,2,4,2019-05-02,UA,UA_CODESHARE,19977,UA,5398,,,,,OO,20304,OO,5398,13930,1393007,30977,ORD,"Chicago, IL",IL,17,Illinois,41,11986,1198603,31986,GRR,"Grand Rapids, MI",MI,26,Michigan,43,800,2.0,2.0,0.0,0.0,0800-0859,31.0,833.0,1001.0,5.0,959,1006.0,7.0,7.0,0.0,0.0,0900-0959,0.0,,0.0,59.0,64.0,28.0,1.0,137.0,1,,,0.0,,0.0,,,,0,,,,,,,,,,,,,,,,,,,,,,,,,,,,,,,,,,,,,,,,,,,,,N,4.0,0.0,8.0,10.0,0.0,0.0,36.0,40.0,8,9,0.0,4.0,36.0,40.0,2,2,1,1.0,0.0,N880AS,N880AS-UA-1,36.0,48.0,4.0,40.0,52.0,31.0,5.0,0.0,37,41,1.0,2.24
N880NN,732.0,2019,2,5,2,4,2019-05-02,AA,AA,19805,AA,1027,,,,,AA,19805,AA,1027,12266,1226603,31453,IAH,"Houston, TX",TX,48,Texas,74,12892,1289208,32575,LAX,"Los Angeles, CA",CA,6,California,91,650,42.0,42.0,1.0,2.0,0600-0659,30.0,802.0,918.0,52.0,850,1010.0,80.0,80.0,1.0,5.0,0800-0859,0.0,,0.0,240.0,278.0,196.0,1.0,1379.0,6,42.0,0.0,38.0,0.0,0.0,,,,0,,,,,,,,,,,,,,,,,,,,,,,,,,,,,,,,,,,,,,,,,,,,,N,4.0,12.0,7.0,10.0,2.0,1.0,34.0,53.0,6,8,3.0,3.0,31.0,47.0,3,3,0,0.0,0.0,N880NN,N880NN-AA-0,31.0,46.0,19.0,50.0,65.0,,,3.0,31,50,0.0,0.0
N880RW,707.0,2019,2,5,2,4,2019-05-02,DL,DL_CODESHARE,19790,DL,6087,,,,,YX,20452,YX,6087,12451,1245102,31136,JAX,"Jacksonville, FL",FL,12,Florida,33,10721,1072102,30721,BOS,"Boston, MA",MA,25,Massachusetts,13,715,-8.0,0.0,0.0,-1.0,0700-0759,14.0,721.0,932.0,14.0,1000,946.0,-14.0,0.0,0.0,-1.0,1000-1059,0.0,,0.0,165.0,159.0,131.0,1.0,1010.0,5,,,0.0,,0.0,,,,0,,,,,,,,,,,,,,,,,,,,,,,,,,,,,,,,,,,,,,,,,,,,,N,0.0,0.0,7.0,9.0,0.0,3.0,28.0,39.0,7,10,1.0,0.0,29.0,40.0,8,8,0,0.0,0.0,N880RW,N880RW-DL-0,29.0,40.0,11.0,40.0,51.0,,,0.0,29,40,0.0,0.0
N881NN,725.0,2019,2,5,2,4,2019-05-02,AA,AA,19805,AA,1530,,,,,AA,19805,AA,1530,12953,1295304,31703,LGA,"New York, NY",NY,36,New York,22,13303,1330303,32467,MIA,"Miami, FL",FL,12,Florida,33,728,-3.0,0.0,0.0,-1.0,0700-0759,18.0,743.0,1016.0,22.0,1051,1038.0,-13.0,0.0,0.0,-1.0,1000-1059,0.0,,0.0,203.0,193.0,153.0,1.0,1096.0,5,,,0.0,,0.0,,,,0,,,,,,,,,,,,,,,,,,,,,,,,,,,,,,,,,,,,,,,,,,,,,N,0.0,0.0,7.0,10.0,2.0,3.0,30.0,43.0,7,10,2.0,3.0,30.0,43.0,7,7,0,0.0,0.0,N881NN,N881NN-AA-0,30.0,42.0,13.0,43.0,55.0,,,0.0,30,43,0.0,0.0
N8828D,646.0,2019,2,5,2,4,2019-05-02,DL,DL_CODESHARE,19790,DL,7423,,,,,OO,20304,OO,7423,10739,1073907,30739,BRD,"Brainerd, MN",MN,27,Minnesota,63,13487,1348702,31650,MSP,"Minneapolis, MN",MN,27,Minnesota,63,700,-14.0,0.0,0.0,-1.0,0700-0759,70.0,756.0,825.0,6.0,757,831.0,34.0,34.0,1.0,2.0,0700-0759,0.0,,0.0,57.0,105.0,29.0,1.0,114.0,1,0.0,0.0,34.0,0.0,0.0,,,,0,,,,,,,,,,,,,,,,,,,,,,,,,,,,,,,,,,,,,,,,,,,,,N,4.0,4.0,6.0,8.0,3.0,2.0,31.0,38.0,7,7,0.0,4.0,32.0,36.0,7,7,0,0.0,0.0,N8828D,N8828D-DL-0,32.0,43.0,7.0,39.0,50.0,,,2.0,32,39,0.0,0.0
N882AS,705.0,2019,2,5,2,4,2019-05-02,DL,DL_CODESHARE,19790,DL,3587,,,,,OO,20304,OO,3587,13184,1318403,33184,MBS,"Saginaw/Bay City/Midland, MI",MI,26,Michigan,43,13487,1348702,31650,MSP,"Minneapolis, MN",MN,27,Minnesota,63,715,-10.0,0.0,0.0,-1.0,0700-0759,9.0,714.0,731.0,4.0,803,735.0,-28.0,0.0,0.0,-2.0,0800-0859,0.0,,0.0,108.0,90.0,77.0,1.0,463.0,2,,,0.0,,0.0,,,,0,,,,,,,,,,,,,,,,,,,,,,,,,,,,,,,,,,,,,,,,,,,,,N,0.0,4.0,7.0,7.0,0.0,2.0,28.0,34.0,7,8,1.0,0.0,29.0,36.0,5,5,0,0.0,0.0,N882AS,N882AS-DL-0,29.0,40.0,6.0,35.0,46.0,,,0.0,29,35,0.0,0.0
N882RW,625.0,2019,2,5,2,4,2019-05-02,DL,DL_CODESHARE,19790,DL,5897,,,,,YX,20452,YX,5897,14730,1473003,33044,SDF,"Louisville, KY",KY,21,Kentucky,52,11433,1143302,31295,DTW,"Detroit, MI",MI,26,Michigan,43,630,-5.0,0.0,0.0,-1.0,0600-0659,18.0,643.0,742.0,8.0,748,750.0,2.0,2.0,0.0,0.0,0700-0759,0.0,,0.0,78.0,85.0,59.0,1.0,306.0,2,,,0.0,,0.0,,,,0,,,,,,,,,,,,,,,,,,,,,,,,,,,,,,,,,,,,,,,,,,,,,N,0.0,0.0,6.0,7.0,2.0,3.0,26.0,31.0,6,7,2.0,3.0,26.0,31.0,1,1,0,1.0,1.0,N882RW,N882RW-DL-0,26.0,38.0,5.0,31.0,43.0,,,0.0,26,32,1.0,1.16
N882RW,835.0,2019,2,5,2,4,2019-05-02,DL,DL_CODESHARE,19790,DL,5983,,,,,YX,20452,YX,5983,11433,1143302,31295,DTW,"Detroit, MI",MI,26,Michigan,43,12339,1233904,32337,IND,"Indianapolis, IN",IN,18,Indiana,42,838,-3.0,0.0,0.0,-1.0,0800-0859,21.0,856.0,945.0,4.0,955,949.0,-6.0,0.0,0.0,-1.0,0900-0959,0.0,,0.0,77.0,74.0,49.0,1.0,231.0,1,,,0.0,,0.0,,,,0,,,,,,,,,,,,,,,,,,,,,,,,,,,,,,,,,,,,,,,,,,,,,N,0.0,0.0,8.0,9.0,2.0,3.0,34.0,39.0,8,9,3.0,4.0,35.0,40.0,7,7,1,1.0,0.0,N882RW,N882RW-DL-1,35.0,46.0,5.0,40.0,51.0,31.0,3.0,0.0,35,40,0.0,0.0
N88301,842.0,2019,2,5,2,4,2019-05-02,UA,UA_CODESHARE,19977,UA,6208,,,,,YV,20378,YV,6208,13871,1387102,33316,OMA,"Omaha, NE",NE,31,Nebraska,65,12266,1226603,31453,IAH,"Houston, TX",TX,48,Texas,74,620,142.0,142.0,1.0,9.0,0600-0659,19.0,901.0,1153.0,29.0,854,1222.0,208.0,208.0,1.0,12.0,0800-0859,0.0,,0.0,154.0,220.0,172.0,1.0,781.0,4,0.0,0.0,208.0,0.0,0.0,,,,0,,,,,,,,,,,,,,,,,,,,,,,,,,,,,,,,,,,,,,,,,,,,,N,4.0,4.0,8.0,12.0,3.0,1.0,39.0,53.0,6,8,1.0,4.0,29.0,40.0,1,1,0,0.0,0.0,N88301,N88301-UA-0,29.0,51.0,14.0,43.0,65.0,,,14.0,29,49,6.0,13.66
N88325,603.0,2019,2,5,2,4,2019-05-02,UA,UA_CODESHARE,19977,UA,6199,,,,,YV,20378,YV,6199,14524,1452401,34524,RIC,"Richmond, VA",VA,51,Virginia,38,12266,1226603,31453,IAH,"Houston, TX",TX,48,Texas,74,605,-2.0,0.0,0.0,-1.0,0600-0659,17.0,620.0,853.0,7.0,827,900.0,33.0,33.0,1.0,2.0,0800-0859,0.0,,0.0,202.0,237.0,213.0,1.0,1157.0,5,0.0,0.0,33.0,0.0,0.0,,,,0,,,,,,,,,,,,,,,,,,,,,,,,,,,,,,,,,,,,,,,,,,,,,N,0.0,4.0,6.0,9.0,0.0,0.0,24.0,40.0,6,8,0.0,2.0,24.0,38.0,2,2,0,0.0,0.0,N88325,N88325-UA-0,24.0,36.0,16.0,40.0,52.0,,,2.0,24,49,9.0,35.66
N88326,831.0,2019,2,5,2,4,2019-05-02,UA,UA_CODESHARE,19977,UA,6281,,,,,YV,20378,YV,6281,11540,1154005,30615,ELP,"El Paso, TX",TX,48,Texas,74,12266,1226603,31453,IAH,"Houston, TX",TX,48,Texas,74,600,151.0,151.0,1.0,10.0,0600-0659,12.0,843.0,1110.0,40.0,855,1150.0,175.0,175.0,1.0,11.0,0800-0859,0.0,,0.0,115.0,139.0,87.0,1.0,667.0,3,0.0,0.0,175.0,0.0,0.0,,,,0,,,,,,,,,,,,,,,,,,,,,,,,,,,,,,,,,,,,,,,,,,,,,N,8.0,4.0,8.0,11.0,2.0,3.0,42.0,51.0,6,8,0.0,4.0,32.0,40.0,7,7,0,0.0,0.0,N88326,N88326-UA-0,32.0,54.0,9.0,41.0,63.0,,,12.0,32,41,0.0,0.0
N88328,923.0,2019,2,5,2,4,2019-05-02,UA,UA_CODESHARE,19977,UA,6139,,,,,YV,20378,YV,6139,12124,1212402,32124,HHH,"Hilton Head, SC",SC,45,South Carolina,37,12264,1226402,30852,IAD,"Washington, DC",VA,51,Virginia,38,930,-7.0,0.0,0.0,-1.0,0900-0959,7.0,930.0,1040.0,9.0,1111,1049.0,-22.0,0.0,0.0,-2.0,1100-1159,0.0,,0.0,101.0,86.0,70.0,1.0,498.0,2,,,0.0,,0.0,,,,0,,,,,,,,,,,,,,,,,,,,,,,,,,,,,,,,,,,,,,,,,,,,,N,0.0,0.0,9.0,10.0,2.0,3.0,38.0,43.0,9,11,2.0,1.0,38.0,45.0,2,2,0,0.0,0.0,N88328,N88328-UA-0,38.0,50.0,5.0,43.0,55.0,,,0.0,38,43,0.0,0.0
N88330,528.0,2019,2,5,2,4,2019-05-02,UA,UA_CODESHARE,19977,UA,6221,,,,,YV,20378,YV,6221,12206,1220605,32206,HRL,"Harlingen/San Benito, TX",TX,48,Texas,74,12266,1226603,31453,IAH,"Houston, TX",TX,48,Texas,74,530,-2.0,0.0,0.0,-1.0,0001-0559,14.0,542.0,636.0,6.0,645,642.0,-3.0,0.0,0.0,-1.0,0600-0659,0.0,,0.0,75.0,74.0,54.0,1.0,295.0,2,,,0.0,,0.0,,,,0,,,,,,,,,,,,,,,,,,,,,,,,,,,,,,,,,,,,,,,,,,,,,N,4.0,4.0,5.0,6.0,2.0,3.0,26.0,31.0,5,6,2.0,3.0,26.0,31.0,4,4,0,1.0,1.0,N88330,N88330-UA-0,26.0,38.0,5.0,31.0,43.0,,,0.0,26,31,0.0,0.0
N88330,727.0,2019,2,5,2,4,2019-05-02,UA,UA_CODESHARE,19977,UA,6382,,,,,YV,20378,YV,6382,12266,1226603,31453,IAH,"Houston, TX",TX,48,Texas,74,13422,1342202,30562,MOB,"Mobile, AL",AL,1,Alabama,51,730,-3.0,0.0,0.0,-1.0,0700-0759,25.0,752.0,858.0,3.0,855,901.0,6.0,6.0,0.0,0.0,0800-0859,0.0,,0.0,85.0,94.0,66.0,1.0,427.0,2,,,0.0,,0.0,,,,0,,,,,,,,,,,,,,,,,,,,,,,,,,,,,,,,,,,,,,,,,,,,,N,4.0,4.0,7.0,9.0,2.0,0.0,34.0,40.0,7,8,2.0,4.0,34.0,40.0,7,7,1,1.0,0.0,N88330,N88330-UA-1,34.0,46.0,6.0,40.0,52.0,31.0,3.0,0.0,34,40,0.0,0.0
N88331,525.0,2019,2,5,2,4,2019-05-02,UA,UA_CODESHARE,19977,UA,6190,,,,,YV,20378,YV,6190,13256,1325602,33256,MFE,"Mission/McAllen/Edinburg, TX",TX,48,Texas,74,12266,1226603,31453,IAH,"Houston, TX",TX,48,Texas,74,530,-5.0,0.0,0.0,-1.0,0001-0559,10.0,535.0,626.0,8.0,641,634.0,-7.0,0.0,0.0,-1.0,0600-0659,0.0,,0.0,71.0,69.0,51.0,1.0,316.0,2,,,0.0,,0.0,,,,0,,,,,,,,,,,,,,,,,,,,,,,,,,,,,,,,,,,,,,,,,,,,,N,4.0,4.0,5.0,6.0,2.0,2.0,26.0,30.0,5,6,2.0,3.0,26.0,31.0,5,5,0,0.0,0.0,N88331,N88331-UA-0,26.0,38.0,4.0,30.0,42.0,,,0.0,27,33,3.0,16.68
N88332,618.0,2019,2,5,2,4,2019-05-02,UA,UA_CODESHARE,19977,UA,6300,,,,,YV,20378,YV,6300,11433,1143302,31295,DTW,"Detroit, MI",MI,26,Michigan,43,12266,1226603,31453,IAH,"Houston, TX",TX,48,Texas,74,620,-2.0,0.0,0.0,-1.0,0600-0659,11.0,629.0,838.0,4.0,832,842.0,10.0,10.0,0.0,0.0,0800-0859,0.0,,0.0,192.0,204.0,189.0,1.0,1075.0,5,,,0.0,,0.0,,,,0,,,,,,,,,,,,,,,,,,,,,,,,,,,,,,,,,,,,,,,,,,,,,N,0.0,4.0,6.0,8.0,1.0,3.0,25.0,39.0,6,8,1.0,2.0,25.0,38.0,2,2,0,0.0,0.0,N88332,N88332-UA-0,25.0,37.0,14.0,39.0,51.0,,,0.0,26,50,11.0,50.58
N88341,639.0,2019,2,5,2,4,2019-05-02,UA,UA_CODESHARE,19977,UA,6216,,,,,YV,20378,YV,6216,15376,1537604,30436,TUS,"Tucson, AZ",AZ,4,Arizona,81,12266,1226603,31453,IAH,"Houston, TX",TX,48,Texas,74,640,-1.0,0.0,0.0,-1.0,0600-0659,27.0,706.0,1100.0,30.0,1106,1130.0,24.0,24.0,1.0,1.0,1100-1159,0.0,,0.0,146.0,171.0,114.0,1.0,936.0,4,0.0,0.0,24.0,0.0,0.0,,,,0,,,,,,,,,,,,,,,,,,,,,,,,,,,,,,,,,,,,,,,,,,,,,N,8.0,4.0,6.0,11.0,3.0,2.0,35.0,50.0,6,11,3.0,0.0,35.0,48.0,1,1,0,0.0,0.0,N88341,N88341-UA-0,35.0,47.0,15.0,50.0,62.0,,,2.0,35,50,0.0,0.0
N88346,844.0,2019,2,5,2,4,2019-05-02,UA,UA_CODESHARE,19977,UA,6064,,,,,YV,20378,YV,6064,12266,1226603,31453,IAH,"Houston, TX",TX,48,Texas,74,11278,1127805,30852,DCA,"Washington, DC",VA,51,Virginia,38,810,34.0,34.0,1.0,2.0,0800-0859,28.0,912.0,1256.0,5.0,1210,1301.0,51.0,51.0,1.0,3.0,1200-1259,0.0,,0.0,180.0,197.0,164.0,1.0,1208.0,5,0.0,51.0,0.0,0.0,0.0,,,,0,,,,,,,,,,,,,,,,,,,,,,,,,,,,,,,,,,,,,,,,,,,,,N,4.0,0.0,8.0,13.0,3.0,0.0,39.0,52.0,8,12,1.0,1.0,37.0,49.0,6,6,0,0.0,0.0,N88346,N88346-UA-0,39.0,51.0,13.0,52.0,64.0,,,0.0,39,52,0.0,0.0
N88359,705.0,2019,2,5,2,4,2019-05-02,UA,UA_CODESHARE,19977,UA,6285,,,,,YV,20378,YV,6285,12266,1226603,31453,IAH,"Houston, TX",TX,48,Texas,74,12953,1295304,31703,LGA,"New York, NY",NY,36,New York,22,705,0.0,0.0,0.0,0.0,0700-0759,58.0,803.0,1212.0,4.0,1139,1216.0,37.0,37.0,1.0,2.0,1100-1159,0.0,,0.0,214.0,251.0,189.0,1.0,1416.0,6,0.0,0.0,37.0,0.0,0.0,,,,0,,,,,,,,,,,,,,,,,,,,,,,,,,,,,,,,,,,,,,,,,,,,,N,4.0,0.0,7.0,12.0,0.0,1.0,32.0,49.0,7,11,0.0,3.0,32.0,47.0,2,2,0,0.0,0.0,N88359,N88359-UA-0,32.0,44.0,17.0,49.0,61.0,,,2.0,32,49,0.0,0.0
N8837B,539.0,2019,2,5,2,4,2019-05-02,DL,DL_CODESHARE,19790,DL,5081,,,,,9E,20363,9E,5081,15096,1509602,35096,SYR,"Syracuse, NY",NY,36,New York,22,12478,1247805,31703,JFK,"New York, NY",NY,36,New York,22,545,-6.0,0.0,0.0,-1.0,0001-0559,19.0,558.0,649.0,6.0,709,655.0,-14.0,0.0,0.0,-1.0,0700-0759,0.0,,0.0,84.0,76.0,51.0,1.0,209.0,1,,,0.0,,0.0,,,,0,,,,,,,,,,,,,,,,,,,,,,,,,,,,,,,,,,,,,,,,,,,,,N,0.0,0.0,5.0,6.0,3.0,4.0,23.0,28.0,5,7,3.0,1.0,23.0,29.0,5,5,0,1.0,1.0,N8837B,N8837B-DL-0,23.0,35.0,5.0,28.0,40.0,,,0.0,23,28,0.0,0.0
N8837B,857.0,2019,2,5,2,4,2019-05-02,DL,DL_CODESHARE,19790,DL,3295,,,,,9E,20363,9E,3295,12478,1247805,31703,JFK,"New York, NY",NY,36,New York,22,14576,1457606,34576,ROC,"Rochester, NY",NY,36,New York,22,900,-3.0,0.0,0.0,-1.0,0900-0959,33.0,930.0,1021.0,3.0,1024,1024.0,0.0,0.0,0.0,0.0,1000-1059,0.0,,0.0,84.0,87.0,51.0,1.0,264.0,2,,,0.0,,0.0,,,,0,,,,,,,,,,,,,,,,,,,,,,,,,,,,,,,,,,,,,,,,,,,,,N,0.0,0.0,8.0,10.0,4.0,2.0,36.0,42.0,9,10,0.0,2.0,36.0,42.0,5,5,1,1.0,0.0,N8837B,N8837B-DL-1,36.0,48.0,6.0,42.0,54.0,28.0,8.0,0.0,36,42,0.0,0.0
N8839E,624.0,2019,2,5,2,4,2019-05-02,DL,DL_CODESHARE,19790,DL,3353,,,,,9E,20363,9E,3353,10821,1082106,30852,BWI,"Baltimore, MD",MD,24,Maryland,35,12478,1247805,31703,JFK,"New York, NY",NY,36,New York,22,629,-5.0,0.0,0.0,-1.0,0600-0659,30.0,654.0,740.0,10.0,757,750.0,-7.0,0.0,0.0,-1.0,0700-0759,0.0,,0.0,88.0,86.0,46.0,1.0,184.0,1,,,0.0,,0.0,,,,0,,,,,,,,,,,,,,,,,,,,,,,,,,,,,,,,,,,,,,,,,,,,,N,0.0,0.0,6.0,7.0,2.0,3.0,26.0,31.0,6,7,2.0,4.0,26.0,32.0,5,5,0,1.0,1.0,N8839E,N8839E-DL-0,26.0,38.0,5.0,31.0,43.0,,,0.0,27,32,1.0,5.14
N8839E,855.0,2019,2,5,2,4,2019-05-02,DL,DL_CODESHARE,19790,DL,3389,,,,,9E,20363,9E,3389,12478,1247805,31703,JFK,"New York, NY",NY,36,New York,22,13931,1393102,33667,ORF,"Norfolk, VA",VA,51,Virginia,38,900,-5.0,0.0,0.0,-1.0,0900-0959,34.0,929.0,1021.0,3.0,1038,1024.0,-14.0,0.0,0.0,-1.0,1000-1059,0.0,,0.0,98.0,89.0,52.0,1.0,290.0,2,,,0.0,,0.0,,,,0,,,,,,,,,,,,,,,,,,,,,,,,,,,,,,,,,,,,,,,,,,,,,N,0.0,0.0,8.0,10.0,4.0,2.0,36.0,42.0,9,10,0.0,3.0,36.0,43.0,2,2,1,1.0,0.0,N8839E,N8839E-DL-1,36.0,48.0,6.0,42.0,54.0,31.0,5.0,0.0,37,43,1.0,2.26
N883DN,712.0,2019,2,5,2,4,2019-05-02,DL,DL,19790,DL,1882,,,,,DL,19790,DL,1882,14869,1486903,34614,SLC,"Salt Lake City, UT",UT,49,Utah,87,11433,1143302,31295,DTW,"Detroit, MI",MI,26,Michigan,43,715,-3.0,0.0,0.0,-1.0,0700-0759,12.0,724.0,1213.0,5.0,1245,1218.0,-27.0,0.0,0.0,-2.0,1200-1259,0.0,,0.0,210.0,186.0,169.0,1.0,1481.0,6,,,0.0,,0.0,,,,0,,,,,,,,,,,,,,,,,,,,,,,,,,,,,,,,,,,,,,,,,,,,,N,8.0,0.0,7.0,12.0,1.0,1.0,37.0,49.0,7,12,1.0,3.0,37.0,51.0,7,7,0,0.0,0.0,N883DN,N883DN-DL-0,37.0,49.0,12.0,49.0,61.0,,,0.0,38,50,1.0,7.36
N8847A,655.0,2019,2,5,2,4,2019-05-02,DL,DL_CODESHARE,19790,DL,5135,,,,,9E,20363,9E,5135,11193,1119302,33105,CVG,"Cincinnati, OH",KY,21,Kentucky,52,10821,1082106,30852,BWI,"Baltimore, MD",MD,24,Maryland,35,700,-5.0,0.0,0.0,-1.0,0700-0759,15.0,710.0,816.0,5.0,837,821.0,-16.0,0.0,0.0,-2.0,0800-0859,0.0,,0.0,97.0,86.0,66.0,1.0,430.0,2,,,0.0,,0.0,,,,0,,,,,,,,,,,,,,,,,,,,,,,,,,,,,,,,,,,,,,,,,,,,,N,0.0,0.0,6.0,8.0,4.0,1.0,28.0,33.0,7,8,0.0,2.0,28.0,34.0,8,8,0,1.0,1.0,N8847A,N8847A-DL-0,28.0,40.0,5.0,33.0,45.0,,,0.0,28,33,0.0,0.0
N8847A,900.0,2019,2,5,2,4,2019-05-02,DL,DL_CODESHARE,19790,DL,3327,,,,,9E,20363,9E,3327,10821,1082106,30852,BWI,"Baltimore, MD",MD,24,Maryland,35,12478,1247805,31703,JFK,"New York, NY",NY,36,New York,22,905,-5.0,0.0,0.0,-1.0,0900-0959,28.0,928.0,1016.0,8.0,1024,1024.0,0.0,0.0,0.0,0.0,1000-1059,0.0,,0.0,79.0,84.0,48.0,1.0,184.0,1,,,0.0,,0.0,,,,0,,,,,,,,,,,,,,,,,,,,,,,,,,,,,,,,,,,,,,,,,,,,,N,0.0,0.0,9.0,10.0,0.0,2.0,36.0,42.0,9,10,0.0,2.0,36.0,42.0,7,7,1,1.0,0.0,N8847A,N8847A-DL-1,36.0,48.0,6.0,42.0,54.0,33.0,3.0,0.0,36,42,0.0,0.0
N885DN,554.0,2019,2,5,2,4,2019-05-02,DL,DL,19790,DL,2085,,,,,DL,19790,DL,2085,13342,1334207,33342,MKE,"Milwaukee, WI",WI,55,Wisconsin,45,10397,1039707,30397,ATL,"Atlanta, GA",GA,13,Georgia,34,600,-6.0,0.0,0.0,-1.0,0600-0659,12.0,606.0,844.0,13.0,855,857.0,2.0,2.0,0.0,0.0,0800-0859,0.0,,0.0,115.0,123.0,98.0,1.0,669.0,3,,,0.0,,0.0,,,,0,,,,,,,,,,,,,,,,,,,,,,,,,,,,,,,,,,,,,,,,,,,,,N,4.0,0.0,5.0,8.0,4.0,4.0,28.0,36.0,6,8,0.0,4.0,28.0,36.0,3,3,0,0.0,0.0,N885DN,N885DN-DL-0,28.0,40.0,8.0,36.0,48.0,,,0.0,28,38,2.0,6.96
N885NN,704.0,2019,2,5,2,4,2019-05-02,AA,AA,19805,AA,2771,,,,,AA,19805,AA,2771,11292,1129202,30325,DEN,"Denver, CO",CO,8,Colorado,82,13930,1393007,30977,ORD,"Chicago, IL",IL,17,Illinois,41,705,-1.0,0.0,0.0,-1.0,0700-0759,16.0,720.0,1014.0,20.0,1040,1034.0,-6.0,0.0,0.0,-1.0,1000-1059,0.0,,0.0,155.0,150.0,114.0,1.0,888.0,4,,,0.0,,0.0,,,,0,,,,,,,,,,,,,,,,,,,,,,,,,,,,,,,,,,,,,,,,,,,,,N,8.0,4.0,7.0,10.0,0.0,2.0,36.0,46.0,7,10,0.0,3.0,36.0,47.0,8,8,0,0.0,0.0,N885NN,N885NN-AA-0,36.0,48.0,10.0,46.0,58.0,,,0.0,36,46,0.0,0.0
N8869B,556.0,2019,2,5,2,4,2019-05-02,DL,DL_CODESHARE,19790,DL,3343,,,,,9E,20363,9E,3343,13795,1379502,33795,OAJ,"Jacksonville/Camp Lejeune, NC",NC,37,North Carolina,36,10397,1039707,30397,ATL,"Atlanta, GA",GA,13,Georgia,34,600,-4.0,0.0,0.0,-1.0,0600-0659,11.0,607.0,718.0,6.0,735,724.0,-11.0,0.0,0.0,-1.0,0700-0759,0.0,,0.0,95.0,88.0,71.0,1.0,399.0,2,,,0.0,,0.0,,,,0,,,,,,,,,,,,,,,,,,,,,,,,,,,,,,,,,,,,,,,,,,,,,N,0.0,0.0,5.0,7.0,4.0,2.0,24.0,30.0,6,7,0.0,2.0,24.0,30.0,2,2,0,1.0,1.0,N8869B,N8869B-DL-0,24.0,36.0,6.0,30.0,42.0,,,0.0,24,30,0.0,0.0
N8869B,825.0,2019,2,5,2,4,2019-05-02,DL,DL_CODESHARE,19790,DL,5210,,,,,9E,20363,9E,5210,10397,1039707,30397,ATL,"Atlanta, GA",GA,13,Georgia,34,11953,1195302,31953,GNV,"Gainesville, FL",FL,12,Florida,33,827,-2.0,0.0,0.0,-1.0,0800-0859,20.0,845.0,938.0,7.0,944,945.0,1.0,1.0,0.0,0.0,0900-0959,0.0,,0.0,77.0,80.0,53.0,1.0,300.0,2,,,0.0,,0.0,,,,0,,,,,,,,,,,,,,,,,,,,,,,,,,,,,,,,,,,,,,,,,,,,,N,0.0,0.0,8.0,9.0,2.0,3.0,34.0,39.0,8,9,2.0,3.0,34.0,39.0,6,6,1,1.0,0.0,N8869B,N8869B-DL-1,34.0,46.0,5.0,39.0,51.0,30.0,4.0,0.0,34,39,0.0,0.0
N886DN,605.0,2019,2,5,2,4,2019-05-02,DL,DL,19790,DL,1610,,,,,DL,19790,DL,1610,11292,1129202,30325,DEN,"Denver, CO",CO,8,Colorado,82,11433,1143302,31295,DTW,"Detroit, MI",MI,26,Michigan,43,610,-5.0,0.0,0.0,-1.0,0600-0659,13.0,618.0,1028.0,6.0,1102,1034.0,-28.0,0.0,0.0,-2.0,1100-1159,0.0,,0.0,172.0,149.0,130.0,1.0,1123.0,5,,,0.0,,0.0,,,,0,,,,,,,,,,,,,,,,,,,,,,,,,,,,,,,,,,,,,,,,,,,,,N,8.0,0.0,6.0,10.0,0.0,2.0,32.0,42.0,6,11,1.0,0.0,33.0,44.0,1,1,0,0.0,0.0,N886DN,N886DN-DL-0,33.0,44.0,10.0,43.0,54.0,,,0.0,33,43,0.0,0.0
N886NN,603.0,2019,2,5,2,4,2019-05-02,AA,AA,19805,AA,2210,,,,,AA,19805,AA,2210,11278,1127805,30852,DCA,"Washington, DC",VA,51,Virginia,38,11298,1129806,30194,DFW,"Dallas/Fort Worth, TX",TX,48,Texas,74,605,-2.0,0.0,0.0,-1.0,0600-0659,26.0,629.0,929.0,19.0,843,948.0,65.0,65.0,1.0,4.0,0800-0859,0.0,,0.0,218.0,285.0,240.0,1.0,1192.0,5,0.0,0.0,65.0,0.0,0.0,,,,0,,,,,,,,,,,,,,,,,,,,,,,,,,,,,,,,,,,,,,,,,,,,,N,0.0,4.0,6.0,9.0,0.0,3.0,24.0,43.0,6,8,0.0,3.0,24.0,39.0,2,2,0,0.0,0.0,N886NN,N886NN-AA-0,24.0,36.0,19.0,43.0,55.0,,,4.0,24,43,0.0,0.0
N8877A,745.0,2019,2,5,2,4,2019-05-02,DL,DL_CODESHARE,19790,DL,5361,,,,,9E,20363,9E,5361,10990,1099005,30990,CHO,"Charlottesville, VA",VA,51,Virginia,38,12953,1295304,31703,LGA,"New York, NY",NY,36,New York,22,620,85.0,85.0,1.0,5.0,0600-0659,36.0,821.0,919.0,7.0,740,926.0,106.0,106.0,1.0,7.0,0700-0759,0.0,,0.0,80.0,101.0,58.0,1.0,305.0,2,83.0,0.0,21.0,0.0,2.0,,,,0,,,,,,,,,,,,,,,,,,,,,,,,,,,,,,,,,,,,,,,,,,,,,N,0.0,0.0,7.0,9.0,3.0,2.0,31.0,38.0,6,7,1.0,3.0,25.0,31.0,6,6,0,1.0,1.0,N8877A,N8877A-DL-0,30.0,43.0,7.0,37.0,50.0,,,2.0,30,37,0.0,0.0
N8877A,1002.0,2019,2,5,2,4,2019-05-02,DL,DL_CODESHARE,19790,DL,5196,,,,,9E,20363,9E,5196,12953,1295304,31703,LGA,"New York, NY",NY,36,New York,22,14576,1457606,34576,ROC,"Rochester, NY",NY,36,New York,22,940,22.0,22.0,1.0,1.0,0900-0959,37.0,1039.0,1125.0,3.0,1118,1128.0,10.0,10.0,0.0,0.0,1100-1159,0.0,,0.0,98.0,86.0,46.0,1.0,254.0,2,,,0.0,,0.0,,,,0,,,,,,,,,,,,,,,,,,,,,,,,,,,,,,,,,,,,,,,,,,,,,N,0.0,0.0,10.0,11.0,0.0,2.0,40.0,46.0,9,11,3.0,1.0,39.0,45.0,2,2,1,1.0,0.0,N8877A,N8877A-DL-1,40.0,52.0,6.0,46.0,58.0,38.0,2.0,0.0,40,46,0.0,0.0
N887DN,556.0,2019,2,5,2,4,2019-05-02,DL,DL,19790,DL,1932,,,,,DL,19790,DL,1932,12889,1288903,32211,LAS,"Las Vegas, NV",NV,32,Nevada,85,11433,1143302,31295,DTW,"Detroit, MI",MI,26,Michigan,43,600,-4.0,0.0,0.0,-1.0,0600-0659,11.0,607.0,1222.0,8.0,1256,1230.0,-26.0,0.0,0.0,-2.0,1200-1259,0.0,,0.0,236.0,214.0,195.0,1.0,1749.0,7,,,0.0,,0.0,,,,0,,,,,,,,,,,,,,,,,,,,,,,,,,,,,,,,,,,,,,,,,,,,,N,12.0,0.0,5.0,12.0,4.0,2.0,36.0,50.0,6,12,0.0,4.0,36.0,52.0,7,7,0,0.0,0.0,N887DN,N887DN-DL-0,36.0,48.0,14.0,50.0,62.0,,,0.0,36,50,0.0,0.0
N8884E,634.0,2019,2,5,2,4,2019-05-02,DL,DL_CODESHARE,19790,DL,7414,,,,,OO,20304,OO,7414,14520,1452002,34520,RHI,"Rhinelander, WI",WI,55,Wisconsin,45,13487,1348702,31650,MSP,"Minneapolis, MN",MN,27,Minnesota,63,642,-8.0,0.0,0.0,-1.0,0600-0659,27.0,701.0,745.0,5.0,800,750.0,-10.0,0.0,0.0,-1.0,0800-0859,0.0,,0.0,78.0,76.0,44.0,1.0,190.0,1,,,0.0,,0.0,,,,0,,,,,,,,,,,,,,,,,,,,,,,,,,,,,,,,,,,,,,,,,,,,,N,4.0,4.0,6.0,7.0,2.0,3.0,30.0,35.0,6,8,3.0,0.0,31.0,36.0,1,1,0,0.0,0.0,N8884E,N8884E-DL-0,31.0,42.0,5.0,36.0,47.0,,,0.0,31,36,0.0,0.0
N8886A,653.0,2019,2,5,2,4,2019-05-02,DL,DL_CODESHARE,19790,DL,5292,,,,,9E,20363,9E,5292,11203,1120302,30424,CWA,"Mosinee, WI",WI,55,Wisconsin,45,11433,1143302,31295,DTW,"Detroit, MI",MI,26,Michigan,43,700,-7.0,0.0,0.0,-1.0,0700-0759,14.0,707.0,903.0,9.0,925,912.0,-13.0,0.0,0.0,-1.0,0900-0959,0.0,,0.0,85.0,79.0,56.0,1.0,363.0,2,,,0.0,,0.0,,,,0,,,,,,,,,,,,,,,,,,,,,,,,,,,,,,,,,,,,,,,,,,,,,N,4.0,0.0,6.0,9.0,4.0,1.0,32.0,37.0,7,9,0.0,2.0,32.0,38.0,4,4,0,0.0,0.0,N8886A,N8886A-DL-0,32.0,44.0,5.0,37.0,49.0,,,0.0,32,37,0.0,0.0
N888DU,829.0,2019,2,5,2,4,2019-05-02,DL,DL,19790,DL,826,,,,,DL,19790,DL,826,11433,1143302,31295,DTW,"Detroit, MI",MI,26,Michigan,43,14869,1486903,34614,SLC,"Salt Lake City, UT",UT,49,Utah,87,830,-1.0,0.0,0.0,-1.0,0800-0859,20.0,849.0,1023.0,5.0,1024,1028.0,4.0,4.0,0.0,0.0,1000-1059,0.0,,0.0,234.0,239.0,214.0,1.0,1481.0,6,,,0.0,,0.0,,,,0,,,,,,,,,,,,,,,,,,,,,,,,,,,,,,,,,,,,,,,,,,,,,N,0.0,8.0,8.0,10.0,2.0,2.0,34.0,50.0,8,10,2.0,2.0,34.0,50.0,6,6,0,0.0,0.0,N888DU,N888DU-DL-0,34.0,46.0,16.0,50.0,62.0,,,0.0,34,51,1.0,6.24
N8894A,626.0,2019,2,5,2,4,2019-05-02,DL,DL_CODESHARE,19790,DL,3491,,,,,9E,20363,9E,3491,11203,1120302,30424,CWA,"Mosinee, WI",WI,55,Wisconsin,45,13487,1348702,31650,MSP,"Minneapolis, MN",MN,27,Minnesota,63,639,-13.0,0.0,0.0,-1.0,0600-0659,11.0,637.0,712.0,5.0,759,717.0,-42.0,0.0,0.0,-2.0,0700-0759,0.0,,0.0,80.0,51.0,35.0,1.0,175.0,1,,,0.0,,0.0,,,,0,,,,,,,,,,,,,,,,,,,,,,,,,,,,,,,,,,,,,,,,,,,,,N,4.0,4.0,6.0,7.0,2.0,1.0,30.0,33.0,6,7,3.0,4.0,31.0,36.0,1,1,0,0.0,0.0,N8894A,N8894A-DL-0,31.0,42.0,3.0,34.0,45.0,,,0.0,31,34,0.0,0.0
N8896A,603.0,2019,2,5,2,4,2019-05-02,DL,DL_CODESHARE,19790,DL,3417,,,,,9E,20363,9E,3417,15412,1541205,35412,TYS,"Knoxville, TN",TN,47,Tennessee,54,11433,1143302,31295,DTW,"Detroit, MI",MI,26,Michigan,43,609,-6.0,0.0,0.0,-1.0,0600-0659,13.0,616.0,731.0,10.0,749,741.0,-8.0,0.0,0.0,-1.0,0700-0759,0.0,,0.0,100.0,98.0,75.0,1.0,443.0,2,,,0.0,,0.0,,,,0,,,,,,,,,,,,,,,,,,,,,,,,,,,,,,,,,,,,,,,,,,,,,N,0.0,0.0,6.0,7.0,0.0,3.0,24.0,31.0,6,7,1.0,3.0,25.0,31.0,7,7,0,1.0,1.0,N8896A,N8896A-DL-0,25.0,36.0,7.0,32.0,43.0,,,0.0,25,32,0.0,0.0
N8896A,838.0,2019,2,5,2,4,2019-05-02,DL,DL_CODESHARE,19790,DL,3360,,,,,9E,20363,9E,3360,11433,1143302,31295,DTW,"Detroit, MI",MI,26,Michigan,43,15412,1541205,35412,TYS,"Knoxville, TN",TN,47,Tennessee,54,840,-2.0,0.0,0.0,-1.0,0800-0859,18.0,856.0,1003.0,2.0,1017,1005.0,-12.0,0.0,0.0,-1.0,1000-1059,0.0,,0.0,97.0,87.0,67.0,1.0,443.0,2,,,0.0,,0.0,,,,0,,,,,,,,,,,,,,,,,,,,,,,,,,,,,,,,,,,,,,,,,,,,,N,0.0,0.0,8.0,10.0,3.0,0.0,35.0,40.0,8,10,3.0,1.0,35.0,41.0,4,4,1,1.0,0.0,N8896A,N8896A-DL-1,35.0,47.0,5.0,40.0,52.0,31.0,4.0,0.0,36,41,1.0,4.24
N889AS,628.0,2019,2,5,2,4,2019-05-02,DL,DL_CODESHARE,19790,DL,4857,,,,,OO,20304,OO,4857,12007,1200704,30894,GTR,"Columbus, MS",MS,28,Mississippi,53,10397,1039707,30397,ATL,"Atlanta, GA",GA,13,Georgia,34,630,-2.0,0.0,0.0,-1.0,0600-0659,13.0,641.0,826.0,11.0,854,837.0,-17.0,0.0,0.0,-2.0,0800-0859,0.0,,0.0,84.0,69.0,45.0,1.0,241.0,1,,,0.0,,0.0,,,,0,,,,,,,,,,,,,,,,,,,,,,,,,,,,,,,,,,,,,,,,,,,,,N,4.0,0.0,6.0,8.0,2.0,2.0,30.0,34.0,6,8,2.0,4.0,30.0,36.0,9,9,0,0.0,0.0,N889AS,N889AS-DL-0,30.0,42.0,4.0,34.0,46.0,,,0.0,30,34,0.0,0.0
N889DN,624.0,2019,2,5,2,4,2019-05-02,DL,DL,19790,DL,1929,,,,,DL,19790,DL,1929,14831,1483106,32457,SJC,"San Jose, CA",CA,6,California,91,10397,1039707,30397,ATL,"Atlanta, GA",GA,13,Georgia,34,625,-1.0,0.0,0.0,-1.0,0600-0659,16.0,640.0,1345.0,10.0,1416,1355.0,-21.0,0.0,0.0,-2.0,1400-1459,0.0,,0.0,291.0,271.0,245.0,1.0,2116.0,9,,,0.0,,0.0,,,,0,,,,,,,,,,,,,,,,,,,,,,,,,,,,,,,,,,,,,,,,,,,,,N,12.0,0.0,6.0,13.0,2.0,4.0,38.0,56.0,6,14,2.0,1.0,38.0,57.0,6,6,0,0.0,0.0,N889DN,N889DN-DL-0,38.0,50.0,18.0,56.0,68.0,,,0.0,38,56,0.0,0.0
N889UA,827.0,2019,2,5,2,4,2019-05-02,UA,UA,19977,UA,1409,,,,,UA,19977,UA,1409,11618,1161802,31703,EWR,"Newark, NJ",NJ,34,New Jersey,21,14730,1473003,33044,SDF,"Louisville, KY",KY,21,Kentucky,52,830,-3.0,0.0,0.0,-1.0,0800-0859,22.0,849.0,1032.0,6.0,1104,1038.0,-26.0,0.0,0.0,-2.0,1100-1159,0.0,,0.0,154.0,131.0,103.0,1.0,642.0,3,,,0.0,,0.0,,,,0,,,,,,,,,,,,,,,,,,,,,,,,,,,,,,,,,,,,,,,,,,,,,N,0.0,0.0,8.0,10.0,2.0,3.0,34.0,43.0,8,11,2.0,0.0,34.0,44.0,4,4,0,0.0,0.0,N889UA,N889UA-UA-0,34.0,46.0,9.0,43.0,55.0,,,0.0,35,44,1.0,4.32
N8908D,820.0,2019,2,5,2,4,2019-05-02,DL,DL_CODESHARE,19790,DL,5064,,,,,9E,20363,9E,5064,12953,1295304,31703,LGA,"New York, NY",NY,36,New York,22,13931,1393102,33667,ORF,"Norfolk, VA",VA,51,Virginia,38,830,-10.0,0.0,0.0,-1.0,0800-0859,29.0,849.0,943.0,3.0,1011,946.0,-25.0,0.0,0.0,-2.0,1000-1059,0.0,,0.0,101.0,86.0,54.0,1.0,296.0,2,,,0.0,,0.0,,,,0,,,,,,,,,,,,,,,,,,,,,,,,,,,,,,,,,,,,,,,,,,,,,N,0.0,0.0,8.0,9.0,1.0,3.0,33.0,39.0,8,10,2.0,1.0,34.0,41.0,3,3,0,0.0,0.0,N8908D,N8908D-DL-0,34.0,45.0,6.0,40.0,51.0,,,0.0,36,42,2.0,7.2
N890UA,819.0,2019,2,5,2,4,2019-05-02,UA,UA,19977,UA,367,,,,,UA,19977,UA,367,11278,1127805,30852,DCA,"Washington, DC",VA,51,Virginia,38,12266,1226603,31453,IAH,"Houston, TX",TX,48,Texas,74,820,-1.0,0.0,0.0,-1.0,0800-0859,41.0,900.0,1059.0,9.0,1044,1108.0,24.0,24.0,1.0,1.0,1000-1059,0.0,,0.0,204.0,229.0,179.0,1.0,1208.0,5,0.0,0.0,24.0,0.0,0.0,,,,0,,,,,,,,,,,,,,,,,,,,,,,,,,,,,,,,,,,,,,,,,,,,,N,0.0,4.0,8.0,11.0,1.0,1.0,33.0,49.0,8,10,1.0,3.0,33.0,47.0,2,2,0,0.0,0.0,N890UA,N890UA-UA-0,33.0,45.0,16.0,49.0,61.0,,,2.0,34,50,1.0,2.18
N891AT,638.0,2019,2,5,2,4,2019-05-02,DL,DL,19790,DL,2497,,,,,DL,19790,DL,2497,11042,1104205,30647,CLE,"Cleveland, OH",OH,39,Ohio,44,13487,1348702,31650,MSP,"Minneapolis, MN",MN,27,Minnesota,63,643,-5.0,0.0,0.0,-1.0,0600-0659,34.0,712.0,758.0,2.0,749,800.0,11.0,11.0,0.0,0.0,0700-0759,0.0,,0.0,126.0,142.0,106.0,1.0,622.0,3,,,0.0,,0.0,,,,0,,,,,,,,,,,,,,,,,,,,,,,,,,,,,,,,,,,,,,,,,,,,,N,0.0,4.0,6.0,8.0,3.0,0.0,27.0,36.0,6,7,3.0,3.0,27.0,35.0,8,8,0,1.0,1.0,N891AT,N891AT-DL-0,27.0,39.0,9.0,36.0,48.0,,,0.0,27,36,0.0,0.0
N891AT,844.0,2019,2,5,2,4,2019-05-02,DL,DL,19790,DL,938,,,,,DL,19790,DL,938,13487,1348702,31650,MSP,"Minneapolis, MN",MN,27,Minnesota,63,13930,1393007,30977,ORD,"Chicago, IL",IL,17,Illinois,41,845,-1.0,0.0,0.0,-1.0,0800-0859,16.0,900.0,953.0,16.0,1013,1009.0,-4.0,0.0,0.0,-1.0,1000-1059,0.0,,0.0,88.0,85.0,53.0,1.0,334.0,2,,,0.0,,0.0,,,,0,,,,,,,,,,,,,,,,,,,,,,,,,,,,,,,,,,,,,,,,,,,,,N,4.0,4.0,8.0,10.0,3.0,1.0,39.0,45.0,8,10,3.0,1.0,39.0,45.0,3,3,1,1.0,0.0,N891AT,N891AT-DL-1,39.0,51.0,6.0,45.0,57.0,36.0,3.0,0.0,39,45,0.0,0.0
N891NN,507.0,2019,2,5,2,4,2019-05-02,AA,AA,19805,AA,1427,,,,,AA,19805,AA,1427,10721,1072102,30721,BOS,"Boston, MA",MA,25,Massachusetts,13,13930,1393007,30977,ORD,"Chicago, IL",IL,17,Illinois,41,510,-3.0,0.0,0.0,-1.0,0001-0559,15.0,522.0,649.0,12.0,710,701.0,-9.0,0.0,0.0,-1.0,0700-0759,0.0,,0.0,180.0,174.0,147.0,1.0,867.0,4,,,0.0,,0.0,,,,0,,,,,,,,,,,,,,,,,,,,,,,,,,,,,,,,,,,,,,,,,,,,,N,0.0,4.0,5.0,7.0,0.0,0.0,20.0,32.0,5,7,1.0,1.0,21.0,33.0,3,3,0,0.0,0.0,N891NN,N891NN-AA-0,21.0,32.0,12.0,33.0,44.0,,,0.0,22,34,1.0,3.28
N891UA,807.0,2019,2,5,2,4,2019-05-02,UA,UA,19977,UA,729,,,,,UA,19977,UA,729,11298,1129806,30194,DFW,"Dallas/Fort Worth, TX",TX,48,Texas,74,13930,1393007,30977,ORD,"Chicago, IL",IL,17,Illinois,41,800,7.0,7.0,0.0,0.0,0800-0859,14.0,821.0,1005.0,12.0,1019,1017.0,-2.0,0.0,0.0,-1.0,1000-1059,0.0,,0.0,139.0,130.0,104.0,1.0,801.0,4,,,0.0,,0.0,,,,0,,,,,,,,,,,,,,,,,,,,,,,,,,,,,,,,,,,,,,,,,,,,,N,4.0,4.0,8.0,10.0,0.0,1.0,36.0,45.0,8,10,0.0,1.0,36.0,45.0,7,7,0,0.0,0.0,N891UA,N891UA-UA-0,36.0,48.0,9.0,45.0,57.0,,,0.0,38,47,2.0,15.32
N8923A,646.0,2019,2,5,2,4,2019-05-02,DL,DL_CODESHARE,19790,DL,3670,,,,,OO,20304,OO,3670,11577,1157706,31577,ERI,"Erie, PA",PA,42,Pennsylvania,23,11433,1143302,31295,DTW,"Detroit, MI",MI,26,Michigan,43,625,21.0,21.0,1.0,1.0,0600-0659,26.0,712.0,751.0,15.0,733,806.0,33.0,33.0,1.0,2.0,0700-0759,0.0,,0.0,68.0,80.0,39.0,1.0,164.0,1,21.0,0.0,12.0,0.0,0.0,,,,0,,,,,,,,,,,,,,,,,,,,,,,,,,,,,,,,,,,,,,,,,,,,,N,0.0,0.0,6.0,8.0,3.0,0.0,27.0,32.0,6,7,2.0,2.0,26.0,30.0,5,5,0,2.0,2.0,N8923A,N8923A-DL-0,26.0,39.0,5.0,31.0,44.0,,,1.0,26,31,0.0,0.0
N8923A,1109.0,2019,2,5,2,4,2019-05-02,DL,DL_CODESHARE,19790,DL,3597,,,,,OO,20304,OO,3597,11433,1143302,31295,DTW,"Detroit, MI",MI,26,Michigan,43,12884,1288403,32884,LAN,"Lansing, MI",MI,26,Michigan,43,820,169.0,169.0,1.0,11.0,0800-0859,12.0,1121.0,1145.0,5.0,905,1150.0,165.0,165.0,1.0,11.0,0900-0959,0.0,,0.0,45.0,41.0,24.0,1.0,74.0,1,132.0,0.0,0.0,0.0,33.0,,,,0,,,,,,,,,,,,,,,,,,,,,,,,,,,,,,,,,,,,,,,,,,,,,N,0.0,0.0,11.0,11.0,1.0,3.0,45.0,47.0,8,9,1.0,0.0,33.0,36.0,8,8,1,2.0,1.0,N8923A,N8923A-DL-1,43.0,57.0,2.0,45.0,59.0,32.0,13.0,2.0,43,45,0.0,0.0
N8923A,1213.0,2019,2,5,2,4,2019-05-02,DL,DL_CODESHARE,19790,DL,3597,,,,,OO,20304,OO,3597,12884,1288403,32884,LAN,"Lansing, MI",MI,26,Michigan,43,11433,1143302,31295,DTW,"Detroit, MI",MI,26,Michigan,43,934,159.0,159.0,1.0,10.0,0900-0959,7.0,1220.0,1247.0,8.0,1022,1255.0,153.0,153.0,1.0,10.0,1000-1059,0.0,,0.0,48.0,42.0,27.0,1.0,74.0,1,0.0,0.0,0.0,0.0,153.0,,,,0,,,,,,,,,,,,,,,,,,,,,,,,,,,,,,,,,,,,,,,,,,,,,N,0.0,0.0,12.0,12.0,1.0,4.0,49.0,52.0,9,10,2.0,1.0,38.0,41.0,2,2,2,2.0,0.0,N8923A,N8923A-DL-2,39.0,61.0,3.0,42.0,64.0,47.0,2.0,10.0,39,42,0.0,0.0
N892AT,711.0,2019,2,5,2,4,2019-05-02,DL,DL,19790,DL,1811,,,,,DL,19790,DL,1811,11618,1161802,31703,EWR,"Newark, NJ",NJ,34,New Jersey,21,11433,1143302,31295,DTW,"Detroit, MI",MI,26,Michigan,43,715,-4.0,0.0,0.0,-1.0,0700-0759,15.0,726.0,847.0,6.0,910,853.0,-17.0,0.0,0.0,-2.0,0900-0959,0.0,,0.0,115.0,102.0,81.0,1.0,488.0,2,,,0.0,,0.0,,,,0,,,,,,,,,,,,,,,,,,,,,,,,,,,,,,,,,,,,,,,,,,,,,N,0.0,0.0,7.0,8.0,1.0,4.0,29.0,36.0,7,9,1.0,1.0,29.0,37.0,7,7,0,0.0,0.0,N892AT,N892AT-DL-0,29.0,41.0,7.0,36.0,48.0,,,0.0,29,36,0.0,0.0
N892UA,719.0,2019,2,5,2,4,2019-05-02,UA,UA,19977,UA,397,,,,,UA,19977,UA,397,11057,1105703,31057,CLT,"Charlotte, NC",NC,37,North Carolina,36,12266,1226603,31453,IAH,"Houston, TX",TX,48,Texas,74,700,19.0,19.0,1.0,1.0,0700-0759,13.0,732.0,931.0,4.0,847,935.0,48.0,48.0,1.0,3.0,0800-0859,0.0,,0.0,167.0,196.0,179.0,1.0,912.0,4,0.0,0.0,48.0,0.0,0.0,,,,0,,,,,,,,,,,,,,,,,,,,,,,,,,,,,,,,,,,,,,,,,,,,,N,0.0,4.0,7.0,9.0,1.0,2.0,29.0,42.0,7,8,0.0,3.0,28.0,39.0,4,4,0,0.0,0.0,N892UA,N892UA-UA-0,28.0,41.0,13.0,41.0,54.0,,,3.0,29,46,5.0,27.12
N89304,1034.0,2019,2,5,2,4,2019-05-02,UA,UA_CODESHARE,19977,UA,6192,,,,,YV,20378,YV,6192,11057,1105703,31057,CLT,"Charlotte, NC",NC,37,North Carolina,36,12266,1226603,31453,IAH,"Houston, TX",TX,48,Texas,74,900,94.0,94.0,1.0,6.0,0900-0959,14.0,1048.0,1158.0,15.0,1054,1213.0,79.0,79.0,1.0,5.0,1000-1059,0.0,,0.0,174.0,159.0,130.0,1.0,912.0,4,0.0,0.0,79.0,0.0,0.0,,,,0,,,,,,,,,,,,,,,,,,,,,,,,,,,,,,,,,,,,,,,,,,,,,N,0.0,4.0,10.0,12.0,2.0,1.0,42.0,53.0,9,10,0.0,4.0,36.0,48.0,1,1,0,0.0,0.0,N89304,N89304-UA-0,37.0,54.0,11.0,48.0,65.0,,,5.0,37,50,2.0,2.88
N89313,600.0,2019,2,5,2,4,2019-05-02,UA,UA_CODESHARE,19977,UA,6082,,,,,YV,20378,YV,6082,11996,1199603,31871,GSP,"Greer, SC",SC,45,South Carolina,37,12266,1226603,31453,IAH,"Houston, TX",TX,48,Texas,74,603,-3.0,0.0,0.0,-1.0,0600-0659,20.0,620.0,745.0,7.0,746,752.0,6.0,6.0,0.0,0.0,0700-0759,0.0,,0.0,163.0,172.0,145.0,1.0,837.0,4,,,0.0,,0.0,,,,0,,,,,,,,,,,,,,,,,,,,,,,,,,,,,,,,,,,,,,,,,,,,,N,0.0,4.0,6.0,7.0,0.0,3.0,24.0,35.0,6,7,0.0,3.0,24.0,35.0,7,7,0,0.0,0.0,N89313,N89313-UA-0,24.0,36.0,11.0,35.0,47.0,,,0.0,24,35,0.0,0.0
N89315,810.0,2019,2,5,2,4,2019-05-02,UA,UA_CODESHARE,19977,UA,6354,,,,,YV,20378,YV,6354,13422,1342202,30562,MOB,"Mobile, AL",AL,1,Alabama,51,12266,1226603,31453,IAH,"Houston, TX",TX,48,Texas,74,700,70.0,70.0,1.0,4.0,0700-0759,19.0,829.0,944.0,6.0,849,950.0,61.0,61.0,1.0,4.0,0800-0859,0.0,,0.0,109.0,100.0,75.0,1.0,427.0,2,0.0,0.0,61.0,0.0,0.0,,,,0,,,,,,,,,,,,,,,,,,,,,,,,,,,,,,,,,,,,,,,,,,,,,N,4.0,4.0,8.0,9.0,1.0,3.0,37.0,43.0,7,8,0.0,3.0,32.0,39.0,2,2,0,0.0,0.0,N89315,N89315-UA-0,33.0,49.0,6.0,39.0,55.0,,,4.0,33,47,8.0,31.5
N89317,944.0,2019,2,5,2,4,2019-05-02,UA,UA_CODESHARE,19977,UA,6219,,,,,YV,20378,YV,6219,10423,1042302,30423,AUS,"Austin, TX",TX,48,Texas,74,12266,1226603,31453,IAH,"Houston, TX",TX,48,Texas,74,845,59.0,59.0,1.0,3.0,0800-0859,44.0,1028.0,1101.0,11.0,943,1112.0,89.0,89.0,1.0,5.0,0900-0959,0.0,,0.0,58.0,88.0,33.0,1.0,140.0,1,0.0,89.0,0.0,0.0,0.0,,,,0,,,,,,,,,,,,,,,,,,,,,,,,,,,,,,,,,,,,,,,,,,,,,N,4.0,4.0,9.0,11.0,3.0,1.0,43.0,49.0,8,9,3.0,3.0,39.0,43.0,5,5,0,0.0,0.0,N89317,N89317-UA-0,43.0,55.0,6.0,49.0,61.0,,,0.0,43,49,0.0,0.0
N89321,912.0,2019,2,5,2,4,2019-05-02,UA,UA_CODESHARE,19977,UA,6351,,,,,YV,20378,YV,6351,10693,1069302,30693,BNA,"Nashville, TN",TN,47,Tennessee,54,12266,1226603,31453,IAH,"Houston, TX",TX,48,Texas,74,605,187.0,187.0,1.0,12.0,0600-0659,24.0,936.0,1142.0,14.0,828,1156.0,208.0,208.0,1.0,12.0,0800-0859,0.0,,0.0,143.0,164.0,126.0,1.0,657.0,3,0.0,0.0,208.0,0.0,0.0,,,,0,,,,,,,,,,,,,,,,,,,,,,,,,,,,,,,,,,,,,,,,,,,,,N,4.0,4.0,9.0,11.0,1.0,4.0,41.0,52.0,6,8,0.0,2.0,28.0,38.0,8,8,0,0.0,0.0,N89321,N89321-UA-0,28.0,53.0,11.0,39.0,64.0,,,14.0,28,39,0.0,0.0
N8932C,559.0,2019,2,5,2,4,2019-05-02,DL,DL_CODESHARE,19790,DL,7421,,,,,OO,20304,OO,7421,12397,1239702,32397,ITH,"Ithaca/Cortland, NY",NY,36,New York,22,11433,1143302,31295,DTW,"Detroit, MI",MI,26,Michigan,43,600,-1.0,0.0,0.0,-1.0,0600-0659,21.0,620.0,722.0,9.0,740,731.0,-9.0,0.0,0.0,-1.0,0700-0759,0.0,,0.0,100.0,92.0,62.0,1.0,353.0,2,,,0.0,,0.0,,,,0,,,,,,,,,,,,,,,,,,,,,,,,,,,,,,,,,,,,,,,,,,,,,N,0.0,0.0,5.0,7.0,4.0,2.0,24.0,30.0,6,7,0.0,3.0,24.0,31.0,7,7,0,0.0,0.0,N8932C,N8932C-DL-0,24.0,36.0,6.0,30.0,42.0,,,0.0,24,30,0.0,0.0
N8933B,459.0,2019,2,5,2,4,2019-05-02,DL,DL_CODESHARE,19790,DL,7370,,,,,OO,20304,OO,7370,10631,1063104,30631,BJI,"Bemidji, MN",MN,27,Minnesota,63,13487,1348702,31650,MSP,"Minneapolis, MN",MN,27,Minnesota,63,505,-6.0,0.0,0.0,-1.0,0001-0559,11.0,510.0,553.0,4.0,609,557.0,-12.0,0.0,0.0,-1.0,0600-0659,0.0,,0.0,64.0,58.0,43.0,1.0,199.0,1,,,0.0,,0.0,,,,0,,,,,,,,,,,,,,,,,,,,,,,,,,,,,,,,,,,,,,,,,,,,,N,4.0,4.0,4.0,5.0,4.0,4.0,24.0,28.0,5,6,0.0,1.0,24.0,29.0,1,1,0,1.0,1.0,N8933B,N8933B-DL-0,24.0,36.0,4.0,28.0,40.0,,,0.0,24,28,0.0,0.0
N8933B,926.0,2019,2,5,2,4,2019-05-02,DL,DL_CODESHARE,19790,DL,7365,,,,,OO,20304,OO,7365,10141,1014106,30141,ABR,"Aberdeen, SD",SD,46,South Dakota,67,13487,1348702,31650,MSP,"Minneapolis, MN",MN,27,Minnesota,63,500,266.0,266.0,1.0,12.0,0001-0559,14.0,940.0,1030.0,5.0,616,1035.0,259.0,259.0,1.0,12.0,0600-0659,0.0,,0.0,76.0,69.0,50.0,1.0,257.0,2,259.0,0.0,0.0,0.0,0.0,,,,0,,,,,,,,,,,,,,,,,,,,,,,,,,,,,,,,,,,,,,,,,,,,,N,4.0,4.0,9.0,10.0,2.0,2.0,42.0,46.0,5,6,0.0,1.0,24.0,29.0,5,5,1,1.0,0.0,N8933B,N8933B-DL-1,42.0,54.0,4.0,46.0,58.0,28.0,14.0,0.0,42,46,0.0,0.0
N89342,806.0,2019,2,5,2,4,2019-05-02,UA,UA_CODESHARE,19977,UA,6067,,,,,YV,20378,YV,6067,13487,1348702,31650,MSP,"Minneapolis, MN",MN,27,Minnesota,63,12266,1226603,31453,IAH,"Houston, TX",TX,48,Texas,74,800,6.0,6.0,0.0,0.0,0800-0859,19.0,825.0,1148.0,21.0,1110,1209.0,59.0,59.0,1.0,3.0,1100-1159,0.0,,0.0,190.0,243.0,203.0,1.0,1034.0,5,0.0,59.0,0.0,0.0,0.0,,,,0,,,,,,,,,,,,,,,,,,,,,,,,,,,,,,,,,,,,,,,,,,,,,N,4.0,4.0,8.0,12.0,0.0,1.0,36.0,53.0,8,11,0.0,1.0,36.0,49.0,8,8,0,0.0,0.0,N89342,N89342-UA-0,36.0,48.0,17.0,53.0,65.0,,,0.0,36,53,0.0,0.0
N893AT,740.0,2019,2,5,2,4,2019-05-02,DL,DL,19790,DL,746,,,,,DL,19790,DL,746,13930,1393007,30977,ORD,"Chicago, IL",IL,17,Illinois,41,13487,1348702,31650,MSP,"Minneapolis, MN",MN,27,Minnesota,63,750,-10.0,0.0,0.0,-1.0,0700-0759,25.0,805.0,902.0,9.0,923,911.0,-12.0,0.0,0.0,-1.0,0900-0959,0.0,,0.0,93.0,91.0,57.0,1.0,334.0,2,,,0.0,,0.0,,,,0,,,,,,,,,,,,,,,,,,,,,,,,,,,,,,,,,,,,,,,,,,,,,N,4.0,4.0,7.0,9.0,3.0,1.0,35.0,41.0,7,9,3.0,2.0,35.0,42.0,4,4,0,0.0,0.0,N893AT,N893AT-DL-0,35.0,47.0,6.0,41.0,53.0,,,0.0,35,41,0.0,0.0
N893DN,655.0,2019,2,5,2,4,2019-05-02,DL,DL,19790,DL,957,,,,,DL,19790,DL,957,14122,1412202,30198,PIT,"Pittsburgh, PA",PA,42,Pennsylvania,23,10397,1039707,30397,ATL,"Atlanta, GA",GA,13,Georgia,34,700,-5.0,0.0,0.0,-1.0,0700-0759,18.0,713.0,830.0,5.0,843,835.0,-8.0,0.0,0.0,-1.0,0800-0859,0.0,,0.0,103.0,100.0,77.0,1.0,526.0,3,,,0.0,,0.0,,,,0,,,,,,,,,,,,,,,,,,,,,,,,,,,,,,,,,,,,,,,,,,,,,N,0.0,0.0,6.0,8.0,4.0,2.0,28.0,34.0,7,8,0.0,3.0,28.0,35.0,6,6,0,0.0,0.0,N893DN,N893DN-DL-0,28.0,40.0,6.0,34.0,46.0,,,0.0,28,34,0.0,0.0
N893UA,631.0,2019,2,5,2,4,2019-05-02,UA,UA,19977,UA,1182,,,,,UA,19977,UA,1182,14689,1468902,34689,SBA,"Santa Barbara, CA",CA,6,California,91,11292,1129202,30325,DEN,"Denver, CO",CO,8,Colorado,82,635,-4.0,0.0,0.0,-1.0,0600-0659,21.0,652.0,947.0,8.0,1003,955.0,-8.0,0.0,0.0,-1.0,1000-1059,0.0,,0.0,148.0,144.0,115.0,1.0,916.0,4,,,0.0,,0.0,,,,0,,,,,,,,,,,,,,,,,,,,,,,,,,,,,,,,,,,,,,,,,,,,,N,12.0,8.0,6.0,9.0,2.0,4.0,38.0,48.0,6,10,2.0,0.0,38.0,48.0,8,8,0,0.0,0.0,N893UA,N893UA-UA-0,38.0,50.0,10.0,48.0,60.0,,,0.0,38,48,0.0,0.0
N8942A,559.0,2019,2,5,2,4,2019-05-02,DL,DL_CODESHARE,19790,DL,4117,,,,,OO,20304,OO,4117,14696,1469608,34696,SBN,"South Bend, IN",IN,18,Indiana,42,10397,1039707,30397,ATL,"Atlanta, GA",GA,13,Georgia,34,600,-1.0,0.0,0.0,-1.0,0600-0659,12.0,611.0,738.0,4.0,756,742.0,-14.0,0.0,0.0,-1.0,0700-0759,0.0,,0.0,116.0,103.0,87.0,1.0,566.0,3,,,0.0,,0.0,,,,0,,,,,,,,,,,,,,,,,,,,,,,,,,,,,,,,,,,,,,,,,,,,,N,0.0,0.0,5.0,7.0,4.0,3.0,24.0,31.0,6,7,0.0,4.0,24.0,32.0,8,8,0,1.0,1.0,N8942A,N8942A-DL-0,24.0,36.0,7.0,31.0,43.0,,,0.0,24,31,0.0,0.0
N8942A,936.0,2019,2,5,2,4,2019-05-02,DL,DL_CODESHARE,19790,DL,4120,,,,,OO,20304,OO,4120,10397,1039707,30397,ATL,"Atlanta, GA",GA,13,Georgia,34,11612,1161206,31612,EVV,"Evansville, IN",IN,18,Indiana,42,940,-4.0,0.0,0.0,-1.0,0900-0959,15.0,951.0,1028.0,6.0,1008,1034.0,26.0,26.0,1.0,1.0,1000-1059,0.0,,0.0,88.0,118.0,97.0,1.0,350.0,2,0.0,0.0,26.0,0.0,0.0,,,,0,,,,,,,,,,,,,,,,,,,,,,,,,,,,,,,,,,,,,,,,,,,,,N,0.0,4.0,9.0,10.0,2.0,2.0,38.0,46.0,9,10,3.0,1.0,39.0,45.0,6,6,1,1.0,0.0,N8942A,N8942A-DL-1,39.0,50.0,8.0,47.0,58.0,31.0,7.0,2.0,39,47,0.0,0.0
N8943A,705.0,2019,2,5,2,4,2019-05-02,DL,DL_CODESHARE,19790,DL,5276,,,,,9E,20363,9E,5276,14492,1449202,34492,RDU,"Raleigh/Durham, NC",NC,37,North Carolina,36,10821,1082106,30852,BWI,"Baltimore, MD",MD,24,Maryland,35,710,-5.0,0.0,0.0,-1.0,0700-0759,28.0,733.0,821.0,4.0,831,825.0,-6.0,0.0,0.0,-1.0,0800-0859,0.0,,0.0,81.0,80.0,48.0,1.0,255.0,2,,,0.0,,0.0,,,,0,,,,,,,,,,,,,,,,,,,,,,,,,,,,,,,,,,,,,,,,,,,,,N,0.0,0.0,7.0,8.0,0.0,2.0,28.0,34.0,7,8,1.0,2.0,29.0,34.0,3,3,0,1.0,1.0,N8943A,N8943A-DL-0,29.0,40.0,6.0,35.0,46.0,,,0.0,29,35,0.0,0.0
N8943A,902.0,2019,2,5,2,4,2019-05-02,DL,DL_CODESHARE,19790,DL,5118,,,,,9E,20363,9E,5118,10821,1082106,30852,BWI,"Baltimore, MD",MD,24,Maryland,35,11193,1119302,33105,CVG,"Cincinnati, OH",KY,21,Kentucky,52,905,-3.0,0.0,0.0,-1.0,0900-0959,15.0,917.0,1035.0,6.0,1041,1041.0,0.0,0.0,0.0,0.0,1000-1059,0.0,,0.0,96.0,99.0,78.0,1.0,430.0,2,,,0.0,,0.0,,,,0,,,,,,,,,,,,,,,,,,,,,,,,,,,,,,,,,,,,,,,,,,,,,N,0.0,0.0,9.0,10.0,0.0,3.0,36.0,43.0,9,10,0.0,3.0,36.0,43.0,2,2,1,1.0,0.0,N8943A,N8943A-DL-1,36.0,48.0,7.0,43.0,55.0,34.0,2.0,0.0,38,45,2.0,5.06
N894DN,557.0,2019,2,5,2,4,2019-05-02,DL,DL,19790,DL,1345,,,,,DL,19790,DL,1345,15376,1537604,30436,TUS,"Tucson, AZ",AZ,4,Arizona,81,10397,1039707,30397,ATL,"Atlanta, GA",GA,13,Georgia,34,600,-3.0,0.0,0.0,-1.0,0600-0659,11.0,608.0,1218.0,10.0,1226,1228.0,2.0,2.0,0.0,0.0,1200-1259,0.0,,0.0,206.0,211.0,190.0,1.0,1541.0,7,,,0.0,,0.0,,,,0,,,,,,,,,,,,,,,,,,,,,,,,,,,,,,,,,,,,,,,,,,,,,N,8.0,0.0,5.0,12.0,4.0,2.0,32.0,50.0,6,12,0.0,2.0,32.0,50.0,9,9,0,0.0,0.0,N894DN,N894DN-DL-0,32.0,44.0,18.0,50.0,62.0,,,0.0,32,50,0.0,0.0
N894NN,735.0,2019,2,5,2,4,2019-05-02,AA,AA,19805,AA,1290,,,,,AA,19805,AA,1290,15096,1509602,35096,SYR,"Syracuse, NY",NY,36,New York,22,13930,1393007,30977,ORD,"Chicago, IL",IL,17,Illinois,41,737,-2.0,0.0,0.0,-1.0,0700-0759,23.0,758.0,842.0,18.0,855,900.0,5.0,5.0,0.0,0.0,0800-0859,0.0,,0.0,138.0,145.0,104.0,1.0,607.0,3,,,0.0,,0.0,,,,0,,,,,,,,,,,,,,,,,,,,,,,,,,,,,,,,,,,,,,,,,,,,,N,0.0,4.0,7.0,9.0,2.0,0.0,30.0,40.0,7,8,2.0,4.0,30.0,40.0,6,6,0,0.0,0.0,N894NN,N894NN-AA-0,30.0,42.0,10.0,40.0,52.0,,,0.0,30,40,0.0,0.0
N895AT,740.0,2019,2,5,2,4,2019-05-02,DL,DL,19790,DL,306,,,,,DL,19790,DL,306,13930,1393007,30977,ORD,"Chicago, IL",IL,17,Illinois,41,12953,1295304,31703,LGA,"New York, NY",NY,36,New York,22,745,-5.0,0.0,0.0,-1.0,0700-0759,22.0,802.0,1048.0,6.0,1102,1054.0,-8.0,0.0,0.0,-1.0,1100-1159,0.0,,0.0,137.0,134.0,106.0,1.0,733.0,3,,,0.0,,0.0,,,,0,,,,,,,,,,,,,,,,,,,,,,,,,,,,,,,,,,,,,,,,,,,,,N,4.0,0.0,7.0,10.0,3.0,4.0,35.0,44.0,7,11,3.0,0.0,35.0,44.0,7,7,0,0.0,0.0,N895AT,N895AT-DL-0,35.0,47.0,9.0,44.0,56.0,,,0.0,35,44,0.0,0.0
N895UA,543.0,2019,2,5,2,4,2019-05-02,UA,UA,19977,UA,1207,,,,,UA,19977,UA,1207,14576,1457606,34576,ROC,"Rochester, NY",NY,36,New York,22,13930,1393007,30977,ORD,"Chicago, IL",IL,17,Illinois,41,545,-2.0,0.0,0.0,-1.0,0001-0559,13.0,556.0,626.0,8.0,643,634.0,-9.0,0.0,0.0,-1.0,0600-0659,0.0,,0.0,118.0,111.0,90.0,1.0,528.0,3,,,0.0,,0.0,,,,0,,,,,,,,,,,,,,,,,,,,,,,,,,,,,,,,,,,,,,,,,,,,,N,0.0,4.0,5.0,6.0,3.0,2.0,23.0,30.0,5,6,3.0,3.0,23.0,31.0,3,3,0,1.0,1.0,N895UA,N895UA-UA-0,23.0,35.0,7.0,30.0,42.0,,,0.0,23,30,0.0,0.0
N895UA,754.0,2019,2,5,2,4,2019-05-02,UA,UA,19977,UA,1556,,,,,UA,19977,UA,1556,13930,1393007,30977,ORD,"Chicago, IL",IL,17,Illinois,41,11278,1127805,30852,DCA,"Washington, DC",VA,51,Virginia,38,800,-6.0,0.0,0.0,-1.0,0800-0859,39.0,833.0,1056.0,7.0,1057,1103.0,6.0,6.0,0.0,0.0,1000-1059,0.0,,0.0,117.0,129.0,83.0,1.0,612.0,3,,,0.0,,0.0,,,,0,,,,,,,,,,,,,,,,,,,,,,,,,,,,,,,,,,,,,,,,,,,,,N,4.0,0.0,7.0,11.0,4.0,0.0,36.0,44.0,8,10,0.0,4.0,36.0,44.0,3,3,1,1.0,0.0,N895UA,N895UA-UA-1,36.0,48.0,8.0,44.0,56.0,30.0,6.0,0.0,43,51,7.0,34.78
N8965E,618.0,2019,2,5,2,4,2019-05-02,DL,DL_CODESHARE,19790,DL,7436,,,,,OO,20304,OO,7436,13367,1336705,33367,MLI,"Moline, IL",IL,17,Illinois,41,11433,1143302,31295,DTW,"Detroit, MI",MI,26,Michigan,43,624,-6.0,0.0,0.0,-1.0,0600-0659,24.0,642.0,843.0,16.0,856,859.0,3.0,3.0,0.0,0.0,0800-0859,0.0,,0.0,92.0,101.0,61.0,1.0,373.0,2,,,0.0,,0.0,,,,0,,,,,,,,,,,,,,,,,,,,,,,,,,,,,,,,,,,,,,,,,,,,,N,4.0,0.0,6.0,8.0,1.0,4.0,29.0,36.0,6,8,2.0,4.0,30.0,36.0,5,5,0,0.0,0.0,N8965E,N8965E-DL-0,30.0,41.0,7.0,37.0,48.0,,,0.0,30,37,0.0,0.0
N8968E,740.0,2019,2,5,2,4,2019-05-02,DL,DL_CODESHARE,19790,DL,3939,,,,,OO,20304,OO,3939,11898,1189802,31898,GFK,"Grand Forks, ND",ND,38,North Dakota,66,13487,1348702,31650,MSP,"Minneapolis, MN",MN,27,Minnesota,63,750,-10.0,0.0,0.0,-1.0,0700-0759,27.0,807.0,855.0,7.0,913,902.0,-11.0,0.0,0.0,-1.0,0900-0959,0.0,,0.0,83.0,82.0,48.0,1.0,284.0,2,,,0.0,,0.0,,,,0,,,,,,,,,,,,,,,,,,,,,,,,,,,,,,,,,,,,,,,,,,,,,N,4.0,4.0,7.0,9.0,3.0,0.0,35.0,40.0,7,9,3.0,1.0,35.0,41.0,2,2,0,0.0,0.0,N8968E,N8968E-DL-0,35.0,47.0,5.0,40.0,52.0,,,0.0,35,40,0.0,0.0
N896AT,529.0,2019,2,5,2,4,2019-05-02,DL,DL,19790,DL,1757,,,,,DL,19790,DL,1757,13342,1334207,33342,MKE,"Milwaukee, WI",WI,55,Wisconsin,45,11433,1143302,31295,DTW,"Detroit, MI",MI,26,Michigan,43,530,-1.0,0.0,0.0,-1.0,0001-0559,12.0,541.0,726.0,9.0,742,735.0,-7.0,0.0,0.0,-1.0,0700-0759,0.0,,0.0,72.0,66.0,45.0,1.0,237.0,1,,,0.0,,0.0,,,,0,,,,,,,,,,,,,,,,,,,,,,,,,,,,,,,,,,,,,,,,,,,,,N,4.0,0.0,5.0,7.0,2.0,2.0,26.0,30.0,5,7,2.0,3.0,26.0,31.0,7,7,0,1.0,1.0,N896AT,N896AT-DL-0,26.0,38.0,4.0,30.0,42.0,,,0.0,26,30,0.0,0.0
N896AT,826.0,2019,2,5,2,4,2019-05-02,DL,DL,19790,DL,820,,,,,DL,19790,DL,820,11433,1143302,31295,DTW,"Detroit, MI",MI,26,Michigan,43,13487,1348702,31650,MSP,"Minneapolis, MN",MN,27,Minnesota,63,831,-5.0,0.0,0.0,-1.0,0800-0859,25.0,851.0,913.0,11.0,925,924.0,-1.0,0.0,0.0,-1.0,0900-0959,0.0,,0.0,114.0,118.0,82.0,1.0,528.0,3,,,0.0,,0.0,,,,0,,,,,,,,,,,,,,,,,,,,,,,,,,,,,,,,,,,,,,,,,,,,,N,0.0,4.0,8.0,9.0,2.0,2.0,34.0,42.0,8,9,2.0,2.0,34.0,42.0,4,4,1,1.0,0.0,N896AT,N896AT-DL-1,34.0,46.0,8.0,42.0,54.0,30.0,4.0,0.0,34,42,0.0,0.0
N896DN,629.0,2019,2,5,2,4,2019-05-02,DL,DL,19790,DL,670,,,,,DL,19790,DL,670,14635,1463502,31714,RSW,"Fort Myers, FL",FL,12,Florida,33,10397,1039707,30397,ATL,"Atlanta, GA",GA,13,Georgia,34,630,-1.0,0.0,0.0,-1.0,0600-0659,11.0,640.0,755.0,10.0,815,805.0,-10.0,0.0,0.0,-1.0,0800-0859,0.0,,0.0,105.0,96.0,75.0,1.0,515.0,3,,,0.0,,0.0,,,,0,,,,,,,,,,,,,,,,,,,,,,,,,,,,,,,,,,,,,,,,,,,,,N,0.0,0.0,6.0,8.0,2.0,0.0,26.0,32.0,6,8,2.0,1.0,26.0,33.0,3,3,0,1.0,1.0,N896DN,N896DN-DL-0,26.0,38.0,6.0,32.0,44.0,,,0.0,26,32,0.0,0.0
N896DN,923.0,2019,2,5,2,4,2019-05-02,DL,DL,19790,DL,1891,,,,,DL,19790,DL,1891,10397,1039707,30397,ATL,"Atlanta, GA",GA,13,Georgia,34,15304,1530402,33195,TPA,"Tampa, FL",FL,12,Florida,33,925,-2.0,0.0,0.0,-1.0,0900-0959,9.0,932.0,1036.0,2.0,1051,1038.0,-13.0,0.0,0.0,-1.0,1000-1059,0.0,,0.0,86.0,75.0,64.0,1.0,406.0,2,,,0.0,,0.0,,,,0,,,,,,,,,,,,,,,,,,,,,,,,,,,,,,,,,,,,,,,,,,,,,N,0.0,0.0,9.0,10.0,2.0,3.0,38.0,43.0,9,10,2.0,3.0,38.0,43.0,6,6,1,1.0,0.0,N896DN,N896DN-DL-1,38.0,50.0,5.0,43.0,55.0,32.0,6.0,0.0,38,43,0.0,0.0
N896NN,712.0,2019,2,5,2,4,2019-05-02,AA,AA,19805,AA,2805,,,,,AA,19805,AA,2805,10529,1052906,30529,BDL,"Hartford, CT",CT,9,Connecticut,11,13930,1393007,30977,ORD,"Chicago, IL",IL,17,Illinois,41,715,-3.0,0.0,0.0,-1.0,0700-0759,24.0,736.0,850.0,17.0,909,907.0,-2.0,0.0,0.0,-1.0,0900-0959,0.0,,0.0,174.0,175.0,134.0,1.0,783.0,4,,,0.0,,0.0,,,,0,,,,,,,,,,,,,,,,,,,,,,,,,,,,,,,,,,,,,,,,,,,,,N,0.0,4.0,7.0,9.0,1.0,0.0,29.0,40.0,7,9,1.0,1.0,29.0,41.0,4,4,0,0.0,0.0,N896NN,N896NN-AA-0,29.0,41.0,11.0,40.0,52.0,,,0.0,29,40,0.0,0.0
N896SK,824.0,2019,2,5,2,4,2019-05-02,DL,DL_CODESHARE,19790,DL,3628,,,,,OO,20304,OO,3628,12266,1226603,31453,IAH,"Houston, TX",TX,48,Texas,74,13487,1348702,31650,MSP,"Minneapolis, MN",MN,27,Minnesota,63,745,39.0,39.0,1.0,2.0,0700-0759,16.0,840.0,1059.0,5.0,1040,1104.0,24.0,24.0,1.0,1.0,1000-1059,0.0,,0.0,175.0,160.0,139.0,1.0,1034.0,5,0.0,24.0,0.0,0.0,0.0,,,,0,,,,,,,,,,,,,,,,,,,,,,,,,,,,,,,,,,,,,,,,,,,,,N,4.0,4.0,8.0,11.0,2.0,0.0,38.0,48.0,7,10,3.0,3.0,35.0,47.0,2,2,0,0.0,0.0,N896SK,N896SK-DL-0,38.0,50.0,10.0,48.0,60.0,,,0.0,44,54,6.0,22.18
N8970D,557.0,2019,2,5,2,4,2019-05-02,DL,DL_CODESHARE,19790,DL,3330,,,,,9E,20363,9E,3330,11953,1195302,31953,GNV,"Gainesville, FL",FL,12,Florida,33,10397,1039707,30397,ATL,"Atlanta, GA",GA,13,Georgia,34,600,-3.0,0.0,0.0,-1.0,0600-0659,23.0,620.0,715.0,9.0,712,724.0,12.0,12.0,0.0,0.0,0700-0759,0.0,,0.0,72.0,87.0,55.0,1.0,300.0,2,,,0.0,,0.0,,,,0,,,,,,,,,,,,,,,,,,,,,,,,,,,,,,,,,,,,,,,,,,,,,N,0.0,0.0,5.0,7.0,4.0,2.0,24.0,30.0,6,7,0.0,1.0,24.0,29.0,9,9,0,1.0,1.0,N8970D,N8970D-DL-0,24.0,36.0,6.0,30.0,42.0,,,0.0,24,30,0.0,0.0
N8970D,940.0,2019,2,5,2,4,2019-05-02,DL,DL_CODESHARE,19790,DL,5369,,,,,9E,20363,9E,5369,10397,1039707,30397,ATL,"Atlanta, GA",GA,13,Georgia,34,10990,1099005,30990,CHO,"Charlottesville, VA",VA,51,Virginia,38,906,34.0,34.0,1.0,2.0,0900-0959,42.0,1022.0,1124.0,3.0,1043,1127.0,44.0,44.0,1.0,2.0,1000-1059,0.0,,0.0,97.0,107.0,62.0,1.0,457.0,2,0.0,34.0,10.0,0.0,0.0,,,,0,,,,,,,,,,,,,,,,,,,,,,,,,,,,,,,,,,,,,,,,,,,,,N,0.0,0.0,9.0,11.0,3.0,2.0,39.0,46.0,9,10,0.0,3.0,36.0,43.0,4,4,1,1.0,0.0,N8970D,N8970D-DL-1,38.0,51.0,7.0,45.0,58.0,30.0,9.0,1.0,38,45,0.0,0.0
N8974C,832.0,2019,2,5,2,4,2019-05-02,DL,DL_CODESHARE,19790,DL,3333,,,,,9E,20363,9E,3333,11433,1143302,31295,DTW,"Detroit, MI",MI,26,Michigan,43,11066,1106606,31066,CMH,"Columbus, OH",OH,39,Ohio,44,837,-5.0,0.0,0.0,-1.0,0800-0859,21.0,853.0,926.0,3.0,940,929.0,-11.0,0.0,0.0,-1.0,0900-0959,0.0,,0.0,63.0,57.0,33.0,1.0,155.0,1,,,0.0,,0.0,,,,0,,,,,,,,,,,,,,,,,,,,,,,,,,,,,,,,,,,,,,,,,,,,,N,0.0,0.0,8.0,9.0,2.0,2.0,34.0,38.0,8,9,2.0,3.0,34.0,39.0,3,3,0,0.0,0.0,N8974C,N8974C-DL-0,34.0,46.0,4.0,38.0,50.0,,,0.0,34,38,0.0,0.0
N897DN,555.0,2019,2,5,2,4,2019-05-02,DL,DL,19790,DL,1587,,,,,DL,19790,DL,1587,12892,1289208,32575,LAX,"Los Angeles, CA",CA,6,California,91,14747,1474703,30559,SEA,"Seattle, WA",WA,53,Washington,93,600,-5.0,0.0,0.0,-1.0,0600-0659,10.0,605.0,826.0,10.0,852,836.0,-16.0,0.0,0.0,-2.0,0800-0859,0.0,,0.0,172.0,161.0,141.0,1.0,954.0,4,,,0.0,,0.0,,,,0,,,,,,,,,,,,,,,,,,,,,,,,,,,,,,,,,,,,,,,,,,,,,N,12.0,12.0,5.0,8.0,4.0,2.0,36.0,46.0,6,8,0.0,3.0,36.0,47.0,3,3,0,0.0,0.0,N897DN,N897DN-DL-0,36.0,48.0,10.0,46.0,58.0,,,0.0,36,46,0.0,0.0
N897NN,721.0,2019,2,5,2,4,2019-05-02,AA,AA,19805,AA,969,,,,,AA,19805,AA,969,12478,1247805,31703,JFK,"New York, NY",NY,36,New York,22,12889,1288903,32211,LAS,"Las Vegas, NV",NV,32,Nevada,85,725,-4.0,0.0,0.0,-1.0,0700-0759,25.0,746.0,1021.0,6.0,1018,1027.0,9.0,9.0,0.0,0.0,1000-1059,0.0,,0.0,353.0,366.0,335.0,1.0,2248.0,9,,,0.0,,0.0,,,,0,,,,,,,,,,,,,,,,,,,,,,,,,,,,,,,,,,,,,,,,,,,,,N,0.0,12.0,7.0,10.0,1.0,2.0,29.0,54.0,7,10,2.0,1.0,30.0,53.0,9,9,0,0.0,0.0,N897NN,N897NN-AA-0,30.0,41.0,25.0,55.0,66.0,,,0.0,30,55,0.0,0.0
N897SK,617.0,2019,2,5,2,4,2019-05-02,DL,DL_CODESHARE,19790,DL,3809,,,,,OO,20304,OO,3809,11003,1100303,31003,CID,"Cedar Rapids/Iowa City, IA",IA,19,Iowa,61,11433,1143302,31295,DTW,"Detroit, MI",MI,26,Michigan,43,620,-3.0,0.0,0.0,-1.0,0600-0659,14.0,631.0,833.0,12.0,905,845.0,-20.0,0.0,0.0,-2.0,0900-0959,0.0,,0.0,105.0,88.0,62.0,1.0,430.0,2,,,0.0,,0.0,,,,0,,,,,,,,,,,,,,,,,,,,,,,,,,,,,,,,,,,,,,,,,,,,,N,4.0,0.0,6.0,8.0,1.0,3.0,29.0,35.0,6,9,1.0,0.0,29.0,36.0,9,9,0,0.0,0.0,N897SK,N897SK-DL-0,29.0,41.0,6.0,35.0,47.0,,,0.0,29,35,0.0,0.0
N8980A,725.0,2019,2,5,2,4,2019-05-02,DL,DL_CODESHARE,19790,DL,5175,,,,,9E,20363,9E,5175,13931,1393102,33667,ORF,"Norfolk, VA",VA,51,Virginia,38,12478,1247805,31703,JFK,"New York, NY",NY,36,New York,22,727,-2.0,0.0,0.0,-1.0,0700-0759,15.0,740.0,833.0,6.0,900,839.0,-21.0,0.0,0.0,-2.0,0900-0959,0.0,,0.0,93.0,74.0,53.0,1.0,290.0,2,,,0.0,,0.0,,,,0,,,,,,,,,,,,,,,,,,,,,,,,,,,,,,,,,,,,,,,,,,,,,N,0.0,0.0,7.0,8.0,2.0,3.0,30.0,35.0,7,9,2.0,0.0,30.0,36.0,3,3,0,1.0,1.0,N8980A,N8980A-DL-0,30.0,42.0,5.0,35.0,47.0,,,0.0,30,35,0.0,0.0
N8980A,936.0,2019,2,5,2,4,2019-05-02,DL,DL_CODESHARE,19790,DL,5306,,,,,9E,20363,9E,5306,12478,1247805,31703,JFK,"New York, NY",NY,36,New York,22,15096,1509602,35096,SYR,"Syracuse, NY",NY,36,New York,22,941,-5.0,0.0,0.0,-1.0,0900-0959,23.0,959.0,1045.0,4.0,1058,1049.0,-9.0,0.0,0.0,-1.0,1000-1059,0.0,,0.0,77.0,73.0,46.0,1.0,209.0,1,,,0.0,,0.0,,,,0,,,,,,,,,,,,,,,,,,,,,,,,,,,,,,,,,,,,,,,,,,,,,N,0.0,0.0,9.0,10.0,2.0,3.0,38.0,43.0,9,10,3.0,4.0,39.0,44.0,6,6,1,1.0,0.0,N8980A,N8980A-DL-1,39.0,50.0,5.0,44.0,55.0,35.0,3.0,0.0,39,44,0.0,0.0
N8982A,645.0,2019,2,5,2,4,2019-05-02,DL,DL_CODESHARE,19790,DL,3785,,,,,OO,20304,OO,3785,14108,1410803,34108,PIA,"Peoria, IL",IL,17,Illinois,41,10397,1039707,30397,ATL,"Atlanta, GA",GA,13,Georgia,34,600,45.0,45.0,1.0,3.0,0600-0659,44.0,729.0,1000.0,11.0,859,1011.0,72.0,72.0,1.0,4.0,0800-0859,0.0,,0.0,119.0,146.0,91.0,1.0,565.0,3,45.0,0.0,27.0,0.0,0.0,,,,0,,,,,,,,,,,,,,,,,,,,,,,,,,,,,,,,,,,,,,,,,,,,,N,4.0,0.0,6.0,10.0,3.0,1.0,31.0,41.0,6,8,0.0,4.0,28.0,36.0,3,3,0,0.0,0.0,N8982A,N8982A-DL-0,29.0,43.0,10.0,39.0,53.0,,,2.0,29,39,0.0,0.0
N8986B,714.0,2019,2,5,2,4,2019-05-02,DL,DL_CODESHARE,19790,DL,3374,,,,,9E,20363,9E,3374,11433,1143302,31295,DTW,"Detroit, MI",MI,26,Michigan,43,15096,1509602,35096,SYR,"Syracuse, NY",NY,36,New York,22,715,-1.0,0.0,0.0,-1.0,0700-0759,25.0,739.0,838.0,7.0,841,845.0,4.0,4.0,0.0,0.0,0800-0859,0.0,,0.0,86.0,91.0,59.0,1.0,374.0,2,,,0.0,,0.0,,,,0,,,,,,,,,,,,,,,,,,,,,,,,,,,,,,,,,,,,,,,,,,,,,N,0.0,0.0,7.0,8.0,1.0,3.0,29.0,35.0,7,8,1.0,3.0,29.0,35.0,1,1,0,0.0,0.0,N8986B,N8986B-DL-0,29.0,41.0,6.0,35.0,47.0,,,0.0,29,35,0.0,0.0
N898DN,557.0,2019,2,5,2,4,2019-05-02,DL,DL,19790,DL,1824,,,,,DL,19790,DL,1824,14057,1405702,34057,PDX,"Portland, OR",OR,41,Oregon,92,14869,1486903,34614,SLC,"Salt Lake City, UT",UT,49,Utah,87,600,-3.0,0.0,0.0,-1.0,0600-0659,13.0,610.0,835.0,17.0,852,852.0,0.0,0.0,0.0,0.0,0800-0859,0.0,,0.0,112.0,115.0,85.0,1.0,630.0,3,,,0.0,,0.0,,,,0,,,,,,,,,,,,,,,,,,,,,,,,,,,,,,,,,,,,,,,,,,,,,N,12.0,8.0,5.0,8.0,4.0,3.0,36.0,43.0,6,8,0.0,3.0,36.0,43.0,7,7,0,0.0,0.0,N898DN,N898DN-DL-0,36.0,48.0,7.0,43.0,55.0,,,0.0,36,43,0.0,0.0
N898SK,735.0,2019,2,5,2,4,2019-05-02,DL,DL_CODESHARE,19790,DL,3717,,,,,OO,20304,OO,3717,12266,1226603,31453,IAH,"Houston, TX",TX,48,Texas,74,11433,1143302,31295,DTW,"Detroit, MI",MI,26,Michigan,43,720,15.0,15.0,1.0,1.0,0700-0759,67.0,842.0,1216.0,10.0,1115,1226.0,71.0,71.0,1.0,4.0,1100-1159,0.0,,0.0,175.0,231.0,154.0,1.0,1075.0,5,0.0,15.0,56.0,0.0,0.0,,,,0,,,,,,,,,,,,,,,,,,,,,,,,,,,,,,,,,,,,,,,,,,,,,N,4.0,0.0,7.0,12.0,2.0,2.0,34.0,50.0,7,11,1.0,1.0,33.0,45.0,5,5,0,0.0,0.0,N898SK,N898SK-DL-0,33.0,46.0,16.0,49.0,62.0,,,4.0,33,49,0.0,0.0
N898UA,739.0,2019,2,5,2,4,2019-05-02,UA,UA,19977,UA,1675,,,,,UA,19977,UA,1675,10821,1082106,30852,BWI,"Baltimore, MD",MD,24,Maryland,35,14771,1477104,32457,SFO,"San Francisco, CA",CA,6,California,91,745,-6.0,0.0,0.0,-1.0,0700-0759,9.0,748.0,1028.0,4.0,1050,1032.0,-18.0,0.0,0.0,-2.0,1000-1059,0.0,,0.0,365.0,353.0,340.0,1.0,2457.0,10,,,0.0,,0.0,,,,0,,,,,,,,,,,,,,,,,,,,,,,,,,,,,,,,,,,,,,,,,,,,,N,0.0,12.0,7.0,10.0,3.0,2.0,31.0,54.0,7,10,3.0,3.0,31.0,55.0,1,1,0,0.0,0.0,N898UA,N898UA-UA-0,31.0,43.0,23.0,54.0,66.0,,,0.0,33,57,3.0,4.56
N899AT,557.0,2019,2,5,2,4,2019-05-02,DL,DL,19790,DL,2956,,,,,DL,19790,DL,2956,11618,1161802,31703,EWR,"Newark, NJ",NJ,34,New Jersey,21,13487,1348702,31650,MSP,"Minneapolis, MN",MN,27,Minnesota,63,610,-13.0,0.0,0.0,-1.0,0600-0659,35.0,632.0,810.0,4.0,803,814.0,11.0,11.0,0.0,0.0,0800-0859,0.0,,0.0,173.0,197.0,158.0,1.0,1008.0,5,,,0.0,,0.0,,,,0,,,,,,,,,,,,,,,,,,,,,,,,,,,,,,,,,,,,,,,,,,,,,N,0.0,4.0,5.0,8.0,4.0,1.0,24.0,37.0,6,8,1.0,0.0,25.0,36.0,7,7,0,0.0,0.0,N899AT,N899AT-DL-0,25.0,36.0,13.0,38.0,49.0,,,0.0,25,38,0.0,0.0
N899DN,559.0,2019,2,5,2,4,2019-05-02,DL,DL,19790,DL,2520,,,,,DL,19790,DL,2520,14771,1477104,32457,SFO,"San Francisco, CA",CA,6,California,91,14869,1486903,34614,SLC,"Salt Lake City, UT",UT,49,Utah,87,600,-1.0,0.0,0.0,-1.0,0600-0659,9.0,608.0,831.0,14.0,855,845.0,-10.0,0.0,0.0,-1.0,0800-0859,0.0,,0.0,115.0,106.0,83.0,1.0,599.0,3,,,0.0,,0.0,,,,0,,,,,,,,,,,,,,,,,,,,,,,,,,,,,,,,,,,,,,,,,,,,,N,12.0,8.0,5.0,8.0,4.0,3.0,36.0,43.0,6,8,0.0,4.0,36.0,44.0,8,8,0,0.0,0.0,N899DN,N899DN-DL-0,36.0,48.0,7.0,43.0,55.0,,,0.0,36,43,0.0,0.0
N899SK,632.0,2019,2,5,2,4,2019-05-02,DL,DL_CODESHARE,19790,DL,3503,,,,,OO,20304,OO,3503,10408,1040805,30408,ATW,"Appleton, WI",WI,55,Wisconsin,45,13487,1348702,31650,MSP,"Minneapolis, MN",MN,27,Minnesota,63,634,-2.0,0.0,0.0,-1.0,0600-0659,12.0,644.0,730.0,6.0,805,736.0,-29.0,0.0,0.0,-2.0,0800-0859,0.0,,0.0,91.0,64.0,46.0,1.0,236.0,1,,,0.0,,0.0,,,,0,,,,,,,,,,,,,,,,,,,,,,,,,,,,,,,,,,,,,,,,,,,,,N,4.0,4.0,6.0,7.0,2.0,2.0,30.0,34.0,6,8,2.0,0.0,30.0,36.0,7,7,0,0.0,0.0,N899SK,N899SK-DL-0,30.0,42.0,4.0,34.0,46.0,,,0.0,30,34,0.0,0.0
N9006,815.0,2019,2,5,2,4,2019-05-02,AA,AA,19805,AA,1577,,,,,AA,19805,AA,1577,13204,1320402,31454,MCO,"Orlando, FL",FL,12,Florida,33,13303,1330303,32467,MIA,"Miami, FL",FL,12,Florida,33,821,-6.0,0.0,0.0,-1.0,0800-0859,11.0,826.0,907.0,6.0,929,913.0,-16.0,0.0,0.0,-2.0,0900-0959,0.0,,0.0,68.0,58.0,41.0,1.0,192.0,1,,,0.0,,0.0,,,,0,,,,,,,,,,,,,,,,,,,,,,,,,,,,,,,,,,,,,,,,,,,,,N,0.0,0.0,8.0,9.0,1.0,1.0,33.0,37.0,8,9,1.0,2.0,33.0,38.0,3,3,0,0.0,0.0,N9006,N9006-AA-0,33.0,45.0,4.0,37.0,49.0,,,0.0,42,46,9.0,52.96
N9008U,742.0,2019,2,5,2,4,2019-05-02,AA,AA,19805,AA,2081,,,,,AA,19805,AA,2081,12266,1226603,31453,IAH,"Houston, TX",TX,48,Texas,74,13303,1330303,32467,MIA,"Miami, FL",FL,12,Florida,33,713,29.0,29.0,1.0,1.0,0700-0759,67.0,849.0,1149.0,10.0,1040,1159.0,79.0,79.0,1.0,5.0,1000-1059,0.0,,0.0,147.0,197.0,120.0,1.0,964.0,4,29.0,0.0,50.0,0.0,0.0,,,,0,,,,,,,,,,,,,,,,,,,,,,,,,,,,,,,,,,,,,,,,,,,,,N,4.0,0.0,7.0,11.0,3.0,4.0,35.0,48.0,7,10,1.0,3.0,33.0,43.0,2,2,0,0.0,0.0,N9008U,N9008U-AA-0,33.0,47.0,13.0,46.0,60.0,,,3.0,33,46,0.0,0.0
N900AE,559.0,2019,2,5,2,4,2019-05-02,AA,AA_CODESHARE,19805,AA,3598,,,,,MQ,20398,MQ,3598,11003,1100303,31003,CID,"Cedar Rapids/Iowa City, IA",IA,19,Iowa,61,13930,1393007,30977,ORD,"Chicago, IL",IL,17,Illinois,41,611,-12.0,0.0,0.0,-1.0,0600-0659,11.0,610.0,649.0,15.0,729,704.0,-25.0,0.0,0.0,-2.0,0700-0759,0.0,,0.0,78.0,65.0,39.0,1.0,196.0,1,,,0.0,,0.0,,,,0,,,,,,,,,,,,,,,,,,,,,,,,,,,,,,,,,,,,,,,,,,,,,N,4.0,4.0,5.0,7.0,4.0,0.0,28.0,32.0,6,7,1.0,2.0,29.0,34.0,3,3,0,1.0,1.0,N900AE,N900AE-AA-0,29.0,40.0,4.0,33.0,44.0,,,0.0,29,33,0.0,0.0
N900AE,812.0,2019,2,5,2,4,2019-05-02,AA,AA_CODESHARE,19805,AA,4192,,,,,MQ,20398,MQ,4192,13930,1393007,30977,ORD,"Chicago, IL",IL,17,Illinois,41,12217,1221702,30255,HSV,"Huntsville, AL",AL,1,Alabama,51,820,-8.0,0.0,0.0,-1.0,0800-0859,29.0,841.0,1007.0,2.0,1002,1009.0,7.0,7.0,0.0,0.0,1000-1059,0.0,,0.0,102.0,117.0,86.0,1.0,510.0,3,,,0.0,,0.0,,,,0,,,,,,,,,,,,,,,,,,,,,,,,,,,,,,,,,,,,,,,,,,,,,N,4.0,4.0,8.0,10.0,1.0,1.0,37.0,45.0,8,10,1.0,0.0,37.0,44.0,1,1,1,1.0,0.0,N900AE,N900AE-AA-1,37.0,49.0,8.0,45.0,57.0,32.0,5.0,0.0,38,46,1.0,1.2
N900DE,607.0,2019,2,5,2,4,2019-05-02,DL,DL,19790,DL,2458,,,,,DL,19790,DL,2458,12278,1227805,30928,ICT,"Wichita, KS",KS,20,Kansas,62,10397,1039707,30397,ATL,"Atlanta, GA",GA,13,Georgia,34,600,7.0,7.0,0.0,0.0,0600-0659,12.0,619.0,900.0,9.0,905,909.0,4.0,4.0,0.0,0.0,0900-0959,0.0,,0.0,125.0,122.0,101.0,1.0,782.0,4,,,0.0,,0.0,,,,0,,,,,,,,,,,,,,,,,,,,,,,,,,,,,,,,,,,,,,,,,,,,,N,4.0,0.0,6.0,9.0,0.0,1.0,28.0,37.0,6,9,0.0,0.0,28.0,36.0,2,2,0,0.0,0.0,N900DE,N900DE-DL-0,28.0,40.0,9.0,37.0,49.0,,,0.0,28,37,0.0,0.0
N900DU,816.0,2019,2,5,2,4,2019-05-02,DL,DL,19790,DL,2154,,,,,DL,19790,DL,2154,12478,1247805,31703,JFK,"New York, NY",NY,36,New York,22,14107,1410702,30466,PHX,"Phoenix, AZ",AZ,4,Arizona,81,820,-4.0,0.0,0.0,-1.0,0800-0859,30.0,846.0,1051.0,5.0,1059,1056.0,-3.0,0.0,0.0,-1.0,1000-1059,0.0,,0.0,339.0,340.0,305.0,1.0,2153.0,9,,,0.0,,0.0,,,,0,,,,,,,,,,,,,,,,,,,,,,,,,,,,,,,,,,,,,,,,,,,,,N,0.0,8.0,8.0,10.0,1.0,4.0,33.0,52.0,8,10,1.0,4.0,33.0,52.0,9,9,0,0.0,0.0,N900DU,N900DU-DL-0,33.0,45.0,19.0,52.0,64.0,,,0.0,33,52,0.0,0.0
N900UW,744.0,2019,2,5,2,4,2019-05-02,AA,AA,19805,AA,1263,,,,,AA,19805,AA,1263,11298,1129806,30194,DFW,"Dallas/Fort Worth, TX",TX,48,Texas,74,12953,1295304,31703,LGA,"New York, NY",NY,36,New York,22,734,10.0,10.0,0.0,0.0,0700-0759,18.0,802.0,1157.0,5.0,1159,1202.0,3.0,3.0,0.0,0.0,1100-1159,0.0,,0.0,205.0,198.0,175.0,1.0,1389.0,6,,,0.0,,0.0,,,,0,,,,,,,,,,,,,,,,,,,,,,,,,,,,,,,,,,,,,,,,,,,,,N,4.0,0.0,7.0,12.0,3.0,0.0,35.0,48.0,7,11,2.0,4.0,34.0,48.0,4,4,0,0.0,0.0,N900UW,N900UW-AA-0,35.0,47.0,13.0,48.0,60.0,,,0.0,35,48,0.0,0.0
N9010R,551.0,2019,2,5,2,4,2019-05-02,AA,AA,19805,AA,944,,,,,AA,19805,AA,944,15016,1501606,31123,STL,"St. Louis, MO",MO,29,Missouri,64,13303,1330303,32467,MIA,"Miami, FL",FL,12,Florida,33,557,-6.0,0.0,0.0,-1.0,0001-0559,13.0,604.0,934.0,10.0,944,944.0,0.0,0.0,0.0,0.0,0900-0959,0.0,,0.0,167.0,173.0,150.0,1.0,1068.0,5,,,0.0,,0.0,,,,0,,,,,,,,,,,,,,,,,,,,,,,,,,,,,,,,,,,,,,,,,,,,,N,4.0,0.0,5.0,9.0,3.0,3.0,27.0,39.0,5,9,4.0,3.0,28.0,39.0,7,7,0,0.0,0.0,N9010R,N9010R-AA-0,28.0,39.0,12.0,40.0,51.0,,,0.0,28,40,0.0,0.0
N9012,644.0,2019,2,5,2,4,2019-05-02,AA,AA,19805,AA,1177,,,,,AA,19805,AA,1177,10397,1039707,30397,ATL,"Atlanta, GA",GA,13,Georgia,34,13303,1330303,32467,MIA,"Miami, FL",FL,12,Florida,33,650,-6.0,0.0,0.0,-1.0,0600-0659,15.0,659.0,827.0,7.0,850,834.0,-16.0,0.0,0.0,-2.0,0800-0859,0.0,,0.0,120.0,110.0,88.0,1.0,594.0,3,,,0.0,,0.0,,,,0,,,,,,,,,,,,,,,,,,,,,,,,,,,,,,,,,,,,,,,,,,,,,N,0.0,0.0,6.0,8.0,3.0,2.0,27.0,34.0,6,8,3.0,3.0,27.0,35.0,5,5,0,0.0,0.0,N9012,N9012-AA-0,27.0,39.0,7.0,34.0,46.0,,,0.0,28,35,1.0,5.22
N9015D,555.0,2019,2,5,2,4,2019-05-02,AA,AA,19805,AA,1214,,,,,AA,19805,AA,1214,14869,1486903,34614,SLC,"Salt Lake City, UT",UT,49,Utah,87,11298,1129806,30194,DFW,"Dallas/Fort Worth, TX",TX,48,Texas,74,600,-5.0,0.0,0.0,-1.0,0600-0659,16.0,611.0,957.0,17.0,940,1014.0,34.0,34.0,1.0,2.0,0900-0959,0.0,,0.0,160.0,199.0,166.0,1.0,989.0,4,0.0,0.0,34.0,0.0,0.0,,,,0,,,,,,,,,,,,,,,,,,,,,,,,,,,,,,,,,,,,,,,,,,,,,N,8.0,4.0,5.0,10.0,4.0,1.0,32.0,45.0,6,9,0.0,3.0,32.0,43.0,6,6,0,0.0,0.0,N9015D,N9015D-AA-0,32.0,44.0,13.0,45.0,57.0,,,2.0,33,46,1.0,6.2
N9016,553.0,2019,2,5,2,4,2019-05-02,AA,AA,19805,AA,1593,,,,,AA,19805,AA,1593,10423,1042302,30423,AUS,"Austin, TX",TX,48,Texas,74,13303,1330303,32467,MIA,"Miami, FL",FL,12,Florida,33,557,-4.0,0.0,0.0,-1.0,0001-0559,14.0,607.0,928.0,9.0,939,937.0,-2.0,0.0,0.0,-1.0,0900-0959,0.0,,0.0,162.0,164.0,141.0,1.0,1103.0,5,,,0.0,,0.0,,,,0,,,,,,,,,,,,,,,,,,,,,,,,,,,,,,,,,,,,,,,,,,,,,N,4.0,0.0,5.0,9.0,4.0,2.0,28.0,38.0,5,9,4.0,3.0,28.0,39.0,9,9,0,0.0,0.0,N9016,N9016-AA-0,28.0,40.0,10.0,38.0,50.0,,,0.0,28,38,0.0,0.0
N9019F,629.0,2019,2,5,2,4,2019-05-02,AA,AA,19805,AA,2717,,,,,AA,19805,AA,2717,13303,1330303,32467,MIA,"Miami, FL",FL,12,Florida,33,10397,1039707,30397,ATL,"Atlanta, GA",GA,13,Georgia,34,635,-6.0,0.0,0.0,-1.0,0600-0659,20.0,649.0,817.0,12.0,834,829.0,-5.0,0.0,0.0,-1.0,0800-0859,0.0,,0.0,119.0,120.0,88.0,1.0,594.0,3,,,0.0,,0.0,,,,0,,,,,,,,,,,,,,,,,,,,,,,,,,,,,,,,,,,,,,,,,,,,,N,0.0,0.0,6.0,8.0,2.0,2.0,26.0,34.0,6,8,2.0,2.0,26.0,34.0,8,8,0,1.0,1.0,N9019F,N9019F-AA-0,26.0,38.0,8.0,34.0,46.0,,,0.0,26,34,0.0,0.0
N9019F,906.0,2019,2,5,2,4,2019-05-02,AA,AA,19805,AA,2717,,,,,AA,19805,AA,2717,10397,1039707,30397,ATL,"Atlanta, GA",GA,13,Georgia,34,13303,1330303,32467,MIA,"Miami, FL",FL,12,Florida,33,914,-8.0,0.0,0.0,-1.0,0900-0959,20.0,926.0,1052.0,9.0,1120,1101.0,-19.0,0.0,0.0,-2.0,1100-1159,0.0,,0.0,126.0,115.0,86.0,1.0,594.0,3,,,0.0,,0.0,,,,0,,,,,,,,,,,,,,,,,,,,,,,,,,,,,,,,,,,,,,,,,,,,,N,0.0,0.0,9.0,11.0,0.0,0.0,36.0,44.0,9,11,1.0,1.0,37.0,45.0,1,1,1,1.0,0.0,N9019F,N9019F-AA-1,37.0,48.0,8.0,45.0,56.0,34.0,2.0,0.0,38,47,2.0,3.16
N901AA,653.0,2019,2,5,2,4,2019-05-02,AA,AA,19805,AA,1611,,,,,AA,19805,AA,1611,11298,1129806,30194,DFW,"Dallas/Fort Worth, TX",TX,48,Texas,74,14679,1467903,33570,SAN,"San Diego, CA",CA,6,California,91,655,-2.0,0.0,0.0,-1.0,0600-0659,15.0,708.0,750.0,4.0,803,754.0,-9.0,0.0,0.0,-1.0,0800-0859,0.0,,0.0,188.0,181.0,162.0,1.0,1171.0,5,,,0.0,,0.0,,,,0,,,,,,,,,,,,,,,,,,,,,,,,,,,,,,,,,,,,,,,,,,,,,N,4.0,12.0,6.0,7.0,4.0,4.0,32.0,44.0,6,8,4.0,0.0,32.0,44.0,8,8,0,0.0,0.0,N901AA,N901AA-AA-0,32.0,44.0,12.0,44.0,56.0,,,0.0,32,44,0.0,0.0
N901DN,836.0,2019,2,5,2,4,2019-05-02,DL,DL,19790,DL,643,,,,,DL,19790,DL,643,12478,1247805,31703,JFK,"New York, NY",NY,36,New York,22,14831,1483106,32457,SJC,"San Jose, CA",CA,6,California,91,830,6.0,6.0,0.0,0.0,0800-0859,35.0,911.0,1218.0,3.0,1205,1221.0,16.0,16.0,1.0,1.0,1200-1259,0.0,,0.0,395.0,405.0,367.0,1.0,2569.0,11,6.0,0.0,10.0,0.0,0.0,,,,0,,,,,,,,,,,,,,,,,,,,,,,,,,,,,,,,,,,,,,,,,,,,,N,0.0,12.0,8.0,12.0,2.0,1.0,34.0,61.0,8,12,2.0,0.0,34.0,60.0,9,9,0,0.0,0.0,N901DN,N901DN-DL-0,34.0,46.0,27.0,61.0,73.0,,,1.0,34,61,0.0,0.0
N901EV,750.0,2019,2,5,2,4,2019-05-02,UA,UA_CODESHARE,19977,UA,5207,,,,,OO,20304,OO,5207,11109,1110902,30189,COS,"Colorado Springs, CO",CO,8,Colorado,82,12266,1226603,31453,IAH,"Houston, TX",TX,48,Texas,74,735,15.0,15.0,1.0,1.0,0700-0759,20.0,810.0,1116.0,8.0,1110,1124.0,14.0,14.0,0.0,0.0,1100-1159,0.0,,0.0,155.0,154.0,126.0,1.0,809.0,4,,,0.0,,0.0,,,,0,,,,,,,,,,,,,,,,,,,,,,,,,,,,,,,,,,,,,,,,,,,,,N,8.0,4.0,7.0,11.0,3.0,2.0,39.0,50.0,7,11,2.0,1.0,38.0,49.0,8,8,0,0.0,0.0,N901EV,N901EV-UA-0,39.0,51.0,11.0,50.0,62.0,,,0.0,39,50,0.0,0.0
N901WN,603.0,2019,2,5,2,4,2019-05-02,WN,WN,19393,WN,1437,,,,,WN,19393,WN,1437,10792,1079206,30792,BUF,"Buffalo, NY",NY,36,New York,22,15304,1530402,33195,TPA,"Tampa, FL",FL,12,Florida,33,600,3.0,3.0,0.0,0.0,0600-0659,8.0,611.0,835.0,4.0,840,839.0,-1.0,0.0,0.0,-1.0,0800-0859,0.0,,0.0,160.0,156.0,144.0,1.0,1053.0,5,,,0.0,,0.0,,,,0,,,,,,,,,,,,,,,,,,,,,,,,,,,,,,,,,,,,,,,,,,,,,N,0.0,0.0,6.0,8.0,0.0,3.0,24.0,35.0,6,8,0.0,3.0,24.0,35.0,1,1,0,1.0,1.0,N901WN,N901WN-WN-0,24.0,36.0,11.0,35.0,47.0,,,0.0,24,35,0.0,0.0
N901WN,927.0,2019,2,5,2,4,2019-05-02,WN,WN,19393,WN,113,,,,,WN,19393,WN,113,15304,1530402,33195,TPA,"Tampa, FL",FL,12,Florida,33,10529,1052906,30529,BDL,"Hartford, CT",CT,9,Connecticut,11,920,7.0,7.0,0.0,0.0,0900-0959,11.0,938.0,1200.0,4.0,1210,1204.0,-6.0,0.0,0.0,-1.0,1200-1259,0.0,,0.0,170.0,157.0,142.0,1.0,1111.0,5,,,0.0,,0.0,,,,0,,,,,,,,,,,,,,,,,,,,,,,,,,,,,,,,,,,,,,,,,,,,,N,0.0,0.0,9.0,12.0,2.0,0.0,38.0,48.0,9,12,1.0,1.0,37.0,49.0,7,7,1,1.0,0.0,N901WN,N901WN-WN-1,38.0,50.0,10.0,48.0,60.0,35.0,3.0,0.0,38,48,0.0,0.0
N901XJ,650.0,2019,2,5,2,4,2019-05-02,DL,DL_CODESHARE,19790,DL,5318,,,,,9E,20363,9E,5318,12953,1295304,31703,LGA,"New York, NY",NY,36,New York,22,14122,1412202,30198,PIT,"Pittsburgh, PA",PA,42,Pennsylvania,23,700,-10.0,0.0,0.0,-1.0,0700-0759,17.0,707.0,802.0,7.0,837,809.0,-28.0,0.0,0.0,-2.0,0800-0859,0.0,,0.0,97.0,79.0,55.0,1.0,335.0,2,,,0.0,,0.0,,,,0,,,,,,,,,,,,,,,,,,,,,,,,,,,,,,,,,,,,,,,,,,,,,N,0.0,0.0,6.0,8.0,3.0,1.0,27.0,33.0,7,8,0.0,2.0,28.0,34.0,6,6,0,1.0,1.0,N901XJ,N901XJ-DL-0,28.0,39.0,6.0,34.0,45.0,,,0.0,28,34,0.0,0.0
N901XJ,902.0,2019,2,5,2,4,2019-05-02,DL,DL_CODESHARE,19790,DL,3380,,,,,9E,20363,9E,3380,14122,1412202,30198,PIT,"Pittsburgh, PA",PA,42,Pennsylvania,23,12953,1295304,31703,LGA,"New York, NY",NY,36,New York,22,912,-10.0,0.0,0.0,-1.0,0900-0959,25.0,927.0,1027.0,7.0,1055,1034.0,-21.0,0.0,0.0,-2.0,1000-1059,0.0,,0.0,103.0,92.0,60.0,1.0,335.0,2,,,0.0,,0.0,,,,0,,,,,,,,,,,,,,,,,,,,,,,,,,,,,,,,,,,,,,,,,,,,,N,0.0,0.0,9.0,10.0,0.0,2.0,36.0,42.0,9,10,1.0,4.0,37.0,44.0,8,8,1,1.0,0.0,N901XJ,N901XJ-DL-1,37.0,48.0,6.0,43.0,54.0,33.0,3.0,0.0,37,43,0.0,0.0
N9022G,557.0,2019,2,5,2,4,2019-05-02,AA,AA,19805,AA,1604,,,,,AA,19805,AA,1604,14683,1468305,33214,SAT,"San Antonio, TX",TX,48,Texas,74,13303,1330303,32467,MIA,"Miami, FL",FL,12,Florida,33,600,-3.0,0.0,0.0,-1.0,0600-0659,14.0,611.0,928.0,25.0,944,953.0,9.0,9.0,0.0,0.0,0900-0959,0.0,,0.0,164.0,176.0,137.0,1.0,1143.0,5,,,0.0,,0.0,,,,0,,,,,,,,,,,,,,,,,,,,,,,,,,,,,,,,,,,,,,,,,,,,,N,4.0,0.0,5.0,9.0,4.0,4.0,28.0,40.0,6,9,0.0,3.0,28.0,39.0,5,5,0,0.0,0.0,N9022G,N9022G-AA-0,28.0,40.0,12.0,40.0,52.0,,,0.0,28,40,0.0,0.0
N902AN,603.0,2019,2,5,2,4,2019-05-02,AA,AA,19805,AA,2789,,,,,AA,19805,AA,2789,12451,1245102,31136,JAX,"Jacksonville, FL",FL,12,Florida,33,11298,1129806,30194,DFW,"Dallas/Fort Worth, TX",TX,48,Texas,74,611,-8.0,0.0,0.0,-1.0,0600-0659,19.0,622.0,816.0,6.0,805,822.0,17.0,17.0,1.0,1.0,0800-0859,0.0,,0.0,174.0,199.0,174.0,1.0,918.0,4,0.0,0.0,17.0,0.0,0.0,,,,0,,,,,,,,,,,,,,,,,,,,,,,,,,,,,,,,,,,,,,,,,,,,,N,0.0,4.0,6.0,8.0,0.0,1.0,24.0,37.0,6,8,1.0,0.0,25.0,36.0,1,1,0,0.0,0.0,N902AN,N902AN-AA-0,25.0,36.0,13.0,38.0,49.0,,,1.0,25,41,3.0,5.6
N902DN,618.0,2019,2,5,2,4,2019-05-02,DL,DL,19790,DL,1745,,,,,DL,19790,DL,1745,14893,1489302,33192,SMF,"Sacramento, CA",CA,6,California,91,13487,1348702,31650,MSP,"Minneapolis, MN",MN,27,Minnesota,63,620,-2.0,0.0,0.0,-1.0,0600-0659,10.0,628.0,1123.0,4.0,1147,1127.0,-20.0,0.0,0.0,-2.0,1100-1159,0.0,,0.0,207.0,189.0,175.0,1.0,1517.0,7,,,0.0,,0.0,,,,0,,,,,,,,,,,,,,,,,,,,,,,,,,,,,,,,,,,,,,,,,,,,,N,12.0,4.0,6.0,11.0,1.0,2.0,37.0,50.0,6,11,1.0,3.0,37.0,51.0,1,1,0,0.0,0.0,N902DN,N902DN-DL-0,37.0,49.0,13.0,50.0,62.0,,,0.0,37,51,1.0,1.38
N902EV,928.0,2019,2,5,2,4,2019-05-02,AA,AA_CODESHARE,19805,AA,3110,,,,,OO,20304,OO,3110,10990,1099005,30990,CHO,"Charlottesville, VA",VA,51,Virginia,38,13930,1393007,30977,ORD,"Chicago, IL",IL,17,Illinois,41,938,-10.0,0.0,0.0,-1.0,0900-0959,13.0,941.0,1018.0,22.0,1049,1040.0,-9.0,0.0,0.0,-1.0,1000-1059,0.0,,0.0,131.0,132.0,97.0,1.0,566.0,3,,,0.0,,0.0,,,,0,,,,,,,,,,,,,,,,,,,,,,,,,,,,,,,,,,,,,,,,,,,,,N,0.0,4.0,9.0,10.0,2.0,3.0,38.0,47.0,9,10,3.0,3.0,39.0,47.0,7,7,0,0.0,0.0,N902EV,N902EV-AA-0,39.0,50.0,9.0,48.0,59.0,,,0.0,39,48,0.0,0.0
N902NK,948.0,2019,2,5,2,4,2019-05-02,NK,NK,20416,NK,300,,,,,NK,20416,NK,300,13577,1357702,31135,MYR,"Myrtle Beach, SC",SC,45,South Carolina,37,12953,1295304,31703,LGA,"New York, NY",NY,36,New York,22,935,13.0,13.0,0.0,0.0,0900-0959,12.0,1000.0,1118.0,9.0,1129,1127.0,-2.0,0.0,0.0,-1.0,1100-1159,0.0,,0.0,114.0,99.0,78.0,1.0,563.0,3,,,0.0,,0.0,,,,0,,,,,,,,,,,,,,,,,,,,,,,,,,,,,,,,,,,,,,,,,,,,,N,0.0,0.0,9.0,11.0,3.0,2.0,39.0,46.0,9,11,2.0,2.0,38.0,46.0,9,9,0,0.0,0.0,N902NK,N902NK-NK-0,39.0,51.0,7.0,46.0,58.0,,,0.0,39,46,0.0,0.0
N902NN,501.0,2019,2,5,2,4,2019-05-02,AA,AA,19805,AA,1810,,,,,AA,19805,AA,1810,10423,1042302,30423,AUS,"Austin, TX",TX,48,Texas,74,11057,1105703,31057,CLT,"Charlotte, NC",NC,37,North Carolina,36,508,-7.0,0.0,0.0,-1.0,0001-0559,16.0,517.0,844.0,6.0,851,850.0,-1.0,0.0,0.0,-1.0,0800-0859,0.0,,0.0,163.0,169.0,147.0,1.0,1032.0,5,,,0.0,,0.0,,,,0,,,,,,,,,,,,,,,,,,,,,,,,,,,,,,,,,,,,,,,,,,,,,N,4.0,0.0,5.0,8.0,0.0,3.0,24.0,35.0,5,8,1.0,3.0,25.0,35.0,9,9,0,0.0,0.0,N902NN,N902NN-AA-0,25.0,36.0,11.0,36.0,47.0,,,0.0,25,36,0.0,0.0
N902WN,705.0,2019,2,5,2,4,2019-05-02,WN,WN,19393,WN,938,,,,,WN,19393,WN,938,10397,1039707,30397,ATL,"Atlanta, GA",GA,13,Georgia,34,10721,1072102,30721,BOS,"Boston, MA",MA,25,Massachusetts,13,710,-5.0,0.0,0.0,-1.0,0700-0759,7.0,712.0,908.0,15.0,940,923.0,-17.0,0.0,0.0,-2.0,0900-0959,0.0,,0.0,150.0,138.0,116.0,1.0,946.0,4,,,0.0,,0.0,,,,0,,,,,,,,,,,,,,,,,,,,,,,,,,,,,,,,,,,,,,,,,,,,,N,0.0,0.0,7.0,9.0,0.0,2.0,28.0,38.0,7,9,1.0,3.0,29.0,39.0,3,3,0,0.0,0.0,N902WN,N902WN-WN-0,29.0,40.0,10.0,39.0,50.0,,,0.0,29,39,0.0,0.0
N902XJ,658.0,2019,2,5,2,4,2019-05-02,DL,DL_CODESHARE,19790,DL,5215,,,,,9E,20363,9E,5215,12197,1219702,31703,HPN,"White Plains, NY",NY,36,New York,22,10397,1039707,30397,ATL,"Atlanta, GA",GA,13,Georgia,34,710,-12.0,0.0,0.0,-1.0,0700-0759,19.0,717.0,909.0,14.0,934,923.0,-11.0,0.0,0.0,-1.0,0900-0959,0.0,,0.0,144.0,145.0,112.0,1.0,780.0,4,,,0.0,,0.0,,,,0,,,,,,,,,,,,,,,,,,,,,,,,,,,,,,,,,,,,,,,,,,,,,N,0.0,0.0,6.0,9.0,4.0,2.0,28.0,38.0,7,9,1.0,2.0,29.0,38.0,5,5,0,0.0,0.0,N902XJ,N902XJ-DL-0,29.0,40.0,10.0,39.0,50.0,,,0.0,29,39,0.0,0.0
N903AA,656.0,2019,2,5,2,4,2019-05-02,AA,AA,19805,AA,2747,,,,,AA,19805,AA,2747,11298,1129806,30194,DFW,"Dallas/Fort Worth, TX",TX,48,Texas,74,10721,1072102,30721,BOS,"Boston, MA",MA,25,Massachusetts,13,655,1.0,1.0,0.0,0.0,0600-0659,25.0,721.0,1133.0,12.0,1133,1145.0,12.0,12.0,0.0,0.0,1100-1159,0.0,,0.0,218.0,229.0,192.0,1.0,1562.0,7,,,0.0,,0.0,,,,0,,,,,,,,,,,,,,,,,,,,,,,,,,,,,,,,,,,,,,,,,,,,,N,4.0,0.0,6.0,11.0,4.0,3.0,32.0,47.0,6,11,4.0,2.0,32.0,46.0,1,1,0,0.0,0.0,N903AA,N903AA-AA-0,32.0,44.0,15.0,47.0,59.0,,,0.0,32,47,0.0,0.0
N903AN,637.0,2019,2,5,2,4,2019-05-02,AA,AA,19805,AA,538,,,,,AA,19805,AA,538,13891,1389101,32575,ONT,"Ontario, CA",CA,6,California,91,11298,1129806,30194,DFW,"Dallas/Fort Worth, TX",TX,48,Texas,74,635,2.0,2.0,0.0,0.0,0600-0659,14.0,651.0,1112.0,17.0,1130,1129.0,-1.0,0.0,0.0,-1.0,1100-1159,0.0,,0.0,175.0,172.0,141.0,1.0,1188.0,5,,,0.0,,0.0,,,,0,,,,,,,,,,,,,,,,,,,,,,,,,,,,,,,,,,,,,,,,,,,,,N,12.0,4.0,6.0,11.0,2.0,2.0,38.0,50.0,6,11,2.0,2.0,38.0,50.0,8,8,0,0.0,0.0,N903AN,N903AN-AA-0,38.0,50.0,12.0,50.0,62.0,,,0.0,38,50,0.0,0.0
N903DE,601.0,2019,2,5,2,4,2019-05-02,DL,DL,19790,DL,1266,,,,,DL,19790,DL,1266,10792,1079206,30792,BUF,"Buffalo, NY",NY,36,New York,22,10397,1039707,30397,ATL,"Atlanta, GA",GA,13,Georgia,34,600,1.0,1.0,0.0,0.0,0600-0659,14.0,615.0,756.0,6.0,759,802.0,3.0,3.0,0.0,0.0,0700-0759,0.0,,0.0,119.0,121.0,101.0,1.0,712.0,3,,,0.0,,0.0,,,,0,,,,,,,,,,,,,,,,,,,,,,,,,,,,,,,,,,,,,,,,,,,,,N,0.0,0.0,6.0,8.0,0.0,0.0,24.0,32.0,6,7,0.0,4.0,24.0,32.0,7,7,0,1.0,1.0,N903DE,N903DE-DL-0,24.0,36.0,8.0,32.0,44.0,,,0.0,24,32,0.0,0.0
N903DE,847.0,2019,2,5,2,4,2019-05-02,DL,DL,19790,DL,2368,,,,,DL,19790,DL,2368,10397,1039707,30397,ATL,"Atlanta, GA",GA,13,Georgia,34,11996,1199603,31871,GSP,"Greer, SC",SC,45,South Carolina,37,849,-2.0,0.0,0.0,-1.0,0800-0859,16.0,903.0,931.0,3.0,946,934.0,-12.0,0.0,0.0,-1.0,0900-0959,0.0,,0.0,57.0,47.0,28.0,1.0,153.0,1,,,0.0,,0.0,,,,0,,,,,,,,,,,,,,,,,,,,,,,,,,,,,,,,,,,,,,,,,,,,,N,0.0,0.0,8.0,9.0,3.0,2.0,35.0,38.0,8,9,3.0,3.0,35.0,39.0,2,2,1,1.0,0.0,N903DE,N903DE-DL-1,35.0,47.0,3.0,38.0,50.0,32.0,3.0,0.0,35,38,0.0,0.0
N903DN,642.0,2019,2,5,2,4,2019-05-02,DL,DL,19790,DL,1184,,,,,DL,19790,DL,1184,14027,1402702,34027,PBI,"West Palm Beach/Palm Beach, FL",FL,12,Florida,33,10397,1039707,30397,ATL,"Atlanta, GA",GA,13,Georgia,34,645,-3.0,0.0,0.0,-1.0,0600-0659,13.0,655.0,811.0,12.0,834,823.0,-11.0,0.0,0.0,-1.0,0800-0859,0.0,,0.0,109.0,101.0,76.0,1.0,545.0,3,,,0.0,,0.0,,,,0,,,,,,,,,,,,,,,,,,,,,,,,,,,,,,,,,,,,,,,,,,,,,N,0.0,0.0,6.0,8.0,3.0,2.0,27.0,34.0,6,8,3.0,2.0,27.0,34.0,7,7,0,0.0,0.0,N903DN,N903DN-DL-0,27.0,39.0,7.0,34.0,46.0,,,0.0,27,34,0.0,0.0
N903EV,742.0,2019,2,5,2,4,2019-05-02,UA,UA_CODESHARE,19977,UA,4375,,,,,EV,20366,EV,4375,14574,1457405,34574,ROA,"Roanoke, VA",VA,51,Virginia,38,13930,1393007,30977,ORD,"Chicago, IL",IL,17,Illinois,41,745,-3.0,0.0,0.0,-1.0,0700-0759,18.0,800.0,838.0,13.0,849,851.0,2.0,2.0,0.0,0.0,0800-0859,0.0,,0.0,124.0,129.0,98.0,1.0,530.0,3,,,0.0,,0.0,,,,0,,,,,,,,,,,,,,,,,,,,,,,,,,,,,,,,,,,,,,,,,,,,,N,0.0,4.0,7.0,8.0,3.0,3.0,31.0,39.0,7,8,3.0,3.0,31.0,39.0,6,6,0,0.0,0.0,N903EV,N903EV-UA-0,31.0,43.0,8.0,39.0,51.0,,,0.0,31,39,0.0,0.0
N903JB,550.0,2019,2,5,2,4,2019-05-02,B6,B6,20409,B6,601,,,,,B6,20409,B6,601,12478,1247805,31703,JFK,"New York, NY",NY,36,New York,22,11697,1169706,32467,FLL,"Fort Lauderdale, FL",FL,12,Florida,33,600,-10.0,0.0,0.0,-1.0,0600-0659,18.0,608.0,836.0,10.0,901,846.0,-15.0,0.0,0.0,-1.0,0900-0959,0.0,,0.0,181.0,176.0,148.0,1.0,1069.0,5,,,0.0,,0.0,,,,0,,,,,,,,,,,,,,,,,,,,,,,,,,,,,,,,,,,,,,,,,,,,,N,0.0,0.0,5.0,8.0,3.0,3.0,23.0,35.0,6,9,0.0,0.0,24.0,36.0,6,6,0,0.0,0.0,N903JB,N903JB-B6-0,24.0,35.0,12.0,36.0,47.0,,,0.0,24,36,0.0,0.0
N903NK,946.0,2019,2,5,2,4,2019-05-02,NK,NK,20416,NK,667,,,,,NK,20416,NK,667,10821,1082106,30852,BWI,"Baltimore, MD",MD,24,Maryland,35,11298,1129806,30194,DFW,"Dallas/Fort Worth, TX",TX,48,Texas,74,800,106.0,106.0,1.0,7.0,0800-0859,12.0,958.0,1150.0,31.0,1021,1221.0,120.0,120.0,1.0,8.0,1000-1059,0.0,,0.0,201.0,215.0,172.0,1.0,1217.0,5,106.0,0.0,14.0,0.0,0.0,,,,0,,,,,,,,,,,,,,,,,,,,,,,,,,,,,,,,,,,,,,,,,,,,,N,0.0,4.0,9.0,12.0,3.0,1.0,39.0,53.0,8,10,0.0,1.0,32.0,45.0,2,2,0,0.0,0.0,N903NK,N903NK-NK-0,38.0,51.0,14.0,52.0,65.0,,,1.0,38,52,0.0,0.0
N903NN,548.0,2019,2,5,2,4,2019-05-02,AA,AA,19805,AA,1096,,,,,AA,19805,AA,1096,13198,1319801,33198,MCI,"Kansas City, MO",MO,29,Missouri,64,14107,1410702,30466,PHX,"Phoenix, AZ",AZ,4,Arizona,81,550,-2.0,0.0,0.0,-1.0,0001-0559,17.0,605.0,638.0,14.0,647,652.0,5.0,5.0,0.0,0.0,0600-0659,0.0,,0.0,177.0,184.0,153.0,1.0,1044.0,5,,,0.0,,0.0,,,,0,,,,,,,,,,,,,,,,,,,,,,,,,,,,,,,,,,,,,,,,,,,,,N,4.0,8.0,5.0,6.0,3.0,3.0,27.0,35.0,5,6,3.0,3.0,27.0,35.0,1,1,0,0.0,0.0,N903NN,N903NN-AA-0,27.0,39.0,8.0,35.0,47.0,,,0.0,27,35,0.0,0.0
N903WN,627.0,2019,2,5,2,4,2019-05-02,WN,WN,19393,WN,1944,,,,,WN,19393,WN,1944,12953,1295304,31703,LGA,"New York, NY",NY,36,New York,22,10397,1039707,30397,ATL,"Atlanta, GA",GA,13,Georgia,34,630,-3.0,0.0,0.0,-1.0,0600-0659,19.0,646.0,839.0,11.0,905,850.0,-15.0,0.0,0.0,-1.0,0900-0959,0.0,,0.0,155.0,143.0,113.0,1.0,762.0,4,,,0.0,,0.0,,,,0,,,,,,,,,,,,,,,,,,,,,,,,,,,,,,,,,,,,,,,,,,,,,N,0.0,0.0,6.0,8.0,2.0,3.0,26.0,35.0,6,9,2.0,0.0,26.0,36.0,1,1,0,1.0,1.0,N903WN,N903WN-WN-0,26.0,38.0,9.0,35.0,47.0,,,0.0,26,35,0.0,0.0
N903WN,938.0,2019,2,5,2,4,2019-05-02,WN,WN,19393,WN,1944,,,,,WN,19393,WN,1944,10397,1039707,30397,ATL,"Atlanta, GA",GA,13,Georgia,34,12889,1288903,32211,LAS,"Las Vegas, NV",NV,32,Nevada,85,940,-2.0,0.0,0.0,-1.0,0900-0959,10.0,948.0,1042.0,5.0,1110,1047.0,-23.0,0.0,0.0,-2.0,1100-1159,0.0,,0.0,270.0,249.0,234.0,1.0,1747.0,7,,,0.0,,0.0,,,,0,,,,,,,,,,,,,,,,,,,,,,,,,,,,,,,,,,,,,,,,,,,,,N,0.0,12.0,9.0,10.0,3.0,3.0,39.0,55.0,9,11,3.0,1.0,39.0,57.0,2,2,1,1.0,0.0,N903WN,N903WN-WN-1,39.0,51.0,16.0,55.0,67.0,35.0,4.0,0.0,41,57,2.0,5.14
N903XJ,748.0,2019,2,5,2,4,2019-05-02,DL,DL_CODESHARE,19790,DL,5179,,,,,9E,20363,9E,5179,11423,1142307,31423,DSM,"Des Moines, IA",IA,19,Iowa,61,12953,1295304,31703,LGA,"New York, NY",NY,36,New York,22,755,-7.0,0.0,0.0,-1.0,0700-0759,17.0,805.0,1113.0,7.0,1140,1120.0,-20.0,0.0,0.0,-2.0,1100-1159,0.0,,0.0,165.0,152.0,128.0,1.0,1031.0,5,,,0.0,,0.0,,,,0,,,,,,,,,,,,,,,,,,,,,,,,,,,,,,,,,,,,,,,,,,,,,N,4.0,0.0,7.0,11.0,3.0,1.0,35.0,45.0,7,11,4.0,3.0,36.0,47.0,6,6,0,0.0,0.0,N903XJ,N903XJ-DL-0,36.0,47.0,10.0,46.0,57.0,,,0.0,36,46,0.0,0.0
N904AN,620.0,2019,2,5,2,4,2019-05-02,AA,AA,19805,AA,236,,,,,AA,19805,AA,236,15016,1501606,31123,STL,"St. Louis, MO",MO,29,Missouri,64,12892,1289208,32575,LAX,"Los Angeles, CA",CA,6,California,91,630,-10.0,0.0,0.0,-1.0,0600-0659,11.0,631.0,817.0,7.0,852,824.0,-28.0,0.0,0.0,-2.0,0800-0859,0.0,,0.0,262.0,244.0,226.0,1.0,1592.0,7,,,0.0,,0.0,,,,0,,,,,,,,,,,,,,,,,,,,,,,,,,,,,,,,,,,,,,,,,,,,,N,4.0,12.0,6.0,8.0,1.0,2.0,29.0,46.0,6,8,2.0,3.0,30.0,47.0,4,4,0,0.0,0.0,N904AN,N904AN-AA-0,30.0,41.0,17.0,47.0,58.0,,,0.0,30,47,0.0,0.0
N904DE,643.0,2019,2,5,2,4,2019-05-02,DL,DL,19790,DL,1457,,,,,DL,19790,DL,1457,11996,1199603,31871,GSP,"Greer, SC",SC,45,South Carolina,37,10397,1039707,30397,ATL,"Atlanta, GA",GA,13,Georgia,34,645,-2.0,0.0,0.0,-1.0,0600-0659,17.0,700.0,732.0,6.0,743,738.0,-5.0,0.0,0.0,-1.0,0700-0759,0.0,,0.0,58.0,55.0,32.0,1.0,153.0,1,,,0.0,,0.0,,,,0,,,,,,,,,,,,,,,,,,,,,,,,,,,,,,,,,,,,,,,,,,,,,N,0.0,0.0,6.0,7.0,3.0,3.0,27.0,31.0,6,7,3.0,3.0,27.0,31.0,3,3,0,1.0,1.0,N904DE,N904DE-DL-0,27.0,39.0,4.0,31.0,43.0,,,0.0,27,31,0.0,0.0
N904DE,830.0,2019,2,5,2,4,2019-05-02,DL,DL,19790,DL,1367,,,,,DL,19790,DL,1367,10397,1039707,30397,ATL,"Atlanta, GA",GA,13,Georgia,34,11986,1198603,31986,GRR,"Grand Rapids, MI",MI,26,Michigan,43,833,-3.0,0.0,0.0,-1.0,0800-0859,17.0,847.0,1012.0,4.0,1025,1016.0,-9.0,0.0,0.0,-1.0,1000-1059,0.0,,0.0,112.0,106.0,85.0,1.0,640.0,3,,,0.0,,0.0,,,,0,,,,,,,,,,,,,,,,,,,,,,,,,,,,,,,,,,,,,,,,,,,,,N,0.0,0.0,8.0,10.0,2.0,1.0,34.0,41.0,8,10,2.0,2.0,34.0,42.0,3,3,1,1.0,0.0,N904DE,N904DE-DL-1,34.0,46.0,7.0,41.0,53.0,31.0,3.0,0.0,34,41,0.0,0.0
N904DL,756.0,2019,2,5,2,4,2019-05-02,DL,DL,19790,DL,2430,,,,,DL,19790,DL,2430,11481,1148102,31481,ECP,"Panama City, FL",FL,12,Florida,33,10397,1039707,30397,ATL,"Atlanta, GA",GA,13,Georgia,34,800,-4.0,0.0,0.0,-1.0,0800-0859,12.0,808.0,949.0,17.0,1015,1006.0,-9.0,0.0,0.0,-1.0,1000-1059,0.0,,0.0,75.0,70.0,41.0,1.0,240.0,1,,,0.0,,0.0,,,,0,,,,,,,,,,,,,,,,,,,,,,,,,,,,,,,,,,,,,,,,,,,,,N,4.0,0.0,7.0,10.0,4.0,0.0,36.0,40.0,8,10,0.0,1.0,36.0,41.0,7,7,0,0.0,0.0,N904DL,N904DL-DL-0,36.0,48.0,4.0,40.0,52.0,,,0.0,36,40,0.0,0.0
N904DN,25.0,2019,2,5,2,4,2019-05-02,DL,DL,19790,DL,822,,,,,DL,19790,DL,822,10299,1029906,30299,ANC,"Anchorage, AK",AK,2,Alaska,1,14747,1474703,30559,SEA,"Seattle, WA",WA,53,Washington,93,30,-5.0,0.0,0.0,-1.0,0001-0559,9.0,34.0,418.0,4.0,502,422.0,-40.0,0.0,0.0,-2.0,0001-0559,0.0,,0.0,212.0,177.0,164.0,1.0,1448.0,6,,,0.0,,0.0,,,,0,,,,,,,,,,,,,,,,,,,,,,,,,,,,,,,,,,,,,,,,,,,,,N,16.0,12.0,0.0,4.0,2.0,1.0,18.0,29.0,0,5,2.0,0.0,18.0,32.0,8,8,0,1.0,1.0,N904DN,N904DN-DL-0,18.0,30.0,11.0,29.0,41.0,,,0.0,18,29,0.0,0.0
N904DN,555.0,2019,2,5,2,4,2019-05-02,DL,DL,19790,DL,2428,,,,,DL,19790,DL,2428,14747,1474703,30559,SEA,"Seattle, WA",WA,53,Washington,93,12892,1289208,32575,LAX,"Los Angeles, CA",CA,6,California,91,600,-5.0,0.0,0.0,-1.0,0600-0659,12.0,607.0,813.0,11.0,845,824.0,-21.0,0.0,0.0,-2.0,0800-0859,0.0,,0.0,165.0,149.0,126.0,1.0,954.0,4,,,0.0,,0.0,,,,0,,,,,,,,,,,,,,,,,,,,,,,,,,,,,,,,,,,,,,,,,,,,,N,12.0,12.0,5.0,8.0,4.0,2.0,36.0,46.0,6,8,0.0,3.0,36.0,47.0,6,6,1,1.0,0.0,N904DN,N904DN-DL-1,36.0,48.0,10.0,46.0,58.0,29.0,7.0,0.0,36,46,0.0,0.0
N904EV,914.0,2019,2,5,2,4,2019-05-02,UA,UA_CODESHARE,19977,UA,5027,,,,,OO,20304,OO,5027,14025,1402501,34025,PBG,"Plattsburgh, NY",NY,36,New York,22,12264,1226402,30852,IAD,"Washington, DC",VA,51,Virginia,38,930,-16.0,0.0,0.0,-2.0,0900-0959,42.0,956.0,1112.0,7.0,1111,1119.0,8.0,8.0,0.0,0.0,1100-1159,0.0,,0.0,101.0,125.0,76.0,1.0,444.0,2,,,0.0,,0.0,,,,0,,,,,,,,,,,,,,,,,,,,,,,,,,,,,,,,,,,,,,,,,,,,,N,0.0,0.0,9.0,11.0,1.0,1.0,37.0,45.0,9,11,2.0,1.0,38.0,45.0,8,8,0,0.0,0.0,N904EV,N904EV-UA-0,38.0,49.0,8.0,46.0,57.0,,,0.0,38,46,0.0,0.0
N904NK,634.0,2019,2,5,2,4,2019-05-02,NK,NK,20416,NK,188,,,,,NK,20416,NK,188,13796,1379608,32457,OAK,"Oakland, CA",CA,6,California,91,12889,1288903,32211,LAS,"Las Vegas, NV",NV,32,Nevada,85,640,-6.0,0.0,0.0,-1.0,0600-0659,15.0,649.0,751.0,5.0,807,756.0,-11.0,0.0,0.0,-1.0,0800-0859,0.0,,0.0,87.0,82.0,62.0,1.0,407.0,2,,,0.0,,0.0,,,,0,,,,,,,,,,,,,,,,,,,,,,,,,,,,,,,,,,,,,,,,,,,,,N,12.0,12.0,6.0,7.0,2.0,4.0,38.0,44.0,6,8,3.0,0.0,39.0,44.0,9,9,0,0.0,0.0,N904NK,N904NK-NK-0,39.0,50.0,6.0,45.0,56.0,,,0.0,39,45,0.0,0.0
N904WN,830.0,2019,2,5,2,4,2019-05-02,WN,WN,19393,WN,1318,,,,,WN,19393,WN,1318,11292,1129202,30325,DEN,"Denver, CO",CO,8,Colorado,82,10397,1039707,30397,ATL,"Atlanta, GA",GA,13,Georgia,34,745,45.0,45.0,1.0,3.0,0700-0759,11.0,841.0,1323.0,4.0,1250,1327.0,37.0,37.0,1.0,2.0,1200-1259,0.0,,0.0,185.0,177.0,162.0,1.0,1199.0,5,37.0,0.0,0.0,0.0,0.0,,,,0,,,,,,,,,,,,,,,,,,,,,,,,,,,,,,,,,,,,,,,,,,,,,N,8.0,0.0,8.0,13.0,2.0,2.0,42.0,54.0,7,12,3.0,3.0,39.0,51.0,9,9,0,0.0,0.0,N904WN,N904WN-WN-0,42.0,54.0,12.0,54.0,66.0,,,0.0,42,54,0.0,0.0
N904XJ,707.0,2019,2,5,2,4,2019-05-02,DL,DL_CODESHARE,19790,DL,5133,,,,,9E,20363,9E,5133,11042,1104205,30647,CLE,"Cleveland, OH",OH,39,Ohio,44,12478,1247805,31703,JFK,"New York, NY",NY,36,New York,22,715,-8.0,0.0,0.0,-1.0,0700-0759,18.0,725.0,840.0,16.0,900,856.0,-4.0,0.0,0.0,-1.0,0900-0959,0.0,,0.0,105.0,109.0,75.0,1.0,425.0,2,,,0.0,,0.0,,,,0,,,,,,,,,,,,,,,,,,,,,,,,,,,,,,,,,,,,,,,,,,,,,N,0.0,0.0,7.0,8.0,0.0,4.0,28.0,36.0,7,9,1.0,0.0,29.0,36.0,7,7,0,1.0,1.0,N904XJ,N904XJ-DL-0,29.0,40.0,8.0,37.0,48.0,,,0.0,29,37,0.0,0.0
N904XJ,940.0,2019,2,5,2,4,2019-05-02,DL,DL_CODESHARE,19790,DL,5532,,,,,9E,20363,9E,5532,12478,1247805,31703,JFK,"New York, NY",NY,36,New York,22,11433,1143302,31295,DTW,"Detroit, MI",MI,26,Michigan,43,929,11.0,11.0,0.0,0.0,0900-0959,34.0,1014.0,1141.0,6.0,1132,1147.0,15.0,15.0,1.0,1.0,1100-1159,0.0,,0.0,123.0,127.0,87.0,1.0,509.0,3,0.0,0.0,15.0,0.0,0.0,,,,0,,,,,,,,,,,,,,,,,,,,,,,,,,,,,,,,,,,,,,,,,,,,,N,0.0,0.0,9.0,11.0,3.0,3.0,39.0,47.0,9,11,2.0,2.0,38.0,46.0,9,9,1,1.0,0.0,N904XJ,N904XJ-DL-1,38.0,51.0,8.0,46.0,59.0,36.0,3.0,1.0,41,49,3.0,28.68
N905AU,537.0,2019,2,5,2,4,2019-05-02,AA,AA,19805,AA,1226,,,,,AA,19805,AA,1226,13303,1330303,32467,MIA,"Miami, FL",FL,12,Florida,33,11298,1129806,30194,DFW,"Dallas/Fort Worth, TX",TX,48,Texas,74,540,-3.0,0.0,0.0,-1.0,0001-0559,17.0,554.0,805.0,14.0,759,819.0,20.0,20.0,1.0,1.0,0700-0759,0.0,,0.0,199.0,222.0,191.0,1.0,1121.0,5,0.0,0.0,20.0,0.0,0.0,,,,0,,,,,,,,,,,,,,,,,,,,,,,,,,,,,,,,,,,,,,,,,,,,,N,0.0,4.0,5.0,8.0,2.0,1.0,22.0,37.0,5,7,3.0,4.0,23.0,36.0,4,4,0,0.0,0.0,N905AU,N905AU-AA-0,23.0,34.0,15.0,38.0,49.0,,,1.0,23,38,0.0,0.0
N905DE,600.0,2019,2,5,2,4,2019-05-02,DL,DL,19790,DL,1693,,,,,DL,19790,DL,1693,12191,1219102,31453,HOU,"Houston, TX",TX,48,Texas,74,10397,1039707,30397,ATL,"Atlanta, GA",GA,13,Georgia,34,603,-3.0,0.0,0.0,-1.0,0600-0659,10.0,610.0,845.0,10.0,904,855.0,-9.0,0.0,0.0,-1.0,0900-0959,0.0,,0.0,121.0,115.0,95.0,1.0,696.0,3,,,0.0,,0.0,,,,0,,,,,,,,,,,,,,,,,,,,,,,,,,,,,,,,,,,,,,,,,,,,,N,4.0,0.0,6.0,8.0,0.0,4.0,28.0,36.0,6,9,0.0,0.0,28.0,36.0,9,9,0,0.0,0.0,N905DE,N905DE-DL-0,28.0,40.0,8.0,36.0,48.0,,,0.0,28,36,0.0,0.0
N905DL,806.0,2019,2,5,2,4,2019-05-02,DL,DL,19790,DL,2848,,,,,DL,19790,DL,2848,12339,1233904,32337,IND,"Indianapolis, IN",IN,18,Indiana,42,10397,1039707,30397,ATL,"Atlanta, GA",GA,13,Georgia,34,810,-4.0,0.0,0.0,-1.0,0800-0859,14.0,820.0,927.0,9.0,941,936.0,-5.0,0.0,0.0,-1.0,0900-0959,0.0,,0.0,91.0,90.0,67.0,1.0,432.0,2,,,0.0,,0.0,,,,0,,,,,,,,,,,,,,,,,,,,,,,,,,,,,,,,,,,,,,,,,,,,,N,0.0,0.0,8.0,9.0,0.0,2.0,32.0,38.0,8,9,1.0,3.0,33.0,39.0,8,8,0,0.0,0.0,N905DL,N905DL-DL-0,33.0,44.0,6.0,39.0,50.0,,,0.0,33,39,0.0,0.0
N905DN,659.0,2019,2,5,2,4,2019-05-02,DL,DL,19790,DL,922,,,,,DL,19790,DL,922,14843,1484306,34819,SJU,"San Juan, PR",PR,72,Puerto Rico,3,10397,1039707,30397,ATL,"Atlanta, GA",GA,13,Georgia,34,700,-1.0,0.0,0.0,-1.0,0700-0759,12.0,711.0,1040.0,8.0,1048,1048.0,0.0,0.0,0.0,0.0,1000-1059,0.0,,0.0,228.0,229.0,209.0,1.0,1547.0,7,,,0.0,,0.0,,,,0,,,,,,,,,,,,,,,,,,,,,,,,,,,,,,,,,,,,,,,,,,,,,N,-4.0,0.0,6.0,10.0,4.0,3.0,24.0,43.0,7,10,0.0,3.0,24.0,43.0,4,4,0,0.0,0.0,N905DN,N905DN-DL-0,24.0,36.0,19.0,43.0,55.0,,,0.0,24,43,0.0,0.0
N905JB,654.0,2019,2,5,2,4,2019-05-02,B6,B6,20409,B6,675,,,,,B6,20409,B6,675,12478,1247805,31703,JFK,"New York, NY",NY,36,New York,22,13495,1349505,33495,MSY,"New Orleans, LA",LA,22,Louisiana,72,703,-9.0,0.0,0.0,-1.0,0700-0759,14.0,708.0,855.0,3.0,925,858.0,-27.0,0.0,0.0,-2.0,0900-0959,0.0,,0.0,202.0,184.0,167.0,1.0,1182.0,5,,,0.0,,0.0,,,,0,,,,,,,,,,,,,,,,,,,,,,,,,,,,,,,,,,,,,,,,,,,,,N,0.0,4.0,6.0,8.0,4.0,4.0,28.0,40.0,7,9,0.0,2.0,28.0,42.0,6,6,0,0.0,0.0,N905JB,N905JB-B6-0,28.0,40.0,12.0,40.0,52.0,,,0.0,28,40,0.0,0.0
N905JH,558.0,2019,2,5,2,4,2019-05-02,AA,AA_CODESHARE,19805,AA,4085,,,,,MQ,20398,MQ,4085,10268,1026802,30268,ALO,"Waterloo, IA",IA,19,Iowa,61,13930,1393007,30977,ORD,"Chicago, IL",IL,17,Illinois,41,604,-6.0,0.0,0.0,-1.0,0600-0659,9.0,607.0,652.0,8.0,725,700.0,-25.0,0.0,0.0,-2.0,0700-0759,0.0,,0.0,81.0,62.0,45.0,1.0,234.0,1,,,0.0,,0.0,,,,0,,,,,,,,,,,,,,,,,,,,,,,,,,,,,,,,,,,,,,,,,,,,,N,4.0,4.0,5.0,7.0,4.0,0.0,28.0,32.0,6,7,0.0,2.0,28.0,34.0,1,1,0,1.0,1.0,N905JH,N905JH-AA-0,28.0,40.0,4.0,32.0,44.0,,,0.0,28,32,0.0,0.0
N905JH,822.0,2019,2,5,2,4,2019-05-02,AA,AA_CODESHARE,19805,AA,4190,,,,,MQ,20398,MQ,4190,13930,1393007,30977,ORD,"Chicago, IL",IL,17,Illinois,41,14711,1471105,34711,SCE,"State College, PA",PA,42,Pennsylvania,23,825,-3.0,0.0,0.0,-1.0,0800-0859,33.0,855.0,1113.0,3.0,1108,1116.0,8.0,8.0,0.0,0.0,1100-1159,0.0,,0.0,103.0,114.0,78.0,1.0,528.0,3,,,0.0,,0.0,,,,0,,,,,,,,,,,,,,,,,,,,,,,,,,,,,,,,,,,,,,,,,,,,,N,4.0,0.0,8.0,11.0,1.0,1.0,37.0,45.0,8,11,2.0,1.0,38.0,45.0,6,6,1,1.0,0.0,N905JH,N905JH-AA-1,38.0,49.0,8.0,46.0,57.0,32.0,5.0,0.0,38,46,0.0,0.0
N905NK,616.0,2019,2,5,2,4,2019-05-02,NK,NK,20416,NK,993,,,,,NK,20416,NK,993,11618,1161802,31703,EWR,"Newark, NJ",NJ,34,New Jersey,21,12889,1288903,32211,LAS,"Las Vegas, NV",NV,32,Nevada,85,620,-4.0,0.0,0.0,-1.0,0600-0659,20.0,636.0,844.0,7.0,838,851.0,13.0,13.0,0.0,0.0,0800-0859,0.0,,0.0,318.0,335.0,308.0,1.0,2227.0,9,,,0.0,,0.0,,,,0,,,,,,,,,,,,,,,,,,,,,,,,,,,,,,,,,,,,,,,,,,,,,N,0.0,12.0,6.0,8.0,1.0,3.0,25.0,47.0,6,8,1.0,3.0,25.0,47.0,5,5,0,0.0,0.0,N905NK,N905NK-NK-0,25.0,37.0,22.0,47.0,59.0,,,0.0,25,47,0.0,0.0
N905NN,738.0,2019,2,5,2,4,2019-05-02,AA,AA,19805,AA,350,,,,,AA,19805,AA,350,15016,1501606,31123,STL,"St. Louis, MO",MO,29,Missouri,64,11057,1105703,31057,CLT,"Charlotte, NC",NC,37,North Carolina,36,742,-4.0,0.0,0.0,-1.0,0700-0759,12.0,750.0,1039.0,9.0,1036,1048.0,12.0,12.0,0.0,0.0,1000-1059,0.0,,0.0,114.0,130.0,109.0,1.0,575.0,3,,,0.0,,0.0,,,,0,,,,,,,,,,,,,,,,,,,,,,,,,,,,,,,,,,,,,,,,,,,,,N,4.0,0.0,7.0,10.0,3.0,3.0,35.0,43.0,7,10,3.0,2.0,35.0,42.0,6,6,0,0.0,0.0,N905NN,N905NN-AA-0,35.0,47.0,8.0,43.0,55.0,,,0.0,35,43,0.0,0.0
N905WN,541.0,2019,2,5,2,4,2019-05-02,WN,WN,19393,WN,523,,,,,WN,19393,WN,523,13232,1323202,30977,MDW,"Chicago, IL",IL,17,Illinois,41,11066,1106606,31066,CMH,"Columbus, OH",OH,39,Ohio,44,545,-4.0,0.0,0.0,-1.0,0001-0559,11.0,552.0,742.0,5.0,750,747.0,-3.0,0.0,0.0,-1.0,0700-0759,0.0,,0.0,65.0,66.0,50.0,1.0,283.0,2,,,0.0,,0.0,,,,0,,,,,,,,,,,,,,,,,,,,,,,,,,,,,,,,,,,,,,,,,,,,,N,4.0,0.0,5.0,7.0,3.0,3.0,27.0,31.0,5,7,3.0,3.0,27.0,31.0,7,7,0,1.0,1.0,N905WN,N905WN-WN-0,27.0,39.0,4.0,31.0,43.0,,,0.0,27,31,0.0,0.0
N905WN,826.0,2019,2,5,2,4,2019-05-02,WN,WN,19393,WN,523,,,,,WN,19393,WN,523,11066,1106606,31066,CMH,"Columbus, OH",OH,39,Ohio,44,10397,1039707,30397,ATL,"Atlanta, GA",GA,13,Georgia,34,825,1.0,1.0,0.0,0.0,0800-0859,6.0,832.0,945.0,9.0,1005,954.0,-11.0,0.0,0.0,-1.0,1000-1059,0.0,,0.0,100.0,88.0,73.0,1.0,447.0,2,,,0.0,,0.0,,,,0,,,,,,,,,,,,,,,,,,,,,,,,,,,,,,,,,,,,,,,,,,,,,N,0.0,0.0,8.0,9.0,2.0,4.0,34.0,40.0,8,10,2.0,0.0,34.0,40.0,2,2,1,1.0,0.0,N905WN,N905WN-WN-1,34.0,46.0,6.0,40.0,52.0,31.0,3.0,0.0,34,41,1.0,2.22
N905XJ,845.0,2019,2,5,2,4,2019-05-02,DL,DL_CODESHARE,19790,DL,5062,,,,,9E,20363,9E,5062,13487,1348702,31650,MSP,"Minneapolis, MN",MN,27,Minnesota,63,14122,1412202,30198,PIT,"Pittsburgh, PA",PA,42,Pennsylvania,23,850,-5.0,0.0,0.0,-1.0,0800-0859,12.0,857.0,1132.0,7.0,1201,1139.0,-22.0,0.0,0.0,-2.0,1200-1259,0.0,,0.0,131.0,114.0,95.0,1.0,726.0,3,,,0.0,,0.0,,,,0,,,,,,,,,,,,,,,,,,,,,,,,,,,,,,,,,,,,,,,,,,,,,N,4.0,0.0,8.0,11.0,3.0,3.0,39.0,47.0,8,12,3.0,0.0,39.0,48.0,4,4,0,0.0,0.0,N905XJ,N905XJ-DL-0,39.0,51.0,8.0,47.0,59.0,,,0.0,39,47,0.0,0.0
N906AE,555.0,2019,2,5,2,4,2019-05-02,AA,AA_CODESHARE,19805,AA,4817,,,,,PT,20427,PT,4817,10792,1079206,30792,BUF,"Buffalo, NY",NY,36,New York,22,14100,1410005,34100,PHL,"Philadelphia, PA",PA,42,Pennsylvania,23,559,-4.0,0.0,0.0,-1.0,0001-0559,13.0,608.0,710.0,9.0,724,719.0,-5.0,0.0,0.0,-1.0,0700-0759,0.0,,0.0,85.0,84.0,62.0,1.0,279.0,2,,,0.0,,0.0,,,,0,,,,,,,,,,,,,,,,,,,,,,,,,,,,,,,,,,,,,,,,,,,,,N,0.0,0.0,5.0,7.0,4.0,1.0,24.0,29.0,5,7,4.0,2.0,24.0,30.0,7,7,0,1.0,1.0,N906AE,N906AE-AA-0,24.0,36.0,5.0,29.0,41.0,,,0.0,24,29,0.0,0.0
N906AE,900.0,2019,2,5,2,4,2019-05-02,AA,AA_CODESHARE,19805,AA,4871,,,,,PT,20427,PT,4871,14100,1410005,34100,PHL,"Philadelphia, PA",PA,42,Pennsylvania,23,10581,1058102,30581,BGR,"Bangor, ME",ME,23,Maine,12,905,-5.0,0.0,0.0,-1.0,0900-0959,37.0,937.0,1048.0,7.0,1100,1055.0,-5.0,0.0,0.0,-1.0,1100-1159,0.0,,0.0,115.0,115.0,71.0,1.0,473.0,2,,,0.0,,0.0,,,,0,,,,,,,,,,,,,,,,,,,,,,,,,,,,,,,,,,,,,,,,,,,,,N,0.0,0.0,9.0,10.0,0.0,4.0,36.0,44.0,9,11,0.0,0.0,36.0,44.0,8,8,1,1.0,0.0,N906AE,N906AE-AA-1,36.0,48.0,8.0,44.0,56.0,29.0,7.0,0.0,36,44,0.0,0.0
N906AN,719.0,2019,2,5,2,4,2019-05-02,AA,AA,19805,AA,1574,,,,,AA,19805,AA,1574,10397,1039707,30397,ATL,"Atlanta, GA",GA,13,Georgia,34,13930,1393007,30977,ORD,"Chicago, IL",IL,17,Illinois,41,724,-5.0,0.0,0.0,-1.0,0700-0759,15.0,734.0,813.0,12.0,845,825.0,-20.0,0.0,0.0,-2.0,0800-0859,0.0,,0.0,141.0,126.0,99.0,1.0,606.0,3,,,0.0,,0.0,,,,0,,,,,,,,,,,,,,,,,,,,,,,,,,,,,,,,,,,,,,,,,,,,,N,0.0,4.0,7.0,8.0,1.0,2.0,29.0,38.0,7,8,2.0,3.0,30.0,39.0,6,6,0,0.0,0.0,N906AN,N906AN-AA-0,30.0,41.0,9.0,39.0,50.0,,,0.0,30,39,0.0,0.0
N906AT,540.0,2019,2,5,2,4,2019-05-02,DL,DL,19790,DL,2576,,,,,DL,19790,DL,2576,14307,1430705,30721,PVD,"Providence, RI",RI,44,Rhode Island,15,11433,1143302,31295,DTW,"Detroit, MI",MI,26,Michigan,43,543,-3.0,0.0,0.0,-1.0,0001-0559,12.0,552.0,745.0,7.0,750,752.0,2.0,2.0,0.0,0.0,0700-0759,0.0,,0.0,127.0,132.0,113.0,1.0,615.0,3,,,0.0,,0.0,,,,0,,,,,,,,,,,,,,,,,,,,,,,,,,,,,,,,,,,,,,,,,,,,,N,0.0,0.0,5.0,7.0,3.0,3.0,23.0,31.0,5,7,3.0,3.0,23.0,31.0,2,2,0,1.0,1.0,N906AT,N906AT-DL-0,23.0,35.0,8.0,31.0,43.0,,,0.0,23,32,1.0,2.28
N906AT,836.0,2019,2,5,2,4,2019-05-02,DL,DL,19790,DL,2411,,,,,DL,19790,DL,2411,11433,1143302,31295,DTW,"Detroit, MI",MI,26,Michigan,43,13495,1349505,33495,MSY,"New Orleans, LA",LA,22,Louisiana,72,840,-4.0,0.0,0.0,-1.0,0800-0859,22.0,858.0,1000.0,2.0,1016,1002.0,-14.0,0.0,0.0,-1.0,1000-1059,0.0,,0.0,156.0,146.0,122.0,1.0,926.0,4,,,0.0,,0.0,,,,0,,,,,,,,,,,,,,,,,,,,,,,,,,,,,,,,,,,,,,,,,,,,,N,0.0,4.0,8.0,10.0,2.0,0.0,34.0,44.0,8,10,3.0,1.0,35.0,45.0,1,1,1,1.0,0.0,N906AT,N906AT-DL-1,35.0,46.0,10.0,45.0,56.0,31.0,3.0,0.0,35,45,0.0,0.0
N906DA,542.0,2019,2,5,2,4,2019-05-02,DL,DL,19790,DL,1758,,,,,DL,19790,DL,1758,10529,1052906,30529,BDL,"Hartford, CT",CT,9,Connecticut,11,11433,1143302,31295,DTW,"Detroit, MI",MI,26,Michigan,43,545,-3.0,0.0,0.0,-1.0,0001-0559,14.0,556.0,725.0,9.0,742,734.0,-8.0,0.0,0.0,-1.0,0700-0759,0.0,,0.0,117.0,112.0,89.0,1.0,549.0,3,,,0.0,,0.0,,,,0,,,,,,,,,,,,,,,,,,,,,,,,,,,,,,,,,,,,,,,,,,,,,N,0.0,0.0,5.0,7.0,3.0,2.0,23.0,30.0,5,7,3.0,3.0,23.0,31.0,5,5,0,1.0,1.0,N906DA,N906DA-DL-0,23.0,35.0,7.0,30.0,42.0,,,0.0,23,30,0.0,0.0
N906DA,829.0,2019,2,5,2,4,2019-05-02,DL,DL,19790,DL,1930,,,,,DL,19790,DL,1930,11433,1143302,31295,DTW,"Detroit, MI",MI,26,Michigan,43,14027,1402702,34027,PBI,"West Palm Beach/Palm Beach, FL",FL,12,Florida,33,832,-3.0,0.0,0.0,-1.0,0800-0859,20.0,849.0,1115.0,5.0,1126,1120.0,-6.0,0.0,0.0,-1.0,1100-1159,0.0,,0.0,174.0,171.0,146.0,1.0,1086.0,5,,,0.0,,0.0,,,,0,,,,,,,,,,,,,,,,,,,,,,,,,,,,,,,,,,,,,,,,,,,,,N,0.0,0.0,8.0,11.0,2.0,1.0,34.0,45.0,8,11,2.0,2.0,34.0,46.0,3,3,1,1.0,0.0,N906DA,N906DA-DL-1,34.0,46.0,11.0,45.0,57.0,30.0,4.0,0.0,34,45,0.0,0.0
N906DE,814.0,2019,2,5,2,4,2019-05-02,DL,DL,19790,DL,2717,,,,,DL,19790,DL,2717,10208,1020803,30208,AGS,"Augusta, GA",GA,13,Georgia,34,10397,1039707,30397,ATL,"Atlanta, GA",GA,13,Georgia,34,815,-1.0,0.0,0.0,-1.0,0800-0859,18.0,832.0,902.0,9.0,922,911.0,-11.0,0.0,0.0,-1.0,0900-0959,0.0,,0.0,67.0,57.0,30.0,1.0,143.0,1,,,0.0,,0.0,,,,0,,,,,,,,,,,,,,,,,,,,,,,,,,,,,,,,,,,,,,,,,,,,,N,0.0,0.0,8.0,9.0,1.0,1.0,33.0,37.0,8,9,1.0,1.0,33.0,37.0,5,5,0,0.0,0.0,N906DE,N906DE-DL-0,33.0,45.0,4.0,37.0,49.0,,,0.0,33,37,0.0,0.0
N906DL,757.0,2019,2,5,2,4,2019-05-02,DL,DL,19790,DL,1568,,,,,DL,19790,DL,1568,11996,1199603,31871,GSP,"Greer, SC",SC,45,South Carolina,37,10397,1039707,30397,ATL,"Atlanta, GA",GA,13,Georgia,34,800,-3.0,0.0,0.0,-1.0,0800-0859,24.0,821.0,856.0,13.0,904,909.0,5.0,5.0,0.0,0.0,0900-0959,0.0,,0.0,64.0,72.0,35.0,1.0,153.0,1,,,0.0,,0.0,,,,0,,,,,,,,,,,,,,,,,,,,,,,,,,,,,,,,,,,,,,,,,,,,,N,0.0,0.0,7.0,9.0,4.0,1.0,32.0,37.0,8,9,0.0,0.0,32.0,36.0,9,9,0,0.0,0.0,N906DL,N906DL-DL-0,32.0,44.0,5.0,37.0,49.0,,,0.0,32,37,0.0,0.0
N906DN,623.0,2019,2,5,2,4,2019-05-02,DL,DL,19790,DL,1352,,,,,DL,19790,DL,1352,14747,1474703,30559,SEA,"Seattle, WA",WA,53,Washington,93,13487,1348702,31650,MSP,"Minneapolis, MN",MN,27,Minnesota,63,625,-2.0,0.0,0.0,-1.0,0600-0659,9.0,632.0,1119.0,6.0,1144,1125.0,-19.0,0.0,0.0,-2.0,1100-1159,0.0,,0.0,199.0,182.0,167.0,1.0,1399.0,6,,,0.0,,0.0,,,,0,,,,,,,,,,,,,,,,,,,,,,,,,,,,,,,,,,,,,,,,,,,,,N,12.0,4.0,6.0,11.0,2.0,2.0,38.0,50.0,6,11,2.0,3.0,38.0,51.0,4,4,0,0.0,0.0,N906DN,N906DN-DL-0,38.0,50.0,12.0,50.0,62.0,,,0.0,40,52,2.0,8.94
N906NK,23.0,2019,2,5,2,4,2019-05-02,NK,NK,20416,NK,298,,,,,NK,20416,NK,298,12889,1288903,32211,LAS,"Las Vegas, NV",NV,32,Nevada,85,12266,1226603,31453,IAH,"Houston, TX",TX,48,Texas,74,30,-7.0,0.0,0.0,-1.0,0001-0559,12.0,35.0,459.0,10.0,523,509.0,-14.0,0.0,0.0,-1.0,0001-0559,0.0,,0.0,173.0,166.0,144.0,1.0,1222.0,5,,,0.0,,0.0,,,,0,,,,,,,,,,,,,,,,,,,,,,,,,,,,,,,,,,,,,,,,,,,,,N,12.0,4.0,0.0,5.0,2.0,1.0,14.0,25.0,0,5,2.0,2.0,14.0,26.0,2,2,0,1.0,1.0,N906NK,N906NK-NK-0,14.0,26.0,11.0,25.0,37.0,,,0.0,14,25,0.0,0.0
N906NK,651.0,2019,2,5,2,4,2019-05-02,NK,NK,20416,NK,112,,,,,NK,20416,NK,112,12266,1226603,31453,IAH,"Houston, TX",TX,48,Texas,74,10821,1082106,30852,BWI,"Baltimore, MD",MD,24,Maryland,35,700,-9.0,0.0,0.0,-1.0,0700-0759,12.0,703.0,1045.0,7.0,1105,1052.0,-13.0,0.0,0.0,-1.0,1100-1159,0.0,,0.0,185.0,181.0,162.0,1.0,1235.0,5,,,0.0,,0.0,,,,0,,,,,,,,,,,,,,,,,,,,,,,,,,,,,,,,,,,,,,,,,,,,,N,4.0,0.0,6.0,10.0,3.0,3.0,31.0,43.0,7,11,0.0,0.0,32.0,44.0,5,5,1,1.0,0.0,N906NK,N906NK-NK-1,32.0,43.0,12.0,44.0,55.0,25.0,6.0,0.0,32,44,0.0,0.0
N906NN,716.0,2019,2,5,2,4,2019-05-02,AA,AA,19805,AA,2583,,,,,AA,19805,AA,2583,10693,1069302,30693,BNA,"Nashville, TN",TN,47,Tennessee,54,11298,1129806,30194,DFW,"Dallas/Fort Worth, TX",TX,48,Texas,74,720,-4.0,0.0,0.0,-1.0,0700-0759,12.0,728.0,906.0,15.0,943,921.0,-22.0,0.0,0.0,-2.0,0900-0959,0.0,,0.0,143.0,125.0,98.0,1.0,631.0,3,,,0.0,,0.0,,,,0,,,,,,,,,,,,,,,,,,,,,,,,,,,,,,,,,,,,,,,,,,,,,N,4.0,4.0,7.0,9.0,1.0,1.0,33.0,41.0,7,9,1.0,3.0,33.0,43.0,5,5,0,0.0,0.0,N906NN,N906NN-AA-0,33.0,45.0,8.0,41.0,53.0,,,0.0,33,41,0.0,0.0
N906SW,507.0,2019,2,5,2,4,2019-05-02,DL,DL_CODESHARE,19790,DL,7413,,,,,OO,20304,OO,7413,13127,1312702,33127,LWS,"Lewiston, ID",ID,16,Idaho,83,14869,1486903,34614,SLC,"Salt Lake City, UT",UT,49,Utah,87,515,-8.0,0.0,0.0,-1.0,0001-0559,13.0,520.0,723.0,2.0,742,725.0,-17.0,0.0,0.0,-2.0,0700-0759,0.0,,0.0,87.0,78.0,63.0,1.0,461.0,2,,,0.0,,0.0,,,,0,,,,,,,,,,,,,,,,,,,,,,,,,,,,,,,,,,,,,,,,,,,,,N,12.0,8.0,5.0,7.0,0.0,2.0,32.0,38.0,5,7,1.0,3.0,33.0,39.0,3,3,0,0.0,0.0,N906SW,N906SW-DL-0,33.0,44.0,6.0,39.0,50.0,,,0.0,33,39,0.0,0.0
N906XJ,606.0,2019,2,5,2,4,2019-05-02,DL,DL_CODESHARE,19790,DL,3421,,,,,9E,20363,9E,3421,13198,1319801,33198,MCI,"Kansas City, MO",MO,29,Missouri,64,12953,1295304,31703,LGA,"New York, NY",NY,36,New York,22,600,6.0,6.0,0.0,0.0,0600-0659,16.0,622.0,949.0,8.0,1000,957.0,-3.0,0.0,0.0,-1.0,1000-1059,0.0,,0.0,180.0,171.0,147.0,1.0,1107.0,5,,,0.0,,0.0,,,,0,,,,,,,,,,,,,,,,,,,,,,,,,,,,,,,,,,,,,,,,,,,,,N,4.0,0.0,6.0,9.0,0.0,4.0,28.0,40.0,6,10,0.0,0.0,28.0,40.0,4,4,0,0.0,0.0,N906XJ,N906XJ-DL-0,28.0,40.0,12.0,40.0,52.0,,,0.0,28,40,0.0,0.0
N907AN,627.0,2019,2,5,2,4,2019-05-02,AA,AA,19805,AA,2645,,,,,AA,19805,AA,2645,12953,1295304,31703,LGA,"New York, NY",NY,36,New York,22,13204,1320402,31454,MCO,"Orlando, FL",FL,12,Florida,33,629,-2.0,0.0,0.0,-1.0,0600-0659,11.0,638.0,851.0,14.0,921,905.0,-16.0,0.0,0.0,-2.0,0900-0959,0.0,,0.0,172.0,158.0,133.0,1.0,950.0,4,,,0.0,,0.0,,,,0,,,,,,,,,,,,,,,,,,,,,,,,,,,,,,,,,,,,,,,,,,,,,N,0.0,0.0,6.0,9.0,2.0,0.0,26.0,36.0,6,9,2.0,1.0,26.0,37.0,7,7,0,0.0,0.0,N907AN,N907AN-AA-0,26.0,38.0,10.0,36.0,48.0,,,0.0,26,36,0.0,0.0
N907BP,601.0,2019,2,5,2,4,2019-05-02,AA,AA_CODESHARE,19805,AA,4942,,,,,PT,20427,PT,4942,13230,1323002,32070,MDT,"Harrisburg, PA",PA,42,Pennsylvania,23,14100,1410005,34100,PHL,"Philadelphia, PA",PA,42,Pennsylvania,23,605,-4.0,0.0,0.0,-1.0,0600-0659,15.0,616.0,638.0,11.0,657,649.0,-8.0,0.0,0.0,-1.0,0600-0659,0.0,,0.0,52.0,48.0,22.0,1.0,84.0,1,,,0.0,,0.0,,,,0,,,,,,,,,,,,,,,,,,,,,,,,,,,,,,,,,,,,,,,,,,,,,N,0.0,0.0,6.0,6.0,0.0,3.0,24.0,27.0,6,6,0.0,4.0,24.0,28.0,4,4,0,0.0,0.0,N907BP,N907BP-AA-0,24.0,36.0,3.0,27.0,39.0,,,0.0,24,27,0.0,0.0
N907DA,553.0,2019,2,5,2,4,2019-05-02,DL,DL,19790,DL,1605,,,,,DL,19790,DL,1605,14100,1410005,34100,PHL,"Philadelphia, PA",PA,42,Pennsylvania,23,10397,1039707,30397,ATL,"Atlanta, GA",GA,13,Georgia,34,600,-7.0,0.0,0.0,-1.0,0600-0659,11.0,604.0,745.0,6.0,803,751.0,-12.0,0.0,0.0,-1.0,0800-0859,0.0,,0.0,123.0,118.0,101.0,1.0,666.0,3,,,0.0,,0.0,,,,0,,,,,,,,,,,,,,,,,,,,,,,,,,,,,,,,,,,,,,,,,,,,,N,0.0,0.0,5.0,7.0,4.0,3.0,24.0,31.0,6,8,0.0,0.0,24.0,32.0,4,4,0,1.0,1.0,N907DA,N907DA-DL-0,24.0,36.0,7.0,31.0,43.0,,,0.0,24,31,0.0,0.0
N907DA,841.0,2019,2,5,2,4,2019-05-02,DL,DL,19790,DL,1641,,,,,DL,19790,DL,1641,10397,1039707,30397,ATL,"Atlanta, GA",GA,13,Georgia,34,14683,1468305,33214,SAT,"San Antonio, TX",TX,48,Texas,74,838,3.0,3.0,0.0,0.0,0800-0859,15.0,856.0,1001.0,3.0,1012,1004.0,-8.0,0.0,0.0,-1.0,1000-1059,0.0,,0.0,154.0,143.0,125.0,1.0,874.0,4,,,0.0,,0.0,,,,0,,,,,,,,,,,,,,,,,,,,,,,,,,,,,,,,,,,,,,,,,,,,,N,0.0,4.0,8.0,10.0,3.0,0.0,35.0,44.0,8,10,3.0,1.0,35.0,45.0,6,6,1,1.0,0.0,N907DA,N907DA-DL-1,35.0,47.0,9.0,44.0,56.0,31.0,4.0,0.0,35,44,0.0,0.0
N907DE,654.0,2019,2,5,2,4,2019-05-02,DL,DL,19790,DL,2406,,,,,DL,19790,DL,2406,11618,1161802,31703,EWR,"Newark, NJ",NJ,34,New Jersey,21,10397,1039707,30397,ATL,"Atlanta, GA",GA,13,Georgia,34,700,-6.0,0.0,0.0,-1.0,0700-0759,16.0,710.0,900.0,11.0,920,911.0,-9.0,0.0,0.0,-1.0,0900-0959,0.0,,0.0,140.0,137.0,110.0,1.0,746.0,3,,,0.0,,0.0,,,,0,,,,,,,,,,,,,,,,,,,,,,,,,,,,,,,,,,,,,,,,,,,,,N,0.0,0.0,6.0,9.0,4.0,1.0,28.0,37.0,7,9,0.0,1.0,28.0,37.0,6,6,0,0.0,0.0,N907DE,N907DE-DL-0,28.0,40.0,9.0,37.0,49.0,,,0.0,28,37,0.0,0.0
N907DL,632.0,2019,2,5,2,4,2019-05-02,DL,DL,19790,DL,2145,,,,,DL,19790,DL,2145,14685,1468502,34685,SAV,"Savannah, GA",GA,13,Georgia,34,10397,1039707,30397,ATL,"Atlanta, GA",GA,13,Georgia,34,630,2.0,2.0,0.0,0.0,0600-0659,9.0,641.0,727.0,7.0,734,734.0,0.0,0.0,0.0,0.0,0700-0759,0.0,,0.0,64.0,62.0,46.0,1.0,214.0,1,,,0.0,,0.0,,,,0,,,,,,,,,,,,,,,,,,,,,,,,,,,,,,,,,,,,,,,,,,,,,N,0.0,0.0,6.0,7.0,2.0,2.0,26.0,30.0,6,7,2.0,2.0,26.0,30.0,7,7,0,1.0,1.0,N907DL,N907DL-DL-0,26.0,38.0,4.0,30.0,42.0,,,0.0,26,30,0.0,0.0
N907DL,824.0,2019,2,5,2,4,2019-05-02,DL,DL,19790,DL,2715,,,,,DL,19790,DL,2715,10397,1039707,30397,ATL,"Atlanta, GA",GA,13,Georgia,34,14193,1419306,33728,PNS,"Pensacola, FL",FL,12,Florida,33,824,0.0,0.0,0.0,0.0,0800-0859,15.0,839.0,823.0,2.0,837,825.0,-12.0,0.0,0.0,-1.0,0800-0859,0.0,,0.0,73.0,61.0,44.0,1.0,271.0,2,,,0.0,,0.0,,,,0,,,,,,,,,,,,,,,,,,,,,,,,,,,,,,,,,,,,,,,,,,,,,N,0.0,4.0,8.0,8.0,2.0,2.0,34.0,38.0,8,8,2.0,2.0,34.0,38.0,8,8,1,1.0,0.0,N907DL,N907DL-DL-1,34.0,46.0,4.0,38.0,50.0,30.0,4.0,0.0,34,38,0.0,0.0
N907DN,554.0,2019,2,5,2,4,2019-05-02,DL,DL,19790,DL,1985,,,,,DL,19790,DL,1985,14747,1474703,30559,SEA,"Seattle, WA",WA,53,Washington,93,14869,1486903,34614,SLC,"Salt Lake City, UT",UT,49,Utah,87,600,-6.0,0.0,0.0,-1.0,0600-0659,16.0,610.0,835.0,3.0,858,838.0,-20.0,0.0,0.0,-2.0,0800-0859,0.0,,0.0,118.0,104.0,85.0,1.0,689.0,3,,,0.0,,0.0,,,,0,,,,,,,,,,,,,,,,,,,,,,,,,,,,,,,,,,,,,,,,,,,,,N,12.0,8.0,5.0,8.0,4.0,3.0,36.0,43.0,6,8,0.0,4.0,36.0,44.0,4,4,0,0.0,0.0,N907DN,N907DN-DL-0,36.0,48.0,7.0,43.0,55.0,,,0.0,36,43,0.0,0.0
N907EV,805.0,2019,2,5,2,4,2019-05-02,UA,UA_CODESHARE,19977,UA,5139,,,,,OO,20304,OO,5139,14120,1412002,34120,PIR,"Pierre, SD",SD,46,South Dakota,67,11292,1129202,30325,DEN,"Denver, CO",CO,8,Colorado,82,749,16.0,16.0,1.0,1.0,0700-0759,9.0,814.0,823.0,11.0,823,834.0,11.0,11.0,0.0,0.0,0800-0859,0.0,,0.0,94.0,89.0,69.0,1.0,385.0,2,,,0.0,,0.0,,,,0,,,,,,,,,,,,,,,,,,,,,,,,,,,,,,,,,,,,,,,,,,,,,N,4.0,8.0,8.0,8.0,0.0,2.0,36.0,42.0,7,8,3.0,2.0,35.0,42.0,4,4,0,0.0,0.0,N907EV,N907EV-UA-0,36.0,48.0,6.0,42.0,54.0,,,0.0,36,42,0.0,0.0
N907FJ,758.0,2019,2,5,2,4,2019-05-02,AA,AA_CODESHARE,19805,AA,5941,,,,,YV,20378,YV,5941,14108,1410803,34108,PIA,"Peoria, IL",IL,17,Illinois,41,11298,1129806,30194,DFW,"Dallas/Fort Worth, TX",TX,48,Texas,74,713,45.0,45.0,1.0,3.0,0700-0759,12.0,810.0,1002.0,34.0,927,1036.0,69.0,69.0,1.0,4.0,0900-0959,0.0,,0.0,134.0,158.0,112.0,1.0,672.0,3,0.0,45.0,24.0,0.0,0.0,,,,0,,,,,,,,,,,,,,,,,,,,,,,,,,,,,,,,,,,,,,,,,,,,,N,4.0,4.0,7.0,10.0,4.0,2.0,36.0,46.0,7,9,1.0,2.0,33.0,42.0,4,4,0,0.0,0.0,N907FJ,N907FJ-AA-0,34.0,48.0,10.0,44.0,58.0,,,2.0,34,44,0.0,0.0
N907JB,702.0,2019,2,5,2,4,2019-05-02,B6,B6,20409,B6,53,,,,,B6,20409,B6,53,12478,1247805,31703,JFK,"New York, NY",NY,36,New York,22,14027,1402702,34027,PBI,"West Palm Beach/Palm Beach, FL",FL,12,Florida,33,710,-8.0,0.0,0.0,-1.0,0700-0759,18.0,720.0,938.0,5.0,1005,943.0,-22.0,0.0,0.0,-2.0,1000-1059,0.0,,0.0,175.0,161.0,138.0,1.0,1028.0,5,,,0.0,,0.0,,,,0,,,,,,,,,,,,,,,,,,,,,,,,,,,,,,,,,,,,,,,,,,,,,N,0.0,0.0,7.0,9.0,0.0,3.0,28.0,39.0,7,10,1.0,0.0,29.0,40.0,5,5,0,0.0,0.0,N907JB,N907JB-B6-0,29.0,40.0,11.0,40.0,51.0,,,0.0,29,40,0.0,0.0
N907NK,552.0,2019,2,5,2,4,2019-05-02,NK,NK,20416,NK,972,,,,,NK,20416,NK,972,11298,1129806,30194,DFW,"Dallas/Fort Worth, TX",TX,48,Texas,74,11697,1169706,32467,FLL,"Fort Lauderdale, FL",FL,12,Florida,33,555,-3.0,0.0,0.0,-1.0,0001-0559,15.0,607.0,1001.0,11.0,941,1012.0,31.0,31.0,1.0,2.0,0900-0959,0.0,,0.0,166.0,200.0,174.0,1.0,1119.0,5,0.0,0.0,31.0,0.0,0.0,,,,0,,,,,,,,,,,,,,,,,,,,,,,,,,,,,,,,,,,,,,,,,,,,,N,4.0,0.0,5.0,10.0,3.0,1.0,27.0,41.0,5,9,4.0,3.0,28.0,39.0,9,9,0,0.0,0.0,N907NK,N907NK-NK-0,28.0,39.0,14.0,42.0,53.0,,,2.0,28,42,0.0,0.0
N907WN,626.0,2019,2,5,2,4,2019-05-02,WN,WN,19393,WN,1003,,,,,WN,19393,WN,1003,10397,1039707,30397,ATL,"Atlanta, GA",GA,13,Georgia,34,12191,1219102,31453,HOU,"Houston, TX",TX,48,Texas,74,625,1.0,1.0,0.0,0.0,0600-0659,12.0,638.0,719.0,10.0,740,729.0,-11.0,0.0,0.0,-1.0,0700-0759,0.0,,0.0,135.0,123.0,101.0,1.0,696.0,3,,,0.0,,0.0,,,,0,,,,,,,,,,,,,,,,,,,,,,,,,,,,,,,,,,,,,,,,,,,,,N,0.0,4.0,6.0,7.0,2.0,2.0,26.0,34.0,6,7,2.0,3.0,26.0,35.0,6,6,0,0.0,0.0,N907WN,N907WN-WN-0,26.0,38.0,8.0,34.0,46.0,,,0.0,26,34,0.0,0.0
N907XJ,915.0,2019,2,5,2,4,2019-05-02,DL,DL_CODESHARE,19790,DL,3435,,,,,9E,20363,9E,3435,12953,1295304,31703,LGA,"New York, NY",NY,36,New York,22,15412,1541205,35412,TYS,"Knoxville, TN",TN,47,Tennessee,54,920,-5.0,0.0,0.0,-1.0,0900-0959,29.0,944.0,1116.0,3.0,1136,1119.0,-17.0,0.0,0.0,-2.0,1100-1159,0.0,,0.0,136.0,124.0,92.0,1.0,648.0,3,,,0.0,,0.0,,,,0,,,,,,,,,,,,,,,,,,,,,,,,,,,,,,,,,,,,,,,,,,,,,N,0.0,0.0,9.0,11.0,1.0,1.0,37.0,45.0,9,11,1.0,2.0,37.0,46.0,5,5,0,0.0,0.0,N907XJ,N907XJ-DL-0,37.0,49.0,8.0,45.0,57.0,,,0.0,37,45,0.0,0.0
N908AA,627.0,2019,2,5,2,4,2019-05-02,AA,AA,19805,AA,2632,,,,,AA,19805,AA,2632,12953,1295304,31703,LGA,"New York, NY",NY,36,New York,22,11298,1129806,30194,DFW,"Dallas/Fort Worth, TX",TX,48,Texas,74,630,-3.0,0.0,0.0,-1.0,0600-0659,25.0,652.0,944.0,11.0,933,955.0,22.0,22.0,1.0,1.0,0900-0959,0.0,,0.0,243.0,268.0,232.0,1.0,1389.0,6,0.0,0.0,22.0,0.0,0.0,,,,0,,,,,,,,,,,,,,,,,,,,,,,,,,,,,,,,,,,,,,,,,,,,,N,0.0,4.0,6.0,9.0,2.0,4.0,26.0,44.0,6,9,2.0,2.0,26.0,42.0,3,3,0,0.0,0.0,N908AA,N908AA-AA-0,26.0,38.0,18.0,44.0,56.0,,,1.0,26,44,0.0,0.0
N908AE,928.0,2019,2,5,2,4,2019-05-02,AA,AA_CODESHARE,19805,AA,4094,,,,,MQ,20398,MQ,4094,11193,1119302,33105,CVG,"Cincinnati, OH",KY,21,Kentucky,52,13930,1393007,30977,ORD,"Chicago, IL",IL,17,Illinois,41,713,135.0,135.0,1.0,9.0,0700-0759,10.0,938.0,935.0,15.0,739,950.0,131.0,131.0,1.0,8.0,0700-0759,0.0,,0.0,86.0,82.0,57.0,1.0,264.0,2,0.0,0.0,131.0,0.0,0.0,,,,0,,,,,,,,,,,,,,,,,,,,,,,,,,,,,,,,,,,,,,,,,,,,,N,0.0,4.0,9.0,9.0,2.0,3.0,38.0,43.0,7,7,1.0,3.0,29.0,35.0,9,9,0,1.0,1.0,N908AE,N908AE-AA-0,29.0,50.0,5.0,34.0,55.0,,,9.0,29,34,0.0,0.0
N908AE,1027.0,2019,2,5,2,4,2019-05-02,AA,AA_CODESHARE,19805,AA,3382,,,,,MQ,20398,MQ,3382,13930,1393007,30977,ORD,"Chicago, IL",IL,17,Illinois,41,10685,1068502,30685,BMI,"Bloomington/Normal, IL",IL,17,Illinois,41,845,102.0,102.0,1.0,6.0,0800-0859,38.0,1105.0,1131.0,3.0,941,1134.0,113.0,113.0,1.0,7.0,0900-0959,0.0,,0.0,56.0,67.0,26.0,1.0,116.0,1,0.0,2.0,11.0,0.0,100.0,,,,0,,,,,,,,,,,,,,,,,,,,,,,,,,,,,,,,,,,,,,,,,,,,,N,4.0,4.0,10.0,11.0,2.0,2.0,46.0,50.0,8,9,3.0,3.0,39.0,43.0,5,5,1,1.0,0.0,N908AE,N908AE-AA-1,39.0,58.0,4.0,43.0,62.0,43.0,3.0,7.0,39,43,0.0,0.0
N908DA,554.0,2019,2,5,2,4,2019-05-02,DL,DL,19790,DL,1533,,,,,DL,19790,DL,1533,14986,1498603,34986,SRQ,"Sarasota/Bradenton, FL",FL,12,Florida,33,10397,1039707,30397,ATL,"Atlanta, GA",GA,13,Georgia,34,600,-6.0,0.0,0.0,-1.0,0600-0659,13.0,607.0,720.0,5.0,735,725.0,-10.0,0.0,0.0,-1.0,0700-0759,0.0,,0.0,95.0,91.0,73.0,1.0,444.0,2,,,0.0,,0.0,,,,0,,,,,,,,,,,,,,,,,,,,,,,,,,,,,,,,,,,,,,,,,,,,,N,0.0,0.0,5.0,7.0,4.0,2.0,24.0,30.0,6,7,0.0,2.0,24.0,30.0,4,4,0,1.0,1.0,N908DA,N908DA-DL-0,24.0,36.0,6.0,30.0,42.0,,,0.0,24,30,0.0,0.0
N908DA,826.0,2019,2,5,2,4,2019-05-02,DL,DL,19790,DL,2582,,,,,DL,19790,DL,2582,10397,1039707,30397,ATL,"Atlanta, GA",GA,13,Georgia,34,11042,1104205,30647,CLE,"Cleveland, OH",OH,39,Ohio,44,828,-2.0,0.0,0.0,-1.0,0800-0859,14.0,840.0,1001.0,6.0,1015,1007.0,-8.0,0.0,0.0,-1.0,1000-1059,0.0,,0.0,107.0,101.0,81.0,1.0,554.0,3,,,0.0,,0.0,,,,0,,,,,,,,,,,,,,,,,,,,,,,,,,,,,,,,,,,,,,,,,,,,,N,0.0,0.0,8.0,10.0,2.0,0.0,34.0,40.0,8,10,2.0,1.0,34.0,41.0,8,8,1,1.0,0.0,N908DA,N908DA-DL-1,34.0,46.0,6.0,40.0,52.0,30.0,4.0,0.0,34,40,0.0,0.0
N908DE,752.0,2019,2,5,2,4,2019-05-02,DL,DL,19790,DL,1563,,,,,DL,19790,DL,1563,13244,1324402,33244,MEM,"Memphis, TN",TN,47,Tennessee,54,10397,1039707,30397,ATL,"Atlanta, GA",GA,13,Georgia,34,800,-8.0,0.0,0.0,-1.0,0800-0859,21.0,813.0,1001.0,7.0,1018,1008.0,-10.0,0.0,0.0,-1.0,1000-1059,0.0,,0.0,78.0,76.0,48.0,1.0,332.0,2,,,0.0,,0.0,,,,0,,,,,,,,,,,,,,,,,,,,,,,,,,,,,,,,,,,,,,,,,,,,,N,4.0,0.0,7.0,10.0,3.0,1.0,35.0,41.0,8,10,0.0,1.0,36.0,41.0,1,1,0,0.0,0.0,N908DE,N908DE-DL-0,36.0,47.0,6.0,42.0,53.0,,,0.0,36,45,3.0,5.6
N908DL,815.0,2019,2,5,2,4,2019-05-02,DL,DL,19790,DL,1672,,,,,DL,19790,DL,1672,10397,1039707,30397,ATL,"Atlanta, GA",GA,13,Georgia,34,10792,1079206,30792,BUF,"Buffalo, NY",NY,36,New York,22,811,4.0,4.0,0.0,0.0,0800-0859,10.0,825.0,1000.0,5.0,1010,1005.0,-5.0,0.0,0.0,-1.0,1000-1059,0.0,,0.0,119.0,110.0,95.0,1.0,712.0,3,,,0.0,,0.0,,,,0,,,,,,,,,,,,,,,,,,,,,,,,,,,,,,,,,,,,,,,,,,,,,N,0.0,0.0,8.0,10.0,1.0,0.0,33.0,40.0,8,10,1.0,1.0,33.0,41.0,7,7,0,0.0,0.0,N908DL,N908DL-DL-0,33.0,45.0,7.0,40.0,52.0,,,0.0,33,40,0.0,0.0
N908DN,744.0,2019,2,5,2,4,2019-05-02,DL,DL,19790,DL,345,,,,,DL,19790,DL,345,14635,1463502,31714,RSW,"Fort Myers, FL",FL,12,Florida,33,10397,1039707,30397,ATL,"Atlanta, GA",GA,13,Georgia,34,730,14.0,14.0,0.0,0.0,0700-0759,9.0,753.0,909.0,7.0,914,916.0,2.0,2.0,0.0,0.0,0900-0959,0.0,,0.0,104.0,92.0,76.0,1.0,515.0,3,,,0.0,,0.0,,,,0,,,,,,,,,,,,,,,,,,,,,,,,,,,,,,,,,,,,,,,,,,,,,N,0.0,0.0,7.0,9.0,3.0,1.0,31.0,37.0,7,9,2.0,1.0,30.0,37.0,2,2,0,0.0,0.0,N908DN,N908DN-DL-0,31.0,43.0,6.0,37.0,49.0,,,0.0,31,37,0.0,0.0
N908NK,707.0,2019,2,5,2,4,2019-05-02,NK,NK,20416,NK,263,,,,,NK,20416,NK,263,10821,1082106,30852,BWI,"Baltimore, MD",MD,24,Maryland,35,14747,1474703,30559,SEA,"Seattle, WA",WA,53,Washington,93,700,7.0,7.0,0.0,0.0,0700-0759,16.0,723.0,943.0,10.0,941,953.0,12.0,12.0,0.0,0.0,0900-0959,0.0,,0.0,341.0,346.0,320.0,1.0,2335.0,10,,,0.0,,0.0,,,,0,,,,,,,,,,,,,,,,,,,,,,,,,,,,,,,,,,,,,,,,,,,,,N,0.0,12.0,7.0,9.0,0.0,4.0,28.0,52.0,7,9,0.0,3.0,28.0,51.0,8,8,0,0.0,0.0,N908NK,N908NK-NK-0,28.0,40.0,24.0,52.0,64.0,,,0.0,28,52,0.0,0.0
N908NN,457.0,2019,2,5,2,4,2019-05-02,AA,AA,19805,AA,1346,,,,,AA,19805,AA,1346,13487,1348702,31650,MSP,"Minneapolis, MN",MN,27,Minnesota,63,14107,1410702,30466,PHX,"Phoenix, AZ",AZ,4,Arizona,81,505,-8.0,0.0,0.0,-1.0,0001-0559,13.0,510.0,614.0,8.0,644,622.0,-22.0,0.0,0.0,-2.0,0600-0659,0.0,,0.0,219.0,205.0,184.0,1.0,1276.0,6,,,0.0,,0.0,,,,0,,,,,,,,,,,,,,,,,,,,,,,,,,,,,,,,,,,,,,,,,,,,,N,4.0,8.0,4.0,6.0,4.0,1.0,24.0,33.0,5,6,0.0,3.0,24.0,35.0,8,8,0,1.0,1.0,N908NN,N908NN-AA-0,24.0,36.0,9.0,33.0,45.0,,,0.0,24,33,0.0,0.0
N908NN,743.0,2019,2,5,2,4,2019-05-02,AA,AA,19805,AA,1273,,,,,AA,19805,AA,1273,14107,1410702,30466,PHX,"Phoenix, AZ",AZ,4,Arizona,81,12889,1288903,32211,LAS,"Las Vegas, NV",NV,32,Nevada,85,747,-4.0,0.0,0.0,-1.0,0700-0759,20.0,803.0,849.0,6.0,859,855.0,-4.0,0.0,0.0,-1.0,0800-0859,0.0,,0.0,72.0,72.0,46.0,1.0,255.0,2,,,0.0,,0.0,,,,0,,,,,,,,,,,,,,,,,,,,,,,,,,,,,,,,,,,,,,,,,,,,,N,8.0,12.0,7.0,8.0,3.0,4.0,39.0,48.0,7,8,3.0,4.0,39.0,48.0,2,2,1,1.0,0.0,N908NN,N908NN-AA-1,39.0,51.0,9.0,48.0,60.0,33.0,6.0,0.0,39,48,0.0,0.0
N908WN,655.0,2019,2,5,2,4,2019-05-02,WN,WN,19393,WN,1580,,,,,WN,19393,WN,1580,10423,1042302,30423,AUS,"Austin, TX",TX,48,Texas,74,10397,1039707,30397,ATL,"Atlanta, GA",GA,13,Georgia,34,655,0.0,0.0,0.0,0.0,0600-0659,8.0,703.0,1003.0,7.0,1005,1010.0,5.0,5.0,0.0,0.0,1000-1059,0.0,,0.0,130.0,135.0,120.0,1.0,813.0,4,,,0.0,,0.0,,,,0,,,,,,,,,,,,,,,,,,,,,,,,,,,,,,,,,,,,,,,,,,,,,N,4.0,0.0,6.0,10.0,4.0,1.0,32.0,41.0,6,10,4.0,0.0,32.0,40.0,4,4,0,0.0,0.0,N908WN,N908WN-WN-0,32.0,44.0,9.0,41.0,53.0,,,0.0,32,41,0.0,0.0
N908XJ,617.0,2019,2,5,2,4,2019-05-02,DL,DL_CODESHARE,19790,DL,5300,,,,,9E,20363,9E,5300,11423,1142307,31423,DSM,"Des Moines, IA",IA,19,Iowa,61,11433,1143302,31295,DTW,"Detroit, MI",MI,26,Michigan,43,625,-8.0,0.0,0.0,-1.0,0600-0659,19.0,636.0,850.0,8.0,913,858.0,-15.0,0.0,0.0,-1.0,0900-0959,0.0,,0.0,108.0,101.0,74.0,1.0,534.0,3,,,0.0,,0.0,,,,0,,,,,,,,,,,,,,,,,,,,,,,,,,,,,,,,,,,,,,,,,,,,,N,4.0,0.0,6.0,8.0,1.0,4.0,29.0,36.0,6,9,2.0,1.0,30.0,37.0,6,6,0,0.0,0.0,N908XJ,N908XJ-DL-0,30.0,41.0,7.0,37.0,48.0,,,0.0,30,37,0.0,0.0
N909AE,533.0,2019,2,5,2,4,2019-05-02,AA,AA_CODESHARE,19805,AA,3654,,,,,MQ,20398,MQ,3654,11637,1163703,31637,FAR,"Fargo, ND",ND,38,North Dakota,66,13930,1393007,30977,ORD,"Chicago, IL",IL,17,Illinois,41,540,-7.0,0.0,0.0,-1.0,0001-0559,11.0,544.0,711.0,16.0,739,727.0,-12.0,0.0,0.0,-1.0,0700-0759,0.0,,0.0,119.0,114.0,87.0,1.0,557.0,3,,,0.0,,0.0,,,,0,,,,,,,,,,,,,,,,,,,,,,,,,,,,,,,,,,,,,,,,,,,,,N,4.0,4.0,5.0,7.0,2.0,2.0,26.0,34.0,5,7,3.0,3.0,27.0,35.0,1,1,0,1.0,1.0,N909AE,N909AE-AA-0,27.0,38.0,8.0,35.0,46.0,,,0.0,27,36,1.0,1.12
N909AE,826.0,2019,2,5,2,4,2019-05-02,AA,AA_CODESHARE,19805,AA,3457,,,,,MQ,20398,MQ,3457,13930,1393007,30977,ORD,"Chicago, IL",IL,17,Illinois,41,10469,1046902,30469,AZO,"Kalamazoo, MI",MI,26,Michigan,43,830,-4.0,0.0,0.0,-1.0,0800-0859,27.0,853.0,1018.0,1.0,1025,1019.0,-6.0,0.0,0.0,-1.0,1000-1059,0.0,,0.0,55.0,53.0,25.0,1.0,122.0,1,,,0.0,,0.0,,,,0,,,,,,,,,,,,,,,,,,,,,,,,,,,,,,,,,,,,,,,,,,,,,N,4.0,0.0,8.0,10.0,2.0,1.0,38.0,41.0,8,10,2.0,2.0,38.0,42.0,6,6,1,1.0,0.0,N909AE,N909AE-AA-1,38.0,50.0,3.0,41.0,53.0,34.0,4.0,0.0,40,43,2.0,13.26
N909AM,606.0,2019,2,5,2,4,2019-05-02,AA,AA,19805,AA,2811,,,,,AA,19805,AA,2811,12892,1289208,32575,LAX,"Los Angeles, CA",CA,6,California,91,11298,1129806,30194,DFW,"Dallas/Fort Worth, TX",TX,48,Texas,74,610,-4.0,0.0,0.0,-1.0,0600-0659,17.0,623.0,1052.0,13.0,1117,1105.0,-12.0,0.0,0.0,-1.0,1100-1159,0.0,,0.0,187.0,179.0,149.0,1.0,1235.0,5,,,0.0,,0.0,,,,0,,,,,,,,,,,,,,,,,,,,,,,,,,,,,,,,,,,,,,,,,,,,,N,12.0,4.0,6.0,11.0,0.0,0.0,36.0,48.0,6,11,1.0,1.0,37.0,49.0,5,5,0,0.0,0.0,N909AM,N909AM-AA-0,37.0,48.0,12.0,49.0,60.0,,,0.0,37,49,0.0,0.0
N909DE,632.0,2019,2,5,2,4,2019-05-02,DL,DL,19790,DL,2522,,,,,DL,19790,DL,2522,10599,1059904,30599,BHM,"Birmingham, AL",AL,1,Alabama,51,10397,1039707,30397,ATL,"Atlanta, GA",GA,13,Georgia,34,634,-2.0,0.0,0.0,-1.0,0600-0659,11.0,643.0,815.0,10.0,845,825.0,-20.0,0.0,0.0,-2.0,0800-0859,0.0,,0.0,71.0,53.0,32.0,1.0,134.0,1,,,0.0,,0.0,,,,0,,,,,,,,,,,,,,,,,,,,,,,,,,,,,,,,,,,,,,,,,,,,,N,4.0,0.0,6.0,8.0,2.0,2.0,30.0,34.0,6,8,2.0,3.0,30.0,35.0,7,7,0,1.0,1.0,N909DE,N909DE-DL-0,30.0,42.0,4.0,34.0,46.0,,,0.0,30,34,0.0,0.0
N909DE,937.0,2019,2,5,2,4,2019-05-02,DL,DL,19790,DL,2541,,,,,DL,19790,DL,2541,10397,1039707,30397,ATL,"Atlanta, GA",GA,13,Georgia,34,11423,1142307,31423,DSM,"Des Moines, IA",IA,19,Iowa,61,940,-3.0,0.0,0.0,-1.0,0900-0959,9.0,946.0,1035.0,3.0,1047,1038.0,-9.0,0.0,0.0,-1.0,1000-1059,0.0,,0.0,127.0,121.0,109.0,1.0,743.0,3,,,0.0,,0.0,,,,0,,,,,,,,,,,,,,,,,,,,,,,,,,,,,,,,,,,,,,,,,,,,,N,0.0,4.0,9.0,10.0,2.0,3.0,38.0,47.0,9,10,3.0,3.0,39.0,47.0,2,2,1,1.0,0.0,N909DE,N909DE-DL-1,39.0,50.0,9.0,48.0,59.0,34.0,4.0,0.0,39,48,0.0,0.0
N909DN,659.0,2019,2,5,2,4,2019-05-02,DL,DL,19790,DL,1073,,,,,DL,19790,DL,1073,11433,1143302,31295,DTW,"Detroit, MI",MI,26,Michigan,43,10397,1039707,30397,ATL,"Atlanta, GA",GA,13,Georgia,34,700,-1.0,0.0,0.0,-1.0,0700-0759,22.0,721.0,856.0,12.0,904,908.0,4.0,4.0,0.0,0.0,0900-0959,0.0,,0.0,124.0,129.0,95.0,1.0,594.0,3,,,0.0,,0.0,,,,0,,,,,,,,,,,,,,,,,,,,,,,,,,,,,,,,,,,,,,,,,,,,,N,0.0,0.0,6.0,9.0,4.0,1.0,28.0,37.0,7,9,0.0,0.0,28.0,36.0,7,7,0,0.0,0.0,N909DN,N909DN-DL-0,28.0,40.0,9.0,37.0,49.0,,,0.0,28,37,0.0,0.0
N909NN,813.0,2019,2,5,2,4,2019-05-02,AA,AA,19805,AA,1444,,,,,AA,19805,AA,1444,12478,1247805,31703,JFK,"New York, NY",NY,36,New York,22,11057,1105703,31057,CLT,"Charlotte, NC",NC,37,North Carolina,36,815,-2.0,0.0,0.0,-1.0,0800-0859,16.0,829.0,954.0,19.0,1029,1013.0,-16.0,0.0,0.0,-2.0,1000-1059,0.0,,0.0,134.0,120.0,85.0,1.0,541.0,3,,,0.0,,0.0,,,,0,,,,,,,,,,,,,,,,,,,,,,,,,,,,,,,,,,,,,,,,,,,,,N,0.0,0.0,8.0,10.0,1.0,1.0,33.0,41.0,8,10,1.0,2.0,33.0,42.0,1,1,0,0.0,0.0,N909NN,N909NN-AA-0,33.0,45.0,8.0,41.0,53.0,,,0.0,34,42,1.0,1.2
N909SW,551.0,2019,2,5,2,4,2019-05-02,UA,UA_CODESHARE,19977,UA,5291,,,,,OO,20304,OO,5291,11109,1110902,30189,COS,"Colorado Springs, CO",CO,8,Colorado,82,11292,1129202,30325,DEN,"Denver, CO",CO,8,Colorado,82,600,-9.0,0.0,0.0,-1.0,0600-0659,16.0,607.0,627.0,9.0,659,636.0,-23.0,0.0,0.0,-2.0,0600-0659,0.0,,0.0,59.0,45.0,20.0,1.0,73.0,1,,,0.0,,0.0,,,,0,,,,,,,,,,,,,,,,,,,,,,,,,,,,,,,,,,,,,,,,,,,,,N,8.0,8.0,5.0,6.0,3.0,2.0,31.0,34.0,6,6,0.0,4.0,32.0,36.0,5,5,0,0.0,0.0,N909SW,N909SW-UA-0,32.0,43.0,3.0,35.0,46.0,,,0.0,32,35,0.0,0.0
N909WN,830.0,2019,2,5,2,4,2019-05-02,WN,WN,19393,WN,1299,,,,,WN,19393,WN,1299,13342,1334207,33342,MKE,"Milwaukee, WI",WI,55,Wisconsin,45,12892,1289208,32575,LAX,"Los Angeles, CA",CA,6,California,91,830,0.0,0.0,0.0,0.0,0800-0859,11.0,841.0,1057.0,6.0,1100,1103.0,3.0,3.0,0.0,0.0,1100-1159,0.0,,0.0,270.0,273.0,256.0,1.0,1756.0,8,,,0.0,,0.0,,,,0,,,,,,,,,,,,,,,,,,,,,,,,,,,,,,,,,,,,,,,,,,,,,N,4.0,12.0,8.0,11.0,2.0,0.0,38.0,56.0,8,11,2.0,0.0,38.0,56.0,1,1,0,0.0,0.0,N909WN,N909WN-WN-0,38.0,50.0,18.0,56.0,68.0,,,0.0,38,56,0.0,0.0
N909XJ,547.0,2019,2,5,2,4,2019-05-02,DL,DL_CODESHARE,19790,DL,3394,,,,,9E,20363,9E,3394,11612,1161206,31612,EVV,"Evansville, IN",IN,18,Indiana,42,10397,1039707,30397,ATL,"Atlanta, GA",GA,13,Georgia,34,600,-13.0,0.0,0.0,-1.0,0600-0659,19.0,606.0,759.0,4.0,820,803.0,-17.0,0.0,0.0,-2.0,0800-0859,0.0,,0.0,80.0,76.0,53.0,1.0,350.0,2,,,0.0,,0.0,,,,0,,,,,,,,,,,,,,,,,,,,,,,,,,,,,,,,,,,,,,,,,,,,,N,4.0,0.0,5.0,8.0,3.0,0.0,27.0,32.0,6,8,0.0,1.0,28.0,33.0,9,9,0,1.0,1.0,N909XJ,N909XJ-DL-0,28.0,39.0,5.0,33.0,44.0,,,0.0,28,33,0.0,0.0
N909XJ,927.0,2019,2,5,2,4,2019-05-02,DL,DL_CODESHARE,19790,DL,5337,,,,,9E,20363,9E,5337,10397,1039707,30397,ATL,"Atlanta, GA",GA,13,Georgia,34,10208,1020803,30208,AGS,"Augusta, GA",GA,13,Georgia,34,932,-5.0,0.0,0.0,-1.0,0900-0959,12.0,939.0,1011.0,3.0,1032,1014.0,-18.0,0.0,0.0,-2.0,1000-1059,0.0,,0.0,60.0,47.0,32.0,1.0,143.0,1,,,0.0,,0.0,,,,0,,,,,,,,,,,,,,,,,,,,,,,,,,,,,,,,,,,,,,,,,,,,,N,0.0,0.0,9.0,10.0,2.0,1.0,38.0,41.0,9,10,2.0,2.0,38.0,42.0,3,3,1,1.0,0.0,N909XJ,N909XJ-DL-1,38.0,50.0,3.0,41.0,53.0,32.0,6.0,0.0,39,42,1.0,3.28
N910AN,635.0,2019,2,5,2,4,2019-05-02,AA,AA,19805,AA,2836,,,,,AA,19805,AA,2836,13487,1348702,31650,MSP,"Minneapolis, MN",MN,27,Minnesota,63,13930,1393007,30977,ORD,"Chicago, IL",IL,17,Illinois,41,640,-5.0,0.0,0.0,-1.0,0600-0659,15.0,650.0,747.0,16.0,830,803.0,-27.0,0.0,0.0,-2.0,0800-0859,0.0,,0.0,110.0,88.0,57.0,1.0,334.0,2,,,0.0,,0.0,,,,0,,,,,,,,,,,,,,,,,,,,,,,,,,,,,,,,,,,,,,,,,,,,,N,4.0,4.0,6.0,8.0,2.0,0.0,30.0,36.0,6,8,3.0,2.0,31.0,38.0,7,7,0,0.0,0.0,N910AN,N910AN-AA-0,31.0,42.0,6.0,37.0,48.0,,,0.0,31,37,0.0,0.0
N910AT,659.0,2019,2,5,2,4,2019-05-02,DL,DL,19790,DL,1873,,,,,DL,19790,DL,1873,10721,1072102,30721,BOS,"Boston, MA",MA,25,Massachusetts,13,12953,1295304,31703,LGA,"New York, NY",NY,36,New York,22,700,-1.0,0.0,0.0,-1.0,0700-0759,28.0,727.0,821.0,7.0,835,828.0,-7.0,0.0,0.0,-1.0,0800-0859,0.0,,0.0,95.0,89.0,54.0,1.0,184.0,1,,,0.0,,0.0,,,,0,,,,,,,,,,,,,,,,,,,,,,,,,,,,,,,,,,,,,,,,,,,,,N,0.0,0.0,6.0,8.0,4.0,2.0,28.0,34.0,7,8,0.0,2.0,28.0,34.0,6,6,0,0.0,0.0,N910AT,N910AT-DL-0,28.0,40.0,6.0,34.0,46.0,,,0.0,28,34,0.0,0.0
N910AU,753.0,2019,2,5,2,4,2019-05-02,AA,AA,19805,AA,321,,,,,AA,19805,AA,321,13930,1393007,30977,ORD,"Chicago, IL",IL,17,Illinois,41,11697,1169706,32467,FLL,"Fort Lauderdale, FL",FL,12,Florida,33,800,-7.0,0.0,0.0,-1.0,0800-0859,31.0,824.0,1200.0,4.0,1200,1204.0,4.0,4.0,0.0,0.0,1200-1259,0.0,,0.0,180.0,191.0,156.0,1.0,1182.0,5,,,0.0,,0.0,,,,0,,,,,,,,,,,,,,,,,,,,,,,,,,,,,,,,,,,,,,,,,,,,,N,4.0,0.0,7.0,12.0,4.0,0.0,36.0,48.0,8,12,0.0,0.0,36.0,48.0,4,4,0,0.0,0.0,N910AU,N910AU-AA-0,36.0,48.0,12.0,48.0,60.0,,,0.0,36,48,0.0,0.0
N910DE,727.0,2019,2,5,2,4,2019-05-02,DL,DL,19790,DL,2003,,,,,DL,19790,DL,2003,13871,1387102,33316,OMA,"Omaha, NE",NE,31,Nebraska,65,10397,1039707,30397,ATL,"Atlanta, GA",GA,13,Georgia,34,705,22.0,22.0,1.0,1.0,0700-0759,10.0,737.0,1049.0,11.0,1022,1100.0,38.0,38.0,1.0,2.0,1000-1059,0.0,,0.0,137.0,153.0,132.0,1.0,821.0,4,22.0,0.0,16.0,0.0,0.0,,,,0,,,,,,,,,,,,,,,,,,,,,,,,,,,,,,,,,,,,,,,,,,,,,N,4.0,0.0,7.0,11.0,2.0,0.0,34.0,44.0,7,10,0.0,1.0,32.0,41.0,6,6,0,0.0,0.0,N910DE,N910DE-DL-0,33.0,46.0,10.0,43.0,56.0,,,1.0,33,43,0.0,0.0
N910DL,856.0,2019,2,5,2,4,2019-05-02,DL,DL,19790,DL,1102,,,,,DL,19790,DL,1102,14685,1468502,34685,SAV,"Savannah, GA",GA,13,Georgia,34,10397,1039707,30397,ATL,"Atlanta, GA",GA,13,Georgia,34,900,-4.0,0.0,0.0,-1.0,0900-0959,13.0,909.0,952.0,6.0,1008,958.0,-10.0,0.0,0.0,-1.0,1000-1059,0.0,,0.0,68.0,62.0,43.0,1.0,214.0,1,,,0.0,,0.0,,,,0,,,,,,,,,,,,,,,,,,,,,,,,,,,,,,,,,,,,,,,,,,,,,N,0.0,0.0,8.0,9.0,4.0,4.0,36.0,40.0,9,10,0.0,1.0,36.0,41.0,1,1,0,0.0,0.0,N910DL,N910DL-DL-0,36.0,48.0,4.0,40.0,52.0,,,0.0,36,41,1.0,1.22
N910DN,729.0,2019,2,5,2,4,2019-05-02,DL,DL,19790,DL,2636,,,,,DL,19790,DL,2636,11042,1104205,30647,CLE,"Cleveland, OH",OH,39,Ohio,44,10397,1039707,30397,ATL,"Atlanta, GA",GA,13,Georgia,34,600,89.0,89.0,1.0,5.0,0600-0659,6.0,735.0,908.0,6.0,748,914.0,86.0,86.0,1.0,5.0,0700-0759,0.0,,0.0,108.0,105.0,93.0,1.0,554.0,3,86.0,0.0,0.0,0.0,0.0,,,,0,,,,,,,,,,,,,,,,,,,,,,,,,,,,,,,,,,,,,,,,,,,,,N,0.0,0.0,7.0,9.0,2.0,1.0,30.0,37.0,6,7,0.0,3.0,24.0,31.0,8,8,0,0.0,0.0,N910DN,N910DN-DL-0,30.0,42.0,7.0,37.0,49.0,,,0.0,30,37,0.0,0.0
N910DU,727.0,2019,2,5,2,4,2019-05-02,DL,DL,19790,DL,2924,,,,,DL,19790,DL,2924,10397,1039707,30397,ATL,"Atlanta, GA",GA,13,Georgia,34,13495,1349505,33495,MSY,"New Orleans, LA",LA,22,Louisiana,72,730,-3.0,0.0,0.0,-1.0,0700-0759,14.0,741.0,749.0,3.0,759,752.0,-7.0,0.0,0.0,-1.0,0700-0759,0.0,,0.0,89.0,85.0,68.0,1.0,425.0,2,,,0.0,,0.0,,,,0,,,,,,,,,,,,,,,,,,,,,,,,,,,,,,,,,,,,,,,,,,,,,N,0.0,4.0,7.0,7.0,2.0,3.0,30.0,35.0,7,7,2.0,4.0,30.0,36.0,8,8,0,0.0,0.0,N910DU,N910DU-DL-0,30.0,42.0,5.0,35.0,47.0,,,0.0,30,35,0.0,0.0
N910EV,726.0,2019,2,5,2,4,2019-05-02,DL,DL_CODESHARE,19790,DL,7382,,,,,OO,20304,OO,7382,11013,1101303,31013,CIU,"Sault Ste. Marie, MI",MI,26,Michigan,43,13487,1348702,31650,MSP,"Minneapolis, MN",MN,27,Minnesota,63,723,3.0,3.0,0.0,0.0,0700-0759,11.0,737.0,804.0,7.0,815,811.0,-4.0,0.0,0.0,-1.0,0800-0859,0.0,,0.0,112.0,105.0,87.0,1.0,435.0,2,,,0.0,,0.0,,,,0,,,,,,,,,,,,,,,,,,,,,,,,,,,,,,,,,,,,,,,,,,,,,N,0.0,4.0,7.0,8.0,2.0,1.0,30.0,37.0,7,8,2.0,1.0,30.0,37.0,5,5,0,0.0,0.0,N910EV,N910EV-DL-0,30.0,42.0,7.0,37.0,49.0,,,0.0,30,37,0.0,0.0
N910NK,854.0,2019,2,5,2,4,2019-05-02,NK,NK,20416,NK,1952,,,,,NK,20416,NK,1952,11433,1143302,31295,DTW,"Detroit, MI",MI,26,Michigan,43,11298,1129806,30194,DFW,"Dallas/Fort Worth, TX",TX,48,Texas,74,900,-6.0,0.0,0.0,-1.0,0900-0959,13.0,907.0,1111.0,12.0,1053,1123.0,30.0,30.0,1.0,2.0,1000-1059,0.0,,0.0,173.0,209.0,184.0,1.0,986.0,4,0.0,0.0,30.0,0.0,0.0,,,,0,,,,,,,,,,,,,,,,,,,,,,,,,,,,,,,,,,,,,,,,,,,,,N,0.0,4.0,8.0,11.0,4.0,2.0,36.0,50.0,9,10,0.0,4.0,36.0,48.0,2,2,0,0.0,0.0,N910NK,N910NK-NK-0,36.0,48.0,14.0,50.0,62.0,,,2.0,40,54,4.0,11.94
N910WN,639.0,2019,2,5,2,4,2019-05-02,WN,WN,19393,WN,713,,,,,WN,19393,WN,713,14893,1489302,33192,SMF,"Sacramento, CA",CA,6,California,91,12892,1289208,32575,LAX,"Los Angeles, CA",CA,6,California,91,645,-6.0,0.0,0.0,-1.0,0600-0659,13.0,652.0,751.0,4.0,815,755.0,-20.0,0.0,0.0,-2.0,0800-0859,0.0,,0.0,90.0,76.0,59.0,1.0,373.0,2,,,0.0,,0.0,,,,0,,,,,,,,,,,,,,,,,,,,,,,,,,,,,,,,,,,,,,,,,,,,,N,12.0,12.0,6.0,7.0,3.0,4.0,39.0,44.0,6,8,3.0,1.0,39.0,45.0,4,4,0,0.0,0.0,N910WN,N910WN-WN-0,39.0,51.0,5.0,44.0,56.0,,,0.0,39,44,0.0,0.0
N910XJ,807.0,2019,2,5,2,4,2019-05-02,DL,DL_CODESHARE,19790,DL,5378,,,,,9E,20363,9E,5378,10397,1039707,30397,ATL,"Atlanta, GA",GA,13,Georgia,34,12945,1294503,32945,LEX,"Lexington, KY",KY,21,Kentucky,52,811,-4.0,0.0,0.0,-1.0,0800-0859,14.0,821.0,910.0,4.0,927,914.0,-13.0,0.0,0.0,-1.0,0900-0959,0.0,,0.0,76.0,67.0,49.0,1.0,304.0,2,,,0.0,,0.0,,,,0,,,,,,,,,,,,,,,,,,,,,,,,,,,,,,,,,,,,,,,,,,,,,N,0.0,0.0,8.0,9.0,0.0,1.0,32.0,37.0,8,9,1.0,2.0,33.0,38.0,1,1,0,0.0,0.0,N910XJ,N910XJ-DL-0,33.0,44.0,5.0,38.0,49.0,,,0.0,33,38,0.0,0.0
N911DA,710.0,2019,2,5,2,4,2019-05-02,DL,DL,19790,DL,780,,,,,DL,19790,DL,780,14100,1410005,34100,PHL,"Philadelphia, PA",PA,42,Pennsylvania,23,11433,1143302,31295,DTW,"Detroit, MI",MI,26,Michigan,43,715,-5.0,0.0,0.0,-1.0,0700-0759,11.0,721.0,835.0,5.0,857,840.0,-17.0,0.0,0.0,-2.0,0800-0859,0.0,,0.0,102.0,90.0,74.0,1.0,453.0,2,,,0.0,,0.0,,,,0,,,,,,,,,,,,,,,,,,,,,,,,,,,,,,,,,,,,,,,,,,,,,N,0.0,0.0,7.0,8.0,1.0,3.0,29.0,35.0,7,8,1.0,4.0,29.0,36.0,6,6,0,0.0,0.0,N911DA,N911DA-DL-0,29.0,41.0,6.0,35.0,47.0,,,0.0,29,35,0.0,0.0
N911DE,549.0,2019,2,5,2,4,2019-05-02,DL,DL,19790,DL,1952,,,,,DL,19790,DL,1952,11423,1142307,31423,DSM,"Des Moines, IA",IA,19,Iowa,61,10397,1039707,30397,ATL,"Atlanta, GA",GA,13,Georgia,34,600,-11.0,0.0,0.0,-1.0,0600-0659,13.0,602.0,853.0,7.0,905,900.0,-5.0,0.0,0.0,-1.0,0900-0959,0.0,,0.0,125.0,131.0,111.0,1.0,743.0,3,,,0.0,,0.0,,,,0,,,,,,,,,,,,,,,,,,,,,,,,,,,,,,,,,,,,,,,,,,,,,N,4.0,0.0,5.0,9.0,3.0,0.0,27.0,36.0,6,9,0.0,0.0,28.0,36.0,8,8,0,0.0,0.0,N911DE,N911DE-DL-0,28.0,39.0,9.0,37.0,48.0,,,0.0,28,37,0.0,0.0
N911DL,556.0,2019,2,5,2,4,2019-05-02,DL,DL,19790,DL,2099,,,,,DL,19790,DL,2099,14730,1473003,33044,SDF,"Louisville, KY",KY,21,Kentucky,52,10397,1039707,30397,ATL,"Atlanta, GA",GA,13,Georgia,34,600,-4.0,0.0,0.0,-1.0,0600-0659,12.0,608.0,658.0,6.0,720,704.0,-16.0,0.0,0.0,-2.0,0700-0759,0.0,,0.0,80.0,68.0,50.0,1.0,321.0,2,,,0.0,,0.0,,,,0,,,,,,,,,,,,,,,,,,,,,,,,,,,,,,,,,,,,,,,,,,,,,N,0.0,0.0,5.0,7.0,4.0,0.0,24.0,28.0,6,7,0.0,1.0,24.0,29.0,3,3,0,0.0,0.0,N911DL,N911DL-DL-0,24.0,36.0,4.0,28.0,40.0,,,0.0,24,29,1.0,3.3
N911DQ,626.0,2019,2,5,2,4,2019-05-02,DL,DL,19790,DL,2653,,,,,DL,19790,DL,2653,14492,1449202,34492,RDU,"Raleigh/Durham, NC",NC,37,North Carolina,36,10397,1039707,30397,ATL,"Atlanta, GA",GA,13,Georgia,34,630,-4.0,0.0,0.0,-1.0,0600-0659,17.0,643.0,742.0,7.0,803,749.0,-14.0,0.0,0.0,-1.0,0800-0859,0.0,,0.0,93.0,83.0,59.0,1.0,356.0,2,,,0.0,,0.0,,,,0,,,,,,,,,,,,,,,,,,,,,,,,,,,,,,,,,,,,,,,,,,,,,N,0.0,0.0,6.0,7.0,2.0,3.0,26.0,31.0,6,8,2.0,0.0,26.0,32.0,5,5,0,1.0,1.0,N911DQ,N911DQ-DL-0,26.0,38.0,5.0,31.0,43.0,,,0.0,26,31,0.0,0.0
N911DQ,900.0,2019,2,5,2,4,2019-05-02,DL,DL,19790,DL,2433,,,,,DL,19790,DL,2433,10397,1039707,30397,ATL,"Atlanta, GA",GA,13,Georgia,34,13495,1349505,33495,MSY,"New Orleans, LA",LA,22,Louisiana,72,901,-1.0,0.0,0.0,-1.0,0900-0959,14.0,914.0,923.0,4.0,933,927.0,-6.0,0.0,0.0,-1.0,0900-0959,0.0,,0.0,92.0,87.0,69.0,1.0,425.0,2,,,0.0,,0.0,,,,0,,,,,,,,,,,,,,,,,,,,,,,,,,,,,,,,,,,,,,,,,,,,,N,0.0,4.0,9.0,9.0,0.0,2.0,36.0,42.0,9,9,0.0,2.0,36.0,42.0,3,3,1,1.0,0.0,N911DQ,N911DQ-DL-1,36.0,48.0,6.0,42.0,54.0,31.0,5.0,0.0,36,42,0.0,0.0
N912AN,556.0,2019,2,5,2,4,2019-05-02,AA,AA,19805,AA,2799,,,,,AA,19805,AA,2799,12339,1233904,32337,IND,"Indianapolis, IN",IN,18,Indiana,42,13930,1393007,30977,ORD,"Chicago, IL",IL,17,Illinois,41,602,-6.0,0.0,0.0,-1.0,0600-0659,22.0,618.0,614.0,7.0,620,621.0,1.0,1.0,0.0,0.0,0600-0659,0.0,,0.0,78.0,85.0,56.0,1.0,177.0,1,,,0.0,,0.0,,,,0,,,,,,,,,,,,,,,,,,,,,,,,,,,,,,,,,,,,,,,,,,,,,N,0.0,4.0,5.0,6.0,4.0,1.0,24.0,29.0,6,6,0.0,1.0,24.0,29.0,7,7,0,1.0,1.0,N912AN,N912AN-AA-0,24.0,36.0,5.0,29.0,41.0,,,0.0,24,29,0.0,0.0
N912AN,733.0,2019,2,5,2,4,2019-05-02,AA,AA,19805,AA,2780,,,,,AA,19805,AA,2780,13930,1393007,30977,ORD,"Chicago, IL",IL,17,Illinois,41,11292,1129202,30325,DEN,"Denver, CO",CO,8,Colorado,82,729,4.0,4.0,0.0,0.0,0700-0759,27.0,800.0,930.0,6.0,909,936.0,27.0,27.0,1.0,1.0,0900-0959,0.0,,0.0,160.0,183.0,150.0,1.0,888.0,4,0.0,0.0,27.0,0.0,0.0,,,,0,,,,,,,,,,,,,,,,,,,,,,,,,,,,,,,,,,,,,,,,,,,,,N,4.0,8.0,7.0,9.0,2.0,2.0,34.0,46.0,7,9,2.0,1.0,34.0,45.0,2,2,1,1.0,0.0,N912AN,N912AN-AA-1,34.0,46.0,12.0,46.0,58.0,29.0,5.0,2.0,35,48,2.0,4.82
N912DE,624.0,2019,2,5,2,4,2019-05-02,DL,DL,19790,DL,1808,,,,,DL,19790,DL,1808,10994,1099402,30994,CHS,"Charleston, SC",SC,45,South Carolina,37,10397,1039707,30397,ATL,"Atlanta, GA",GA,13,Georgia,34,630,-6.0,0.0,0.0,-1.0,0600-0659,14.0,638.0,728.0,9.0,741,737.0,-4.0,0.0,0.0,-1.0,0700-0759,0.0,,0.0,71.0,73.0,50.0,1.0,259.0,2,,,0.0,,0.0,,,,0,,,,,,,,,,,,,,,,,,,,,,,,,,,,,,,,,,,,,,,,,,,,,N,0.0,0.0,6.0,7.0,2.0,2.0,26.0,30.0,6,7,2.0,3.0,26.0,31.0,5,5,0,1.0,1.0,N912DE,N912DE-DL-0,26.0,38.0,4.0,30.0,42.0,,,0.0,26,30,0.0,0.0
N912DE,828.0,2019,2,5,2,4,2019-05-02,DL,DL,19790,DL,1828,,,,,DL,19790,DL,1828,10397,1039707,30397,ATL,"Atlanta, GA",GA,13,Georgia,34,14685,1468502,34685,SAV,"Savannah, GA",GA,13,Georgia,34,831,-3.0,0.0,0.0,-1.0,0800-0859,21.0,849.0,924.0,4.0,936,928.0,-8.0,0.0,0.0,-1.0,0900-0959,0.0,,0.0,65.0,60.0,35.0,1.0,214.0,1,,,0.0,,0.0,,,,0,,,,,,,,,,,,,,,,,,,,,,,,,,,,,,,,,,,,,,,,,,,,,N,0.0,0.0,8.0,9.0,2.0,2.0,34.0,38.0,8,9,2.0,2.0,34.0,38.0,1,1,1,1.0,0.0,N912DE,N912DE-DL-1,34.0,46.0,4.0,38.0,50.0,30.0,4.0,0.0,34,38,0.0,0.0
N912DL,701.0,2019,2,5,2,4,2019-05-02,DL,DL,19790,DL,2338,,,,,DL,19790,DL,2338,13930,1393007,30977,ORD,"Chicago, IL",IL,17,Illinois,41,10397,1039707,30397,ATL,"Atlanta, GA",GA,13,Georgia,34,705,-4.0,0.0,0.0,-1.0,0700-0759,21.0,722.0,951.0,7.0,1000,958.0,-2.0,0.0,0.0,-1.0,1000-1059,0.0,,0.0,115.0,117.0,89.0,1.0,606.0,3,,,0.0,,0.0,,,,0,,,,,,,,,,,,,,,,,,,,,,,,,,,,,,,,,,,,,,,,,,,,,N,4.0,0.0,7.0,9.0,0.0,4.0,32.0,40.0,7,10,0.0,0.0,32.0,40.0,7,7,0,0.0,0.0,N912DL,N912DL-DL-0,32.0,44.0,8.0,40.0,52.0,,,0.0,32,40,0.0,0.0
N912DN,723.0,2019,2,5,2,4,2019-05-02,DL,DL,19790,DL,1787,,,,,DL,19790,DL,1787,10397,1039707,30397,ATL,"Atlanta, GA",GA,13,Georgia,34,13930,1393007,30977,ORD,"Chicago, IL",IL,17,Illinois,41,725,-2.0,0.0,0.0,-1.0,0700-0759,9.0,732.0,812.0,9.0,829,821.0,-8.0,0.0,0.0,-1.0,0800-0859,0.0,,0.0,124.0,118.0,100.0,1.0,606.0,3,,,0.0,,0.0,,,,0,,,,,,,,,,,,,,,,,,,,,,,,,,,,,,,,,,,,,,,,,,,,,N,0.0,4.0,7.0,8.0,2.0,1.0,30.0,37.0,7,8,2.0,2.0,30.0,38.0,1,1,0,0.0,0.0,N912DN,N912DN-DL-0,30.0,42.0,7.0,37.0,49.0,,,0.0,32,39,2.0,3.26
N912DU,657.0,2019,2,5,2,4,2019-05-02,DL,DL,19790,DL,1695,,,,,DL,19790,DL,1695,12478,1247805,31703,JFK,"New York, NY",NY,36,New York,22,14869,1486903,34614,SLC,"Salt Lake City, UT",UT,49,Utah,87,700,-3.0,0.0,0.0,-1.0,0700-0759,28.0,725.0,1011.0,9.0,1010,1020.0,10.0,10.0,0.0,0.0,1000-1059,0.0,,0.0,310.0,323.0,286.0,1.0,1990.0,8,,,0.0,,0.0,,,,0,,,,,,,,,,,,,,,,,,,,,,,,,,,,,,,,,,,,,,,,,,,,,N,0.0,8.0,6.0,10.0,4.0,1.0,28.0,49.0,7,10,0.0,1.0,28.0,49.0,3,3,0,0.0,0.0,N912DU,N912DU-DL-0,28.0,40.0,21.0,49.0,61.0,,,0.0,28,49,0.0,0.0
N912EV,556.0,2019,2,5,2,4,2019-05-02,DL,DL_CODESHARE,19790,DL,7400,,,,,OO,20304,OO,7400,10577,1057705,30577,BGM,"Binghamton, NY",NY,36,New York,22,11433,1143302,31295,DTW,"Detroit, MI",MI,26,Michigan,43,600,-4.0,0.0,0.0,-1.0,0600-0659,9.0,605.0,710.0,9.0,735,719.0,-16.0,0.0,0.0,-2.0,0700-0759,0.0,,0.0,95.0,83.0,65.0,1.0,378.0,2,,,0.0,,0.0,,,,0,,,,,,,,,,,,,,,,,,,,,,,,,,,,,,,,,,,,,,,,,,,,,N,0.0,0.0,5.0,7.0,4.0,1.0,24.0,29.0,6,7,0.0,2.0,24.0,30.0,4,4,0,1.0,1.0,N912EV,N912EV-DL-0,24.0,36.0,5.0,29.0,41.0,,,0.0,24,29,0.0,0.0
N912EV,824.0,2019,2,5,2,4,2019-05-02,DL,DL_CODESHARE,19790,DL,4161,,,,,OO,20304,OO,4161,11433,1143302,31295,DTW,"Detroit, MI",MI,26,Michigan,43,14696,1469608,34696,SBN,"South Bend, IN",IN,18,Indiana,42,825,-1.0,0.0,0.0,-1.0,0800-0859,18.0,842.0,919.0,4.0,926,923.0,-3.0,0.0,0.0,-1.0,0900-0959,0.0,,0.0,61.0,59.0,37.0,1.0,157.0,1,,,0.0,,0.0,,,,0,,,,,,,,,,,,,,,,,,,,,,,,,,,,,,,,,,,,,,,,,,,,,N,0.0,0.0,8.0,9.0,2.0,2.0,34.0,38.0,8,9,2.0,2.0,34.0,38.0,4,4,1,1.0,0.0,N912EV,N912EV-DL-1,34.0,46.0,4.0,38.0,50.0,29.0,5.0,0.0,34,38,0.0,0.0
N912NK,602.0,2019,2,5,2,4,2019-05-02,NK,NK,20416,NK,562,,,,,NK,20416,NK,562,12892,1289208,32575,LAX,"Los Angeles, CA",CA,6,California,91,12889,1288903,32211,LAS,"Las Vegas, NV",NV,32,Nevada,85,605,-3.0,0.0,0.0,-1.0,0600-0659,14.0,616.0,656.0,7.0,714,703.0,-11.0,0.0,0.0,-1.0,0700-0759,0.0,,0.0,69.0,61.0,40.0,1.0,236.0,1,,,0.0,,0.0,,,,0,,,,,,,,,,,,,,,,,,,,,,,,,,,,,,,,,,,,,,,,,,,,,N,12.0,12.0,6.0,7.0,0.0,0.0,36.0,40.0,6,7,0.0,1.0,36.0,41.0,8,8,0,0.0,0.0,N912NK,N912NK-NK-0,36.0,48.0,4.0,40.0,52.0,,,0.0,36,40,0.0,0.0
N912NN,622.0,2019,2,5,2,4,2019-05-02,AA,AA,19805,AA,2486,,,,,AA,19805,AA,2486,13930,1393007,30977,ORD,"Chicago, IL",IL,17,Illinois,41,12953,1295304,31703,LGA,"New York, NY",NY,36,New York,22,630,-8.0,0.0,0.0,-1.0,0600-0659,15.0,637.0,921.0,3.0,940,924.0,-16.0,0.0,0.0,-2.0,0900-0959,0.0,,0.0,130.0,122.0,104.0,1.0,733.0,3,,,0.0,,0.0,,,,0,,,,,,,,,,,,,,,,,,,,,,,,,,,,,,,,,,,,,,,,,,,,,N,4.0,0.0,6.0,9.0,1.0,2.0,29.0,38.0,6,9,2.0,3.0,30.0,39.0,6,6,0,0.0,0.0,N912NN,N912NN-AA-0,30.0,41.0,9.0,39.0,50.0,,,0.0,31,40,1.0,6.24
N912UY,604.0,2019,2,5,2,4,2019-05-02,AA,AA,19805,AA,430,,,,,AA,19805,AA,430,11057,1105703,31057,CLT,"Charlotte, NC",NC,37,North Carolina,36,11298,1129806,30194,DFW,"Dallas/Fort Worth, TX",TX,48,Texas,74,600,4.0,4.0,0.0,0.0,0600-0659,19.0,623.0,823.0,11.0,756,834.0,38.0,38.0,1.0,2.0,0700-0759,0.0,,0.0,176.0,210.0,180.0,1.0,936.0,4,4.0,0.0,34.0,0.0,0.0,,,,0,,,,,,,,,,,,,,,,,,,,,,,,,,,,,,,,,,,,,,,,,,,,,N,0.0,4.0,6.0,8.0,0.0,2.0,24.0,38.0,6,7,0.0,4.0,24.0,36.0,4,4,0,1.0,1.0,N912UY,N912UY-AA-0,24.0,36.0,14.0,38.0,50.0,,,2.0,27,41,3.0,14.1
N912UY,929.0,2019,2,5,2,4,2019-05-02,AA,AA,19805,AA,520,,,,,AA,19805,AA,520,11298,1129806,30194,DFW,"Dallas/Fort Worth, TX",TX,48,Texas,74,14107,1410702,30466,PHX,"Phoenix, AZ",AZ,4,Arizona,81,840,49.0,49.0,1.0,3.0,0800-0859,72.0,1041.0,1058.0,4.0,921,1102.0,101.0,101.0,1.0,6.0,0900-0959,0.0,,0.0,161.0,213.0,137.0,1.0,868.0,4,0.0,0.0,52.0,0.0,49.0,,,,0,,,,,,,,,,,,,,,,,,,,,,,,,,,,,,,,,,,,,,,,,,,,,N,4.0,8.0,9.0,11.0,2.0,0.0,42.0,52.0,8,9,3.0,1.0,39.0,45.0,6,6,1,1.0,0.0,N912UY,N912UY-AA-1,39.0,54.0,10.0,49.0,64.0,38.0,4.0,7.0,43,53,4.0,29.42
N912WN,651.0,2019,2,5,2,4,2019-05-02,WN,WN,19393,WN,265,,,,,WN,19393,WN,265,12889,1288903,32211,LAS,"Las Vegas, NV",NV,32,Nevada,85,10693,1069302,30693,BNA,"Nashville, TN",TN,47,Tennessee,54,645,6.0,6.0,0.0,0.0,0600-0659,22.0,713.0,1218.0,4.0,1215,1222.0,7.0,7.0,0.0,0.0,1200-1259,0.0,,0.0,210.0,211.0,185.0,1.0,1587.0,7,,,0.0,,0.0,,,,0,,,,,,,,,,,,,,,,,,,,,,,,,,,,,,,,,,,,,,,,,,,,,N,12.0,4.0,6.0,12.0,3.0,1.0,39.0,53.0,6,12,3.0,1.0,39.0,53.0,8,8,0,0.0,0.0,N912WN,N912WN-WN-0,39.0,51.0,14.0,53.0,65.0,,,0.0,39,53,0.0,0.0
N912XJ,815.0,2019,2,5,2,4,2019-05-02,DL,DL_CODESHARE,19790,DL,3349,,,,,9E,20363,9E,3349,10781,1078105,30781,BTR,"Baton Rouge, LA",LA,22,Louisiana,72,10397,1039707,30397,ATL,"Atlanta, GA",GA,13,Georgia,34,820,-5.0,0.0,0.0,-1.0,0800-0859,10.0,825.0,1029.0,8.0,1054,1037.0,-17.0,0.0,0.0,-2.0,1000-1059,0.0,,0.0,94.0,82.0,64.0,1.0,448.0,2,,,0.0,,0.0,,,,0,,,,,,,,,,,,,,,,,,,,,,,,,,,,,,,,,,,,,,,,,,,,,N,4.0,0.0,8.0,10.0,1.0,2.0,37.0,42.0,8,10,1.0,4.0,37.0,44.0,2,2,0,0.0,0.0,N912XJ,N912XJ-DL-0,37.0,49.0,5.0,42.0,54.0,,,0.0,37,43,1.0,2.18
N913DE,1022.0,2019,2,5,2,4,2019-05-02,DL,DL,19790,DL,2405,,,,,DL,19790,DL,2405,10397,1039707,30397,ATL,"Atlanta, GA",GA,13,Georgia,34,13303,1330303,32467,MIA,"Miami, FL",FL,12,Florida,33,951,31.0,31.0,1.0,2.0,0900-0959,14.0,1036.0,1200.0,3.0,1145,1203.0,18.0,18.0,1.0,1.0,1100-1159,0.0,,0.0,114.0,101.0,84.0,1.0,594.0,3,18.0,0.0,0.0,0.0,0.0,,,,0,,,,,,,,,,,,,,,,,,,,,,,,,,,,,,,,,,,,,,,,,,,,,N,0.0,0.0,10.0,12.0,1.0,0.0,41.0,48.0,9,11,3.0,3.0,39.0,47.0,7,7,0,0.0,0.0,N913DE,N913DE-DL-0,41.0,53.0,7.0,48.0,60.0,,,0.0,42,49,1.0,7.26
N913DL,753.0,2019,2,5,2,4,2019-05-02,DL,DL,19790,DL,1207,,,,,DL,19790,DL,1207,11953,1195302,31953,GNV,"Gainesville, FL",FL,12,Florida,33,10397,1039707,30397,ATL,"Atlanta, GA",GA,13,Georgia,34,735,18.0,18.0,1.0,1.0,0700-0759,8.0,801.0,853.0,9.0,857,902.0,5.0,5.0,0.0,0.0,0800-0859,0.0,,0.0,82.0,69.0,52.0,1.0,300.0,2,,,0.0,,0.0,,,,0,,,,,,,,,,,,,,,,,,,,,,,,,,,,,,,,,,,,,,,,,,,,,N,0.0,0.0,7.0,9.0,4.0,0.0,32.0,36.0,7,8,2.0,4.0,30.0,36.0,8,8,0,1.0,1.0,N913DL,N913DL-DL-0,32.0,44.0,4.0,36.0,48.0,,,0.0,32,36,0.0,0.0
N913DL,945.0,2019,2,5,2,4,2019-05-02,DL,DL,19790,DL,1591,,,,,DL,19790,DL,1591,10397,1039707,30397,ATL,"Atlanta, GA",GA,13,Georgia,34,10599,1059904,30599,BHM,"Birmingham, AL",AL,1,Alabama,51,947,-2.0,0.0,0.0,-1.0,0900-0959,8.0,953.0,921.0,3.0,940,924.0,-16.0,0.0,0.0,-2.0,0900-0959,0.0,,0.0,53.0,39.0,28.0,1.0,134.0,1,,,0.0,,0.0,,,,0,,,,,,,,,,,,,,,,,,,,,,,,,,,,,,,,,,,,,,,,,,,,,N,0.0,4.0,9.0,9.0,3.0,2.0,39.0,42.0,9,9,3.0,3.0,39.0,43.0,1,1,1,1.0,0.0,N913DL,N913DL-DL-1,39.0,51.0,3.0,42.0,54.0,36.0,3.0,0.0,45,48,6.0,14.8
N913DN,655.0,2019,2,5,2,4,2019-05-02,DL,DL,19790,DL,1339,,,,,DL,19790,DL,1339,10821,1082106,30852,BWI,"Baltimore, MD",MD,24,Maryland,35,10397,1039707,30397,ATL,"Atlanta, GA",GA,13,Georgia,34,700,-5.0,0.0,0.0,-1.0,0700-0759,27.0,722.0,855.0,10.0,855,905.0,10.0,10.0,0.0,0.0,0800-0859,0.0,,0.0,115.0,130.0,93.0,1.0,577.0,3,,,0.0,,0.0,,,,0,,,,,,,,,,,,,,,,,,,,,,,,,,,,,,,,,,,,,,,,,,,,,N,0.0,0.0,6.0,9.0,4.0,0.0,28.0,36.0,7,8,0.0,4.0,28.0,36.0,5,5,0,1.0,1.0,N913DN,N913DN-DL-0,28.0,40.0,8.0,36.0,48.0,,,0.0,28,36,0.0,0.0
N913DN,959.0,2019,2,5,2,4,2019-05-02,DL,DL,19790,DL,2387,,,,,DL,19790,DL,2387,10397,1039707,30397,ATL,"Atlanta, GA",GA,13,Georgia,34,11252,1125203,31252,DAB,"Daytona Beach, FL",FL,12,Florida,33,945,14.0,14.0,0.0,0.0,0900-0959,27.0,1026.0,1122.0,2.0,1102,1124.0,22.0,22.0,1.0,1.0,1100-1159,0.0,,0.0,77.0,85.0,56.0,1.0,366.0,2,4.0,0.0,8.0,0.0,10.0,,,,0,,,,,,,,,,,,,,,,,,,,,,,,,,,,,,,,,,,,,,,,,,,,,N,0.0,0.0,9.0,11.0,4.0,2.0,40.0,46.0,9,11,3.0,0.0,39.0,44.0,3,3,1,1.0,0.0,N913DN,N913DN-DL-1,39.0,52.0,6.0,45.0,58.0,36.0,4.0,1.0,41,47,2.0,7.26
N913DU,623.0,2019,2,5,2,4,2019-05-02,DL,DL,19790,DL,1324,,,,,DL,19790,DL,1324,10693,1069302,30693,BNA,"Nashville, TN",TN,47,Tennessee,54,10397,1039707,30397,ATL,"Atlanta, GA",GA,13,Georgia,34,630,-7.0,0.0,0.0,-1.0,0600-0659,10.0,633.0,809.0,12.0,846,821.0,-25.0,0.0,0.0,-2.0,0800-0859,0.0,,0.0,76.0,58.0,36.0,1.0,214.0,1,,,0.0,,0.0,,,,0,,,,,,,,,,,,,,,,,,,,,,,,,,,,,,,,,,,,,,,,,,,,,N,4.0,0.0,6.0,8.0,2.0,1.0,30.0,33.0,6,8,2.0,3.0,30.0,35.0,1,1,0,1.0,1.0,N913DU,N913DU-DL-0,30.0,42.0,3.0,33.0,45.0,,,0.0,30,33,0.0,0.0
N913DU,949.0,2019,2,5,2,4,2019-05-02,DL,DL,19790,DL,506,,,,,DL,19790,DL,506,10397,1039707,30397,ATL,"Atlanta, GA",GA,13,Georgia,34,14843,1484306,34819,SJU,"San Juan, PR",PR,72,Puerto Rico,3,950,-1.0,0.0,0.0,-1.0,0900-0959,22.0,1011.0,1317.0,4.0,1328,1321.0,-7.0,0.0,0.0,-1.0,1300-1359,0.0,,0.0,218.0,212.0,186.0,1.0,1547.0,7,,,0.0,,0.0,,,,0,,,,,,,,,,,,,,,,,,,,,,,,,,,,,,,,,,,,,,,,,,,,,N,0.0,-4.0,9.0,13.0,3.0,1.0,39.0,49.0,9,13,3.0,2.0,39.0,50.0,4,4,1,1.0,0.0,N913DU,N913DU-DL-1,39.0,51.0,10.0,49.0,61.0,33.0,6.0,0.0,39,49,0.0,0.0
N913EV,557.0,2019,2,5,2,4,2019-05-02,DL,DL_CODESHARE,19790,DL,4855,,,,,OO,20304,OO,4855,13377,1337702,33377,MLU,"Monroe, LA",LA,22,Louisiana,72,10397,1039707,30397,ATL,"Atlanta, GA",GA,13,Georgia,34,600,-3.0,0.0,0.0,-1.0,0600-0659,15.0,612.0,821.0,9.0,841,830.0,-11.0,0.0,0.0,-1.0,0800-0859,0.0,,0.0,101.0,93.0,69.0,1.0,448.0,2,,,0.0,,0.0,,,,0,,,,,,,,,,,,,,,,,,,,,,,,,,,,,,,,,,,,,,,,,,,,,N,4.0,0.0,5.0,8.0,4.0,2.0,28.0,34.0,6,8,0.0,3.0,28.0,35.0,7,7,0,0.0,0.0,N913EV,N913EV-DL-0,28.0,40.0,6.0,34.0,46.0,,,0.0,28,34,0.0,0.0
N913FJ,636.0,2019,2,5,2,4,2019-05-02,AA,AA_CODESHARE,19805,AA,5831,,,,,YV,20378,YV,5831,10561,1056103,30561,BFL,"Bakersfield, CA",CA,6,California,91,11298,1129806,30194,DFW,"Dallas/Fort Worth, TX",TX,48,Texas,74,635,1.0,1.0,0.0,0.0,0600-0659,14.0,650.0,1126.0,11.0,1135,1137.0,2.0,2.0,0.0,0.0,1100-1159,0.0,,0.0,180.0,181.0,156.0,1.0,1271.0,6,,,0.0,,0.0,,,,0,,,,,,,,,,,,,,,,,,,,,,,,,,,,,,,,,,,,,,,,,,,,,N,12.0,4.0,6.0,11.0,2.0,2.0,38.0,50.0,6,11,2.0,2.0,38.0,50.0,3,3,0,0.0,0.0,N913FJ,N913FJ-AA-0,38.0,50.0,12.0,50.0,62.0,,,0.0,38,50,0.0,0.0
N913NK,750.0,2019,2,5,2,4,2019-05-02,NK,NK,20416,NK,139,,,,,NK,20416,NK,139,11618,1161802,31703,EWR,"Newark, NJ",NJ,34,New Jersey,21,13204,1320402,31454,MCO,"Orlando, FL",FL,12,Florida,33,730,20.0,20.0,1.0,1.0,0700-0759,19.0,809.0,1017.0,9.0,1015,1026.0,11.0,11.0,0.0,0.0,1000-1059,0.0,,0.0,165.0,156.0,128.0,1.0,937.0,4,,,0.0,,0.0,,,,0,,,,,,,,,,,,,,,,,,,,,,,,,,,,,,,,,,,,,,,,,,,,,N,0.0,0.0,7.0,10.0,3.0,2.0,31.0,42.0,7,10,2.0,1.0,30.0,41.0,4,4,0,0.0,0.0,N913NK,N913NK-NK-0,31.0,43.0,11.0,42.0,54.0,,,0.0,31,42,0.0,0.0
N913NN,720.0,2019,2,5,2,4,2019-05-02,AA,AA,19805,AA,117,,,,,AA,19805,AA,117,10721,1072102,30721,BOS,"Boston, MA",MA,25,Massachusetts,13,14100,1410005,34100,PHL,"Philadelphia, PA",PA,42,Pennsylvania,23,643,37.0,37.0,1.0,2.0,0600-0659,21.0,741.0,842.0,8.0,825,850.0,25.0,25.0,1.0,1.0,0800-0859,0.0,,0.0,102.0,90.0,61.0,1.0,280.0,2,0.0,25.0,0.0,0.0,0.0,,,,0,,,,,,,,,,,,,,,,,,,,,,,,,,,,,,,,,,,,,,,,,,,,,N,0.0,0.0,7.0,8.0,1.0,3.0,29.0,35.0,6,8,3.0,2.0,27.0,34.0,5,5,0,1.0,1.0,N913NN,N913NN-AA-0,29.0,41.0,6.0,35.0,47.0,,,0.0,30,36,1.0,5.38
N913NN,934.0,2019,2,5,2,4,2019-05-02,AA,AA,19805,AA,1131,,,,,AA,19805,AA,1131,14100,1410005,34100,PHL,"Philadelphia, PA",PA,42,Pennsylvania,23,10721,1072102,30721,BOS,"Boston, MA",MA,25,Massachusetts,13,915,19.0,19.0,1.0,1.0,0900-0959,21.0,955.0,1053.0,11.0,1047,1104.0,17.0,17.0,1.0,1.0,1000-1059,0.0,,0.0,92.0,90.0,58.0,1.0,280.0,2,0.0,0.0,0.0,0.0,17.0,,,,0,,,,,,,,,,,,,,,,,,,,,,,,,,,,,,,,,,,,,,,,,,,,,N,0.0,0.0,9.0,11.0,2.0,0.0,38.0,44.0,9,10,1.0,3.0,37.0,43.0,8,8,1,1.0,0.0,N913NN,N913NN-AA-1,37.0,50.0,6.0,43.0,56.0,35.0,3.0,1.0,41,47,4.0,36.5
N913SW,852.0,2019,2,5,2,4,2019-05-02,UA,UA_CODESHARE,19977,UA,5112,,,,,OO,20304,OO,5112,11823,1182304,31823,FWA,"Fort Wayne, IN",IN,18,Indiana,42,13930,1393007,30977,ORD,"Chicago, IL",IL,17,Illinois,41,901,-9.0,0.0,0.0,-1.0,0900-0959,14.0,906.0,847.0,14.0,920,901.0,-19.0,0.0,0.0,-2.0,0900-0959,0.0,,0.0,79.0,69.0,41.0,1.0,157.0,1,,,0.0,,0.0,,,,0,,,,,,,,,,,,,,,,,,,,,,,,,,,,,,,,,,,,,,,,,,,,,N,0.0,4.0,8.0,9.0,3.0,0.0,35.0,40.0,9,9,0.0,1.0,36.0,41.0,3,3,0,0.0,0.0,N913SW,N913SW-UA-0,36.0,47.0,5.0,41.0,52.0,,,0.0,36,41,0.0,0.0
N913WN,623.0,2019,2,5,2,4,2019-05-02,WN,WN,19393,WN,1403,,,,,WN,19393,WN,1403,13891,1389101,32575,ONT,"Ontario, CA",CA,6,California,91,12889,1288903,32211,LAS,"Las Vegas, NV",NV,32,Nevada,85,625,-2.0,0.0,0.0,-1.0,0600-0659,7.0,630.0,705.0,8.0,725,713.0,-12.0,0.0,0.0,-1.0,0700-0759,0.0,,0.0,60.0,50.0,35.0,1.0,197.0,1,,,0.0,,0.0,,,,0,,,,,,,,,,,,,,,,,,,,,,,,,,,,,,,,,,,,,,,,,,,,,N,12.0,12.0,6.0,7.0,2.0,1.0,38.0,41.0,6,7,2.0,2.0,38.0,42.0,5,5,0,0.0,0.0,N913WN,N913WN-WN-0,38.0,50.0,3.0,41.0,53.0,,,0.0,38,41,0.0,0.0
N913XJ,730.0,2019,2,5,2,4,2019-05-02,DL,DL_CODESHARE,19790,DL,3352,,,,,9E,20363,9E,3352,10431,1043105,30431,AVL,"Asheville, NC",NC,37,North Carolina,36,10397,1039707,30397,ATL,"Atlanta, GA",GA,13,Georgia,34,740,-10.0,0.0,0.0,-1.0,0700-0759,17.0,747.0,820.0,9.0,850,829.0,-21.0,0.0,0.0,-2.0,0800-0859,0.0,,0.0,70.0,59.0,33.0,1.0,164.0,1,,,0.0,,0.0,,,,0,,,,,,,,,,,,,,,,,,,,,,,,,,,,,,,,,,,,,,,,,,,,,N,0.0,0.0,7.0,8.0,2.0,2.0,30.0,34.0,7,8,3.0,3.0,31.0,35.0,7,7,0,0.0,0.0,N913XJ,N913XJ-DL-0,31.0,42.0,4.0,35.0,46.0,,,0.0,31,35,0.0,0.0
N914DN,556.0,2019,2,5,2,4,2019-05-02,DL,DL,19790,DL,2014,,,,,DL,19790,DL,2014,15096,1509602,35096,SYR,"Syracuse, NY",NY,36,New York,22,10397,1039707,30397,ATL,"Atlanta, GA",GA,13,Georgia,34,600,-4.0,0.0,0.0,-1.0,0600-0659,9.0,605.0,801.0,14.0,816,815.0,-1.0,0.0,0.0,-1.0,0800-0859,0.0,,0.0,136.0,139.0,116.0,1.0,794.0,4,,,0.0,,0.0,,,,0,,,,,,,,,,,,,,,,,,,,,,,,,,,,,,,,,,,,,,,,,,,,,N,0.0,0.0,5.0,8.0,4.0,1.0,24.0,33.0,6,8,0.0,1.0,24.0,33.0,7,7,0,1.0,1.0,N914DN,N914DN-DL-0,24.0,36.0,9.0,33.0,45.0,,,0.0,24,33,0.0,0.0
N914DN,856.0,2019,2,5,2,4,2019-05-02,DL,DL,19790,DL,1494,,,,,DL,19790,DL,1494,10397,1039707,30397,ATL,"Atlanta, GA",GA,13,Georgia,34,14100,1410005,34100,PHL,"Philadelphia, PA",PA,42,Pennsylvania,23,856,0.0,0.0,0.0,0.0,0800-0859,29.0,925.0,1055.0,3.0,1101,1058.0,-3.0,0.0,0.0,-1.0,1100-1159,0.0,,0.0,125.0,122.0,90.0,1.0,666.0,3,,,0.0,,0.0,,,,0,,,,,,,,,,,,,,,,,,,,,,,,,,,,,,,,,,,,,,,,,,,,,N,0.0,0.0,8.0,10.0,4.0,4.0,36.0,44.0,8,11,4.0,0.0,36.0,44.0,4,4,1,1.0,0.0,N914DN,N914DN-DL-1,36.0,48.0,8.0,44.0,56.0,33.0,3.0,0.0,36,44,0.0,0.0
N914DU,734.0,2019,2,5,2,4,2019-05-02,DL,DL,19790,DL,2640,,,,,DL,19790,DL,2640,10693,1069302,30693,BNA,"Nashville, TN",TN,47,Tennessee,54,10397,1039707,30397,ATL,"Atlanta, GA",GA,13,Georgia,34,735,-1.0,0.0,0.0,-1.0,0700-0759,10.0,744.0,920.0,8.0,950,928.0,-22.0,0.0,0.0,-2.0,0900-0959,0.0,,0.0,75.0,54.0,36.0,1.0,214.0,1,,,0.0,,0.0,,,,0,,,,,,,,,,,,,,,,,,,,,,,,,,,,,,,,,,,,,,,,,,,,,N,4.0,0.0,7.0,9.0,2.0,2.0,34.0,38.0,7,9,2.0,3.0,34.0,39.0,7,7,0,0.0,0.0,N914DU,N914DU-DL-0,34.0,46.0,4.0,38.0,50.0,,,0.0,34,38,0.0,0.0
N914FJ,715.0,2019,2,5,2,4,2019-05-02,AA,AA_CODESHARE,19805,AA,5966,,,,,YV,20378,YV,5966,11298,1129806,30194,DFW,"Dallas/Fort Worth, TX",TX,48,Texas,74,15412,1541205,35412,TYS,"Knoxville, TN",TN,47,Tennessee,54,655,20.0,20.0,1.0,1.0,0600-0659,29.0,744.0,1021.0,3.0,1001,1024.0,23.0,23.0,1.0,1.0,1000-1059,0.0,,0.0,126.0,129.0,97.0,1.0,771.0,4,20.0,0.0,3.0,0.0,0.0,,,,0,,,,,,,,,,,,,,,,,,,,,,,,,,,,,,,,,,,,,,,,,,,,,N,4.0,0.0,7.0,10.0,1.0,2.0,33.0,42.0,6,10,4.0,0.0,32.0,40.0,2,2,0,0.0,0.0,N914FJ,N914FJ-AA-0,33.0,45.0,9.0,42.0,54.0,,,0.0,33,42,0.0,0.0
N914NN,629.0,2019,2,5,2,4,2019-05-02,AA,AA,19805,AA,2242,,,,,AA,19805,AA,2242,12478,1247805,31703,JFK,"New York, NY",NY,36,New York,22,11298,1129806,30194,DFW,"Dallas/Fort Worth, TX",TX,48,Texas,74,630,-1.0,0.0,0.0,-1.0,0600-0659,21.0,650.0,939.0,12.0,935,951.0,16.0,16.0,1.0,1.0,0900-0959,0.0,,0.0,245.0,262.0,229.0,1.0,1391.0,6,0.0,0.0,16.0,0.0,0.0,,,,0,,,,,,,,,,,,,,,,,,,,,,,,,,,,,,,,,,,,,,,,,,,,,N,0.0,4.0,6.0,9.0,2.0,3.0,26.0,43.0,6,9,2.0,2.0,26.0,42.0,3,3,0,0.0,0.0,N914NN,N914NN-AA-0,26.0,38.0,17.0,43.0,55.0,,,1.0,27,44,1.0,3.2
N914UY,825.0,2019,2,5,2,4,2019-05-02,AA,AA,19805,AA,1594,,,,,AA,19805,AA,1594,13930,1393007,30977,ORD,"Chicago, IL",IL,17,Illinois,41,14100,1410005,34100,PHL,"Philadelphia, PA",PA,42,Pennsylvania,23,830,-5.0,0.0,0.0,-1.0,0800-0859,39.0,904.0,1140.0,4.0,1132,1144.0,12.0,12.0,0.0,0.0,1100-1159,0.0,,0.0,122.0,139.0,96.0,1.0,678.0,3,,,0.0,,0.0,,,,0,,,,,,,,,,,,,,,,,,,,,,,,,,,,,,,,,,,,,,,,,,,,,N,4.0,0.0,8.0,11.0,2.0,3.0,38.0,47.0,8,11,2.0,2.0,38.0,46.0,5,5,0,0.0,0.0,N914UY,N914UY-AA-0,38.0,50.0,9.0,47.0,59.0,,,0.0,38,47,0.0,0.0
N914WN,700.0,2019,2,5,2,4,2019-05-02,WN,WN,19393,WN,441,,,,,WN,19393,WN,441,13232,1323202,30977,MDW,"Chicago, IL",IL,17,Illinois,41,15304,1530402,33195,TPA,"Tampa, FL",FL,12,Florida,33,700,0.0,0.0,0.0,0.0,0700-0759,13.0,713.0,1029.0,3.0,1030,1032.0,2.0,2.0,0.0,0.0,1000-1059,0.0,,0.0,150.0,152.0,136.0,1.0,997.0,4,,,0.0,,0.0,,,,0,,,,,,,,,,,,,,,,,,,,,,,,,,,,,,,,,,,,,,,,,,,,,N,4.0,0.0,7.0,10.0,0.0,2.0,32.0,42.0,7,10,0.0,2.0,32.0,42.0,6,6,0,0.0,0.0,N914WN,N914WN-WN-0,32.0,44.0,10.0,42.0,54.0,,,0.0,32,42,0.0,0.0
N914XJ,532.0,2019,2,5,2,4,2019-05-02,DL,DL_CODESHARE,19790,DL,5327,,,,,9E,20363,9E,5327,10408,1040805,30408,ATW,"Appleton, WI",WI,55,Wisconsin,45,10397,1039707,30397,ATL,"Atlanta, GA",GA,13,Georgia,34,545,-13.0,0.0,0.0,-1.0,0001-0559,13.0,545.0,834.0,8.0,904,842.0,-22.0,0.0,0.0,-2.0,0900-0959,0.0,,0.0,139.0,130.0,109.0,1.0,765.0,4,,,0.0,,0.0,,,,0,,,,,,,,,,,,,,,,,,,,,,,,,,,,,,,,,,,,,,,,,,,,,N,4.0,0.0,5.0,8.0,2.0,3.0,26.0,35.0,5,9,3.0,0.0,27.0,36.0,8,8,0,1.0,1.0,N914XJ,N914XJ-DL-0,27.0,38.0,9.0,36.0,47.0,,,0.0,27,36,0.0,0.0
N914XJ,939.0,2019,2,5,2,4,2019-05-02,DL,DL_CODESHARE,19790,DL,5002,,,,,9E,20363,9E,5002,10397,1039707,30397,ATL,"Atlanta, GA",GA,13,Georgia,34,14098,1409803,33667,PHF,"Newport News/Williamsburg, VA",VA,51,Virginia,38,944,-5.0,0.0,0.0,-1.0,0900-0959,20.0,959.0,1113.0,2.0,1126,1115.0,-11.0,0.0,0.0,-1.0,1100-1159,0.0,,0.0,102.0,96.0,74.0,1.0,508.0,3,,,0.0,,0.0,,,,0,,,,,,,,,,,,,,,,,,,,,,,,,,,,,,,,,,,,,,,,,,,,,N,0.0,0.0,9.0,11.0,3.0,1.0,39.0,45.0,9,11,3.0,2.0,39.0,46.0,8,8,1,1.0,0.0,N914XJ,N914XJ-DL-1,39.0,51.0,6.0,45.0,57.0,35.0,4.0,0.0,40,46,1.0,8.32
N915AN,656.0,2019,2,5,2,4,2019-05-02,AA,AA,19805,AA,1615,,,,,AA,19805,AA,1615,12339,1233904,32337,IND,"Indianapolis, IN",IN,18,Indiana,42,13930,1393007,30977,ORD,"Chicago, IL",IL,17,Illinois,41,706,-10.0,0.0,0.0,-1.0,0700-0759,19.0,715.0,659.0,16.0,729,715.0,-14.0,0.0,0.0,-1.0,0700-0759,0.0,,0.0,83.0,79.0,44.0,1.0,177.0,1,,,0.0,,0.0,,,,0,,,,,,,,,,,,,,,,,,,,,,,,,,,,,,,,,,,,,,,,,,,,,N,0.0,4.0,6.0,7.0,4.0,1.0,28.0,33.0,7,7,0.0,2.0,28.0,34.0,3,3,0,1.0,1.0,N915AN,N915AN-AA-0,28.0,40.0,5.0,33.0,45.0,,,0.0,28,34,1.0,3.32
N915AN,841.0,2019,2,5,2,4,2019-05-02,AA,AA,19805,AA,1121,,,,,AA,19805,AA,1121,13930,1393007,30977,ORD,"Chicago, IL",IL,17,Illinois,41,13204,1320402,31454,MCO,"Orlando, FL",FL,12,Florida,33,845,-4.0,0.0,0.0,-1.0,0800-0859,35.0,916.0,1228.0,6.0,1226,1234.0,8.0,8.0,0.0,0.0,1200-1259,0.0,,0.0,161.0,173.0,132.0,1.0,1005.0,5,,,0.0,,0.0,,,,0,,,,,,,,,,,,,,,,,,,,,,,,,,,,,,,,,,,,,,,,,,,,,N,4.0,0.0,8.0,12.0,3.0,2.0,39.0,50.0,8,12,3.0,2.0,39.0,50.0,7,7,1,1.0,0.0,N915AN,N915AN-AA-1,39.0,51.0,11.0,50.0,62.0,33.0,6.0,0.0,40,51,1.0,7.2
N915DE,701.0,2019,2,5,2,4,2019-05-02,DL,DL,19790,DL,2547,,,,,DL,19790,DL,2547,11995,1199502,31995,GSO,"Greensboro/High Point, NC",NC,37,North Carolina,36,10397,1039707,30397,ATL,"Atlanta, GA",GA,13,Georgia,34,700,1.0,1.0,0.0,0.0,0700-0759,19.0,720.0,811.0,10.0,820,821.0,1.0,1.0,0.0,0.0,0800-0859,0.0,,0.0,80.0,80.0,51.0,1.0,306.0,2,,,0.0,,0.0,,,,0,,,,,,,,,,,,,,,,,,,,,,,,,,,,,,,,,,,,,,,,,,,,,N,0.0,0.0,7.0,8.0,0.0,1.0,28.0,33.0,7,8,0.0,1.0,28.0,33.0,4,4,0,1.0,1.0,N915DE,N915DE-DL-0,28.0,40.0,5.0,33.0,45.0,,,0.0,28,33,0.0,0.0
N915DE,909.0,2019,2,5,2,4,2019-05-02,DL,DL,19790,DL,2146,,,,,DL,19790,DL,2146,10397,1039707,30397,ATL,"Atlanta, GA",GA,13,Georgia,34,14576,1457606,34576,ROC,"Rochester, NY",NY,36,New York,22,910,-1.0,0.0,0.0,-1.0,0900-0959,16.0,925.0,1105.0,3.0,1113,1108.0,-5.0,0.0,0.0,-1.0,1100-1159,0.0,,0.0,123.0,119.0,100.0,1.0,749.0,3,,,0.0,,0.0,,,,0,,,,,,,,,,,,,,,,,,,,,,,,,,,,,,,,,,,,,,,,,,,,,N,0.0,0.0,9.0,11.0,1.0,1.0,37.0,45.0,9,11,1.0,1.0,37.0,45.0,7,7,1,1.0,0.0,N915DE,N915DE-DL-1,37.0,49.0,8.0,45.0,57.0,33.0,4.0,0.0,37,45,0.0,0.0
N915DN,541.0,2019,2,5,2,4,2019-05-02,DL,DL,19790,DL,2641,,,,,DL,19790,DL,2641,10821,1082106,30852,BWI,"Baltimore, MD",MD,24,Maryland,35,10397,1039707,30397,ATL,"Atlanta, GA",GA,13,Georgia,34,540,1.0,1.0,0.0,0.0,0001-0559,16.0,557.0,723.0,7.0,729,730.0,1.0,1.0,0.0,0.0,0700-0759,0.0,,0.0,109.0,109.0,86.0,1.0,577.0,3,,,0.0,,0.0,,,,0,,,,,,,,,,,,,,,,,,,,,,,,,,,,,,,,,,,,,,,,,,,,,N,0.0,0.0,5.0,7.0,3.0,2.0,23.0,30.0,5,7,3.0,2.0,23.0,30.0,9,9,0,1.0,1.0,N915DN,N915DN-DL-0,23.0,35.0,7.0,30.0,42.0,,,0.0,23,30,0.0,0.0
N915DN,818.0,2019,2,5,2,4,2019-05-02,DL,DL,19790,DL,764,,,,,DL,19790,DL,764,10397,1039707,30397,ATL,"Atlanta, GA",GA,13,Georgia,34,13342,1334207,33342,MKE,"Milwaukee, WI",WI,55,Wisconsin,45,820,-2.0,0.0,0.0,-1.0,0800-0859,9.0,827.0,857.0,4.0,922,901.0,-21.0,0.0,0.0,-2.0,0900-0959,0.0,,0.0,122.0,103.0,90.0,1.0,669.0,3,,,0.0,,0.0,,,,0,,,,,,,,,,,,,,,,,,,,,,,,,,,,,,,,,,,,,,,,,,,,,N,0.0,4.0,8.0,9.0,1.0,0.0,33.0,40.0,8,9,1.0,1.0,33.0,41.0,5,5,1,1.0,0.0,N915DN,N915DN-DL-1,33.0,45.0,7.0,40.0,52.0,30.0,3.0,0.0,33,40,0.0,0.0
N915DU,844.0,2019,2,5,2,4,2019-05-02,DL,DL,19790,DL,1968,,,,,DL,19790,DL,1968,12478,1247805,31703,JFK,"New York, NY",NY,36,New York,22,10397,1039707,30397,ATL,"Atlanta, GA",GA,13,Georgia,34,845,-1.0,0.0,0.0,-1.0,0800-0859,22.0,906.0,1052.0,7.0,1117,1059.0,-18.0,0.0,0.0,-2.0,1100-1159,0.0,,0.0,152.0,135.0,106.0,1.0,760.0,4,,,0.0,,0.0,,,,0,,,,,,,,,,,,,,,,,,,,,,,,,,,,,,,,,,,,,,,,,,,,,N,0.0,0.0,8.0,10.0,3.0,4.0,35.0,44.0,8,11,3.0,1.0,35.0,45.0,2,2,0,0.0,0.0,N915DU,N915DU-DL-0,35.0,47.0,9.0,44.0,56.0,,,0.0,35,44,0.0,0.0
N915EV,819.0,2019,2,5,2,4,2019-05-02,DL,DL_CODESHARE,19790,DL,3960,,,,,OO,20304,OO,3960,11433,1143302,31295,DTW,"Detroit, MI",MI,26,Michigan,43,10980,1098002,30980,CHA,"Chattanooga, TN",TN,47,Tennessee,54,820,-1.0,0.0,0.0,-1.0,0800-0859,17.0,836.0,951.0,5.0,1005,956.0,-9.0,0.0,0.0,-1.0,1000-1059,0.0,,0.0,105.0,97.0,75.0,1.0,505.0,3,,,0.0,,0.0,,,,0,,,,,,,,,,,,,,,,,,,,,,,,,,,,,,,,,,,,,,,,,,,,,N,0.0,0.0,8.0,9.0,1.0,4.0,33.0,40.0,8,10,1.0,0.0,33.0,40.0,6,6,0,0.0,0.0,N915EV,N915EV-DL-0,33.0,45.0,7.0,40.0,52.0,,,0.0,33,40,0.0,0.0
N915FJ,719.0,2019,2,5,2,4,2019-05-02,AA,AA_CODESHARE,19805,AA,5952,,,,,YV,20378,YV,5952,14107,1410702,30466,PHX,"Phoenix, AZ",AZ,4,Arizona,81,14570,1457002,34570,RNO,"Reno, NV",NV,32,Nevada,85,720,-1.0,0.0,0.0,-1.0,0700-0759,36.0,755.0,926.0,5.0,921,931.0,10.0,10.0,0.0,0.0,0900-0959,0.0,,0.0,121.0,132.0,91.0,1.0,601.0,3,,,0.0,,0.0,,,,0,,,,,,,,,,,,,,,,,,,,,,,,,,,,,,,,,,,,,,,,,,,,,N,8.0,12.0,7.0,9.0,1.0,2.0,37.0,50.0,7,9,1.0,1.0,37.0,49.0,9,9,0,0.0,0.0,N915FJ,N915FJ-AA-0,37.0,49.0,13.0,50.0,62.0,,,0.0,37,50,0.0,0.0
N915NK,733.0,2019,2,5,2,4,2019-05-02,NK,NK,20416,NK,605,,,,,NK,20416,NK,605,11433,1143302,31295,DTW,"Detroit, MI",MI,26,Michigan,43,14635,1463502,31714,RSW,"Fort Myers, FL",FL,12,Florida,33,735,-2.0,0.0,0.0,-1.0,0700-0759,15.0,748.0,1011.0,6.0,1023,1017.0,-6.0,0.0,0.0,-1.0,1000-1059,0.0,,0.0,168.0,164.0,143.0,1.0,1084.0,5,,,0.0,,0.0,,,,0,,,,,,,,,,,,,,,,,,,,,,,,,,,,,,,,,,,,,,,,,,,,,N,0.0,0.0,7.0,10.0,2.0,1.0,30.0,41.0,7,10,2.0,2.0,30.0,42.0,2,2,0,0.0,0.0,N915NK,N915NK-NK-0,30.0,42.0,11.0,41.0,53.0,,,0.0,30,41,0.0,0.0
N915SW,731.0,2019,2,5,2,4,2019-05-02,UA,UA_CODESHARE,19977,UA,5390,,,,,OO,20304,OO,5390,13851,1385103,33851,OKC,"Oklahoma City, OK",OK,40,Oklahoma,73,11292,1129202,30325,DEN,"Denver, CO",CO,8,Colorado,82,740,-9.0,0.0,0.0,-1.0,0700-0759,10.0,741.0,759.0,6.0,826,805.0,-21.0,0.0,0.0,-2.0,0800-0859,0.0,,0.0,106.0,94.0,78.0,1.0,495.0,2,,,0.0,,0.0,,,,0,,,,,,,,,,,,,,,,,,,,,,,,,,,,,,,,,,,,,,,,,,,,,N,4.0,8.0,7.0,8.0,2.0,0.0,34.0,40.0,7,8,3.0,2.0,35.0,42.0,5,5,0,0.0,0.0,N915SW,N915SW-UA-0,35.0,46.0,6.0,41.0,52.0,,,0.0,35,41,0.0,0.0
N915US,712.0,2019,2,5,2,4,2019-05-02,AA,AA,19805,AA,2098,,,,,AA,19805,AA,2098,14100,1410005,34100,PHL,"Philadelphia, PA",PA,42,Pennsylvania,23,13930,1393007,30977,ORD,"Chicago, IL",IL,17,Illinois,41,720,-8.0,0.0,0.0,-1.0,0700-0759,14.0,726.0,815.0,30.0,848,845.0,-3.0,0.0,0.0,-1.0,0800-0859,0.0,,0.0,148.0,153.0,109.0,1.0,678.0,3,,,0.0,,0.0,,,,0,,,,,,,,,,,,,,,,,,,,,,,,,,,,,,,,,,,,,,,,,,,,,N,0.0,4.0,7.0,8.0,1.0,3.0,29.0,39.0,7,8,1.0,3.0,29.0,39.0,2,2,0,0.0,0.0,N915US,N915US-AA-0,29.0,41.0,10.0,39.0,51.0,,,0.0,31,42,3.0,8.06
N915WN,608.0,2019,2,5,2,4,2019-05-02,WN,WN,19393,WN,438,,,,,WN,19393,WN,438,13487,1348702,31650,MSP,"Minneapolis, MN",MN,27,Minnesota,63,13232,1323202,30977,MDW,"Chicago, IL",IL,17,Illinois,41,520,48.0,48.0,1.0,3.0,0001-0559,10.0,618.0,724.0,2.0,645,726.0,41.0,41.0,1.0,2.0,0600-0659,0.0,,0.0,85.0,78.0,66.0,1.0,349.0,2,0.0,0.0,41.0,0.0,0.0,,,,0,,,,,,,,,,,,,,,,,,,,,,,,,,,,,,,,,,,,,,,,,,,,,N,4.0,4.0,6.0,7.0,1.0,2.0,29.0,34.0,5,6,1.0,3.0,25.0,31.0,5,5,0,1.0,1.0,N915WN,N915WN-WN-0,26.0,41.0,5.0,31.0,46.0,,,3.0,26,31,0.0,0.0
N915WN,808.0,2019,2,5,2,4,2019-05-02,WN,WN,19393,WN,438,,,,,WN,19393,WN,438,13232,1323202,30977,MDW,"Chicago, IL",IL,17,Illinois,41,11259,1125904,30194,DAL,"Dallas, TX",TX,48,Texas,74,720,48.0,48.0,1.0,3.0,0700-0759,9.0,817.0,1038.0,9.0,940,1047.0,67.0,67.0,1.0,4.0,0900-0959,0.0,,0.0,140.0,159.0,141.0,1.0,793.0,4,7.0,0.0,19.0,0.0,41.0,,,,0,,,,,,,,,,,,,,,,,,,,,,,,,,,,,,,,,,,,,,,,,,,,,N,4.0,4.0,8.0,10.0,1.0,3.0,37.0,47.0,7,9,1.0,3.0,33.0,43.0,3,3,1,1.0,0.0,N915WN,N915WN-WN-1,33.0,49.0,10.0,43.0,59.0,34.0,3.0,4.0,33,43,0.0,0.0
N915XJ,525.0,2019,2,5,2,4,2019-05-02,DL,DL_CODESHARE,19790,DL,5070,,,,,9E,20363,9E,5070,10721,1072102,30721,BOS,"Boston, MA",MA,25,Massachusetts,13,12478,1247805,31703,JFK,"New York, NY",NY,36,New York,22,530,-5.0,0.0,0.0,-1.0,0001-0559,14.0,539.0,622.0,5.0,649,627.0,-22.0,0.0,0.0,-2.0,0600-0659,0.0,,0.0,79.0,62.0,43.0,1.0,187.0,1,,,0.0,,0.0,,,,0,,,,,,,,,,,,,,,,,,,,,,,,,,,,,,,,,,,,,,,,,,,,,N,0.0,0.0,5.0,6.0,2.0,2.0,22.0,26.0,5,6,2.0,3.0,22.0,27.0,2,2,0,1.0,1.0,N915XJ,N915XJ-DL-0,22.0,34.0,4.0,26.0,38.0,,,0.0,22,26,0.0,0.0
N915XJ,735.0,2019,2,5,2,4,2019-05-02,DL,DL_CODESHARE,19790,DL,5164,,,,,9E,20363,9E,5164,12478,1247805,31703,JFK,"New York, NY",NY,36,New York,22,14122,1412202,30198,PIT,"Pittsburgh, PA",PA,42,Pennsylvania,23,742,-7.0,0.0,0.0,-1.0,0700-0759,29.0,804.0,910.0,21.0,924,931.0,7.0,7.0,0.0,0.0,0900-0959,0.0,,0.0,102.0,116.0,66.0,1.0,340.0,2,,,0.0,,0.0,,,,0,,,,,,,,,,,,,,,,,,,,,,,,,,,,,,,,,,,,,,,,,,,,,N,0.0,0.0,7.0,9.0,2.0,2.0,30.0,38.0,7,9,3.0,2.0,31.0,38.0,9,9,1,1.0,0.0,N915XJ,N915XJ-DL-1,31.0,42.0,8.0,39.0,50.0,26.0,4.0,0.0,31,39,0.0,0.0
N916AN,456.0,2019,2,5,2,4,2019-05-02,AA,AA,19805,AA,1500,,,,,AA,19805,AA,1500,12478,1247805,31703,JFK,"New York, NY",NY,36,New York,22,11057,1105703,31057,CLT,"Charlotte, NC",NC,37,North Carolina,36,500,-4.0,0.0,0.0,-1.0,0001-0559,20.0,516.0,641.0,7.0,657,648.0,-9.0,0.0,0.0,-1.0,0600-0659,0.0,,0.0,117.0,112.0,85.0,1.0,541.0,3,,,0.0,,0.0,,,,0,,,,,,,,,,,,,,,,,,,,,,,,,,,,,,,,,,,,,,,,,,,,,N,0.0,0.0,4.0,6.0,4.0,3.0,20.0,27.0,5,6,0.0,4.0,20.0,28.0,6,6,0,1.0,1.0,N916AN,N916AN-AA-0,20.0,32.0,7.0,27.0,39.0,,,0.0,20,27,0.0,0.0
N916AN,802.0,2019,2,5,2,4,2019-05-02,AA,AA,19805,AA,1227,,,,,AA,19805,AA,1227,11057,1105703,31057,CLT,"Charlotte, NC",NC,37,North Carolina,36,10821,1082106,30852,BWI,"Baltimore, MD",MD,24,Maryland,35,803,-1.0,0.0,0.0,-1.0,0800-0859,18.0,820.0,926.0,7.0,937,933.0,-4.0,0.0,0.0,-1.0,0900-0959,0.0,,0.0,94.0,91.0,66.0,1.0,361.0,2,,,0.0,,0.0,,,,0,,,,,,,,,,,,,,,,,,,,,,,,,,,,,,,,,,,,,,,,,,,,,N,0.0,0.0,8.0,9.0,0.0,2.0,32.0,38.0,8,9,0.0,2.0,32.0,38.0,4,4,1,1.0,0.0,N916AN,N916AN-AA-1,32.0,44.0,6.0,38.0,50.0,27.0,5.0,0.0,32,39,1.0,4.32
N916DE,727.0,2019,2,5,2,4,2019-05-02,DL,DL,19790,DL,1836,,,,,DL,19790,DL,1836,10994,1099402,30994,CHS,"Charleston, SC",SC,45,South Carolina,37,10397,1039707,30397,ATL,"Atlanta, GA",GA,13,Georgia,34,730,-3.0,0.0,0.0,-1.0,0700-0759,15.0,742.0,826.0,12.0,842,838.0,-4.0,0.0,0.0,-1.0,0800-0859,0.0,,0.0,72.0,71.0,44.0,1.0,259.0,2,,,0.0,,0.0,,,,0,,,,,,,,,,,,,,,,,,,,,,,,,,,,,,,,,,,,,,,,,,,,,N,0.0,0.0,7.0,8.0,2.0,3.0,30.0,35.0,7,8,2.0,3.0,30.0,35.0,8,8,0,1.0,1.0,N916DE,N916DE-DL-0,30.0,42.0,5.0,35.0,47.0,,,0.0,30,35,0.0,0.0
N916DE,930.0,2019,2,5,2,4,2019-05-02,DL,DL,19790,DL,2990,,,,,DL,19790,DL,2990,10397,1039707,30397,ATL,"Atlanta, GA",GA,13,Georgia,34,14122,1412202,30198,PIT,"Pittsburgh, PA",PA,42,Pennsylvania,23,932,-2.0,0.0,0.0,-1.0,0900-0959,10.0,940.0,1054.0,7.0,1110,1101.0,-9.0,0.0,0.0,-1.0,1100-1159,0.0,,0.0,98.0,91.0,74.0,1.0,526.0,3,,,0.0,,0.0,,,,0,,,,,,,,,,,,,,,,,,,,,,,,,,,,,,,,,,,,,,,,,,,,,N,0.0,0.0,9.0,11.0,2.0,0.0,38.0,44.0,9,11,2.0,1.0,38.0,45.0,2,2,1,1.0,0.0,N916DE,N916DE-DL-1,38.0,50.0,6.0,44.0,56.0,35.0,3.0,0.0,38,44,0.0,0.0
N916DU,555.0,2019,2,5,2,4,2019-05-02,DL,DL,19790,DL,2197,,,,,DL,19790,DL,2197,11066,1106606,31066,CMH,"Columbus, OH",OH,39,Ohio,44,10397,1039707,30397,ATL,"Atlanta, GA",GA,13,Georgia,34,545,10.0,10.0,0.0,0.0,0001-0559,14.0,609.0,717.0,6.0,712,723.0,11.0,11.0,0.0,0.0,0700-0759,0.0,,0.0,87.0,88.0,68.0,1.0,447.0,2,,,0.0,,0.0,,,,0,,,,,,,,,,,,,,,,,,,,,,,,,,,,,,,,,,,,,,,,,,,,,N,0.0,0.0,5.0,7.0,4.0,2.0,24.0,30.0,5,7,3.0,1.0,23.0,29.0,7,7,0,1.0,1.0,N916DU,N916DU-DL-0,24.0,36.0,6.0,30.0,42.0,,,0.0,24,30,0.0,0.0
N916DU,819.0,2019,2,5,2,4,2019-05-02,DL,DL,19790,DL,1134,,,,,DL,19790,DL,1134,10397,1039707,30397,ATL,"Atlanta, GA",GA,13,Georgia,34,14027,1402702,34027,PBI,"West Palm Beach/Palm Beach, FL",FL,12,Florida,33,815,4.0,4.0,0.0,0.0,0800-0859,11.0,830.0,950.0,8.0,1003,958.0,-5.0,0.0,0.0,-1.0,1000-1059,0.0,,0.0,108.0,99.0,80.0,1.0,545.0,3,,,0.0,,0.0,,,,0,,,,,,,,,,,,,,,,,,,,,,,,,,,,,,,,,,,,,,,,,,,,,N,0.0,0.0,8.0,9.0,1.0,4.0,33.0,40.0,8,10,1.0,0.0,33.0,40.0,1,1,1,1.0,0.0,N916DU,N916DU-DL-1,33.0,45.0,7.0,40.0,52.0,30.0,3.0,0.0,33,40,0.0,0.0
N916EV,615.0,2019,2,5,2,4,2019-05-02,DL,DL_CODESHARE,19790,DL,7376,,,,,OO,20304,OO,7376,10779,1077902,30779,BTM,"Butte, MT",MT,30,Montana,84,14869,1486903,34614,SLC,"Salt Lake City, UT",UT,49,Utah,87,620,-5.0,0.0,0.0,-1.0,0600-0659,25.0,640.0,732.0,14.0,737,746.0,9.0,9.0,0.0,0.0,0700-0759,0.0,,0.0,77.0,91.0,52.0,1.0,358.0,2,,,0.0,,0.0,,,,0,,,,,,,,,,,,,,,,,,,,,,,,,,,,,,,,,,,,,,,,,,,,,N,8.0,8.0,6.0,7.0,1.0,3.0,33.0,39.0,6,7,1.0,2.0,33.0,38.0,2,2,0,0.0,0.0,N916EV,N916EV-DL-0,33.0,45.0,6.0,39.0,51.0,,,0.0,33,39,0.0,0.0
N916FJ,558.0,2019,2,5,2,4,2019-05-02,AA,AA_CODESHARE,19805,AA,5813,,,,,YV,20378,YV,5813,11638,1163807,31638,FAT,"Fresno, CA",CA,6,California,91,14107,1410702,30466,PHX,"Phoenix, AZ",AZ,4,Arizona,81,605,-7.0,0.0,0.0,-1.0,0600-0659,10.0,608.0,731.0,21.0,748,752.0,4.0,4.0,0.0,0.0,0700-0759,0.0,,0.0,103.0,114.0,83.0,1.0,493.0,2,,,0.0,,0.0,,,,0,,,,,,,,,,,,,,,,,,,,,,,,,,,,,,,,,,,,,,,,,,,,,N,12.0,8.0,5.0,7.0,4.0,3.0,36.0,39.0,6,7,0.0,3.0,36.0,39.0,9,9,0,0.0,0.0,N916FJ,N916FJ-AA-0,36.0,48.0,3.0,39.0,51.0,,,0.0,36,39,0.0,0.0
N916NN,801.0,2019,2,5,2,4,2019-05-02,AA,AA,19805,AA,2327,,,,,AA,19805,AA,2327,10423,1042302,30423,AUS,"Austin, TX",TX,48,Texas,74,13930,1393007,30977,ORD,"Chicago, IL",IL,17,Illinois,41,802,-1.0,0.0,0.0,-1.0,0800-0859,15.0,816.0,1038.0,16.0,1044,1054.0,10.0,10.0,0.0,0.0,1000-1059,0.0,,0.0,162.0,173.0,142.0,1.0,977.0,4,,,0.0,,0.0,,,,0,,,,,,,,,,,,,,,,,,,,,,,,,,,,,,,,,,,,,,,,,,,,,N,4.0,4.0,8.0,10.0,0.0,4.0,36.0,48.0,8,10,0.0,3.0,36.0,47.0,5,5,0,0.0,0.0,N916NN,N916NN-AA-0,36.0,48.0,12.0,48.0,60.0,,,0.0,36,48,0.0,0.0
N916SW,627.0,2019,2,5,2,4,2019-05-02,UA,UA_CODESHARE,19977,UA,5085,,,,,OO,20304,OO,5085,13184,1318403,33184,MBS,"Saginaw/Bay City/Midland, MI",MI,26,Michigan,43,13930,1393007,30977,ORD,"Chicago, IL",IL,17,Illinois,41,634,-7.0,0.0,0.0,-1.0,0600-0659,9.0,636.0,630.0,4.0,705,634.0,-31.0,0.0,0.0,-2.0,0700-0759,0.0,,0.0,91.0,67.0,54.0,1.0,222.0,1,,,0.0,,0.0,,,,0,,,,,,,,,,,,,,,,,,,,,,,,,,,,,,,,,,,,,,,,,,,,,N,0.0,4.0,6.0,6.0,2.0,2.0,26.0,30.0,6,7,2.0,0.0,26.0,32.0,7,7,0,1.0,1.0,N916SW,N916SW-UA-0,26.0,38.0,4.0,30.0,42.0,,,0.0,26,30,0.0,0.0
N916SW,749.0,2019,2,5,2,4,2019-05-02,UA,UA_CODESHARE,19977,UA,5778,,,,,OO,20304,OO,5778,13930,1393007,30977,ORD,"Chicago, IL",IL,17,Illinois,41,10693,1069302,30693,BNA,"Nashville, TN",TN,47,Tennessee,54,750,-1.0,0.0,0.0,-1.0,0700-0759,47.0,836.0,941.0,5.0,931,946.0,15.0,15.0,1.0,1.0,0900-0959,0.0,,0.0,101.0,117.0,65.0,1.0,409.0,2,0.0,0.0,15.0,0.0,0.0,,,,0,,,,,,,,,,,,,,,,,,,,,,,,,,,,,,,,,,,,,,,,,,,,,N,4.0,4.0,7.0,9.0,3.0,3.0,35.0,43.0,7,9,3.0,2.0,35.0,42.0,9,9,1,1.0,0.0,N916SW,N916SW-UA-1,35.0,47.0,8.0,43.0,55.0,30.0,5.0,1.0,35,43,0.0,0.0
N916US,824.0,2019,2,5,2,4,2019-05-02,AA,AA,19805,AA,1620,,,,,AA,19805,AA,1620,14100,1410005,34100,PHL,"Philadelphia, PA",PA,42,Pennsylvania,23,10721,1072102,30721,BOS,"Boston, MA",MA,25,Massachusetts,13,830,-6.0,0.0,0.0,-1.0,0800-0859,29.0,853.0,939.0,12.0,1005,951.0,-14.0,0.0,0.0,-1.0,1000-1059,0.0,,0.0,95.0,87.0,46.0,1.0,280.0,2,,,0.0,,0.0,,,,0,,,,,,,,,,,,,,,,,,,,,,,,,,,,,,,,,,,,,,,,,,,,,N,0.0,0.0,8.0,9.0,2.0,3.0,34.0,39.0,8,10,2.0,0.0,34.0,40.0,4,4,0,0.0,0.0,N916US,N916US-AA-0,34.0,46.0,5.0,39.0,51.0,,,0.0,35,42,3.0,14.52
N916XJ,816.0,2019,2,5,2,4,2019-05-02,DL,DL_CODESHARE,19790,DL,5502,,,,,9E,20363,9E,5502,10980,1098002,30980,CHA,"Chattanooga, TN",TN,47,Tennessee,54,10397,1039707,30397,ATL,"Atlanta, GA",GA,13,Georgia,34,825,-9.0,0.0,0.0,-1.0,0800-0859,25.0,841.0,906.0,11.0,920,917.0,-3.0,0.0,0.0,-1.0,0900-0959,0.0,,0.0,55.0,61.0,25.0,1.0,106.0,1,,,0.0,,0.0,,,,0,,,,,,,,,,,,,,,,,,,,,,,,,,,,,,,,,,,,,,,,,,,,,N,0.0,0.0,8.0,9.0,1.0,1.0,33.0,37.0,8,9,2.0,1.0,34.0,37.0,8,8,0,0.0,0.0,N916XJ,N916XJ-DL-0,34.0,45.0,4.0,38.0,49.0,,,0.0,34,38,0.0,0.0
N917AN,627.0,2019,2,5,2,4,2019-05-02,AA,AA,19805,AA,1487,,,,,AA,19805,AA,1487,12478,1247805,31703,JFK,"New York, NY",NY,36,New York,22,14107,1410702,30466,PHX,"Phoenix, AZ",AZ,4,Arizona,81,630,-3.0,0.0,0.0,-1.0,0600-0659,25.0,652.0,928.0,6.0,919,934.0,15.0,15.0,1.0,1.0,0900-0959,0.0,,0.0,349.0,367.0,336.0,1.0,2153.0,9,0.0,0.0,15.0,0.0,0.0,,,,0,,,,,,,,,,,,,,,,,,,,,,,,,,,,,,,,,,,,,,,,,,,,,N,0.0,8.0,6.0,9.0,2.0,2.0,26.0,46.0,6,9,2.0,1.0,26.0,45.0,5,5,0,0.0,0.0,N917AN,N917AN-AA-0,26.0,38.0,20.0,46.0,58.0,,,1.0,26,46,0.0,0.0
N917DL,554.0,2019,2,5,2,4,2019-05-02,DL,DL,19790,DL,2004,,,,,DL,19790,DL,2004,13577,1357702,31135,MYR,"Myrtle Beach, SC",SC,45,South Carolina,37,10397,1039707,30397,ATL,"Atlanta, GA",GA,13,Georgia,34,600,-6.0,0.0,0.0,-1.0,0600-0659,10.0,604.0,657.0,6.0,719,703.0,-16.0,0.0,0.0,-2.0,0700-0759,0.0,,0.0,79.0,69.0,53.0,1.0,317.0,2,,,0.0,,0.0,,,,0,,,,,,,,,,,,,,,,,,,,,,,,,,,,,,,,,,,,,,,,,,,,,N,0.0,0.0,5.0,7.0,4.0,0.0,24.0,28.0,6,7,0.0,1.0,24.0,29.0,5,5,0,1.0,1.0,N917DL,N917DL-DL-0,24.0,36.0,4.0,28.0,40.0,,,0.0,24,28,0.0,0.0
N917DL,808.0,2019,2,5,2,4,2019-05-02,DL,DL,19790,DL,644,,,,,DL,19790,DL,644,10397,1039707,30397,ATL,"Atlanta, GA",GA,13,Georgia,34,10994,1099402,30994,CHS,"Charleston, SC",SC,45,South Carolina,37,810,-2.0,0.0,0.0,-1.0,0800-0859,9.0,817.0,856.0,4.0,921,900.0,-21.0,0.0,0.0,-2.0,0900-0959,0.0,,0.0,71.0,52.0,39.0,1.0,259.0,2,,,0.0,,0.0,,,,0,,,,,,,,,,,,,,,,,,,,,,,,,,,,,,,,,,,,,,,,,,,,,N,0.0,0.0,8.0,9.0,1.0,0.0,33.0,36.0,8,9,1.0,1.0,33.0,37.0,4,4,1,1.0,0.0,N917DL,N917DL-DL-1,33.0,45.0,3.0,36.0,48.0,28.0,5.0,0.0,33,36,0.0,0.0
N917DN,558.0,2019,2,5,2,4,2019-05-02,DL,DL,19790,DL,1923,,,,,DL,19790,DL,1923,11252,1125203,31252,DAB,"Daytona Beach, FL",FL,12,Florida,33,10397,1039707,30397,ATL,"Atlanta, GA",GA,13,Georgia,34,600,-2.0,0.0,0.0,-1.0,0600-0659,15.0,613.0,713.0,7.0,720,720.0,0.0,0.0,0.0,0.0,0700-0759,0.0,,0.0,80.0,82.0,60.0,1.0,366.0,2,,,0.0,,0.0,,,,0,,,,,,,,,,,,,,,,,,,,,,,,,,,,,,,,,,,,,,,,,,,,,N,0.0,0.0,5.0,7.0,4.0,1.0,24.0,29.0,6,7,0.0,1.0,24.0,29.0,2,2,0,1.0,1.0,N917DN,N917DN-DL-0,24.0,36.0,5.0,29.0,41.0,,,0.0,24,29,0.0,0.0
N917DN,809.0,2019,2,5,2,4,2019-05-02,DL,DL,19790,DL,2309,,,,,DL,19790,DL,2309,10397,1039707,30397,ATL,"Atlanta, GA",GA,13,Georgia,34,15016,1501606,31123,STL,"St. Louis, MO",MO,29,Missouri,64,810,-1.0,0.0,0.0,-1.0,0800-0859,13.0,822.0,851.0,5.0,848,856.0,8.0,8.0,0.0,0.0,0800-0859,0.0,,0.0,98.0,107.0,89.0,1.0,484.0,2,,,0.0,,0.0,,,,0,,,,,,,,,,,,,,,,,,,,,,,,,,,,,,,,,,,,,,,,,,,,,N,0.0,4.0,8.0,8.0,1.0,4.0,33.0,40.0,8,8,1.0,3.0,33.0,39.0,6,6,1,1.0,0.0,N917DN,N917DN-DL-1,33.0,45.0,7.0,40.0,52.0,29.0,4.0,0.0,33,40,0.0,0.0
N917DU,711.0,2019,2,5,2,4,2019-05-02,DL,DL,19790,DL,1146,,,,,DL,19790,DL,1146,11252,1125203,31252,DAB,"Daytona Beach, FL",FL,12,Florida,33,10397,1039707,30397,ATL,"Atlanta, GA",GA,13,Georgia,34,715,-4.0,0.0,0.0,-1.0,0700-0759,13.0,724.0,822.0,10.0,841,832.0,-9.0,0.0,0.0,-1.0,0800-0859,0.0,,0.0,86.0,81.0,58.0,1.0,366.0,2,,,0.0,,0.0,,,,0,,,,,,,,,,,,,,,,,,,,,,,,,,,,,,,,,,,,,,,,,,,,,N,0.0,0.0,7.0,8.0,1.0,2.0,29.0,34.0,7,8,1.0,3.0,29.0,35.0,7,7,0,1.0,1.0,N917DU,N917DU-DL-0,29.0,41.0,5.0,34.0,46.0,,,0.0,29,34,0.0,0.0
N917DU,936.0,2019,2,5,2,4,2019-05-02,DL,DL,19790,DL,845,,,,,DL,19790,DL,845,10397,1039707,30397,ATL,"Atlanta, GA",GA,13,Georgia,34,14027,1402702,34027,PBI,"West Palm Beach/Palm Beach, FL",FL,12,Florida,33,940,-4.0,0.0,0.0,-1.0,0900-0959,8.0,944.0,1108.0,3.0,1131,1111.0,-20.0,0.0,0.0,-2.0,1100-1159,0.0,,0.0,111.0,95.0,84.0,1.0,545.0,3,,,0.0,,0.0,,,,0,,,,,,,,,,,,,,,,,,,,,,,,,,,,,,,,,,,,,,,,,,,,,N,0.0,0.0,9.0,11.0,2.0,1.0,38.0,45.0,9,11,3.0,2.0,39.0,46.0,1,1,1,1.0,0.0,N917DU,N917DU-DL-1,39.0,50.0,7.0,46.0,57.0,34.0,4.0,0.0,39,46,0.0,0.0
N917EV,555.0,2019,2,5,2,4,2019-05-02,DL,DL_CODESHARE,19790,DL,3823,,,,,OO,20304,OO,3823,13422,1342202,30562,MOB,"Mobile, AL",AL,1,Alabama,51,10397,1039707,30397,ATL,"Atlanta, GA",GA,13,Georgia,34,600,-5.0,0.0,0.0,-1.0,0600-0659,25.0,620.0,810.0,8.0,819,818.0,-1.0,0.0,0.0,-1.0,0800-0859,0.0,,0.0,79.0,83.0,50.0,1.0,302.0,2,,,0.0,,0.0,,,,0,,,,,,,,,,,,,,,,,,,,,,,,,,,,,,,,,,,,,,,,,,,,,N,4.0,0.0,5.0,8.0,4.0,1.0,28.0,33.0,6,8,0.0,1.0,28.0,33.0,9,9,0,1.0,1.0,N917EV,N917EV-DL-0,28.0,40.0,5.0,33.0,45.0,,,0.0,28,33,0.0,0.0
N917EV,936.0,2019,2,5,2,4,2019-05-02,DL,DL_CODESHARE,19790,DL,4806,,,,,OO,20304,OO,4806,10397,1039707,30397,ATL,"Atlanta, GA",GA,13,Georgia,34,11146,1114607,31146,CRW,"Charleston/Dunbar, WV",WV,54,West Virginia,39,941,-5.0,0.0,0.0,-1.0,0900-0959,17.0,953.0,1051.0,2.0,1107,1053.0,-14.0,0.0,0.0,-1.0,1100-1159,0.0,,0.0,86.0,77.0,58.0,1.0,363.0,2,,,0.0,,0.0,,,,0,,,,,,,,,,,,,,,,,,,,,,,,,,,,,,,,,,,,,,,,,,,,,N,0.0,0.0,9.0,10.0,2.0,4.0,38.0,44.0,9,11,3.0,0.0,39.0,44.0,9,9,1,1.0,0.0,N917EV,N917EV-DL-1,39.0,50.0,6.0,45.0,56.0,33.0,5.0,0.0,39,45,0.0,0.0
N917UY,508.0,2019,2,5,2,4,2019-05-02,AA,AA,19805,AA,459,,,,,AA,19805,AA,459,14747,1474703,30559,SEA,"Seattle, WA",WA,53,Washington,93,14107,1410702,30466,PHX,"Phoenix, AZ",AZ,4,Arizona,81,510,-2.0,0.0,0.0,-1.0,0001-0559,14.0,522.0,739.0,5.0,803,744.0,-19.0,0.0,0.0,-2.0,0800-0859,0.0,,0.0,173.0,156.0,137.0,1.0,1107.0,5,,,0.0,,0.0,,,,0,,,,,,,,,,,,,,,,,,,,,,,,,,,,,,,,,,,,,,,,,,,,,N,12.0,8.0,5.0,7.0,1.0,3.0,33.0,39.0,5,8,1.0,0.0,33.0,40.0,8,8,0,0.0,0.0,N917UY,N917UY-AA-0,33.0,45.0,6.0,39.0,51.0,,,0.0,33,39,0.0,0.0
N917XJ,658.0,2019,2,5,2,4,2019-05-02,DL,DL_CODESHARE,19790,DL,3451,,,,,9E,20363,9E,3451,11193,1119302,33105,CVG,"Cincinnati, OH",KY,21,Kentucky,52,10721,1072102,30721,BOS,"Boston, MA",MA,25,Massachusetts,13,700,-2.0,0.0,0.0,-1.0,0700-0759,8.0,706.0,847.0,11.0,906,858.0,-8.0,0.0,0.0,-1.0,0900-0959,0.0,,0.0,126.0,120.0,101.0,1.0,752.0,4,,,0.0,,0.0,,,,0,,,,,,,,,,,,,,,,,,,,,,,,,,,,,,,,,,,,,,,,,,,,,N,0.0,0.0,6.0,8.0,4.0,4.0,28.0,36.0,7,9,0.0,0.0,28.0,36.0,4,4,0,1.0,1.0,N917XJ,N917XJ-DL-0,28.0,40.0,8.0,36.0,48.0,,,0.0,28,36,0.0,0.0
N917XJ,941.0,2019,2,5,2,4,2019-05-02,DL,DL_CODESHARE,19790,DL,5498,,,,,9E,20363,9E,5498,10721,1072102,30721,BOS,"Boston, MA",MA,25,Massachusetts,13,12478,1247805,31703,JFK,"New York, NY",NY,36,New York,22,946,-5.0,0.0,0.0,-1.0,0900-0959,33.0,1014.0,1057.0,5.0,1106,1102.0,-4.0,0.0,0.0,-1.0,1100-1159,0.0,,0.0,80.0,81.0,43.0,1.0,187.0,1,,,0.0,,0.0,,,,0,,,,,,,,,,,,,,,,,,,,,,,,,,,,,,,,,,,,,,,,,,,,,N,0.0,0.0,9.0,11.0,3.0,0.0,39.0,44.0,9,11,3.0,0.0,39.0,44.0,8,8,1,1.0,0.0,N917XJ,N917XJ-DL-1,39.0,51.0,5.0,44.0,56.0,36.0,3.0,0.0,42,47,3.0,26.08
N918AE,611.0,2019,2,5,2,4,2019-05-02,AA,AA_CODESHARE,19805,AA,4107,,,,,MQ,20398,MQ,4107,11274,1127402,31274,DBQ,"Dubuque, IA",IA,19,Iowa,61,13930,1393007,30977,ORD,"Chicago, IL",IL,17,Illinois,41,612,-1.0,0.0,0.0,-1.0,0600-0659,14.0,625.0,657.0,19.0,725,716.0,-9.0,0.0,0.0,-1.0,0700-0759,0.0,,0.0,73.0,65.0,32.0,1.0,147.0,1,,,0.0,,0.0,,,,0,,,,,,,,,,,,,,,,,,,,,,,,,,,,,,,,,,,,,,,,,,,,,N,4.0,4.0,6.0,7.0,1.0,1.0,29.0,33.0,6,7,1.0,2.0,29.0,34.0,6,6,0,1.0,1.0,N918AE,N918AE-AA-0,29.0,41.0,4.0,33.0,45.0,,,0.0,29,33,0.0,0.0
N918AE,827.0,2019,2,5,2,4,2019-05-02,AA,AA_CODESHARE,19805,AA,4186,,,,,MQ,20398,MQ,4186,13930,1393007,30977,ORD,"Chicago, IL",IL,17,Illinois,41,11977,1197705,31977,GRB,"Green Bay, WI",WI,55,Wisconsin,45,835,-8.0,0.0,0.0,-1.0,0800-0859,27.0,854.0,925.0,3.0,932,928.0,-4.0,0.0,0.0,-1.0,0900-0959,0.0,,0.0,57.0,61.0,31.0,1.0,174.0,1,,,0.0,,0.0,,,,0,,,,,,,,,,,,,,,,,,,,,,,,,,,,,,,,,,,,,,,,,,,,,N,4.0,4.0,8.0,9.0,2.0,2.0,38.0,42.0,8,9,2.0,2.0,38.0,42.0,1,1,1,1.0,0.0,N918AE,N918AE-AA-1,38.0,50.0,4.0,42.0,54.0,33.0,5.0,0.0,38,42,0.0,0.0
N918AN,722.0,2019,2,5,2,4,2019-05-02,AA,AA,19805,AA,796,,,,,AA,19805,AA,796,15376,1537604,30436,TUS,"Tucson, AZ",AZ,4,Arizona,81,11298,1129806,30194,DFW,"Dallas/Fort Worth, TX",TX,48,Texas,74,719,3.0,3.0,0.0,0.0,0700-0759,9.0,731.0,1110.0,34.0,1130,1144.0,14.0,14.0,0.0,0.0,1100-1159,0.0,,0.0,131.0,142.0,99.0,1.0,813.0,4,,,0.0,,0.0,,,,0,,,,,,,,,,,,,,,,,,,,,,,,,,,,,,,,,,,,,,,,,,,,,N,8.0,4.0,7.0,11.0,1.0,3.0,37.0,51.0,7,11,1.0,2.0,37.0,50.0,5,5,0,0.0,0.0,N918AN,N918AN-AA-0,37.0,49.0,14.0,51.0,63.0,,,0.0,37,51,0.0,0.0
N918DE,751.0,2019,2,5,2,4,2019-05-02,DL,DL,19790,DL,1746,,,,,DL,19790,DL,1746,10397,1039707,30397,ATL,"Atlanta, GA",GA,13,Georgia,34,13303,1330303,32467,MIA,"Miami, FL",FL,12,Florida,33,725,26.0,26.0,1.0,1.0,0700-0759,12.0,803.0,933.0,8.0,919,941.0,22.0,22.0,1.0,1.0,0900-0959,0.0,,0.0,114.0,110.0,90.0,1.0,594.0,3,22.0,0.0,0.0,0.0,0.0,,,,0,,,,,,,,,,,,,,,,,,,,,,,,,,,,,,,,,,,,,,,,,,,,,N,0.0,0.0,7.0,9.0,3.0,3.0,31.0,39.0,7,9,2.0,1.0,30.0,37.0,8,8,0,0.0,0.0,N918DE,N918DE-DL-0,31.0,43.0,8.0,39.0,51.0,,,0.0,31,39,0.0,0.0
N918DH,1156.0,2019,2,5,2,4,2019-05-02,DL,DL,19790,DL,2530,,,,,DL,19790,DL,2530,11042,1104205,30647,CLE,"Cleveland, OH",OH,39,Ohio,44,10397,1039707,30397,ATL,"Atlanta, GA",GA,13,Georgia,34,705,291.0,291.0,1.0,12.0,0700-0759,13.0,1209.0,1332.0,6.0,856,1338.0,282.0,282.0,1.0,12.0,0800-0859,0.0,,0.0,111.0,102.0,83.0,1.0,554.0,3,282.0,0.0,0.0,0.0,0.0,,,,0,,,,,,,,,,,,,,,,,,,,,,,,,,,,,,,,,,,,,,,,,,,,,N,0.0,0.0,11.0,13.0,4.0,3.0,48.0,55.0,7,8,0.0,4.0,28.0,36.0,6,6,0,0.0,0.0,N918DH,N918DH-DL-0,48.0,60.0,7.0,55.0,67.0,,,0.0,48,55,0.0,0.0
N918DU,757.0,2019,2,5,2,4,2019-05-02,DL,DL,19790,DL,1252,,,,,DL,19790,DL,1252,13931,1393102,33667,ORF,"Norfolk, VA",VA,51,Virginia,38,10397,1039707,30397,ATL,"Atlanta, GA",GA,13,Georgia,34,800,-3.0,0.0,0.0,-1.0,0800-0859,9.0,806.0,927.0,7.0,950,934.0,-16.0,0.0,0.0,-2.0,0900-0959,0.0,,0.0,110.0,97.0,81.0,1.0,516.0,3,,,0.0,,0.0,,,,0,,,,,,,,,,,,,,,,,,,,,,,,,,,,,,,,,,,,,,,,,,,,,N,0.0,0.0,7.0,9.0,4.0,2.0,32.0,38.0,8,9,0.0,3.0,32.0,39.0,1,1,0,0.0,0.0,N918DU,N918DU-DL-0,32.0,44.0,6.0,38.0,50.0,,,0.0,32,38,0.0,0.0
N918FJ,457.0,2019,2,5,2,4,2019-05-02,AA,AA_CODESHARE,19805,AA,5747,,,,,YV,20378,YV,5747,12896,1289607,32896,LBB,"Lubbock, TX",TX,48,Texas,74,11298,1129806,30194,DFW,"Dallas/Fort Worth, TX",TX,48,Texas,74,501,-4.0,0.0,0.0,-1.0,0001-0559,13.0,510.0,555.0,5.0,610,600.0,-10.0,0.0,0.0,-1.0,0600-0659,0.0,,0.0,69.0,63.0,45.0,1.0,282.0,2,,,0.0,,0.0,,,,0,,,,,,,,,,,,,,,,,,,,,,,,,,,,,,,,,,,,,,,,,,,,,N,4.0,4.0,4.0,6.0,4.0,0.0,24.0,28.0,5,6,0.0,1.0,24.0,29.0,6,6,0,1.0,1.0,N918FJ,N918FJ-AA-0,24.0,36.0,4.0,28.0,40.0,,,0.0,24,28,0.0,0.0
N918FJ,710.0,2019,2,5,2,4,2019-05-02,AA,AA_CODESHARE,19805,AA,5987,,,,,YV,20378,YV,5987,11298,1129806,30194,DFW,"Dallas/Fort Worth, TX",TX,48,Texas,74,10140,1014005,30140,ABQ,"Albuquerque, NM",NM,35,New Mexico,86,710,0.0,0.0,0.0,0.0,0700-0759,20.0,730.0,754.0,4.0,804,758.0,-6.0,0.0,0.0,-1.0,0800-0859,0.0,,0.0,114.0,108.0,84.0,1.0,569.0,3,,,0.0,,0.0,,,,0,,,,,,,,,,,,,,,,,,,,,,,,,,,,,,,,,,,,,,,,,,,,,N,4.0,8.0,7.0,7.0,1.0,4.0,33.0,40.0,7,8,1.0,0.0,33.0,40.0,9,9,1,1.0,0.0,N918FJ,N918FJ-AA-1,33.0,45.0,7.0,40.0,52.0,28.0,5.0,0.0,33,40,0.0,0.0
N918NN,737.0,2019,2,5,2,4,2019-05-02,AA,AA,19805,AA,1583,,,,,AA,19805,AA,1583,11066,1106606,31066,CMH,"Columbus, OH",OH,39,Ohio,44,11298,1129806,30194,DFW,"Dallas/Fort Worth, TX",TX,48,Texas,74,740,-3.0,0.0,0.0,-1.0,0700-0759,13.0,750.0,911.0,9.0,938,920.0,-18.0,0.0,0.0,-2.0,0900-0959,0.0,,0.0,178.0,163.0,141.0,1.0,926.0,4,,,0.0,,0.0,,,,0,,,,,,,,,,,,,,,,,,,,,,,,,,,,,,,,,,,,,,,,,,,,,N,0.0,4.0,7.0,9.0,2.0,1.0,30.0,41.0,7,9,3.0,3.0,31.0,43.0,8,8,0,0.0,0.0,N918NN,N918NN-AA-0,31.0,42.0,11.0,42.0,53.0,,,0.0,31,42,0.0,0.0
N918US,456.0,2019,2,5,2,4,2019-05-02,AA,AA,19805,AA,1765,,,,,AA,19805,AA,1765,13930,1393007,30977,ORD,"Chicago, IL",IL,17,Illinois,41,14107,1410702,30466,PHX,"Phoenix, AZ",AZ,4,Arizona,81,500,-4.0,0.0,0.0,-1.0,0001-0559,18.0,514.0,643.0,6.0,646,649.0,3.0,3.0,0.0,0.0,0600-0659,0.0,,0.0,226.0,233.0,209.0,1.0,1440.0,6,,,0.0,,0.0,,,,0,,,,,,,,,,,,,,,,,,,,,,,,,,,,,,,,,,,,,,,,,,,,,N,4.0,8.0,4.0,6.0,4.0,3.0,24.0,35.0,5,6,0.0,3.0,24.0,35.0,3,3,0,0.0,0.0,N918US,N918US-AA-0,24.0,36.0,11.0,35.0,47.0,,,0.0,24,35,0.0,0.0
N918WN,800.0,2019,2,5,2,4,2019-05-02,WN,WN,19393,WN,1105,,,,,WN,19393,WN,1105,10792,1079206,30792,BUF,"Buffalo, NY",NY,36,New York,22,11697,1169706,32467,FLL,"Fort Lauderdale, FL",FL,12,Florida,33,800,0.0,0.0,0.0,0.0,0800-0859,11.0,811.0,1047.0,17.0,1100,1104.0,4.0,4.0,0.0,0.0,1100-1159,0.0,,0.0,180.0,184.0,156.0,1.0,1166.0,5,,,0.0,,0.0,,,,0,,,,,,,,,,,,,,,,,,,,,,,,,,,,,,,,,,,,,,,,,,,,,N,0.0,0.0,8.0,11.0,0.0,0.0,32.0,44.0,8,11,0.0,0.0,32.0,44.0,9,9,0,0.0,0.0,N918WN,N918WN-WN-0,32.0,44.0,12.0,44.0,56.0,,,0.0,32,44,0.0,0.0
N918XJ,601.0,2019,2,5,2,4,2019-05-02,DL,DL_CODESHARE,19790,DL,3390,,,,,9E,20363,9E,3390,15919,1591904,31834,XNA,"Fayetteville, AR",AR,5,Arkansas,71,13487,1348702,31650,MSP,"Minneapolis, MN",MN,27,Minnesota,63,605,-4.0,0.0,0.0,-1.0,0600-0659,17.0,618.0,738.0,4.0,804,742.0,-22.0,0.0,0.0,-2.0,0800-0859,0.0,,0.0,119.0,101.0,80.0,1.0,596.0,3,,,0.0,,0.0,,,,0,,,,,,,,,,,,,,,,,,,,,,,,,,,,,,,,,,,,,,,,,,,,,N,4.0,4.0,6.0,7.0,0.0,3.0,28.0,35.0,6,8,0.0,0.0,28.0,36.0,5,5,0,0.0,0.0,N918XJ,N918XJ-DL-0,28.0,40.0,7.0,35.0,47.0,,,0.0,28,35,0.0,0.0
N919AN,515.0,2019,2,5,2,4,2019-05-02,AA,AA,19805,AA,148,,,,,AA,19805,AA,148,14492,1449202,34492,RDU,"Raleigh/Durham, NC",NC,37,North Carolina,36,11057,1105703,31057,CLT,"Charlotte, NC",NC,37,North Carolina,36,518,-3.0,0.0,0.0,-1.0,0001-0559,13.0,528.0,557.0,5.0,620,602.0,-18.0,0.0,0.0,-2.0,0600-0659,0.0,,0.0,62.0,47.0,29.0,1.0,130.0,1,,,0.0,,0.0,,,,0,,,,,,,,,,,,,,,,,,,,,,,,,,,,,,,,,,,,,,,,,,,,,N,0.0,0.0,5.0,6.0,1.0,0.0,21.0,24.0,5,6,1.0,1.0,21.0,25.0,1,1,0,1.0,1.0,N919AN,N919AN-AA-0,21.0,33.0,3.0,24.0,36.0,,,0.0,21,24,0.0,0.0
N919AN,736.0,2019,2,5,2,4,2019-05-02,AA,AA,19805,AA,217,,,,,AA,19805,AA,217,11057,1105703,31057,CLT,"Charlotte, NC",NC,37,North Carolina,36,12478,1247805,31703,JFK,"New York, NY",NY,36,New York,22,730,6.0,6.0,0.0,0.0,0700-0759,15.0,751.0,913.0,9.0,935,922.0,-13.0,0.0,0.0,-1.0,0900-0959,0.0,,0.0,125.0,106.0,82.0,1.0,541.0,3,,,0.0,,0.0,,,,0,,,,,,,,,,,,,,,,,,,,,,,,,,,,,,,,,,,,,,,,,,,,,N,0.0,0.0,7.0,9.0,2.0,1.0,30.0,37.0,7,9,2.0,2.0,30.0,38.0,3,3,1,1.0,0.0,N919AN,N919AN-AA-1,30.0,42.0,7.0,37.0,49.0,24.0,6.0,0.0,30,41,4.0,15.92
N919AT,557.0,2019,2,5,2,4,2019-05-02,DL,DL,19790,DL,2263,,,,,DL,19790,DL,2263,14831,1483106,32457,SJC,"San Jose, CA",CA,6,California,91,14869,1486903,34614,SLC,"Salt Lake City, UT",UT,49,Utah,87,600,-3.0,0.0,0.0,-1.0,0600-0659,11.0,608.0,835.0,12.0,858,847.0,-11.0,0.0,0.0,-1.0,0800-0859,0.0,,0.0,118.0,110.0,87.0,1.0,584.0,3,,,0.0,,0.0,,,,0,,,,,,,,,,,,,,,,,,,,,,,,,,,,,,,,,,,,,,,,,,,,,N,12.0,8.0,5.0,8.0,4.0,3.0,36.0,43.0,6,8,0.0,4.0,36.0,44.0,2,2,0,0.0,0.0,N919AT,N919AT-DL-0,36.0,48.0,7.0,43.0,55.0,,,0.0,36,43,0.0,0.0
N919DN,706.0,2019,2,5,2,4,2019-05-02,DL,DL,19790,DL,2847,,,,,DL,19790,DL,2847,12266,1226603,31453,IAH,"Houston, TX",TX,48,Texas,74,10397,1039707,30397,ATL,"Atlanta, GA",GA,13,Georgia,34,710,-4.0,0.0,0.0,-1.0,0700-0759,30.0,736.0,1007.0,8.0,1013,1015.0,2.0,2.0,0.0,0.0,1000-1059,0.0,,0.0,123.0,129.0,91.0,1.0,689.0,3,,,0.0,,0.0,,,,0,,,,,,,,,,,,,,,,,,,,,,,,,,,,,,,,,,,,,,,,,,,,,N,4.0,0.0,7.0,10.0,0.0,1.0,32.0,41.0,7,10,1.0,1.0,33.0,41.0,9,9,0,0.0,0.0,N919DN,N919DN-DL-0,33.0,44.0,9.0,42.0,53.0,,,0.0,33,42,0.0,0.0
N919DU,603.0,2019,2,5,2,4,2019-05-02,DL,DL,19790,DL,2199,,,,,DL,19790,DL,2199,10721,1072102,30721,BOS,"Boston, MA",MA,25,Massachusetts,13,14869,1486903,34614,SLC,"Salt Lake City, UT",UT,49,Utah,87,605,-2.0,0.0,0.0,-1.0,0600-0659,33.0,636.0,936.0,4.0,930,940.0,10.0,10.0,0.0,0.0,0900-0959,0.0,,0.0,325.0,337.0,300.0,1.0,2105.0,9,,,0.0,,0.0,,,,0,,,,,,,,,,,,,,,,,,,,,,,,,,,,,,,,,,,,,,,,,,,,,N,0.0,8.0,6.0,9.0,0.0,3.0,24.0,47.0,6,9,0.0,2.0,24.0,46.0,4,4,0,0.0,0.0,N919DU,N919DU-DL-0,24.0,36.0,23.0,47.0,59.0,,,0.0,24,47,0.0,0.0
N919EV,703.0,2019,2,5,2,4,2019-05-02,DL,DL_CODESHARE,19790,DL,4754,,,,,OO,20304,OO,4754,10980,1098002,30980,CHA,"Chattanooga, TN",TN,47,Tennessee,54,10397,1039707,30397,ATL,"Atlanta, GA",GA,13,Georgia,34,710,-7.0,0.0,0.0,-1.0,0700-0759,19.0,722.0,750.0,7.0,800,757.0,-3.0,0.0,0.0,-1.0,0800-0859,0.0,,0.0,50.0,54.0,28.0,1.0,106.0,1,,,0.0,,0.0,,,,0,,,,,,,,,,,,,,,,,,,,,,,,,,,,,,,,,,,,,,,,,,,,,N,0.0,0.0,7.0,7.0,0.0,4.0,28.0,32.0,7,8,1.0,0.0,29.0,32.0,4,4,0,1.0,1.0,N919EV,N919EV-DL-0,29.0,40.0,4.0,33.0,44.0,,,0.0,29,33,0.0,0.0
N919EV,900.0,2019,2,5,2,4,2019-05-02,DL,DL_CODESHARE,19790,DL,3528,,,,,OO,20304,OO,3528,10397,1039707,30397,ATL,"Atlanta, GA",GA,13,Georgia,34,13277,1327702,33277,MGM,"Montgomery, AL",AL,1,Alabama,51,900,0.0,0.0,0.0,0.0,0900-0959,19.0,919.0,851.0,2.0,855,853.0,-2.0,0.0,0.0,-1.0,0800-0859,0.0,,0.0,55.0,53.0,32.0,1.0,147.0,1,,,0.0,,0.0,,,,0,,,,,,,,,,,,,,,,,,,,,,,,,,,,,,,,,,,,,,,,,,,,,N,0.0,4.0,9.0,8.0,0.0,4.0,36.0,40.0,9,8,0.0,4.0,36.0,40.0,5,5,1,1.0,0.0,N919EV,N919EV-DL-1,36.0,48.0,4.0,40.0,52.0,32.0,4.0,0.0,37,41,1.0,5.16
N919SW,635.0,2019,2,5,2,4,2019-05-02,UA,UA_CODESHARE,19977,UA,5132,,,,,OO,20304,OO,5132,12255,1225502,32255,HYS,"Hays, KS",KS,20,Kansas,62,11292,1129202,30325,DEN,"Denver, CO",CO,8,Colorado,82,646,-11.0,0.0,0.0,-1.0,0600-0659,20.0,655.0,653.0,11.0,709,704.0,-5.0,0.0,0.0,-1.0,0700-0759,0.0,,0.0,83.0,89.0,58.0,1.0,298.0,2,,,0.0,,0.0,,,,0,,,,,,,,,,,,,,,,,,,,,,,,,,,,,,,,,,,,,,,,,,,,,N,4.0,8.0,6.0,7.0,2.0,0.0,30.0,36.0,6,7,3.0,1.0,31.0,37.0,9,9,0,0.0,0.0,N919SW,N919SW-UA-0,31.0,42.0,6.0,37.0,48.0,,,0.0,31,37,0.0,0.0
N919US,653.0,2019,2,5,2,4,2019-05-02,AA,AA,19805,AA,1854,,,,,AA,19805,AA,1854,13930,1393007,30977,ORD,"Chicago, IL",IL,17,Illinois,41,14100,1410005,34100,PHL,"Philadelphia, PA",PA,42,Pennsylvania,23,700,-7.0,0.0,0.0,-1.0,0700-0759,22.0,715.0,949.0,4.0,1001,953.0,-8.0,0.0,0.0,-1.0,1000-1059,0.0,,0.0,121.0,120.0,94.0,1.0,678.0,3,,,0.0,,0.0,,,,0,,,,,,,,,,,,,,,,,,,,,,,,,,,,,,,,,,,,,,,,,,,,,N,4.0,0.0,6.0,9.0,4.0,4.0,32.0,40.0,7,10,0.0,0.0,32.0,40.0,3,3,0,0.0,0.0,N919US,N919US-AA-0,32.0,44.0,8.0,40.0,52.0,,,0.0,35,43,3.0,11.78
N919WN,631.0,2019,2,5,2,4,2019-05-02,WN,WN,19393,WN,207,,,,,WN,19393,WN,207,14869,1486903,34614,SLC,"Salt Lake City, UT",UT,49,Utah,87,13796,1379608,32457,OAK,"Oakland, CA",CA,6,California,91,635,-4.0,0.0,0.0,-1.0,0600-0659,8.0,639.0,707.0,6.0,725,713.0,-12.0,0.0,0.0,-1.0,0700-0759,0.0,,0.0,110.0,102.0,88.0,1.0,588.0,3,,,0.0,,0.0,,,,0,,,,,,,,,,,,,,,,,,,,,,,,,,,,,,,,,,,,,,,,,,,,,N,8.0,12.0,6.0,7.0,2.0,1.0,34.0,41.0,6,7,2.0,2.0,34.0,42.0,1,1,0,0.0,0.0,N919WN,N919WN-WN-0,34.0,46.0,7.0,41.0,53.0,,,0.0,34,41,0.0,0.0
N919XJ,604.0,2019,2,5,2,4,2019-05-02,DL,DL_CODESHARE,19790,DL,3449,,,,,9E,20363,9E,3449,13296,1329604,30721,MHT,"Manchester, NH",NH,33,New Hampshire,14,12953,1295304,31703,LGA,"New York, NY",NY,36,New York,22,610,-6.0,0.0,0.0,-1.0,0600-0659,13.0,617.0,700.0,9.0,731,709.0,-22.0,0.0,0.0,-2.0,0700-0759,0.0,,0.0,81.0,65.0,43.0,1.0,195.0,1,,,0.0,,0.0,,,,0,,,,,,,,,,,,,,,,,,,,,,,,,,,,,,,,,,,,,,,,,,,,,N,0.0,0.0,6.0,7.0,0.0,1.0,24.0,29.0,6,7,1.0,2.0,25.0,30.0,6,6,0,1.0,1.0,N919XJ,N919XJ-DL-0,25.0,36.0,5.0,30.0,41.0,,,0.0,25,30,0.0,0.0
N919XJ,821.0,2019,2,5,2,4,2019-05-02,DL,DL_CODESHARE,19790,DL,3485,,,,,9E,20363,9E,3485,12953,1295304,31703,LGA,"New York, NY",NY,36,New York,22,11193,1119302,33105,CVG,"Cincinnati, OH",KY,21,Kentucky,52,830,-9.0,0.0,0.0,-1.0,0800-0859,17.0,838.0,1015.0,6.0,1047,1021.0,-26.0,0.0,0.0,-2.0,1000-1059,0.0,,0.0,137.0,120.0,97.0,1.0,585.0,3,,,0.0,,0.0,,,,0,,,,,,,,,,,,,,,,,,,,,,,,,,,,,,,,,,,,,,,,,,,,,N,0.0,0.0,8.0,10.0,1.0,1.0,33.0,41.0,8,10,2.0,3.0,34.0,43.0,4,4,1,1.0,0.0,N919XJ,N919XJ-DL-1,34.0,45.0,8.0,42.0,53.0,29.0,4.0,0.0,34,42,0.0,0.0
N920AN,602.0,2019,2,5,2,4,2019-05-02,AA,AA,19805,AA,2260,,,,,AA,19805,AA,2260,10721,1072102,30721,BOS,"Boston, MA",MA,25,Massachusetts,13,14107,1410702,30466,PHX,"Phoenix, AZ",AZ,4,Arizona,81,605,-3.0,0.0,0.0,-1.0,0600-0659,26.0,628.0,918.0,4.0,917,922.0,5.0,5.0,0.0,0.0,0900-0959,0.0,,0.0,372.0,380.0,350.0,1.0,2300.0,10,,,0.0,,0.0,,,,0,,,,,,,,,,,,,,,,,,,,,,,,,,,,,,,,,,,,,,,,,,,,,N,0.0,8.0,6.0,9.0,0.0,1.0,24.0,45.0,6,9,0.0,1.0,24.0,45.0,1,1,0,0.0,0.0,N920AN,N920AN-AA-0,24.0,36.0,21.0,45.0,57.0,,,0.0,24,45,0.0,0.0
N920AT,558.0,2019,2,5,2,4,2019-05-02,DL,DL,19790,DL,320,,,,,DL,19790,DL,320,11057,1105703,31057,CLT,"Charlotte, NC",NC,37,North Carolina,36,11433,1143302,31295,DTW,"Detroit, MI",MI,26,Michigan,43,600,-2.0,0.0,0.0,-1.0,0600-0659,24.0,622.0,753.0,5.0,749,758.0,9.0,9.0,0.0,0.0,0700-0759,0.0,,0.0,109.0,120.0,91.0,1.0,500.0,3,,,0.0,,0.0,,,,0,,,,,,,,,,,,,,,,,,,,,,,,,,,,,,,,,,,,,,,,,,,,,N,0.0,0.0,5.0,7.0,4.0,4.0,24.0,32.0,6,7,0.0,3.0,24.0,31.0,5,5,0,1.0,1.0,N920AT,N920AT-DL-0,24.0,36.0,8.0,32.0,44.0,,,0.0,24,32,0.0,0.0
N920AT,912.0,2019,2,5,2,4,2019-05-02,DL,DL,19790,DL,486,,,,,DL,19790,DL,486,11433,1143302,31295,DTW,"Detroit, MI",MI,26,Michigan,43,13930,1393007,30977,ORD,"Chicago, IL",IL,17,Illinois,41,840,32.0,32.0,1.0,2.0,0800-0859,16.0,928.0,919.0,12.0,911,931.0,20.0,20.0,1.0,1.0,0900-0959,0.0,,0.0,91.0,79.0,51.0,1.0,235.0,1,0.0,0.0,20.0,0.0,0.0,,,,0,,,,,,,,,,,,,,,,,,,,,,,,,,,,,,,,,,,,,,,,,,,,,N,0.0,4.0,9.0,9.0,1.0,2.0,37.0,42.0,8,9,3.0,1.0,35.0,41.0,7,7,1,1.0,0.0,N920AT,N920AT-DL-1,36.0,49.0,5.0,41.0,54.0,32.0,5.0,1.0,36,41,0.0,0.0
N920DE,738.0,2019,2,5,2,4,2019-05-02,DL,DL,19790,DL,2196,,,,,DL,19790,DL,2196,10397,1039707,30397,ATL,"Atlanta, GA",GA,13,Georgia,34,12339,1233904,32337,IND,"Indianapolis, IN",IN,18,Indiana,42,740,-2.0,0.0,0.0,-1.0,0700-0759,7.0,745.0,856.0,5.0,907,901.0,-6.0,0.0,0.0,-1.0,0900-0959,0.0,,0.0,87.0,83.0,71.0,1.0,432.0,2,,,0.0,,0.0,,,,0,,,,,,,,,,,,,,,,,,,,,,,,,,,,,,,,,,,,,,,,,,,,,N,0.0,0.0,7.0,9.0,3.0,0.0,31.0,36.0,7,9,3.0,0.0,31.0,36.0,3,3,0,1.0,1.0,N920DE,N920DE-DL-0,31.0,43.0,5.0,36.0,48.0,,,0.0,31,36,0.0,0.0
N920DE,944.0,2019,2,5,2,4,2019-05-02,DL,DL,19790,DL,2196,,,,,DL,19790,DL,2196,12339,1233904,32337,IND,"Indianapolis, IN",IN,18,Indiana,42,10397,1039707,30397,ATL,"Atlanta, GA",GA,13,Georgia,34,951,-7.0,0.0,0.0,-1.0,0900-0959,14.0,958.0,1106.0,7.0,1120,1113.0,-7.0,0.0,0.0,-1.0,1100-1159,0.0,,0.0,89.0,89.0,68.0,1.0,432.0,2,,,0.0,,0.0,,,,0,,,,,,,,,,,,,,,,,,,,,,,,,,,,,,,,,,,,,,,,,,,,,N,0.0,0.0,9.0,11.0,3.0,1.0,39.0,45.0,9,11,3.0,1.0,39.0,45.0,8,8,1,1.0,0.0,N920DE,N920DE-DL-1,39.0,51.0,6.0,45.0,57.0,36.0,3.0,0.0,39,45,0.0,0.0
N920DN,658.0,2019,2,5,2,4,2019-05-02,DL,DL,19790,DL,815,,,,,DL,19790,DL,815,11433,1143302,31295,DTW,"Detroit, MI",MI,26,Michigan,43,13930,1393007,30977,ORD,"Chicago, IL",IL,17,Illinois,41,700,-2.0,0.0,0.0,-1.0,0700-0759,30.0,728.0,720.0,15.0,723,735.0,12.0,12.0,0.0,0.0,0700-0759,0.0,,0.0,83.0,97.0,52.0,1.0,235.0,1,,,0.0,,0.0,,,,0,,,,,,,,,,,,,,,,,,,,,,,,,,,,,,,,,,,,,,,,,,,,,N,0.0,4.0,6.0,7.0,4.0,2.0,28.0,34.0,7,7,0.0,2.0,28.0,34.0,7,7,0,1.0,1.0,N920DN,N920DN-DL-0,28.0,40.0,6.0,34.0,46.0,,,0.0,28,34,0.0,0.0
N920DN,814.0,2019,2,5,2,4,2019-05-02,DL,DL,19790,DL,525,,,,,DL,19790,DL,525,13930,1393007,30977,ORD,"Chicago, IL",IL,17,Illinois,41,10397,1039707,30397,ATL,"Atlanta, GA",GA,13,Georgia,34,810,4.0,4.0,0.0,0.0,0800-0859,26.0,840.0,1109.0,6.0,1108,1115.0,7.0,7.0,0.0,0.0,1100-1159,0.0,,0.0,118.0,121.0,89.0,1.0,606.0,3,,,0.0,,0.0,,,,0,,,,,,,,,,,,,,,,,,,,,,,,,,,,,,,,,,,,,,,,,,,,,N,4.0,0.0,8.0,11.0,1.0,1.0,37.0,45.0,8,11,1.0,1.0,37.0,45.0,9,9,1,1.0,0.0,N920DN,N920DN-DL-1,37.0,49.0,8.0,45.0,57.0,34.0,3.0,0.0,37,45,0.0,0.0
N920DU,554.0,2019,2,5,2,4,2019-05-02,DL,DL,19790,DL,1260,,,,,DL,19790,DL,1260,11884,1188402,31884,GEG,"Spokane, WA",WA,53,Washington,93,14869,1486903,34614,SLC,"Salt Lake City, UT",UT,49,Utah,87,600,-6.0,0.0,0.0,-1.0,0600-0659,10.0,604.0,812.0,19.0,842,831.0,-11.0,0.0,0.0,-1.0,0800-0859,0.0,,0.0,102.0,97.0,68.0,1.0,546.0,3,,,0.0,,0.0,,,,0,,,,,,,,,,,,,,,,,,,,,,,,,,,,,,,,,,,,,,,,,,,,,N,12.0,8.0,5.0,8.0,4.0,2.0,36.0,42.0,6,8,0.0,3.0,36.0,43.0,9,9,0,0.0,0.0,N920DU,N920DU-DL-0,36.0,48.0,6.0,42.0,54.0,,,0.0,36,42,0.0,0.0
N920EV,601.0,2019,2,5,2,4,2019-05-02,DL,DL_CODESHARE,19790,DL,4326,,,,,OO,20304,OO,4326,14711,1471105,34711,SCE,"State College, PA",PA,42,Pennsylvania,23,11433,1143302,31295,DTW,"Detroit, MI",MI,26,Michigan,43,609,-8.0,0.0,0.0,-1.0,0600-0659,10.0,611.0,704.0,23.0,735,727.0,-8.0,0.0,0.0,-1.0,0700-0759,0.0,,0.0,86.0,86.0,53.0,1.0,301.0,2,,,0.0,,0.0,,,,0,,,,,,,,,,,,,,,,,,,,,,,,,,,,,,,,,,,,,,,,,,,,,N,0.0,0.0,6.0,7.0,0.0,2.0,24.0,30.0,6,7,1.0,2.0,25.0,30.0,9,9,0,2.0,2.0,N920EV,N920EV-DL-0,25.0,36.0,6.0,31.0,42.0,,,0.0,25,31,0.0,0.0
N920EV,820.0,2019,2,5,2,4,2019-05-02,DL,DL_CODESHARE,19790,DL,4833,,,,,OO,20304,OO,4833,11433,1143302,31295,DTW,"Detroit, MI",MI,26,Michigan,43,10469,1046902,30469,AZO,"Kalamazoo, MI",MI,26,Michigan,43,825,-5.0,0.0,0.0,-1.0,0800-0859,20.0,840.0,910.0,5.0,920,915.0,-5.0,0.0,0.0,-1.0,0900-0959,0.0,,0.0,55.0,55.0,30.0,1.0,113.0,1,,,0.0,,0.0,,,,0,,,,,,,,,,,,,,,,,,,,,,,,,,,,,,,,,,,,,,,,,,,,,N,0.0,0.0,8.0,9.0,1.0,1.0,33.0,37.0,8,9,2.0,1.0,34.0,37.0,5,5,1,2.0,1.0,N920EV,N920EV-DL-1,34.0,45.0,4.0,38.0,49.0,30.0,3.0,0.0,34,38,0.0,0.0
N920EV,940.0,2019,2,5,2,4,2019-05-02,DL,DL_CODESHARE,19790,DL,4833,,,,,OO,20304,OO,4833,10469,1046902,30469,AZO,"Kalamazoo, MI",MI,26,Michigan,43,11433,1143302,31295,DTW,"Detroit, MI",MI,26,Michigan,43,948,-8.0,0.0,0.0,-1.0,0900-0959,11.0,951.0,1019.0,13.0,1044,1032.0,-12.0,0.0,0.0,-1.0,1000-1059,0.0,,0.0,56.0,52.0,28.0,1.0,113.0,1,,,0.0,,0.0,,,,0,,,,,,,,,,,,,,,,,,,,,,,,,,,,,,,,,,,,,,,,,,,,,N,0.0,0.0,9.0,10.0,3.0,2.0,39.0,42.0,9,10,3.0,3.0,39.0,43.0,2,2,2,2.0,0.0,N920EV,N920EV-DL-2,39.0,51.0,3.0,42.0,54.0,37.0,2.0,0.0,40,43,1.0,2.22
N920NN,708.0,2019,2,5,2,4,2019-05-02,AA,AA,19805,AA,1478,,,,,AA,19805,AA,1478,11298,1129806,30194,DFW,"Dallas/Fort Worth, TX",TX,48,Texas,74,14492,1449202,34492,RDU,"Raleigh/Durham, NC",NC,37,North Carolina,36,700,8.0,8.0,0.0,0.0,0700-0759,35.0,743.0,1103.0,5.0,1036,1108.0,32.0,32.0,1.0,2.0,1000-1059,0.0,,0.0,156.0,180.0,140.0,1.0,1061.0,5,8.0,0.0,24.0,0.0,0.0,,,,0,,,,,,,,,,,,,,,,,,,,,,,,,,,,,,,,,,,,,,,,,,,,,N,4.0,0.0,7.0,11.0,1.0,1.0,33.0,45.0,7,10,0.0,2.0,32.0,42.0,3,3,0,0.0,0.0,N920NN,N920NN-AA-0,32.0,45.0,12.0,44.0,57.0,,,2.0,32,44,0.0,0.0
N920SW,736.0,2019,2,5,2,4,2019-05-02,UA,UA_CODESHARE,19977,UA,5245,,,,,OO,20304,OO,5245,14814,1481402,30476,SHV,"Shreveport, LA",LA,22,Louisiana,72,11292,1129202,30325,DEN,"Denver, CO",CO,8,Colorado,82,700,36.0,36.0,1.0,2.0,0700-0759,16.0,752.0,846.0,10.0,833,856.0,23.0,23.0,1.0,1.0,0800-0859,0.0,,0.0,153.0,140.0,114.0,1.0,792.0,4,0.0,23.0,0.0,0.0,0.0,,,,0,,,,,,,,,,,,,,,,,,,,,,,,,,,,,,,,,,,,,,,,,,,,,N,4.0,8.0,7.0,8.0,2.0,4.0,34.0,44.0,7,8,0.0,2.0,32.0,42.0,3,3,0,0.0,0.0,N920SW,N920SW-UA-0,34.0,46.0,10.0,44.0,56.0,,,0.0,34,44,0.0,0.0
N920US,824.0,2019,2,5,2,4,2019-05-02,AA,AA,19805,AA,1646,,,,,AA,19805,AA,1646,14635,1463502,31714,RSW,"Fort Myers, FL",FL,12,Florida,33,11057,1105703,31057,CLT,"Charlotte, NC",NC,37,North Carolina,36,826,-2.0,0.0,0.0,-1.0,0800-0859,14.0,838.0,1014.0,8.0,1029,1022.0,-7.0,0.0,0.0,-1.0,1000-1059,0.0,,0.0,123.0,118.0,96.0,1.0,600.0,3,,,0.0,,0.0,,,,0,,,,,,,,,,,,,,,,,,,,,,,,,,,,,,,,,,,,,,,,,,,,,N,0.0,0.0,8.0,10.0,2.0,1.0,34.0,41.0,8,10,2.0,2.0,34.0,42.0,2,2,0,0.0,0.0,N920US,N920US-AA-0,34.0,46.0,7.0,41.0,53.0,,,0.0,34,41,0.0,0.0
N920WN,625.0,2019,2,5,2,4,2019-05-02,WN,WN,19393,WN,1907,,,,,WN,19393,WN,1907,14679,1467903,33570,SAN,"San Diego, CA",CA,6,California,91,14570,1457002,34570,RNO,"Reno, NV",NV,32,Nevada,85,630,-5.0,0.0,0.0,-1.0,0600-0659,16.0,641.0,752.0,16.0,810,808.0,-2.0,0.0,0.0,-1.0,0800-0859,0.0,,0.0,100.0,103.0,71.0,1.0,488.0,2,,,0.0,,0.0,,,,0,,,,,,,,,,,,,,,,,,,,,,,,,,,,,,,,,,,,,,,,,,,,,N,12.0,12.0,6.0,8.0,2.0,1.0,38.0,45.0,6,8,2.0,1.0,38.0,45.0,7,7,0,0.0,0.0,N920WN,N920WN-WN-0,38.0,50.0,7.0,45.0,57.0,,,0.0,38,45,0.0,0.0
N920XJ,719.0,2019,2,5,2,4,2019-05-02,DL,DL_CODESHARE,19790,DL,5496,,,,,9E,20363,9E,5496,11057,1105703,31057,CLT,"Charlotte, NC",NC,37,North Carolina,36,12953,1295304,31703,LGA,"New York, NY",NY,36,New York,22,725,-6.0,0.0,0.0,-1.0,0700-0759,15.0,734.0,856.0,8.0,931,904.0,-27.0,0.0,0.0,-2.0,0900-0959,0.0,,0.0,126.0,105.0,82.0,1.0,544.0,3,,,0.0,,0.0,,,,0,,,,,,,,,,,,,,,,,,,,,,,,,,,,,,,,,,,,,,,,,,,,,N,0.0,0.0,7.0,9.0,1.0,0.0,29.0,36.0,7,9,2.0,2.0,30.0,38.0,4,4,0,0.0,0.0,N920XJ,N920XJ-DL-0,30.0,41.0,7.0,37.0,48.0,,,0.0,30,37,0.0,0.0
N921AN,656.0,2019,2,5,2,4,2019-05-02,AA,AA,19805,AA,247,,,,,AA,19805,AA,247,11298,1129806,30194,DFW,"Dallas/Fort Worth, TX",TX,48,Texas,74,14122,1412202,30198,PIT,"Pittsburgh, PA",PA,42,Pennsylvania,23,700,-4.0,0.0,0.0,-1.0,0700-0759,15.0,711.0,1032.0,4.0,1035,1036.0,1.0,1.0,0.0,0.0,1000-1059,0.0,,0.0,155.0,160.0,141.0,1.0,1067.0,5,,,0.0,,0.0,,,,0,,,,,,,,,,,,,,,,,,,,,,,,,,,,,,,,,,,,,,,,,,,,,N,4.0,0.0,6.0,10.0,4.0,2.0,32.0,42.0,7,10,0.0,2.0,32.0,42.0,5,5,0,0.0,0.0,N921AN,N921AN-AA-0,32.0,44.0,10.0,42.0,54.0,,,0.0,32,42,0.0,0.0
N921AT,752.0,2019,2,5,2,4,2019-05-02,DL,DL,19790,DL,2511,,,,,DL,19790,DL,2511,12953,1295304,31703,LGA,"New York, NY",NY,36,New York,22,13930,1393007,30977,ORD,"Chicago, IL",IL,17,Illinois,41,810,-18.0,0.0,0.0,-2.0,0800-0859,19.0,811.0,907.0,14.0,959,921.0,-38.0,0.0,0.0,-2.0,0900-0959,0.0,,0.0,169.0,149.0,116.0,1.0,733.0,3,,,0.0,,0.0,,,,0,,,,,,,,,,,,,,,,,,,,,,,,,,,,,,,,,,,,,,,,,,,,,N,0.0,4.0,7.0,9.0,3.0,1.0,31.0,41.0,8,9,1.0,4.0,33.0,44.0,9,9,0,0.0,0.0,N921AT,N921AT-DL-0,33.0,43.0,10.0,43.0,53.0,,,0.0,33,43,0.0,0.0
N921DN,1006.0,2019,2,5,2,4,2019-05-02,DL,DL,19790,DL,55,,,,,DL,19790,DL,55,10397,1039707,30397,ATL,"Atlanta, GA",GA,13,Georgia,34,12266,1226603,31453,IAH,"Houston, TX",TX,48,Texas,74,725,161.0,161.0,1.0,10.0,0700-0759,13.0,1019.0,1108.0,10.0,834,1118.0,164.0,164.0,1.0,10.0,0800-0859,0.0,,0.0,129.0,132.0,109.0,1.0,689.0,3,0.0,0.0,164.0,0.0,0.0,,,,0,,,,,,,,,,,,,,,,,,,,,,,,,,,,,,,,,,,,,,,,,,,,,N,0.0,4.0,10.0,11.0,0.0,1.0,40.0,49.0,7,8,2.0,2.0,30.0,38.0,3,3,0,0.0,0.0,N921DN,N921DN-DL-0,30.0,52.0,9.0,39.0,61.0,,,11.0,32,46,7.0,34.78
N921DU,655.0,2019,2,5,2,4,2019-05-02,DL,DL,19790,DL,2363,,,,,DL,19790,DL,2363,13198,1319801,33198,MCI,"Kansas City, MO",MO,29,Missouri,64,10397,1039707,30397,ATL,"Atlanta, GA",GA,13,Georgia,34,600,55.0,55.0,1.0,3.0,0600-0659,18.0,713.0,948.0,13.0,900,1001.0,61.0,61.0,1.0,4.0,0900-0959,0.0,,0.0,120.0,126.0,95.0,1.0,692.0,3,55.0,0.0,6.0,0.0,0.0,,,,0,,,,,,,,,,,,,,,,,,,,,,,,,,,,,,,,,,,,,,,,,,,,,N,4.0,0.0,6.0,10.0,4.0,0.0,32.0,40.0,6,9,0.0,0.0,28.0,36.0,8,8,0,0.0,0.0,N921DU,N921DU-DL-0,32.0,44.0,8.0,40.0,52.0,,,0.0,32,40,0.0,0.0
N921EV,627.0,2019,2,5,2,4,2019-05-02,DL,DL_CODESHARE,19790,DL,4794,,,,,OO,20304,OO,4794,14108,1410803,34108,PIA,"Peoria, IL",IL,17,Illinois,41,13487,1348702,31650,MSP,"Minneapolis, MN",MN,27,Minnesota,63,625,2.0,2.0,0.0,0.0,0600-0659,17.0,644.0,746.0,5.0,801,751.0,-10.0,0.0,0.0,-1.0,0800-0859,0.0,,0.0,96.0,84.0,62.0,1.0,342.0,2,,,0.0,,0.0,,,,0,,,,,,,,,,,,,,,,,,,,,,,,,,,,,,,,,,,,,,,,,,,,,N,4.0,4.0,6.0,7.0,2.0,3.0,30.0,35.0,6,8,2.0,0.0,30.0,36.0,5,5,0,0.0,0.0,N921EV,N921EV-DL-0,30.0,42.0,5.0,35.0,47.0,,,0.0,30,35,0.0,0.0
N921FJ,602.0,2019,2,5,2,4,2019-05-02,AA,AA_CODESHARE,19805,AA,5898,,,,,YV,20378,YV,5898,11540,1154005,30615,ELP,"El Paso, TX",TX,48,Texas,74,14107,1410702,30466,PHX,"Phoenix, AZ",AZ,4,Arizona,81,610,-8.0,0.0,0.0,-1.0,0600-0659,15.0,617.0,616.0,5.0,636,621.0,-15.0,0.0,0.0,-1.0,0600-0659,0.0,,0.0,86.0,79.0,59.0,1.0,347.0,2,,,0.0,,0.0,,,,0,,,,,,,,,,,,,,,,,,,,,,,,,,,,,,,,,,,,,,,,,,,,,N,8.0,8.0,6.0,6.0,0.0,1.0,32.0,33.0,6,6,1.0,2.0,33.0,34.0,8,8,0,1.0,1.0,N921FJ,N921FJ-AA-0,33.0,44.0,1.0,34.0,45.0,,,0.0,33,34,0.0,0.0
N921FJ,739.0,2019,2,5,2,4,2019-05-02,AA,AA_CODESHARE,19805,AA,5792,,,,,YV,20378,YV,5792,14107,1410702,30466,PHX,"Phoenix, AZ",AZ,4,Arizona,81,13891,1389101,32575,ONT,"Ontario, CA",CA,6,California,91,740,-1.0,0.0,0.0,-1.0,0700-0759,23.0,802.0,853.0,4.0,903,857.0,-6.0,0.0,0.0,-1.0,0900-0959,0.0,,0.0,83.0,78.0,51.0,1.0,325.0,2,,,0.0,,0.0,,,,0,,,,,,,,,,,,,,,,,,,,,,,,,,,,,,,,,,,,,,,,,,,,,N,8.0,12.0,7.0,8.0,3.0,4.0,39.0,48.0,7,9,3.0,0.0,39.0,48.0,3,3,1,1.0,0.0,N921FJ,N921FJ-AA-1,39.0,51.0,9.0,48.0,60.0,33.0,6.0,0.0,40,49,1.0,3.3
N921NN,519.0,2019,2,5,2,4,2019-05-02,AA,AA,19805,AA,1422,,,,,AA,19805,AA,1422,11057,1105703,31057,CLT,"Charlotte, NC",NC,37,North Carolina,36,13930,1393007,30977,ORD,"Chicago, IL",IL,17,Illinois,41,510,9.0,9.0,0.0,0.0,0001-0559,12.0,531.0,608.0,7.0,617,615.0,-2.0,0.0,0.0,-1.0,0600-0659,0.0,,0.0,127.0,116.0,97.0,1.0,599.0,3,,,0.0,,0.0,,,,0,,,,,,,,,,,,,,,,,,,,,,,,,,,,,,,,,,,,,,,,,,,,,N,0.0,4.0,5.0,6.0,1.0,1.0,21.0,29.0,5,6,1.0,1.0,21.0,29.0,6,6,0,1.0,1.0,N921NN,N921NN-AA-0,21.0,33.0,8.0,29.0,41.0,,,0.0,21,29,0.0,0.0
N921NN,713.0,2019,2,5,2,4,2019-05-02,AA,AA,19805,AA,1565,,,,,AA,19805,AA,1565,13930,1393007,30977,ORD,"Chicago, IL",IL,17,Illinois,41,13204,1320402,31454,MCO,"Orlando, FL",FL,12,Florida,33,715,-2.0,0.0,0.0,-1.0,0700-0759,20.0,733.0,1045.0,10.0,1054,1055.0,1.0,1.0,0.0,0.0,1000-1059,0.0,,0.0,159.0,162.0,132.0,1.0,1005.0,5,,,0.0,,0.0,,,,0,,,,,,,,,,,,,,,,,,,,,,,,,,,,,,,,,,,,,,,,,,,,,N,4.0,0.0,7.0,10.0,1.0,4.0,33.0,44.0,7,10,1.0,4.0,33.0,44.0,9,9,1,1.0,0.0,N921NN,N921NN-AA-1,33.0,45.0,11.0,44.0,56.0,29.0,4.0,0.0,33,44,0.0,0.0
N921XJ,815.0,2019,2,5,2,4,2019-05-02,DL,DL_CODESHARE,19790,DL,5418,,,,,9E,20363,9E,5418,10868,1086803,30868,CAE,"Columbia, SC",SC,45,South Carolina,37,10397,1039707,30397,ATL,"Atlanta, GA",GA,13,Georgia,34,820,-5.0,0.0,0.0,-1.0,0800-0859,20.0,835.0,923.0,7.0,930,930.0,0.0,0.0,0.0,0.0,0900-0959,0.0,,0.0,70.0,75.0,48.0,1.0,192.0,1,,,0.0,,0.0,,,,0,,,,,,,,,,,,,,,,,,,,,,,,,,,,,,,,,,,,,,,,,,,,,N,0.0,0.0,8.0,9.0,1.0,2.0,33.0,38.0,8,9,1.0,2.0,33.0,38.0,5,5,0,0.0,0.0,N921XJ,N921XJ-DL-0,33.0,45.0,5.0,38.0,50.0,,,0.0,33,38,0.0,0.0
N922AN,710.0,2019,2,5,2,4,2019-05-02,AA,AA,19805,AA,1347,,,,,AA,19805,AA,1347,12266,1226603,31453,IAH,"Houston, TX",TX,48,Texas,74,13303,1330303,32467,MIA,"Miami, FL",FL,12,Florida,33,600,70.0,70.0,1.0,4.0,0600-0659,46.0,756.0,1057.0,8.0,929,1105.0,96.0,96.0,1.0,6.0,0900-0959,0.0,,0.0,149.0,175.0,121.0,1.0,964.0,4,70.0,0.0,26.0,0.0,0.0,,,,0,,,,,,,,,,,,,,,,,,,,,,,,,,,,,,,,,,,,,,,,,,,,,N,4.0,0.0,7.0,11.0,1.0,0.0,33.0,44.0,6,9,0.0,2.0,28.0,38.0,6,6,0,0.0,0.0,N922AN,N922AN-AA-0,31.0,45.0,11.0,42.0,56.0,,,2.0,31,42,0.0,0.0
N922AT,809.0,2019,2,5,2,4,2019-05-02,DL,DL,19790,DL,1928,,,,,DL,19790,DL,1928,12266,1226603,31453,IAH,"Houston, TX",TX,48,Texas,74,14869,1486903,34614,SLC,"Salt Lake City, UT",UT,49,Utah,87,800,9.0,9.0,0.0,0.0,0800-0859,67.0,916.0,1110.0,6.0,1016,1116.0,60.0,60.0,1.0,4.0,1000-1059,0.0,,0.0,196.0,247.0,174.0,1.0,1195.0,5,0.0,9.0,51.0,0.0,0.0,,,,0,,,,,,,,,,,,,,,,,,,,,,,,,,,,,,,,,,,,,,,,,,,,,N,4.0,8.0,8.0,11.0,1.0,1.0,37.0,53.0,8,10,0.0,1.0,36.0,49.0,2,2,0,0.0,0.0,N922AT,N922AT-DL-0,36.0,49.0,16.0,52.0,65.0,,,3.0,39,55,3.0,8.42
N922DL,554.0,2019,2,5,2,4,2019-05-02,DL,DL,19790,DL,960,,,,,DL,19790,DL,960,12339,1233904,32337,IND,"Indianapolis, IN",IN,18,Indiana,42,10397,1039707,30397,ATL,"Atlanta, GA",GA,13,Georgia,34,600,-6.0,0.0,0.0,-1.0,0600-0659,14.0,608.0,712.0,6.0,730,718.0,-12.0,0.0,0.0,-1.0,0700-0759,0.0,,0.0,90.0,84.0,64.0,1.0,432.0,2,,,0.0,,0.0,,,,0,,,,,,,,,,,,,,,,,,,,,,,,,,,,,,,,,,,,,,,,,,,,,N,0.0,0.0,5.0,7.0,4.0,1.0,24.0,29.0,6,7,0.0,2.0,24.0,30.0,9,9,0,1.0,1.0,N922DL,N922DL-DL-0,24.0,36.0,5.0,29.0,41.0,,,0.0,24,29,0.0,0.0
N922DL,827.0,2019,2,5,2,4,2019-05-02,DL,DL,19790,DL,1522,,,,,DL,19790,DL,1522,10397,1039707,30397,ATL,"Atlanta, GA",GA,13,Georgia,34,14730,1473003,33044,SDF,"Louisville, KY",KY,21,Kentucky,52,828,-1.0,0.0,0.0,-1.0,0800-0859,35.0,902.0,954.0,6.0,951,1000.0,9.0,9.0,0.0,0.0,0900-0959,0.0,,0.0,83.0,93.0,52.0,1.0,321.0,2,,,0.0,,0.0,,,,0,,,,,,,,,,,,,,,,,,,,,,,,,,,,,,,,,,,,,,,,,,,,,N,0.0,0.0,8.0,10.0,2.0,0.0,34.0,40.0,8,9,2.0,3.0,34.0,39.0,7,7,1,1.0,0.0,N922DL,N922DL-DL-1,34.0,46.0,6.0,40.0,52.0,29.0,5.0,0.0,34,40,0.0,0.0
N922DX,520.0,2019,2,5,2,4,2019-05-02,DL,DL,19790,DL,1234,,,,,DL,19790,DL,1234,14193,1419306,33728,PNS,"Pensacola, FL",FL,12,Florida,33,10397,1039707,30397,ATL,"Atlanta, GA",GA,13,Georgia,34,525,-5.0,0.0,0.0,-1.0,0001-0559,21.0,541.0,726.0,5.0,730,731.0,1.0,1.0,0.0,0.0,0700-0759,0.0,,0.0,65.0,71.0,45.0,1.0,271.0,2,,,0.0,,0.0,,,,0,,,,,,,,,,,,,,,,,,,,,,,,,,,,,,,,,,,,,,,,,,,,,N,4.0,0.0,5.0,7.0,1.0,2.0,25.0,30.0,5,7,2.0,2.0,26.0,30.0,2,2,0,1.0,1.0,N922DX,N922DX-DL-0,26.0,37.0,5.0,31.0,42.0,,,0.0,26,31,0.0,0.0
N922DX,824.0,2019,2,5,2,4,2019-05-02,DL,DL,19790,DL,2939,,,,,DL,19790,DL,2939,10397,1039707,30397,ATL,"Atlanta, GA",GA,13,Georgia,34,10693,1069302,30693,BNA,"Nashville, TN",TN,47,Tennessee,54,820,4.0,4.0,0.0,0.0,0800-0859,14.0,838.0,817.0,6.0,827,823.0,-4.0,0.0,0.0,-1.0,0800-0859,0.0,,0.0,67.0,59.0,39.0,1.0,214.0,1,,,0.0,,0.0,,,,0,,,,,,,,,,,,,,,,,,,,,,,,,,,,,,,,,,,,,,,,,,,,,N,0.0,4.0,8.0,8.0,2.0,2.0,34.0,38.0,8,8,1.0,2.0,33.0,38.0,6,6,1,1.0,0.0,N922DX,N922DX-DL-1,34.0,46.0,4.0,38.0,50.0,30.0,4.0,0.0,35,39,1.0,6.36
N922DZ,850.0,2019,2,5,2,4,2019-05-02,DL,DL,19790,DL,2677,,,,,DL,19790,DL,2677,11433,1143302,31295,DTW,"Detroit, MI",MI,26,Michigan,43,11292,1129202,30325,DEN,"Denver, CO",CO,8,Colorado,82,852,-2.0,0.0,0.0,-1.0,0800-0859,36.0,926.0,1009.0,7.0,1002,1016.0,14.0,14.0,0.0,0.0,1000-1059,0.0,,0.0,190.0,206.0,163.0,1.0,1123.0,5,,,0.0,,0.0,,,,0,,,,,,,,,,,,,,,,,,,,,,,,,,,,,,,,,,,,,,,,,,,,,N,0.0,8.0,8.0,10.0,3.0,1.0,35.0,49.0,8,10,3.0,0.0,35.0,48.0,5,5,0,0.0,0.0,N922DZ,N922DZ-DL-0,35.0,47.0,14.0,49.0,61.0,,,0.0,35,49,0.0,0.0
N922EV,823.0,2019,2,5,2,4,2019-05-02,DL,DL_CODESHARE,19790,DL,3910,,,,,OO,20304,OO,3910,11433,1143302,31295,DTW,"Detroit, MI",MI,26,Michigan,43,11977,1197705,31977,GRB,"Green Bay, WI",WI,55,Wisconsin,45,825,-2.0,0.0,0.0,-1.0,0800-0859,22.0,845.0,846.0,5.0,847,851.0,4.0,4.0,0.0,0.0,0800-0859,0.0,,0.0,82.0,88.0,61.0,1.0,287.0,2,,,0.0,,0.0,,,,0,,,,,,,,,,,,,,,,,,,,,,,,,,,,,,,,,,,,,,,,,,,,,N,0.0,4.0,8.0,8.0,2.0,3.0,34.0,39.0,8,8,2.0,3.0,34.0,39.0,6,6,0,0.0,0.0,N922EV,N922EV-DL-0,34.0,46.0,5.0,39.0,51.0,,,0.0,34,39,0.0,0.0
N922FJ,525.0,2019,2,5,2,4,2019-05-02,AA,AA_CODESHARE,19805,AA,5808,,,,,YV,20378,YV,5808,11540,1154005,30615,ELP,"El Paso, TX",TX,48,Texas,74,11298,1129806,30194,DFW,"Dallas/Fort Worth, TX",TX,48,Texas,74,529,-4.0,0.0,0.0,-1.0,0001-0559,13.0,538.0,751.0,5.0,810,756.0,-14.0,0.0,0.0,-1.0,0800-0859,0.0,,0.0,101.0,91.0,73.0,1.0,551.0,3,,,0.0,,0.0,,,,0,,,,,,,,,,,,,,,,,,,,,,,,,,,,,,,,,,,,,,,,,,,,,N,8.0,4.0,5.0,7.0,2.0,4.0,30.0,36.0,5,8,2.0,1.0,30.0,37.0,8,8,0,0.0,0.0,N922FJ,N922FJ-AA-0,30.0,42.0,6.0,36.0,48.0,,,0.0,30,36,0.0,0.0
N922NN,736.0,2019,2,5,2,4,2019-05-02,AA,AA,19805,AA,2287,,,,,AA,19805,AA,2287,10423,1042302,30423,AUS,"Austin, TX",TX,48,Texas,74,12478,1247805,31703,JFK,"New York, NY",NY,36,New York,22,742,-6.0,0.0,0.0,-1.0,0700-0759,11.0,747.0,1203.0,9.0,1229,1212.0,-17.0,0.0,0.0,-2.0,1200-1259,0.0,,0.0,227.0,216.0,196.0,1.0,1521.0,7,,,0.0,,0.0,,,,0,,,,,,,,,,,,,,,,,,,,,,,,,,,,,,,,,,,,,,,,,,,,,N,4.0,0.0,7.0,12.0,2.0,1.0,34.0,49.0,7,12,3.0,2.0,35.0,50.0,8,8,0,0.0,0.0,N922NN,N922NN-AA-0,35.0,46.0,15.0,50.0,61.0,,,0.0,35,50,0.0,0.0
N922US,615.0,2019,2,5,2,4,2019-05-02,AA,AA,19805,AA,1652,,,,,AA,19805,AA,1652,13487,1348702,31650,MSP,"Minneapolis, MN",MN,27,Minnesota,63,11057,1105703,31057,CLT,"Charlotte, NC",NC,37,North Carolina,36,622,-7.0,0.0,0.0,-1.0,0600-0659,13.0,628.0,929.0,32.0,1009,1001.0,-8.0,0.0,0.0,-1.0,1000-1059,0.0,,0.0,167.0,166.0,121.0,1.0,930.0,4,,,0.0,,0.0,,,,0,,,,,,,,,,,,,,,,,,,,,,,,,,,,,,,,,,,,,,,,,,,,,N,4.0,0.0,6.0,10.0,1.0,0.0,29.0,40.0,6,10,1.0,1.0,29.0,41.0,9,9,0,0.0,0.0,N922US,N922US-AA-0,29.0,41.0,11.0,40.0,52.0,,,0.0,29,40,0.0,0.0
N922VA,725.0,2019,2,5,2,4,2019-05-02,AS,AS,19930,AS,1399,,,,,AS,19930,AS,1399,12478,1247805,31703,JFK,"New York, NY",NY,36,New York,22,12892,1289208,32575,LAX,"Los Angeles, CA",CA,6,California,91,730,-5.0,0.0,0.0,-1.0,0700-0759,33.0,758.0,1049.0,10.0,1050,1059.0,9.0,9.0,0.0,0.0,1000-1059,0.0,,0.0,380.0,394.0,351.0,1.0,2475.0,10,,,0.0,,0.0,,,,0,,,,,,,,,,,,,,,,,,,,,,,,,,,,,,,,,,,,,,,,,,,,,N,0.0,12.0,7.0,10.0,2.0,4.0,30.0,56.0,7,10,2.0,3.0,30.0,55.0,6,6,0,0.0,0.0,N922VA,N922VA-AS-0,30.0,42.0,26.0,56.0,68.0,,,0.0,30,56,0.0,0.0
N922WN,613.0,2019,2,5,2,4,2019-05-02,WN,WN,19393,WN,1002,,,,,WN,19393,WN,1002,11042,1104205,30647,CLE,"Cleveland, OH",OH,39,Ohio,44,10397,1039707,30397,ATL,"Atlanta, GA",GA,13,Georgia,34,615,-2.0,0.0,0.0,-1.0,0600-0659,10.0,623.0,748.0,5.0,810,753.0,-17.0,0.0,0.0,-2.0,0800-0859,0.0,,0.0,115.0,100.0,85.0,1.0,554.0,3,,,0.0,,0.0,,,,0,,,,,,,,,,,,,,,,,,,,,,,,,,,,,,,,,,,,,,,,,,,,,N,0.0,0.0,6.0,7.0,1.0,4.0,25.0,32.0,6,8,1.0,1.0,25.0,33.0,5,5,0,1.0,1.0,N922WN,N922WN-WN-0,25.0,37.0,7.0,32.0,44.0,,,0.0,25,32,0.0,0.0
N922WN,851.0,2019,2,5,2,4,2019-05-02,WN,WN,19393,WN,1002,,,,,WN,19393,WN,1002,10397,1039707,30397,ATL,"Atlanta, GA",GA,13,Georgia,34,13232,1323202,30977,MDW,"Chicago, IL",IL,17,Illinois,41,850,1.0,1.0,0.0,0.0,0800-0859,16.0,907.0,937.0,4.0,950,941.0,-9.0,0.0,0.0,-1.0,0900-0959,0.0,,0.0,120.0,110.0,90.0,1.0,591.0,3,,,0.0,,0.0,,,,0,,,,,,,,,,,,,,,,,,,,,,,,,,,,,,,,,,,,,,,,,,,,,N,0.0,4.0,8.0,9.0,3.0,3.0,35.0,43.0,8,9,3.0,3.0,35.0,43.0,5,5,1,1.0,0.0,N922WN,N922WN-WN-1,35.0,47.0,8.0,43.0,55.0,32.0,3.0,0.0,35,43,0.0,0.0
N922XJ,555.0,2019,2,5,2,4,2019-05-02,DL,DL_CODESHARE,19790,DL,5548,,,,,9E,20363,9E,5548,12945,1294503,32945,LEX,"Lexington, KY",KY,21,Kentucky,52,12953,1295304,31703,LGA,"New York, NY",NY,36,New York,22,600,-5.0,0.0,0.0,-1.0,0600-0659,11.0,606.0,734.0,10.0,758,744.0,-14.0,0.0,0.0,-1.0,0700-0759,0.0,,0.0,118.0,109.0,88.0,1.0,604.0,3,,,0.0,,0.0,,,,0,,,,,,,,,,,,,,,,,,,,,,,,,,,,,,,,,,,,,,,,,,,,,N,0.0,0.0,5.0,7.0,4.0,3.0,24.0,31.0,6,7,0.0,4.0,24.0,32.0,5,5,0,1.0,1.0,N922XJ,N922XJ-DL-0,24.0,36.0,7.0,31.0,43.0,,,0.0,24,31,0.0,0.0
N922XJ,854.0,2019,2,5,2,4,2019-05-02,DL,DL_CODESHARE,19790,DL,5131,,,,,9E,20363,9E,5131,12953,1295304,31703,LGA,"New York, NY",NY,36,New York,22,13244,1324402,33244,MEM,"Memphis, TN",TN,47,Tennessee,54,838,16.0,16.0,1.0,1.0,0800-0859,19.0,913.0,1035.0,7.0,1052,1042.0,-10.0,0.0,0.0,-1.0,1000-1059,0.0,,0.0,194.0,168.0,142.0,1.0,963.0,4,,,0.0,,0.0,,,,0,,,,,,,,,,,,,,,,,,,,,,,,,,,,,,,,,,,,,,,,,,,,,N,0.0,4.0,8.0,10.0,4.0,3.0,36.0,47.0,8,10,3.0,3.0,35.0,47.0,8,8,1,1.0,0.0,N922XJ,N922XJ-DL-1,36.0,48.0,11.0,47.0,59.0,31.0,5.0,0.0,36,47,0.0,0.0
N923AE,658.0,2019,2,5,2,4,2019-05-02,AA,AA_CODESHARE,19805,AA,3565,,,,,MQ,20398,MQ,3565,11995,1199502,31995,GSO,"Greensboro/High Point, NC",NC,37,North Carolina,36,13303,1330303,32467,MIA,"Miami, FL",FL,12,Florida,33,701,-3.0,0.0,0.0,-1.0,0700-0759,8.0,706.0,854.0,4.0,912,858.0,-14.0,0.0,0.0,-1.0,0900-0959,0.0,,0.0,131.0,120.0,108.0,1.0,710.0,3,,,0.0,,0.0,,,,0,,,,,,,,,,,,,,,,,,,,,,,,,,,,,,,,,,,,,,,,,,,,,N,0.0,0.0,6.0,8.0,4.0,4.0,28.0,36.0,7,9,0.0,1.0,28.0,37.0,1,1,0,0.0,0.0,N923AE,N923AE-AA-0,28.0,40.0,8.0,36.0,48.0,,,0.0,28,36,0.0,0.0
N923AN,648.0,2019,2,5,2,4,2019-05-02,AA,AA,19805,AA,2667,,,,,AA,19805,AA,2667,13930,1393007,30977,ORD,"Chicago, IL",IL,17,Illinois,41,14492,1449202,34492,RDU,"Raleigh/Durham, NC",NC,37,North Carolina,36,655,-7.0,0.0,0.0,-1.0,0600-0659,14.0,702.0,930.0,11.0,948,941.0,-7.0,0.0,0.0,-1.0,0900-0959,0.0,,0.0,113.0,113.0,88.0,1.0,646.0,3,,,0.0,,0.0,,,,0,,,,,,,,,,,,,,,,,,,,,,,,,,,,,,,,,,,,,,,,,,,,,N,4.0,0.0,6.0,9.0,3.0,3.0,31.0,39.0,6,9,4.0,3.0,32.0,39.0,5,5,0,0.0,0.0,N923AN,N923AN-AA-0,32.0,43.0,8.0,40.0,51.0,,,0.0,32,40,0.0,0.0
N923AT,650.0,2019,2,5,2,4,2019-05-02,DL,DL,19790,DL,479,,,,,DL,19790,DL,479,13930,1393007,30977,ORD,"Chicago, IL",IL,17,Illinois,41,11433,1143302,31295,DTW,"Detroit, MI",MI,26,Michigan,43,700,-10.0,0.0,0.0,-1.0,0700-0759,34.0,724.0,912.0,6.0,925,918.0,-7.0,0.0,0.0,-1.0,0900-0959,0.0,,0.0,85.0,88.0,48.0,1.0,235.0,1,,,0.0,,0.0,,,,0,,,,,,,,,,,,,,,,,,,,,,,,,,,,,,,,,,,,,,,,,,,,,N,4.0,0.0,6.0,9.0,3.0,1.0,31.0,37.0,7,9,0.0,2.0,32.0,38.0,7,7,0,0.0,0.0,N923AT,N923AT-DL-0,32.0,43.0,6.0,38.0,49.0,,,0.0,32,38,0.0,0.0
N923DN,850.0,2019,2,5,2,4,2019-05-02,DL,DL,19790,DL,1946,,,,,DL,19790,DL,1946,11042,1104205,30647,CLE,"Cleveland, OH",OH,39,Ohio,44,10397,1039707,30397,ATL,"Atlanta, GA",GA,13,Georgia,34,820,30.0,30.0,1.0,2.0,0800-0859,18.0,908.0,1031.0,8.0,1008,1039.0,31.0,31.0,1.0,2.0,1000-1059,0.0,,0.0,108.0,109.0,83.0,1.0,554.0,3,30.0,0.0,1.0,0.0,0.0,,,,0,,,,,,,,,,,,,,,,,,,,,,,,,,,,,,,,,,,,,,,,,,,,,N,0.0,0.0,8.0,10.0,3.0,3.0,35.0,43.0,8,10,1.0,1.0,33.0,41.0,5,5,0,0.0,0.0,N923DN,N923DN-DL-0,35.0,47.0,8.0,43.0,55.0,,,0.0,35,43,0.0,0.0
N923DZ,557.0,2019,2,5,2,4,2019-05-02,DL,DL,19790,DL,630,,,,,DL,19790,DL,630,12889,1288903,32211,LAS,"Las Vegas, NV",NV,32,Nevada,85,12478,1247805,31703,JFK,"New York, NY",NY,36,New York,22,600,-3.0,0.0,0.0,-1.0,0600-0659,15.0,612.0,1328.0,8.0,1408,1336.0,-32.0,0.0,0.0,-2.0,1400-1459,0.0,,0.0,308.0,279.0,256.0,1.0,2248.0,9,,,0.0,,0.0,,,,0,,,,,,,,,,,,,,,,,,,,,,,,,,,,,,,,,,,,,,,,,,,,,N,12.0,0.0,5.0,13.0,4.0,2.0,36.0,54.0,6,14,0.0,1.0,36.0,57.0,2,2,0,0.0,0.0,N923DZ,N923DZ-DL-0,36.0,48.0,18.0,54.0,66.0,,,0.0,36,54,0.0,0.0
N923SW,609.0,2019,2,5,2,4,2019-05-02,UA,UA_CODESHARE,19977,UA,5131,,,,,OO,20304,OO,5131,12888,1288802,32888,LAR,"Laramie, WY",WY,56,Wyoming,88,11292,1129202,30325,DEN,"Denver, CO",CO,8,Colorado,82,610,-1.0,0.0,0.0,-1.0,0600-0659,32.0,641.0,703.0,9.0,710,712.0,2.0,2.0,0.0,0.0,0700-0759,0.0,,0.0,60.0,63.0,22.0,1.0,113.0,1,,,0.0,,0.0,,,,0,,,,,,,,,,,,,,,,,,,,,,,,,,,,,,,,,,,,,,,,,,,,,N,8.0,8.0,6.0,7.0,1.0,1.0,33.0,37.0,6,7,1.0,1.0,33.0,37.0,6,6,0,1.0,1.0,N923SW,N923SW-UA-0,33.0,45.0,4.0,37.0,49.0,,,0.0,33,37,0.0,0.0
N923SW,747.0,2019,2,5,2,4,2019-05-02,UA,UA_CODESHARE,19977,UA,5282,,,,,OO,20304,OO,5282,11292,1129202,30325,DEN,"Denver, CO",CO,8,Colorado,82,15370,1537002,34653,TUL,"Tulsa, OK",OK,40,Oklahoma,73,750,-3.0,0.0,0.0,-1.0,0700-0759,24.0,811.0,1030.0,5.0,1045,1035.0,-10.0,0.0,0.0,-1.0,1000-1059,0.0,,0.0,115.0,108.0,79.0,1.0,541.0,3,,,0.0,,0.0,,,,0,,,,,,,,,,,,,,,,,,,,,,,,,,,,,,,,,,,,,,,,,,,,,N,8.0,4.0,7.0,10.0,3.0,2.0,39.0,46.0,7,10,3.0,3.0,39.0,47.0,8,8,1,1.0,0.0,N923SW,N923SW-UA-1,39.0,51.0,7.0,46.0,58.0,37.0,2.0,0.0,39,46,0.0,0.0
N923US,830.0,2019,2,5,2,4,2019-05-02,AA,AA,19805,AA,540,,,,,AA,19805,AA,540,14100,1410005,34100,PHL,"Philadelphia, PA",PA,42,Pennsylvania,23,11298,1129806,30194,DFW,"Dallas/Fort Worth, TX",TX,48,Texas,74,835,-5.0,0.0,0.0,-1.0,0800-0859,47.0,917.0,1145.0,7.0,1136,1152.0,16.0,16.0,1.0,1.0,1100-1159,0.0,,0.0,241.0,262.0,208.0,1.0,1303.0,6,0.0,0.0,16.0,0.0,0.0,,,,0,,,,,,,,,,,,,,,,,,,,,,,,,,,,,,,,,,,,,,,,,,,,,N,0.0,4.0,8.0,11.0,2.0,3.0,34.0,51.0,8,11,2.0,2.0,34.0,50.0,1,1,0,0.0,0.0,N923US,N923US-AA-0,34.0,46.0,17.0,51.0,63.0,,,1.0,34,51,0.0,0.0
N923WN,521.0,2019,2,5,2,4,2019-05-02,WN,WN,19393,WN,1955,,,,,WN,19393,WN,1955,10140,1014005,30140,ABQ,"Albuquerque, NM",NM,35,New Mexico,86,12892,1289208,32575,LAX,"Los Angeles, CA",CA,6,California,91,525,-4.0,0.0,0.0,-1.0,0001-0559,11.0,532.0,612.0,7.0,630,619.0,-11.0,0.0,0.0,-1.0,0600-0659,0.0,,0.0,125.0,118.0,100.0,1.0,677.0,3,,,0.0,,0.0,,,,0,,,,,,,,,,,,,,,,,,,,,,,,,,,,,,,,,,,,,,,,,,,,,N,8.0,12.0,5.0,6.0,1.0,1.0,29.0,37.0,5,6,2.0,2.0,30.0,38.0,2,2,0,0.0,0.0,N923WN,N923WN-WN-0,30.0,41.0,8.0,38.0,49.0,,,0.0,30,39,1.0,2.3
N924AN,600.0,2019,2,5,2,4,2019-05-02,AA,AA,19805,AA,2261,,,,,AA,19805,AA,2261,15016,1501606,31123,STL,"St. Louis, MO",MO,29,Missouri,64,11298,1129806,30194,DFW,"Dallas/Fort Worth, TX",TX,48,Texas,74,605,-5.0,0.0,0.0,-1.0,0600-0659,14.0,614.0,742.0,9.0,805,751.0,-14.0,0.0,0.0,-1.0,0800-0859,0.0,,0.0,120.0,111.0,88.0,1.0,550.0,3,,,0.0,,0.0,,,,0,,,,,,,,,,,,,,,,,,,,,,,,,,,,,,,,,,,,,,,,,,,,,N,4.0,4.0,6.0,7.0,0.0,3.0,28.0,35.0,6,8,0.0,0.0,28.0,36.0,7,7,0,0.0,0.0,N924AN,N924AN-AA-0,28.0,40.0,7.0,35.0,47.0,,,0.0,28,35,0.0,0.0
N924AT,622.0,2019,2,5,2,4,2019-05-02,DL,DL,19790,DL,2910,,,,,DL,19790,DL,2910,10434,1043405,30434,AVP,"Scranton/Wilkes-Barre, PA",PA,42,Pennsylvania,23,10397,1039707,30397,ATL,"Atlanta, GA",GA,13,Georgia,34,630,-8.0,0.0,0.0,-1.0,0600-0659,10.0,632.0,816.0,7.0,840,823.0,-17.0,0.0,0.0,-2.0,0800-0859,0.0,,0.0,130.0,121.0,104.0,1.0,714.0,3,,,0.0,,0.0,,,,0,,,,,,,,,,,,,,,,,,,,,,,,,,,,,,,,,,,,,,,,,,,,,N,0.0,0.0,6.0,8.0,1.0,2.0,25.0,34.0,6,8,2.0,3.0,26.0,35.0,3,3,0,1.0,1.0,N924AT,N924AT-DL-0,26.0,37.0,9.0,35.0,46.0,,,0.0,26,35,0.0,0.0
N924AT,925.0,2019,2,5,2,4,2019-05-02,DL,DL,19790,DL,2617,,,,,DL,19790,DL,2617,10397,1039707,30397,ATL,"Atlanta, GA",GA,13,Georgia,34,13485,1348502,33485,MSN,"Madison, WI",WI,55,Wisconsin,45,926,-1.0,0.0,0.0,-1.0,0900-0959,7.0,932.0,1023.0,4.0,1025,1027.0,2.0,2.0,0.0,0.0,1000-1059,0.0,,0.0,119.0,122.0,111.0,1.0,707.0,3,,,0.0,,0.0,,,,0,,,,,,,,,,,,,,,,,,,,,,,,,,,,,,,,,,,,,,,,,,,,,N,0.0,4.0,9.0,10.0,2.0,2.0,38.0,46.0,9,10,2.0,2.0,38.0,46.0,8,8,1,1.0,0.0,N924AT,N924AT-DL-1,38.0,50.0,8.0,46.0,58.0,34.0,4.0,0.0,39,47,1.0,8.32
N924DN,554.0,2019,2,5,2,4,2019-05-02,DL,DL,19790,DL,2389,,,,,DL,19790,DL,2389,11618,1161802,31703,EWR,"Newark, NJ",NJ,34,New Jersey,21,10397,1039707,30397,ATL,"Atlanta, GA",GA,13,Georgia,34,600,-6.0,0.0,0.0,-1.0,0600-0659,13.0,607.0,758.0,8.0,814,806.0,-8.0,0.0,0.0,-1.0,0800-0859,0.0,,0.0,134.0,132.0,111.0,1.0,746.0,3,,,0.0,,0.0,,,,0,,,,,,,,,,,,,,,,,,,,,,,,,,,,,,,,,,,,,,,,,,,,,N,0.0,0.0,5.0,8.0,4.0,0.0,24.0,32.0,6,8,0.0,1.0,24.0,33.0,2,2,0,1.0,1.0,N924DN,N924DN-DL-0,24.0,36.0,8.0,32.0,44.0,,,0.0,24,33,1.0,2.14
N924DN,908.0,2019,2,5,2,4,2019-05-02,DL,DL,19790,DL,2298,,,,,DL,19790,DL,2298,10397,1039707,30397,ATL,"Atlanta, GA",GA,13,Georgia,34,14986,1498603,34986,SRQ,"Sarasota/Bradenton, FL",FL,12,Florida,33,906,2.0,2.0,0.0,0.0,0900-0959,16.0,924.0,1029.0,4.0,1036,1033.0,-3.0,0.0,0.0,-1.0,1000-1059,0.0,,0.0,90.0,85.0,65.0,1.0,444.0,2,,,0.0,,0.0,,,,0,,,,,,,,,,,,,,,,,,,,,,,,,,,,,,,,,,,,,,,,,,,,,N,0.0,0.0,9.0,10.0,1.0,2.0,37.0,42.0,9,10,0.0,2.0,36.0,42.0,1,1,1,1.0,0.0,N924DN,N924DN-DL-1,37.0,49.0,5.0,42.0,54.0,32.0,5.0,0.0,38,43,1.0,1.24
N924EV,849.0,2019,2,5,2,4,2019-05-02,DL,DL_CODESHARE,19790,DL,3322,,,,,9E,20363,9E,3322,10397,1039707,30397,ATL,"Atlanta, GA",GA,13,Georgia,34,13795,1379502,33795,OAJ,"Jacksonville/Camp Lejeune, NC",NC,37,North Carolina,36,855,-6.0,0.0,0.0,-1.0,0800-0859,34.0,923.0,1024.0,8.0,1024,1032.0,8.0,8.0,0.0,0.0,1000-1059,0.0,,0.0,89.0,103.0,61.0,1.0,399.0,2,,,0.0,,0.0,,,,0,,,,,,,,,,,,,,,,,,,,,,,,,,,,,,,,,,,,,,,,,,,,,N,0.0,0.0,8.0,10.0,3.0,2.0,35.0,42.0,8,10,4.0,2.0,36.0,42.0,5,5,0,0.0,0.0,N924EV,N924EV-DL-0,36.0,47.0,7.0,43.0,54.0,,,0.0,36,43,0.0,0.0
N924FJ,719.0,2019,2,5,2,4,2019-05-02,AA,AA_CODESHARE,19805,AA,5910,,,,,YV,20378,YV,5910,11298,1129806,30194,DFW,"Dallas/Fort Worth, TX",TX,48,Texas,74,12448,1244807,32448,JAN,"Jackson/Vicksburg, MS",MS,28,Mississippi,53,720,-1.0,0.0,0.0,-1.0,0700-0759,31.0,750.0,909.0,4.0,843,913.0,30.0,30.0,1.0,2.0,0800-0859,0.0,,0.0,83.0,114.0,79.0,1.0,408.0,2,0.0,0.0,30.0,0.0,0.0,,,,0,,,,,,,,,,,,,,,,,,,,,,,,,,,,,,,,,,,,,,,,,,,,,N,4.0,4.0,7.0,9.0,1.0,1.0,33.0,41.0,7,8,1.0,3.0,33.0,39.0,7,7,0,0.0,0.0,N924FJ,N924FJ-AA-0,33.0,45.0,8.0,41.0,53.0,,,2.0,33,41,0.0,0.0
N924SW,545.0,2019,2,5,2,4,2019-05-02,UA,UA_CODESHARE,19977,UA,5321,,,,,OO,20304,OO,5321,14262,1426204,34262,PSP,"Palm Springs, CA",CA,6,California,91,12892,1289208,32575,LAX,"Los Angeles, CA",CA,6,California,91,600,-15.0,0.0,0.0,-1.0,0600-0659,33.0,618.0,646.0,7.0,709,653.0,-16.0,0.0,0.0,-2.0,0700-0759,0.0,,0.0,69.0,68.0,28.0,1.0,110.0,1,,,0.0,,0.0,,,,0,,,,,,,,,,,,,,,,,,,,,,,,,,,,,,,,,,,,,,,,,,,,,N,12.0,12.0,5.0,6.0,3.0,4.0,35.0,40.0,6,7,0.0,1.0,36.0,41.0,5,5,0,0.0,0.0,N924SW,N924SW-UA-0,36.0,47.0,5.0,41.0,52.0,,,0.0,36,41,0.0,0.0
N924US,458.0,2019,2,5,2,4,2019-05-02,AA,AA,19805,AA,1994,,,,,AA,19805,AA,1994,14027,1402702,34027,PBI,"West Palm Beach/Palm Beach, FL",FL,12,Florida,33,11057,1105703,31057,CLT,"Charlotte, NC",NC,37,North Carolina,36,500,-2.0,0.0,0.0,-1.0,0001-0559,14.0,512.0,644.0,6.0,656,650.0,-6.0,0.0,0.0,-1.0,0600-0659,0.0,,0.0,116.0,112.0,92.0,1.0,590.0,3,,,0.0,,0.0,,,,0,,,,,,,,,,,,,,,,,,,,,,,,,,,,,,,,,,,,,,,,,,,,,N,0.0,0.0,4.0,6.0,4.0,3.0,20.0,27.0,5,6,0.0,4.0,20.0,28.0,4,4,0,1.0,1.0,N924US,N924US-AA-0,20.0,32.0,7.0,27.0,39.0,,,0.0,20,27,0.0,0.0
N924US,743.0,2019,2,5,2,4,2019-05-02,AA,AA,19805,AA,639,,,,,AA,19805,AA,639,11057,1105703,31057,CLT,"Charlotte, NC",NC,37,North Carolina,36,14679,1467903,33570,SAN,"San Diego, CA",CA,6,California,91,746,-3.0,0.0,0.0,-1.0,0700-0759,20.0,803.0,942.0,3.0,1006,945.0,-21.0,0.0,0.0,-2.0,1000-1059,0.0,,0.0,320.0,302.0,279.0,1.0,2077.0,9,,,0.0,,0.0,,,,0,,,,,,,,,,,,,,,,,,,,,,,,,,,,,,,,,,,,,,,,,,,,,N,0.0,12.0,7.0,9.0,3.0,3.0,31.0,51.0,7,10,3.0,0.0,31.0,52.0,9,9,1,1.0,0.0,N924US,N924US-AA-1,31.0,43.0,20.0,51.0,63.0,27.0,4.0,0.0,31,51,0.0,0.0
N924VA,625.0,2019,2,5,2,4,2019-05-02,AS,AS,19930,AS,1951,,,,,AS,19930,AS,1951,14679,1467903,33570,SAN,"San Diego, CA",CA,6,California,91,14771,1477104,32457,SFO,"San Francisco, CA",CA,6,California,91,635,-10.0,0.0,0.0,-1.0,0600-0659,36.0,701.0,807.0,7.0,815,814.0,-1.0,0.0,0.0,-1.0,0800-0859,0.0,,0.0,100.0,109.0,66.0,1.0,447.0,2,,,0.0,,0.0,,,,0,,,,,,,,,,,,,,,,,,,,,,,,,,,,,,,,,,,,,,,,,,,,,N,12.0,12.0,6.0,8.0,2.0,1.0,38.0,45.0,6,8,2.0,1.0,38.0,45.0,8,8,0,0.0,0.0,N924VA,N924VA-AS-0,38.0,50.0,7.0,45.0,57.0,,,0.0,38,45,0.0,0.0
N924XJ,643.0,2019,2,5,2,4,2019-05-02,DL,DL_CODESHARE,19790,DL,5370,,,,,9E,20363,9E,5370,11423,1142307,31423,DSM,"Des Moines, IA",IA,19,Iowa,61,13487,1348702,31650,MSP,"Minneapolis, MN",MN,27,Minnesota,63,654,-11.0,0.0,0.0,-1.0,0600-0659,32.0,715.0,801.0,6.0,810,807.0,-3.0,0.0,0.0,-1.0,0800-0859,0.0,,0.0,76.0,84.0,46.0,1.0,232.0,1,,,0.0,,0.0,,,,0,,,,,,,,,,,,,,,,,,,,,,,,,,,,,,,,,,,,,,,,,,,,,N,4.0,4.0,6.0,8.0,3.0,0.0,31.0,36.0,6,8,4.0,1.0,32.0,37.0,9,9,0,0.0,0.0,N924XJ,N924XJ-DL-0,32.0,43.0,5.0,37.0,48.0,,,0.0,32,37,0.0,0.0
N925AT,556.0,2019,2,5,2,4,2019-05-02,DL,DL,19790,DL,1711,,,,,DL,19790,DL,1711,10792,1079206,30792,BUF,"Buffalo, NY",NY,36,New York,22,11433,1143302,31295,DTW,"Detroit, MI",MI,26,Michigan,43,600,-4.0,0.0,0.0,-1.0,0600-0659,13.0,609.0,650.0,11.0,707,701.0,-6.0,0.0,0.0,-1.0,0700-0759,0.0,,0.0,67.0,65.0,41.0,1.0,241.0,1,,,0.0,,0.0,,,,0,,,,,,,,,,,,,,,,,,,,,,,,,,,,,,,,,,,,,,,,,,,,,N,0.0,0.0,5.0,7.0,4.0,0.0,24.0,28.0,6,7,0.0,0.0,24.0,28.0,2,2,0,1.0,1.0,N925AT,N925AT-DL-0,24.0,36.0,4.0,28.0,40.0,,,0.0,24,28,0.0,0.0
N925AT,745.0,2019,2,5,2,4,2019-05-02,DL,DL,19790,DL,2692,,,,,DL,19790,DL,2692,11433,1143302,31295,DTW,"Detroit, MI",MI,26,Michigan,43,10693,1069302,30693,BNA,"Nashville, TN",TN,47,Tennessee,54,750,-5.0,0.0,0.0,-1.0,0700-0759,14.0,759.0,807.0,5.0,831,812.0,-19.0,0.0,0.0,-2.0,0800-0859,0.0,,0.0,101.0,87.0,68.0,1.0,456.0,2,,,0.0,,0.0,,,,0,,,,,,,,,,,,,,,,,,,,,,,,,,,,,,,,,,,,,,,,,,,,,N,0.0,4.0,7.0,8.0,3.0,1.0,31.0,37.0,7,8,3.0,2.0,31.0,38.0,2,2,1,1.0,0.0,N925AT,N925AT-DL-1,31.0,43.0,6.0,37.0,49.0,28.0,3.0,0.0,31,37,0.0,0.0
N925EV,627.0,2019,2,5,2,4,2019-05-02,UA,UA_CODESHARE,19977,UA,5067,,,,,OO,20304,OO,5067,11468,1146802,31468,EAR,"Kearney, NE",NE,31,Nebraska,65,11292,1129202,30325,DEN,"Denver, CO",CO,8,Colorado,82,635,-8.0,0.0,0.0,-1.0,0600-0659,30.0,657.0,650.0,7.0,703,657.0,-6.0,0.0,0.0,-1.0,0700-0759,0.0,,0.0,88.0,90.0,53.0,1.0,305.0,2,,,0.0,,0.0,,,,0,,,,,,,,,,,,,,,,,,,,,,,,,,,,,,,,,,,,,,,,,,,,,N,4,8.0,6.0,6.0,2.0,4.0,30.0,36.0,6,7,2.0,0.0,30.0,36.0,6,6,0,0.0,0.0,N925EV,N925EV-UA-0,30.0,42.0,6.0,36.0,48.0,,,0.0,30,36,0.0,0.0
N925SW,610.0,2019,2,5,2,4,2019-05-02,UA,UA_CODESHARE,19977,UA,5495,,,,,OO,20304,OO,5495,10627,1062702,30627,BIS,"Bismarck/Mandan, ND",ND,38,North Dakota,66,11292,1129202,30325,DEN,"Denver, CO",CO,8,Colorado,82,618,-8.0,0.0,0.0,-1.0,0600-0659,21.0,631.0,657.0,11.0,710,708.0,-2.0,0.0,0.0,-1.0,0700-0759,0.0,,0.0,112.0,118.0,86.0,1.0,516.0,3,,,0.0,,0.0,,,,0,,,,,,,,,,,,,,,,,,,,,,,,,,,,,,,,,,,,,,,,,,,,,N,4.0,8.0,6.0,7.0,1.0,1.0,29.0,37.0,6,7,1.0,1.0,29.0,37.0,2,2,0,0.0,0.0,N925SW,N925SW-UA-0,29.0,41.0,8.0,37.0,49.0,,,0.0,29,37,0.0,0.0
N925XJ,854.0,2019,2,5,2,4,2019-05-02,DL,DL_CODESHARE,19790,DL,5491,,,,,9E,20363,9E,5491,12478,1247805,31703,JFK,"New York, NY",NY,36,New York,22,10721,1072102,30721,BOS,"Boston, MA",MA,25,Massachusetts,13,900,-6.0,0.0,0.0,-1.0,0900-0959,39.0,933.0,1006.0,9.0,1018,1015.0,-3.0,0.0,0.0,-1.0,1000-1059,0.0,,0.0,78.0,81.0,33.0,1.0,187.0,1,,,0.0,,0.0,,,,0,,,,,,,,,,,,,,,,,,,,,,,,,,,,,,,,,,,,,,,,,,,,,N,0.0,0.0,8.0,10.0,4.0,1.0,36.0,41.0,9,10,0.0,1.0,36.0,41.0,8,8,0,0.0,0.0,N925XJ,N925XJ-DL-0,36.0,48.0,5.0,41.0,53.0,,,0.0,36,41,0.0,0.0
N926AN,655.0,2019,2,5,2,4,2019-05-02,AA,AA,19805,AA,1433,,,,,AA,19805,AA,1433,15370,1537002,34653,TUL,"Tulsa, OK",OK,40,Oklahoma,73,11057,1105703,31057,CLT,"Charlotte, NC",NC,37,North Carolina,36,659,-4.0,0.0,0.0,-1.0,0600-0659,19.0,714.0,1011.0,18.0,1026,1029.0,3.0,3.0,0.0,0.0,1000-1059,0.0,,0.0,147.0,154.0,117.0,1.0,842.0,4,,,0.0,,0.0,,,,0,,,,,,,,,,,,,,,,,,,,,,,,,,,,,,,,,,,,,,,,,,,,,N,4.0,0.0,6.0,10.0,4.0,2.0,32.0,42.0,6,10,4.0,2.0,32.0,42.0,4,4,0,0.0,0.0,N926AN,N926AN-AA-0,32.0,44.0,10.0,42.0,54.0,,,0.0,32,42,0.0,0.0
N926AT,614.0,2019,2,5,2,4,2019-05-02,DL,DL,19790,DL,283,,,,,DL,19790,DL,283,11057,1105703,31057,CLT,"Charlotte, NC",NC,37,North Carolina,36,13487,1348702,31650,MSP,"Minneapolis, MN",MN,27,Minnesota,63,615,-1.0,0.0,0.0,-1.0,0600-0659,17.0,631.0,754.0,4.0,758,758.0,0.0,0.0,0.0,0.0,0700-0759,0.0,,0.0,163.0,164.0,143.0,1.0,930.0,4,,,0.0,,0.0,,,,0,,,,,,,,,,,,,,,,,,,,,,,,,,,,,,,,,,,,,,,,,,,,,N,0.0,4.0,6.0,7.0,1.0,4.0,25.0,36.0,6,7,1.0,4.0,25.0,36.0,4,4,0,0.0,0.0,N926AT,N926AT-DL-0,25.0,37.0,11.0,36.0,48.0,,,0.0,25,36,0.0,0.0
N926DH,559.0,2019,2,5,2,4,2019-05-02,DL,DL,19790,DL,2129,,,,,DL,19790,DL,2129,14576,1457606,34576,ROC,"Rochester, NY",NY,36,New York,22,10397,1039707,30397,ATL,"Atlanta, GA",GA,13,Georgia,34,600,-1.0,0.0,0.0,-1.0,0600-0659,11.0,610.0,759.0,6.0,808,805.0,-3.0,0.0,0.0,-1.0,0800-0859,0.0,,0.0,128.0,126.0,109.0,1.0,749.0,3,,,0.0,,0.0,,,,0,,,,,,,,,,,,,,,,,,,,,,,,,,,,,,,,,,,,,,,,,,,,,N,0.0,0.0,5.0,8.0,4.0,0.0,24.0,32.0,6,8,0.0,1.0,24.0,33.0,5,5,0,1.0,1.0,N926DH,N926DH-DL-0,24.0,36.0,8.0,32.0,44.0,,,0.0,24,32,0.0,0.0
N926DH,900.0,2019,2,5,2,4,2019-05-02,DL,DL,19790,DL,2156,,,,,DL,19790,DL,2156,10397,1039707,30397,ATL,"Atlanta, GA",GA,13,Georgia,34,15096,1509602,35096,SYR,"Syracuse, NY",NY,36,New York,22,900,0.0,0.0,0.0,0.0,0900-0959,20.0,920.0,1101.0,5.0,1107,1106.0,-1.0,0.0,0.0,-1.0,1100-1159,0.0,,0.0,127.0,126.0,101.0,1.0,794.0,4,,,0.0,,0.0,,,,0,,,,,,,,,,,,,,,,,,,,,,,,,,,,,,,,,,,,,,,,,,,,,N,0.0,0.0,9.0,11.0,0.0,0.0,36.0,44.0,9,11,0.0,0.0,36.0,44.0,1,1,1,1.0,0.0,N926DH,N926DH-DL-1,36.0,48.0,8.0,44.0,56.0,32.0,4.0,0.0,36,44,0.0,0.0
N926EV,825.0,2019,2,5,2,4,2019-05-02,DL,DL_CODESHARE,19790,DL,3746,,,,,OO,20304,OO,3746,11433,1143302,31295,DTW,"Detroit, MI",MI,26,Michigan,43,14730,1473003,33044,SDF,"Louisville, KY",KY,21,Kentucky,52,820,5.0,5.0,0.0,0.0,0800-0859,22.0,847.0,941.0,8.0,952,949.0,-3.0,0.0,0.0,-1.0,0900-0959,0.0,,0.0,92.0,84.0,54.0,1.0,306.0,2,,,0.0,,0.0,,,,0,,,,,,,,,,,,,,,,,,,,,,,,,,,,,,,,,,,,,,,,,,,,,N,0.0,0.0,8.0,9.0,2.0,3.0,34.0,39.0,8,9,1.0,3.0,33.0,39.0,9,9,0,0.0,0.0,N926EV,N926EV-DL-0,34.0,46.0,5.0,39.0,51.0,,,0.0,34,39,0.0,0.0
N926LR,557.0,2019,2,5,2,4,2019-05-02,AA,AA_CODESHARE,19805,AA,5751,,,,,YV,20378,YV,5751,10747,1074706,30747,BRO,"Brownsville, TX",TX,48,Texas,74,11298,1129806,30194,DFW,"Dallas/Fort Worth, TX",TX,48,Texas,74,605,-8.0,0.0,0.0,-1.0,0600-0659,15.0,612.0,723.0,6.0,742,729.0,-13.0,0.0,0.0,-1.0,0700-0759,0.0,,0.0,97.0,92.0,71.0,1.0,482.0,2,,,0.0,,0.0,,,,0,,,,,,,,,,,,,,,,,,,,,,,,,,,,,,,,,,,,,,,,,,,,,N,4.0,4.0,5.0,7.0,4.0,2.0,28.0,34.0,6,7,0.0,3.0,28.0,35.0,4,4,0,1.0,1.0,N926LR,N926LR-AA-0,28.0,40.0,6.0,34.0,46.0,,,0.0,28,34,0.0,0.0
N926LR,836.0,2019,2,5,2,4,2019-05-02,AA,AA_CODESHARE,19805,AA,5936,,,,,YV,20378,YV,5936,11298,1129806,30194,DFW,"Dallas/Fort Worth, TX",TX,48,Texas,74,10279,1027903,30279,AMA,"Amarillo, TX",TX,48,Texas,74,840,-4.0,0.0,0.0,-1.0,0800-0859,13.0,849.0,945.0,4.0,952,949.0,-3.0,0.0,0.0,-1.0,0900-0959,0.0,,0.0,72.0,73.0,56.0,1.0,312.0,2,,,0.0,,0.0,,,,0,,,,,,,,,,,,,,,,,,,,,,,,,,,,,,,,,,,,,,,,,,,,,N,4.0,4.0,8.0,9.0,2.0,3.0,38.0,43.0,8,9,3.0,3.0,39.0,43.0,8,8,1,1.0,0.0,N926LR,N926LR-AA-1,39.0,50.0,5.0,44.0,55.0,34.0,4.0,0.0,39,44,0.0,0.0
N926NN,22.0,2019,2,5,2,4,2019-05-02,AA,AA,19805,AA,291,,,,,AA,19805,AA,291,14107,1410702,30466,PHX,"Phoenix, AZ",AZ,4,Arizona,81,13303,1330303,32467,MIA,"Miami, FL",FL,12,Florida,33,15,7.0,7.0,0.0,0.0,0001-0559,12.0,34.0,729.0,6.0,725,735.0,10.0,10.0,0.0,0.0,0700-0759,0.0,,0.0,250.0,253.0,235.0,1.0,1972.0,8,,,0.0,,0.0,,,,0,,,,,,,,,,,,,,,,,,,,,,,,,,,,,,,,,,,,,,,,,,,,,N,8.0,0.0,0.0,7.0,1.0,2.0,9.0,30.0,0,7,1.0,2.0,9.0,30.0,9,9,0,0.0,0.0,N926NN,N926NN-AA-0,9.0,21.0,21.0,30.0,42.0,,,0.0,9,30,0.0,0.0
N926SW,711.0,2019,2,5,2,4,2019-05-02,UA,UA_CODESHARE,19977,UA,5639,,,,,OO,20304,OO,5639,11109,1110902,30189,COS,"Colorado Springs, CO",CO,8,Colorado,82,13930,1393007,30977,ORD,"Chicago, IL",IL,17,Illinois,41,700,11.0,11.0,0.0,0.0,0700-0759,37.0,748.0,1052.0,17.0,1045,1109.0,24.0,24.0,1.0,1.0,1000-1059,0.0,,0.0,165.0,178.0,124.0,1.0,911.0,4,11.0,0.0,13.0,0.0,0.0,,,,0,,,,,,,,,,,,,,,,,,,,,,,,,,,,,,,,,,,,,,,,,,,,,N,8.0,4.0,7.0,11.0,1.0,1.0,37.0,49.0,7,10,0.0,3.0,36.0,47.0,7,7,0,0.0,0.0,N926SW,N926SW-UA-0,36.0,49.0,12.0,48.0,61.0,,,1.0,36,49,1.0,7.24
N926XJ,602.0,2019,2,5,2,4,2019-05-02,DL,DL_CODESHARE,19790,DL,5412,,,,,9E,20363,9E,5412,14492,1449202,34492,RDU,"Raleigh/Durham, NC",NC,37,North Carolina,36,13487,1348702,31650,MSP,"Minneapolis, MN",MN,27,Minnesota,63,605,-3.0,0.0,0.0,-1.0,0600-0659,19.0,621.0,744.0,5.0,805,749.0,-16.0,0.0,0.0,-2.0,0800-0859,0.0,,0.0,180.0,167.0,143.0,1.0,980.0,4,,,0.0,,0.0,,,,0,,,,,,,,,,,,,,,,,,,,,,,,,,,,,,,,,,,,,,,,,,,,,N,0.0,4.0,6.0,7.0,0.0,3.0,24.0,35.0,6,8,0.0,0.0,24.0,36.0,3,3,0,0.0,0.0,N926XJ,N926XJ-DL-0,24.0,36.0,11.0,35.0,47.0,,,0.0,24,35,0.0,0.0
N927AN,635.0,2019,2,5,2,4,2019-05-02,AA,AA,19805,AA,2328,,,,,AA,19805,AA,2328,10397,1039707,30397,ATL,"Atlanta, GA",GA,13,Georgia,34,12892,1289208,32575,LAX,"Los Angeles, CA",CA,6,California,91,640,-5.0,0.0,0.0,-1.0,0600-0659,13.0,648.0,840.0,7.0,857,847.0,-10.0,0.0,0.0,-1.0,0800-0859,0.0,,0.0,317.0,312.0,292.0,1.0,1947.0,8,,,0.0,,0.0,,,,0,,,,,,,,,,,,,,,,,,,,,,,,,,,,,,,,,,,,,,,,,,,,,N,0.0,12.0,6.0,8.0,2.0,3.0,26.0,47.0,6,8,3.0,4.0,27.0,48.0,8,8,0,0.0,0.0,N927AN,N927AN-AA-0,27.0,38.0,21.0,48.0,59.0,,,0.0,27,48,0.0,0.0
N927AT,619.0,2019,2,5,2,4,2019-05-02,DL,DL,19790,DL,798,,,,,DL,19790,DL,798,10721,1072102,30721,BOS,"Boston, MA",MA,25,Massachusetts,13,14492,1449202,34492,RDU,"Raleigh/Durham, NC",NC,37,North Carolina,36,615,4.0,4.0,0.0,0.0,0600-0659,18.0,637.0,809.0,10.0,825,819.0,-6.0,0.0,0.0,-1.0,0800-0859,0.0,,0.0,130.0,120.0,92.0,1.0,612.0,3,,,0.0,,0.0,,,,0,,,,,,,,,,,,,,,,,,,,,,,,,,,,,,,,,,,,,,,,,,,,,N,0.0,0.0,6.0,8.0,1.0,1.0,25.0,33.0,6,8,1.0,2.0,25.0,34.0,4,4,0,1.0,1.0,N927AT,N927AT-DL-0,25.0,37.0,8.0,33.0,45.0,,,0.0,25,33,0.0,0.0
N927AT,905.0,2019,2,5,2,4,2019-05-02,DL,DL,19790,DL,586,,,,,DL,19790,DL,586,14492,1449202,34492,RDU,"Raleigh/Durham, NC",NC,37,North Carolina,36,13204,1320402,31454,MCO,"Orlando, FL",FL,12,Florida,33,905,0.0,0.0,0.0,0.0,0900-0959,20.0,925.0,1043.0,9.0,1052,1052.0,0.0,0.0,0.0,0.0,1000-1059,0.0,,0.0,107.0,107.0,78.0,1.0,534.0,3,,,0.0,,0.0,,,,0,,,,,,,,,,,,,,,,,,,,,,,,,,,,,,,,,,,,,,,,,,,,,N,0.0,0.0,9.0,10.0,0.0,3.0,36.0,43.0,9,10,0.0,3.0,36.0,43.0,2,2,1,1.0,0.0,N927AT,N927AT-DL-1,36.0,48.0,7.0,43.0,55.0,33.0,3.0,0.0,36,43,0.0,0.0
N927DN,843.0,2019,2,5,2,4,2019-05-02,DL,DL,19790,DL,2310,,,,,DL,19790,DL,2310,10397,1039707,30397,ATL,"Atlanta, GA",GA,13,Georgia,34,11298,1129806,30194,DFW,"Dallas/Fort Worth, TX",TX,48,Texas,74,845,-2.0,0.0,0.0,-1.0,0800-0859,15.0,858.0,1101.0,6.0,1002,1107.0,65.0,65.0,1.0,4.0,1000-1059,0.0,,0.0,137.0,204.0,183.0,1.0,731.0,3,0.0,0.0,65.0,0.0,0.0,,,,0,,,,,,,,,,,,,,,,,,,,,,,,,,,,,,,,,,,,,,,,,,,,,N,0.0,4.0,8.0,11.0,3.0,0.0,35.0,48.0,8,10,3.0,0.0,35.0,44.0,4,4,0,0.0,0.0,N927DN,N927DN-DL-0,35.0,47.0,13.0,48.0,60.0,,,4.0,35,48,0.0,0.0
N927EV,707.0,2019,2,5,2,4,2019-05-02,DL,DL_CODESHARE,19790,DL,5101,,,,,9E,20363,9E,5101,11193,1119302,33105,CVG,"Cincinnati, OH",KY,21,Kentucky,52,13930,1393007,30977,ORD,"Chicago, IL",IL,17,Illinois,41,700,7.0,7.0,0.0,0.0,0700-0759,11.0,718.0,714.0,11.0,733,725.0,-8.0,0.0,0.0,-1.0,0700-0759,0.0,,0.0,93.0,78.0,56.0,1.0,264.0,2,,,0.0,,0.0,,,,0,,,,,,,,,,,,,,,,,,,,,,,,,,,,,,,,,,,,,,,,,,,,,N,0.0,4.0,7.0,7.0,0.0,2.0,28.0,34.0,7,7,0.0,2.0,28.0,34.0,6,6,0,1.0,1.0,N927EV,N927EV-DL-0,28.0,40.0,6.0,34.0,46.0,,,0.0,28,34,0.0,0.0
N927EV,754.0,2019,2,5,2,4,2019-05-02,DL,DL_CODESHARE,19790,DL,5079,,,,,9E,20363,9E,5079,13930,1393007,30977,ORD,"Chicago, IL",IL,17,Illinois,41,11193,1119302,33105,CVG,"Cincinnati, OH",KY,21,Kentucky,52,800,-6.0,0.0,0.0,-1.0,0800-0859,38.0,832.0,1018.0,5.0,1014,1023.0,9.0,9.0,0.0,0.0,1000-1059,0.0,,0.0,74.0,89.0,46.0,1.0,264.0,2,,,0.0,,0.0,,,,0,,,,,,,,,,,,,,,,,,,,,,,,,,,,,,,,,,,,,,,,,,,,,N,4.0,0.0,7.0,10.0,4.0,2.0,36.0,42.0,8,10,0.0,1.0,36.0,41.0,5,5,1,1.0,0.0,N927EV,N927EV-DL-1,36.0,48.0,6.0,42.0,54.0,34.0,2.0,0.0,36,42,0.0,0.0
N927LR,737.0,2019,2,5,2,4,2019-05-02,AA,AA_CODESHARE,19805,AA,5956,,,,,YV,20378,YV,5956,14107,1410702,30466,PHX,"Phoenix, AZ",AZ,4,Arizona,81,14698,1469802,34236,SBP,"San Luis Obispo, CA",CA,6,California,91,730,7.0,7.0,0.0,0.0,0700-0759,34.0,811.0,935.0,4.0,916,939.0,23.0,23.0,1.0,1.0,0900-0959,0.0,,0.0,106.0,122.0,84.0,1.0,509.0,3,7.0,0.0,16.0,0.0,0.0,,,,0,,,,,,,,,,,,,,,,,,,,,,,,,,,,,,,,,,,,,,,,,,,,,N,8.0,12.0,7.0,9.0,2.0,3.0,38.0,51.0,7,9,2.0,1.0,38.0,49.0,3,3,0,0.0,0.0,N927LR,N927LR-AA-0,38.0,50.0,13.0,51.0,63.0,,,1.0,38,51,0.0,0.0
N927SW,556.0,2019,2,5,2,4,2019-05-02,UA,UA_CODESHARE,19977,UA,5330,,,,,OO,20304,OO,5330,14696,1469608,34696,SBN,"South Bend, IN",IN,18,Indiana,42,13930,1393007,30977,ORD,"Chicago, IL",IL,17,Illinois,41,600,-4.0,0.0,0.0,-1.0,0600-0659,13.0,609.0,540.0,5.0,614,545.0,-29.0,0.0,0.0,-2.0,0600-0659,0.0,,0.0,74.0,49.0,31.0,1.0,84.0,1,,,0.0,,0.0,,,,0,,,,,,,,,,,,,,,,,,,,,,,,,,,,,,,,,,,,,,,,,,,,,N,0.0,4.0,5.0,5.0,4.0,3.0,24.0,27.0,6,6,0.0,1.0,24.0,29.0,5,5,0,1.0,1.0,N927SW,N927SW-UA-0,24.0,36.0,3.0,27.0,39.0,,,0.0,24,27,0.0,0.0
N927SW,639.0,2019,2,5,2,4,2019-05-02,UA,UA_CODESHARE,19977,UA,5440,,,,,OO,20304,OO,5440,13930,1393007,30977,ORD,"Chicago, IL",IL,17,Illinois,41,15412,1541205,35412,TYS,"Knoxville, TN",TN,47,Tennessee,54,645,-6.0,0.0,0.0,-1.0,0600-0659,12.0,651.0,905.0,4.0,930,909.0,-21.0,0.0,0.0,-2.0,0900-0959,0.0,,0.0,105.0,90.0,74.0,1.0,475.0,2,,,0.0,,0.0,,,,0,,,,,,,,,,,,,,,,,,,,,,,,,,,,,,,,,,,,,,,,,,,,,N,4.0,0.0,6.0,9.0,3.0,1.0,31.0,37.0,6,9,3.0,2.0,31.0,38.0,1,1,1,1.0,0.0,N927SW,N927SW-UA-1,31.0,43.0,6.0,37.0,49.0,27.0,4.0,0.0,31,37,0.0,0.0
N927UW,608.0,2019,2,5,2,4,2019-05-02,AA,AA,19805,AA,448,,,,,AA,19805,AA,448,14027,1402702,34027,PBI,"West Palm Beach/Palm Beach, FL",FL,12,Florida,33,14100,1410005,34100,PHL,"Philadelphia, PA",PA,42,Pennsylvania,23,607,1.0,1.0,0.0,0.0,0600-0659,14.0,622.0,838.0,3.0,850,841.0,-9.0,0.0,0.0,-1.0,0800-0859,0.0,,0.0,163.0,153.0,136.0,1.0,951.0,4,,,0.0,,0.0,,,,0,,,,,,,,,,,,,,,,,,,,,,,,,,,,,,,,,,,,,,,,,,,,,N,0.0,0.0,6.0,8.0,1.0,3.0,25.0,35.0,6,8,0.0,3.0,24.0,35.0,6,6,0,0.0,0.0,N927UW,N927UW-AA-0,25.0,37.0,10.0,35.0,47.0,,,0.0,25,35,0.0,0.0
N927WN,622.0,2019,2,5,2,4,2019-05-02,WN,WN,19393,WN,2021,,,,,WN,19393,WN,2021,11259,1125904,30194,DAL,"Dallas, TX",TX,48,Texas,74,12892,1289208,32575,LAX,"Los Angeles, CA",CA,6,California,91,615,7.0,7.0,0.0,0.0,0600-0659,8.0,630.0,725.0,10.0,745,735.0,-10.0,0.0,0.0,-1.0,0700-0759,0.0,,0.0,210.0,193.0,175.0,1.0,1246.0,5,,,0.0,,0.0,,,,0,,,,,,,,,,,,,,,,,,,,,,,,,,,,,,,,,,,,,,,,,,,,,N,4.0,12.0,6.0,7.0,1.0,2.0,29.0,42.0,6,7,1.0,3.0,29.0,43.0,4,4,0,0.0,0.0,N927WN,N927WN-WN-0,29.0,41.0,13.0,42.0,54.0,,,0.0,29,42,0.0,0.0
N928AE,637.0,2019,2,5,2,4,2019-05-02,AA,AA_CODESHARE,19805,AA,3761,,,,,MQ,20398,MQ,3761,14108,1410803,34108,PIA,"Peoria, IL",IL,17,Illinois,41,13930,1393007,30977,ORD,"Chicago, IL",IL,17,Illinois,41,638,-1.0,0.0,0.0,-1.0,0600-0659,36.0,713.0,744.0,16.0,745,800.0,15.0,15.0,1.0,1.0,0700-0759,0.0,,0.0,67.0,83.0,31.0,1.0,130.0,1,0.0,0.0,15.0,0.0,0.0,,,,0,,,,,,,,,,,,,,,,,,,,,,,,,,,,,,,,,,,,,,,,,,,,,N,4.0,4.0,6.0,8.0,2.0,0.0,30.0,36.0,6,7,3.0,3.0,31.0,35.0,2,2,0,0.0,0.0,N928AE,N928AE-AA-0,31.0,42.0,6.0,37.0,48.0,,,1.0,31,37,0.0,0.0
N928AN,602.0,2019,2,5,2,4,2019-05-02,AA,AA,19805,AA,2653,,,,,AA,19805,AA,2653,11638,1163807,31638,FAT,"Fresno, CA",CA,6,California,91,11298,1129806,30194,DFW,"Dallas/Fort Worth, TX",TX,48,Texas,74,609,-7.0,0.0,0.0,-1.0,0600-0659,17.0,619.0,1105.0,13.0,1116,1118.0,2.0,2.0,0.0,0.0,1100-1159,0.0,,0.0,187.0,196.0,166.0,1.0,1313.0,6,,,0.0,,0.0,,,,0,,,,,,,,,,,,,,,,,,,,,,,,,,,,,,,,,,,,,,,,,,,,,N,12.0,4.0,6.0,11.0,0.0,1.0,36.0,49.0,6,11,1.0,1.0,37.0,49.0,4,4,0,0.0,0.0,N928AN,N928AN-AA-0,37.0,48.0,13.0,50.0,61.0,,,0.0,37,50,0.0,0.0
N928AT,759.0,2019,2,5,2,4,2019-05-02,DL,DL,19790,DL,876,,,,,DL,19790,DL,876,11057,1105703,31057,CLT,"Charlotte, NC",NC,37,North Carolina,36,13487,1348702,31650,MSP,"Minneapolis, MN",MN,27,Minnesota,63,800,-1.0,0.0,0.0,-1.0,0800-0859,21.0,820.0,940.0,3.0,944,943.0,-1.0,0.0,0.0,-1.0,0900-0959,0.0,,0.0,164.0,164.0,140.0,1.0,930.0,4,,,0.0,,0.0,,,,0,,,,,,,,,,,,,,,,,,,,,,,,,,,,,,,,,,,,,,,,,,,,,N,0.0,4.0,7.0,9.0,4.0,3.0,32.0,43.0,8,9,0.0,3.0,32.0,43.0,6,6,0,0.0,0.0,N928AT,N928AT-DL-0,32.0,44.0,11.0,43.0,55.0,,,0.0,37,48,5.0,36.78
N928EV,522.0,2019,2,5,2,4,2019-05-02,AA,AA_CODESHARE,19805,AA,3117,,,,,OO,20304,OO,3117,13342,1334207,33342,MKE,"Milwaukee, WI",WI,55,Wisconsin,45,13930,1393007,30977,ORD,"Chicago, IL",IL,17,Illinois,41,526,-4.0,0.0,0.0,-1.0,0001-0559,9.0,531.0,600.0,10.0,619,610.0,-9.0,0.0,0.0,-1.0,0600-0659,0.0,,0.0,53.0,48.0,29.0,1.0,67.0,1,,,0.0,,0.0,,,,0,,,,,,,,,,,,,,,,,,,,,,,,,,,,,,,,,,,,,,,,,,,,,N,4.0,4.0,5.0,6.0,1.0,1.0,25.0,29.0,5,6,2.0,1.0,26.0,29.0,5,5,0,1.0,1.0,N928EV,N928EV-AA-0,26.0,37.0,4.0,30.0,41.0,,,0.0,26,30,0.0,0.0
N928EV,719.0,2019,2,5,2,4,2019-05-02,AA,AA_CODESHARE,19805,AA,3114,,,,,OO,20304,OO,3114,13930,1393007,30977,ORD,"Chicago, IL",IL,17,Illinois,41,12278,1227805,30928,ICT,"Wichita, KS",KS,20,Kansas,62,725,-6.0,0.0,0.0,-1.0,0700-0759,21.0,740.0,934.0,4.0,931,938.0,7.0,7.0,0.0,0.0,0900-0959,0.0,,0.0,126.0,139.0,114.0,1.0,588.0,3,,,0.0,,0.0,,,,0,,,,,,,,,,,,,,,,,,,,,,,,,,,,,,,,,,,,,,,,,,,,,N,4.0,4.0,7.0,9.0,1.0,3.0,33.0,43.0,7,9,2.0,2.0,34.0,42.0,6,6,1,1.0,0.0,N928EV,N928EV-AA-1,34.0,45.0,10.0,44.0,55.0,29.0,4.0,0.0,34,44,0.0,0.0
N928LR,610.0,2019,2,5,2,4,2019-05-02,AA,AA_CODESHARE,19805,AA,5867,,,,,YV,20378,YV,5867,11413,1141306,30285,DRO,"Durango, CO",CO,8,Colorado,82,14107,1410702,30466,PHX,"Phoenix, AZ",AZ,4,Arizona,81,620,-10.0,0.0,0.0,-1.0,0600-0659,27.0,637.0,636.0,7.0,642,643.0,1.0,1.0,0.0,0.0,0600-0659,0.0,,0.0,82.0,93.0,59.0,1.0,353.0,2,,,0.0,,0.0,,,,0,,,,,,,,,,,,,,,,,,,,,,,,,,,,,,,,,,,,,,,,,,,,,N,8.0,8.0,6.0,6.0,1.0,3.0,33.0,35.0,6,6,1.0,3.0,33.0,35.0,3,3,0,1.0,1.0,N928LR,N928LR-AA-0,33.0,45.0,2.0,35.0,47.0,,,0.0,33,35,0.0,0.0
N928LR,721.0,2019,2,5,2,4,2019-05-02,AA,AA_CODESHARE,19805,AA,5925,,,,,YV,20378,YV,5925,14107,1410702,30466,PHX,"Phoenix, AZ",AZ,4,Arizona,81,14262,1426204,34262,PSP,"Palm Springs, CA",CA,6,California,91,725,-4.0,0.0,0.0,-1.0,0700-0759,25.0,746.0,834.0,5.0,841,839.0,-2.0,0.0,0.0,-1.0,0800-0859,0.0,,0.0,76.0,78.0,48.0,1.0,261.0,2,,,0.0,,0.0,,,,0,,,,,,,,,,,,,,,,,,,,,,,,,,,,,,,,,,,,,,,,,,,,,N,8.0,12.0,7.0,8.0,1.0,3.0,37.0,47.0,7,8,2.0,3.0,38.0,47.0,6,6,1,1.0,0.0,N928LR,N928LR-AA-1,38.0,49.0,10.0,48.0,59.0,35.0,2.0,0.0,38,48,0.0,0.0
N928NN,11.0,2019,2,5,2,4,2019-05-02,AA,AA,19805,AA,2473,,,,,AA,19805,AA,2473,14747,1474703,30559,SEA,"Seattle, WA",WA,53,Washington,93,11298,1129806,30194,DFW,"Dallas/Fort Worth, TX",TX,48,Texas,74,8,3.0,3.0,0.0,0.0,0001-0559,11.0,22.0,539.0,4.0,552,543.0,-9.0,0.0,0.0,-1.0,0001-0559,0.0,,0.0,224.0,212.0,197.0,1.0,1660.0,7,,,0.0,,0.0,,,,0,,,,,,,,,,,,,,,,,,,,,,,,,,,,,,,,,,,,,,,,,,,,,N,12.0,4.0,0.0,5.0,1.0,3.0,13.0,27.0,0,5,1.0,3.0,13.0,27.0,4,4,0,1.0,1.0,N928NN,N928NN-AA-0,13.0,25.0,14.0,27.0,39.0,,,0.0,13,27,0.0,0.0
N928NN,701.0,2019,2,5,2,4,2019-05-02,AA,AA,19805,AA,919,,,,,AA,19805,AA,919,11298,1129806,30194,DFW,"Dallas/Fort Worth, TX",TX,48,Texas,74,11697,1169706,32467,FLL,"Fort Lauderdale, FL",FL,12,Florida,33,702,-1.0,0.0,0.0,-1.0,0700-0759,25.0,726.0,1106.0,3.0,1045,1109.0,24.0,24.0,1.0,1.0,1000-1059,0.0,,0.0,163.0,188.0,160.0,1.0,1119.0,5,0.0,0.0,24.0,0.0,0.0,,,,0,,,,,,,,,,,,,,,,,,,,,,,,,,,,,,,,,,,,,,,,,,,,,N,4.0,0.0,7.0,11.0,0.0,1.0,32.0,45.0,7,10,0.0,3.0,32.0,43.0,1,1,1,1.0,0.0,N928NN,N928NN-AA-1,32.0,44.0,13.0,45.0,57.0,27.0,5.0,2.0,33,47,2.0,2.98
N928SW,658.0,2019,2,5,2,4,2019-05-02,UA,UA_CODESHARE,19977,UA,5981,,,,,OO,20304,OO,5981,14783,1478302,34783,SGF,"Springfield, MO",MO,29,Missouri,64,12266,1226603,31453,IAH,"Houston, TX",TX,48,Texas,74,640,18.0,18.0,1.0,1.0,0600-0659,34.0,732.0,1006.0,10.0,840,1016.0,96.0,96.0,1.0,6.0,0800-0859,0.0,,0.0,120.0,198.0,154.0,1.0,513.0,3,0.0,0.0,96.0,0.0,0.0,,,,0,,,,,,,,,,,,,,,,,,,,,,,,,,,,,,,,,,,,,,,,,,,,,N,4.0,4.0,6.0,10.0,4.0,1.0,32.0,45.0,6,8,3.0,3.0,31.0,39.0,9,9,0,0.0,0.0,N928SW,N928SW-UA-0,31.0,44.0,13.0,44.0,57.0,,,6.0,31,44,0.0,0.0
N928VA,956.0,2019,2,5,2,4,2019-05-02,AS,AS,19930,AS,1003,,,,,AS,19930,AS,1003,11278,1127805,30852,DCA,"Washington, DC",VA,51,Virginia,38,12892,1289208,32575,LAX,"Los Angeles, CA",CA,6,California,91,910,46.0,46.0,1.0,3.0,0900-0959,13.0,1009.0,1229.0,6.0,1205,1235.0,30.0,30.0,1.0,2.0,1200-1259,0.0,,0.0,355.0,339.0,320.0,1.0,2311.0,10,30.0,0.0,0.0,0.0,0.0,,,,0,,,,,,,,,,,,,,,,,,,,,,,,,,,,,,,,,,,,,,,,,,,,,N,0.0,12.0,9.0,12.0,4.0,2.0,40.0,62.0,9,12,1.0,0.0,37.0,60.0,7,7,0,0.0,0.0,N928VA,N928VA-AS-0,40.0,52.0,22.0,62.0,74.0,,,0.0,40,62,0.0,0.0
N928XJ,650.0,2019,2,5,2,4,2019-05-02,DL,DL_CODESHARE,19790,DL,5105,,,,,9E,20363,9E,5105,11193,1119302,33105,CVG,"Cincinnati, OH",KY,21,Kentucky,52,12953,1295304,31703,LGA,"New York, NY",NY,36,New York,22,655,-5.0,0.0,0.0,-1.0,0600-0659,11.0,701.0,838.0,8.0,900,846.0,-14.0,0.0,0.0,-1.0,0900-0959,0.0,,0.0,125.0,116.0,97.0,1.0,585.0,3,,,0.0,,0.0,,,,0,,,,,,,,,,,,,,,,,,,,,,,,,,,,,,,,,,,,,,,,,,,,,N,0.0,0.0,6.0,8.0,3.0,3.0,27.0,35.0,6,9,4.0,0.0,28.0,36.0,3,3,0,1.0,1.0,N928XJ,N928XJ-DL-0,28.0,39.0,8.0,36.0,47.0,,,0.0,28,36,0.0,0.0
N928XJ,923.0,2019,2,5,2,4,2019-05-02,DL,DL_CODESHARE,19790,DL,5246,,,,,9E,20363,9E,5246,12953,1295304,31703,LGA,"New York, NY",NY,36,New York,22,14685,1468502,34685,SAV,"Savannah, GA",GA,13,Georgia,34,922,1.0,1.0,0.0,0.0,0900-0959,28.0,951.0,1133.0,4.0,1200,1137.0,-23.0,0.0,0.0,-2.0,1200-1259,0.0,,0.0,158.0,134.0,102.0,1.0,722.0,3,,,0.0,,0.0,,,,0,,,,,,,,,,,,,,,,,,,,,,,,,,,,,,,,,,,,,,,,,,,,,N,0.0,0.0,9.0,11.0,2.0,2.0,38.0,46.0,9,12,1.0,0.0,37.0,48.0,1,1,1,1.0,0.0,N928XJ,N928XJ-DL-1,38.0,50.0,8.0,46.0,58.0,35.0,3.0,0.0,41,49,3.0,6.1
N929AA,632.0,2019,2,5,2,4,2019-05-02,AA,AA,19805,AA,2527,,,,,AA,19805,AA,2527,10721,1072102,30721,BOS,"Boston, MA",MA,25,Massachusetts,13,11298,1129806,30194,DFW,"Dallas/Fort Worth, TX",TX,48,Texas,74,624,8.0,8.0,0.0,0.0,0600-0659,21.0,653.0,1000.0,6.0,955,1006.0,11.0,11.0,0.0,0.0,0900-0959,0.0,,0.0,271.0,274.0,247.0,1.0,1562.0,7,,,0.0,,0.0,,,,0,,,,,,,,,,,,,,,,,,,,,,,,,,,,,,,,,,,,,,,,,,,,,N,0.0,4.0,6.0,10.0,2.0,0.0,26.0,44.0,6,9,2.0,4.0,26.0,44.0,5,5,0,0.0,0.0,N929AA,N929AA-AA-0,26.0,38.0,18.0,44.0,56.0,,,0.0,26,44,0.0,0.0
N929AN,607.0,2019,2,5,2,4,2019-05-02,AA,AA,19805,AA,2229,,,,,AA,19805,AA,2229,11298,1129806,30194,DFW,"Dallas/Fort Worth, TX",TX,48,Texas,74,14100,1410005,34100,PHL,"Philadelphia, PA",PA,42,Pennsylvania,23,600,7.0,7.0,0.0,0.0,0600-0659,17.0,624.0,1012.0,6.0,1009,1018.0,9.0,9.0,0.0,0.0,1000-1059,0.0,,0.0,189.0,191.0,168.0,1.0,1303.0,6,,,0.0,,0.0,,,,0,,,,,,,,,,,,,,,,,,,,,,,,,,,,,,,,,,,,,,,,,,,,,N,4.0,0.0,6.0,10.0,0.0,1.0,28.0,41.0,6,10,0.0,1.0,28.0,41.0,3,3,0,0.0,0.0,N929AN,N929AN-AA-0,28.0,40.0,13.0,41.0,53.0,,,0.0,28,42,1.0,3.2
N929AT,621.0,2019,2,5,2,4,2019-05-02,DL,DL,19790,DL,962,,,,,DL,19790,DL,962,11977,1197705,31977,GRB,"Green Bay, WI",WI,55,Wisconsin,45,13487,1348702,31650,MSP,"Minneapolis, MN",MN,27,Minnesota,63,630,-9.0,0.0,0.0,-1.0,0600-0659,10.0,631.0,715.0,3.0,746,718.0,-28.0,0.0,0.0,-2.0,0700-0759,0.0,,0.0,76.0,57.0,44.0,1.0,252.0,2,,,0.0,,0.0,,,,0,,,,,,,,,,,,,,,,,,,,,,,,,,,,,,,,,,,,,,,,,,,,,N,4.0,4.0,6.0,7.0,1.0,1.0,29.0,33.0,6,7,2.0,3.0,30.0,35.0,4,4,0,0.0,0.0,N929AT,N929AT-DL-0,30.0,41.0,4.0,34.0,45.0,,,0.0,30,34,0.0,0.0
N929DN,638.0,2019,2,5,2,4,2019-05-02,DL,DL,19790,DL,2651,,,,,DL,19790,DL,2651,14193,1419306,33728,PNS,"Pensacola, FL",FL,12,Florida,33,10397,1039707,30397,ATL,"Atlanta, GA",GA,13,Georgia,34,640,-2.0,0.0,0.0,-1.0,0600-0659,12.0,650.0,833.0,16.0,850,849.0,-1.0,0.0,0.0,-1.0,0800-0859,0.0,,0.0,70.0,71.0,43.0,1.0,271.0,2,,,0.0,,0.0,,,,0,,,,,,,,,,,,,,,,,,,,,,,,,,,,,,,,,,,,,,,,,,,,,N,4.0,0.0,6.0,8.0,3.0,3.0,31.0,35.0,6,8,3.0,3.0,31.0,35.0,1,1,0,1.0,1.0,N929DN,N929DN-DL-0,31.0,43.0,4.0,35.0,47.0,,,0.0,31,35,0.0,0.0
N929DN,940.0,2019,2,5,2,4,2019-05-02,DL,DL,19790,DL,1570,,,,,DL,19790,DL,1570,10397,1039707,30397,ATL,"Atlanta, GA",GA,13,Georgia,34,15016,1501606,31123,STL,"St. Louis, MO",MO,29,Missouri,64,940,0.0,0.0,0.0,0.0,0900-0959,10.0,950.0,1003.0,3.0,1016,1006.0,-10.0,0.0,0.0,-1.0,1000-1059,0.0,,0.0,96.0,86.0,73.0,1.0,484.0,2,,,0.0,,0.0,,,,0,,,,,,,,,,,,,,,,,,,,,,,,,,,,,,,,,,,,,,,,,,,,,N,0.0,4.0,9.0,10.0,3.0,0.0,39.0,44.0,9,10,3.0,1.0,39.0,45.0,5,5,1,1.0,0.0,N929DN,N929DN-DL-1,39.0,51.0,5.0,44.0,56.0,35.0,4.0,0.0,39,44,0.0,0.0
N929LR,502.0,2019,2,5,2,4,2019-05-02,AA,AA_CODESHARE,19805,AA,5948,,,,,YV,20378,YV,5948,13158,1315805,33158,MAF,"Midland/Odessa, TX",TX,48,Texas,74,11298,1129806,30194,DFW,"Dallas/Fort Worth, TX",TX,48,Texas,74,503,-1.0,0.0,0.0,-1.0,0001-0559,21.0,523.0,611.0,5.0,618,616.0,-2.0,0.0,0.0,-1.0,0600-0659,0.0,,0.0,75.0,74.0,48.0,1.0,309.0,2,,,0.0,,0.0,,,,0,,,,,,,,,,,,,,,,,,,,,,,,,,,,,,,,,,,,,,,,,,,,,N,4.0,4.0,5.0,6.0,0.0,1.0,24.0,29.0,5,6,0.0,1.0,24.0,29.0,7,7,0,1.0,1.0,N929LR,N929LR-AA-0,24.0,36.0,5.0,29.0,41.0,,,0.0,24,29,0.0,0.0
N929LR,713.0,2019,2,5,2,4,2019-05-02,AA,AA_CODESHARE,19805,AA,5951,,,,,YV,20378,YV,5951,11298,1129806,30194,DFW,"Dallas/Fort Worth, TX",TX,48,Texas,74,12217,1221702,30255,HSV,"Huntsville, AL",AL,1,Alabama,51,709,4.0,4.0,0.0,0.0,0700-0759,29.0,742.0,902.0,4.0,855,906.0,11.0,11.0,0.0,0.0,0800-0859,0.0,,0.0,106.0,113.0,80.0,1.0,603.0,3,,,0.0,,0.0,,,,0,,,,,,,,,,,,,,,,,,,,,,,,,,,,,,,,,,,,,,,,,,,,,N,4.0,4.0,7.0,9.0,1.0,0.0,33.0,40.0,7,8,1.0,4.0,33.0,40.0,9,9,1,1.0,0.0,N929LR,N929LR-AA-1,33.0,45.0,7.0,40.0,52.0,29.0,4.0,0.0,33,40,0.0,0.0
N929NN,656.0,2019,2,5,2,4,2019-05-02,AA,AA,19805,AA,1065,,,,,AA,19805,AA,1065,14869,1486903,34614,SLC,"Salt Lake City, UT",UT,49,Utah,87,14107,1410702,30466,PHX,"Phoenix, AZ",AZ,4,Arizona,81,700,-4.0,0.0,0.0,-1.0,0700-0759,15.0,711.0,724.0,19.0,746,743.0,-3.0,0.0,0.0,-1.0,0700-0759,0.0,,0.0,106.0,107.0,73.0,1.0,507.0,3,,,0.0,,0.0,,,,0,,,,,,,,,,,,,,,,,,,,,,,,,,,,,,,,,,,,,,,,,,,,,N,8.0,8.0,6.0,7.0,4.0,3.0,36.0,39.0,7,7,0.0,3.0,36.0,39.0,5,5,0,0.0,0.0,N929NN,N929NN-AA-0,36.0,48.0,3.0,39.0,51.0,,,0.0,36,39,0.0,0.0
N929WN,656.0,2019,2,5,2,4,2019-05-02,WN,WN,19393,WN,166,,,,,WN,19393,WN,166,10140,1014005,30140,ABQ,"Albuquerque, NM",NM,35,New Mexico,86,14107,1410702,30466,PHX,"Phoenix, AZ",AZ,4,Arizona,81,700,-4.0,0.0,0.0,-1.0,0700-0759,15.0,711.0,709.0,5.0,720,714.0,-6.0,0.0,0.0,-1.0,0700-0759,0.0,,0.0,80.0,78.0,58.0,1.0,328.0,2,,,0.0,,0.0,,,,0,,,,,,,,,,,,,,,,,,,,,,,,,,,,,,,,,,,,,,,,,,,,,N,8.0,8.0,6.0,7.0,4.0,1.0,36.0,37.0,7,7,0.0,1.0,36.0,37.0,2,2,0,0.0,0.0,N929WN,N929WN-WN-0,36.0,48.0,1.0,37.0,49.0,,,0.0,36,38,1.0,2.34
N929XJ,704.0,2019,2,5,2,4,2019-05-02,DL,DL_CODESHARE,19790,DL,5268,,,,,9E,20363,9E,5268,10868,1086803,30868,CAE,"Columbia, SC",SC,45,South Carolina,37,12953,1295304,31703,LGA,"New York, NY",NY,36,New York,22,600,64.0,64.0,1.0,4.0,0600-0659,18.0,722.0,850.0,7.0,759,857.0,58.0,58.0,1.0,3.0,0700-0759,0.0,,0.0,119.0,113.0,88.0,1.0,617.0,3,58.0,0.0,0.0,0.0,0.0,,,,0,,,,,,,,,,,,,,,,,,,,,,,,,,,,,,,,,,,,,,,,,,,,,N,0.0,0.0,7.0,8.0,0.0,4.0,28.0,36.0,6,7,0.0,4.0,24.0,32.0,6,6,0,1.0,1.0,N929XJ,N929XJ-DL-0,28.0,40.0,8.0,36.0,48.0,,,0.0,28,36,0.0,0.0
N929XJ,937.0,2019,2,5,2,4,2019-05-02,DL,DL_CODESHARE,19790,DL,5335,,,,,9E,20363,9E,5335,12953,1295304,31703,LGA,"New York, NY",NY,36,New York,22,11042,1104205,30647,CLE,"Cleveland, OH",OH,39,Ohio,44,940,-3.0,0.0,0.0,-1.0,0900-0959,36.0,1013.0,1122.0,7.0,1136,1129.0,-7.0,0.0,0.0,-1.0,1100-1159,0.0,,0.0,116.0,112.0,69.0,1.0,419.0,2,,,0.0,,0.0,,,,0,,,,,,,,,,,,,,,,,,,,,,,,,,,,,,,,,,,,,,,,,,,,,N,0.0,0.0,9.0,11.0,2.0,2.0,38.0,46.0,9,11,3.0,2.0,39.0,46.0,5,5,1,1.0,0.0,N929XJ,N929XJ-DL-1,39.0,50.0,8.0,47.0,58.0,36.0,2.0,0.0,39,47,0.0,0.0
N930AN,831.0,2019,2,5,2,4,2019-05-02,AA,AA,19805,AA,955,,,,,AA,19805,AA,955,13930,1393007,30977,ORD,"Chicago, IL",IL,17,Illinois,41,12451,1245102,31136,JAX,"Jacksonville, FL",FL,12,Florida,33,834,-3.0,0.0,0.0,-1.0,0800-0859,26.0,857.0,1156.0,7.0,1155,1203.0,8.0,8.0,0.0,0.0,1100-1159,0.0,,0.0,141.0,152.0,119.0,1.0,864.0,4,,,0.0,,0.0,,,,0,,,,,,,,,,,,,,,,,,,,,,,,,,,,,,,,,,,,,,,,,,,,,N,4.0,0.0,8.0,12.0,2.0,0.0,38.0,48.0,8,11,2.0,4.0,38.0,48.0,1,1,0,0.0,0.0,N930AN,N930AN-AA-0,38.0,50.0,10.0,48.0,60.0,,,0.0,38,48,0.0,0.0
N930AT,556.0,2019,2,5,2,4,2019-05-02,DL,DL,19790,DL,1762,,,,,DL,19790,DL,1762,11298,1129806,30194,DFW,"Dallas/Fort Worth, TX",TX,48,Texas,74,14869,1486903,34614,SLC,"Salt Lake City, UT",UT,49,Utah,87,600,-4.0,0.0,0.0,-1.0,0600-0659,19.0,615.0,739.0,6.0,747,745.0,-2.0,0.0,0.0,-1.0,0700-0759,0.0,,0.0,167.0,169.0,144.0,1.0,989.0,4,,,0.0,,0.0,,,,0,,,,,,,,,,,,,,,,,,,,,,,,,,,,,,,,,,,,,,,,,,,,,N,4.0,8.0,5.0,7.0,4.0,3.0,28.0,39.0,6,7,0.0,3.0,28.0,39.0,2,2,0,0.0,0.0,N930AT,N930AT-DL-0,28.0,40.0,11.0,39.0,51.0,,,0.0,28,42,3.0,7.76
N930AU,717.0,2019,2,5,2,4,2019-05-02,AA,AA,19805,AA,2384,,,,,AA,19805,AA,2384,13930,1393007,30977,ORD,"Chicago, IL",IL,17,Illinois,41,10721,1072102,30721,BOS,"Boston, MA",MA,25,Massachusetts,13,720,-3.0,0.0,0.0,-1.0,0700-0759,19.0,736.0,1029.0,8.0,1038,1037.0,-1.0,0.0,0.0,-1.0,1000-1059,0.0,,0.0,138.0,140.0,113.0,1.0,867.0,4,,,0.0,,0.0,,,,0,,,,,,,,,,,,,,,,,,,,,,,,,,,,,,,,,,,,,,,,,,,,,N,4.0,0.0,7.0,10.0,1.0,2.0,33.0,42.0,7,10,1.0,3.0,33.0,43.0,8,8,0,0.0,0.0,N930AU,N930AU-AA-0,33.0,45.0,9.0,42.0,54.0,,,0.0,33,42,0.0,0.0
N930DN,721.0,2019,2,5,2,4,2019-05-02,DL,DL,19790,DL,2457,,,,,DL,19790,DL,2457,10397,1039707,30397,ATL,"Atlanta, GA",GA,13,Georgia,34,10529,1052906,30529,BDL,"Hartford, CT",CT,9,Connecticut,11,726,-5.0,0.0,0.0,-1.0,0700-0759,13.0,734.0,926.0,2.0,942,928.0,-14.0,0.0,0.0,-1.0,0900-0959,0.0,,0.0,136.0,127.0,112.0,1.0,859.0,4,,,0.0,,0.0,,,,0,,,,,,,,,,,,,,,,,,,,,,,,,,,,,,,,,,,,,,,,,,,,,N,0.0,0.0,7.0,9.0,1.0,2.0,29.0,38.0,7,9,2.0,3.0,30.0,39.0,9,9,0,0.0,0.0,N930DN,N930DN-DL-0,30.0,41.0,9.0,39.0,50.0,,,0.0,30,39,0.0,0.0
N930EV,554.0,2019,2,5,2,4,2019-05-02,UA,UA_CODESHARE,19977,UA,5738,,,,,OO,20304,OO,5738,15023,1502305,34433,STS,"Santa Rosa, CA",CA,6,California,91,14771,1477104,32457,SFO,"San Francisco, CA",CA,6,California,91,600,-6.0,0.0,0.0,-1.0,0600-0659,36.0,630.0,652.0,4.0,653,656.0,3.0,3.0,0.0,0.0,0600-0659,0.0,,0.0,53.0,62.0,22.0,1.0,66.0,1,,,0.0,,0.0,,,,0,,,,,,,,,,,,,,,,,,,,,,,,,,,,,,,,,,,,,,,,,,,,,N,12.0,12.0,5.0,6.0,4.0,4.0,36.0,40.0,6,6,0.0,4.0,36.0,40.0,9,9,0,0.0,0.0,N930EV,N930EV-UA-0,36.0,48.0,4.0,40.0,52.0,,,0.0,36,40,0.0,0.0
N930NN,703.0,2019,2,5,2,4,2019-05-02,AA,AA,19805,AA,2602,,,,,AA,19805,AA,2602,13930,1393007,30977,ORD,"Chicago, IL",IL,17,Illinois,41,14027,1402702,34027,PBI,"West Palm Beach/Palm Beach, FL",FL,12,Florida,33,710,-7.0,0.0,0.0,-1.0,0700-0759,17.0,720.0,1059.0,7.0,1107,1106.0,-1.0,0.0,0.0,-1.0,1100-1159,0.0,,0.0,177.0,183.0,159.0,1.0,1143.0,5,,,0.0,,0.0,,,,0,,,,,,,,,,,,,,,,,,,,,,,,,,,,,,,,,,,,,,,,,,,,,N,4.0,0.0,7.0,11.0,0.0,0.0,32.0,44.0,7,11,1.0,0.0,33.0,44.0,5,5,0,0.0,0.0,N930NN,N930NN-AA-0,33.0,44.0,12.0,45.0,56.0,,,0.0,33,45,0.0,0.0
N930SW,636.0,2019,2,5,2,4,2019-05-02,UA,UA_CODESHARE,19977,UA,5656,,,,,OO,20304,OO,5656,13930,1393007,30977,ORD,"Chicago, IL",IL,17,Illinois,41,14524,1452401,34524,RIC,"Richmond, VA",VA,51,Virginia,38,645,-9.0,0.0,0.0,-1.0,0600-0659,38.0,714.0,947.0,4.0,950,951.0,1.0,1.0,0.0,0.0,0900-0959,0.0,,0.0,125.0,135.0,93.0,1.0,642.0,3,,,0.0,,0.0,,,,0,,,,,,,,,,,,,,,,,,,,,,,,,,,,,,,,,,,,,,,,,,,,,N,4.0,0.0,6.0,9.0,2.0,3.0,30.0,39.0,6,9,3.0,3.0,31.0,39.0,3,3,0,0.0,0.0,N930SW,N930SW-UA-0,31.0,42.0,9.0,40.0,51.0,,,0.0,31,40,0.0,0.0
N931AE,833.0,2019,2,5,2,4,2019-05-02,AA,AA_CODESHARE,19805,AA,3525,,,,,MQ,20398,MQ,3525,13303,1330303,32467,MIA,"Miami, FL",FL,12,Florida,33,14193,1419306,33728,PNS,"Pensacola, FL",FL,12,Florida,33,839,-6.0,0.0,0.0,-1.0,0800-0859,14.0,847.0,915.0,3.0,929,918.0,-11.0,0.0,0.0,-1.0,0900-0959,0.0,,0.0,110.0,105.0,88.0,1.0,530.0,3,,,0.0,,0.0,,,,0,,,,,,,,,,,,,,,,,,,,,,,,,,,,,,,,,,,,,,,,,,,,,N,0.0,4.0,8.0,9.0,2.0,1.0,34.0,41.0,8,9,3.0,2.0,35.0,42.0,9,9,0,0.0,0.0,N931AE,N931AE-AA-0,35.0,46.0,7.0,42.0,53.0,,,0.0,35,42,0.0,0.0
N931DN,656.0,2019,2,5,2,4,2019-05-02,DL,DL,19790,DL,2570,,,,,DL,19790,DL,2570,13244,1324402,33244,MEM,"Memphis, TN",TN,47,Tennessee,54,10397,1039707,30397,ATL,"Atlanta, GA",GA,13,Georgia,34,700,-4.0,0.0,0.0,-1.0,0700-0759,26.0,722.0,910.0,9.0,920,919.0,-1.0,0.0,0.0,-1.0,0900-0959,0.0,,0.0,80.0,83.0,48.0,1.0,332.0,2,,,0.0,,0.0,,,,0,,,,,,,,,,,,,,,,,,,,,,,,,,,,,,,,,,,,,,,,,,,,,N,4.0,0.0,6.0,9.0,4.0,1.0,32.0,37.0,7,9,0.0,1.0,32.0,37.0,4,4,0,0.0,0.0,N931DN,N931DN-DL-0,32.0,44.0,5.0,37.0,49.0,,,0.0,32,37,0.0,0.0
N931EV,810.0,2019,2,5,2,4,2019-05-02,DL,DL_CODESHARE,19790,DL,3641,,,,,OO,20304,OO,3641,10397,1039707,30397,ATL,"Atlanta, GA",GA,13,Georgia,34,14574,1457405,34574,ROA,"Roanoke, VA",VA,51,Virginia,38,812,-2.0,0.0,0.0,-1.0,0800-0859,14.0,824.0,920.0,4.0,944,924.0,-20.0,0.0,0.0,-2.0,0900-0959,0.0,,0.0,92.0,74.0,56.0,1.0,357.0,2,,,0.0,,0.0,,,,0,,,,,,,,,,,,,,,,,,,,,,,,,,,,,,,,,,,,,,,,,,,,,N,0.0,0.0,8.0,9.0,1.0,2.0,33.0,38.0,8,9,1.0,3.0,33.0,39.0,3,3,0,0.0,0.0,N931EV,N931EV-DL-0,33.0,45.0,5.0,38.0,50.0,,,0.0,33,38,0.0,0.0
N931LR,719.0,2019,2,5,2,4,2019-05-02,AA,AA_CODESHARE,19805,AA,5715,,,,,YV,20378,YV,5715,12323,1232305,32323,ILM,"Wilmington, NC",NC,37,North Carolina,36,11298,1129806,30194,DFW,"Dallas/Fort Worth, TX",TX,48,Texas,74,726,-7.0,0.0,0.0,-1.0,0700-0759,14.0,733.0,909.0,12.0,956,921.0,-35.0,0.0,0.0,-2.0,0900-0959,0.0,,0.0,210.0,182.0,156.0,1.0,1106.0,5,,,0.0,,0.0,,,,0,,,,,,,,,,,,,,,,,,,,,,,,,,,,,,,,,,,,,,,,,,,,,N,0.0,4.0,7.0,9.0,1.0,1.0,29.0,41.0,7,9,2.0,4.0,30.0,44.0,1,1,0,0.0,0.0,N931LR,N931LR-AA-0,30.0,41.0,12.0,42.0,53.0,,,0.0,30,43,1.0,1.28
N931NN,658.0,2019,2,5,2,4,2019-05-02,AA,AA,19805,AA,365,,,,,AA,19805,AA,365,14492,1449202,34492,RDU,"Raleigh/Durham, NC",NC,37,North Carolina,36,13930,1393007,30977,ORD,"Chicago, IL",IL,17,Illinois,41,700,-2.0,0.0,0.0,-1.0,0700-0759,24.0,722.0,808.0,11.0,835,819.0,-16.0,0.0,0.0,-2.0,0800-0859,0.0,,0.0,155.0,141.0,106.0,1.0,646.0,3,,,0.0,,0.0,,,,0,,,,,,,,,,,,,,,,,,,,,,,,,,,,,,,,,,,,,,,,,,,,,N,0.0,4.0,6.0,8.0,4.0,1.0,28.0,37.0,7,8,0.0,2.0,28.0,38.0,1,1,0,0.0,0.0,N931NN,N931NN-AA-0,28.0,40.0,9.0,37.0,49.0,,,0.0,28,43,6.0,14.22
N931XJ,805.0,2019,2,5,2,4,2019-05-02,DL,DL_CODESHARE,19790,DL,5404,,,,,9E,20363,9E,5404,11423,1142307,31423,DSM,"Des Moines, IA",IA,19,Iowa,61,13487,1348702,31650,MSP,"Minneapolis, MN",MN,27,Minnesota,63,809,-4.0,0.0,0.0,-1.0,0800-0859,15.0,820.0,904.0,9.0,925,913.0,-12.0,0.0,0.0,-1.0,0900-0959,0.0,,0.0,76.0,68.0,44.0,1.0,232.0,1,,,0.0,,0.0,,,,0,,,,,,,,,,,,,,,,,,,,,,,,,,,,,,,,,,,,,,,,,,,,,N,4.0,4.0,8.0,9.0,0.0,1.0,36.0,41.0,8,9,1.0,2.0,37.0,42.0,1,1,0,0.0,0.0,N931XJ,N931XJ-DL-0,37.0,48.0,5.0,42.0,53.0,,,0.0,37,43,1.0,1.22
N932AE,711.0,2019,2,5,2,4,2019-05-02,AA,AA_CODESHARE,19805,AA,4175,,,,,MQ,20398,MQ,4175,13930,1393007,30977,ORD,"Chicago, IL",IL,17,Illinois,41,11003,1100303,31003,CID,"Cedar Rapids/Iowa City, IA",IA,19,Iowa,61,715,-4.0,0.0,0.0,-1.0,0700-0759,25.0,736.0,814.0,4.0,819,818.0,-1.0,0.0,0.0,-1.0,0800-0859,0.0,,0.0,64.0,67.0,38.0,1.0,196.0,1,,,0.0,,0.0,,,,0,,,,,,,,,,,,,,,,,,,,,,,,,,,,,,,,,,,,,,,,,,,,,N,4.0,4.0,7.0,8.0,1.0,1.0,33.0,37.0,7,8,1.0,1.0,33.0,37.0,2,2,0,1.0,1.0,N932AE,N932AE-AA-0,33.0,45.0,4.0,37.0,49.0,,,0.0,33,37,0.0,0.0
N932AE,849.0,2019,2,5,2,4,2019-05-02,AA,AA_CODESHARE,19805,AA,4175,,,,,MQ,20398,MQ,4175,11003,1100303,31003,CID,"Cedar Rapids/Iowa City, IA",IA,19,Iowa,61,13930,1393007,30977,ORD,"Chicago, IL",IL,17,Illinois,41,844,5.0,5.0,0.0,0.0,0800-0859,10.0,859.0,939.0,20.0,954,959.0,5.0,5.0,0.0,0.0,0900-0959,0.0,,0.0,70.0,70.0,40.0,1.0,196.0,1,,,0.0,,0.0,,,,0,,,,,,,,,,,,,,,,,,,,,,,,,,,,,,,,,,,,,,,,,,,,,N,4.0,4.0,8.0,9.0,3.0,4.0,39.0,44.0,8,9,3.0,4.0,39.0,44.0,9,9,1,1.0,0.0,N932AE,N932AE-AA-1,39.0,51.0,5.0,44.0,56.0,37.0,2.0,0.0,39,44,0.0,0.0
N932AM,726.0,2019,2,5,2,4,2019-05-02,AA,AA,19805,AA,2489,,,,,AA,19805,AA,2489,11298,1129806,30194,DFW,"Dallas/Fort Worth, TX",TX,48,Texas,74,13204,1320402,31454,MCO,"Orlando, FL",FL,12,Florida,33,714,12.0,12.0,0.0,0.0,0700-0759,23.0,749.0,1113.0,9.0,1046,1122.0,36.0,36.0,1.0,2.0,1000-1059,0.0,,0.0,152.0,176.0,144.0,1.0,985.0,4,12.0,0.0,24.0,0.0,0.0,,,,0,,,,,,,,,,,,,,,,,,,,,,,,,,,,,,,,,,,,,,,,,,,,,N,4.0,0.0,7.0,11.0,2.0,1.0,34.0,45.0,7,10,1.0,3.0,33.0,43.0,2,2,0,0.0,0.0,N932AM,N932AM-AA-0,33.0,46.0,11.0,44.0,57.0,,,2.0,33,44,0.0,0.0
N932AN,654.0,2019,2,5,2,4,2019-05-02,AA,AA,19805,AA,2250,,,,,AA,19805,AA,2250,13930,1393007,30977,ORD,"Chicago, IL",IL,17,Illinois,41,10529,1052906,30529,BDL,"Hartford, CT",CT,9,Connecticut,11,700,-6.0,0.0,0.0,-1.0,0700-0759,13.0,707.0,944.0,3.0,1002,947.0,-15.0,0.0,0.0,-1.0,1000-1059,0.0,,0.0,122.0,113.0,97.0,1.0,783.0,4,,,0.0,,0.0,,,,0,,,,,,,,,,,,,,,,,,,,,,,,,,,,,,,,,,,,,,,,,,,,,N,4.0,0.0,6.0,9.0,4.0,3.0,32.0,39.0,7,10,0.0,0.0,32.0,40.0,4,4,0,0.0,0.0,N932AN,N932AN-AA-0,32.0,44.0,7.0,39.0,51.0,,,0.0,32,39,0.0,0.0
N932EV,626.0,2019,2,5,2,4,2019-05-02,UA,UA_CODESHARE,19977,UA,5281,,,,,OO,20304,OO,5281,10561,1056103,30561,BFL,"Bakersfield, CA",CA,6,California,91,11292,1129202,30325,DEN,"Denver, CO",CO,8,Colorado,82,635,-9.0,0.0,0.0,-1.0,0600-0659,20.0,646.0,943.0,18.0,1007,1001.0,-6.0,0.0,0.0,-1.0,1000-1059,0.0,,0.0,152.0,155.0,117.0,1.0,845.0,4,,,0.0,,0.0,,,,0,,,,,,,,,,,,,,,,,,,,,,,,,,,,,,,,,,,,,,,,,,,,,N,12.0,8.0,6.0,10.0,2.0,0.0,38.0,48.0,6,10,2.0,0.0,38.0,48.0,2,2,0,0.0,0.0,N932EV,N932EV-UA-0,38.0,50.0,10.0,48.0,60.0,,,0.0,38,48,0.0,0.0
N932LR,639.0,2019,2,5,2,4,2019-05-02,AA,AA_CODESHARE,19805,AA,5806,,,,,YV,20378,YV,5806,12954,1295407,32575,LGB,"Long Beach, CA",CA,6,California,91,14107,1410702,30466,PHX,"Phoenix, AZ",AZ,4,Arizona,81,645,-6.0,0.0,0.0,-1.0,0600-0659,22.0,701.0,751.0,3.0,817,754.0,-23.0,0.0,0.0,-2.0,0800-0859,0.0,,0.0,92.0,75.0,50.0,1.0,355.0,2,,,0.0,,0.0,,,,0,,,,,,,,,,,,,,,,,,,,,,,,,,,,,,,,,,,,,,,,,,,,,N,12.0,8.0,6.0,7.0,3.0,4.0,39.0,40.0,6,8,3.0,1.0,39.0,41.0,7,7,0,0.0,0.0,N932LR,N932LR-AA-0,39.0,51.0,1.0,40.0,52.0,,,0.0,39,40,0.0,0.0
N932NN,812.0,2019,2,5,2,4,2019-05-02,AA,AA,19805,AA,2231,,,,,AA,19805,AA,2231,10423,1042302,30423,AUS,"Austin, TX",TX,48,Texas,74,11298,1129806,30194,DFW,"Dallas/Fort Worth, TX",TX,48,Texas,74,817,-5.0,0.0,0.0,-1.0,0800-0859,14.0,826.0,903.0,16.0,925,919.0,-6.0,0.0,0.0,-1.0,0900-0959,0.0,,0.0,68.0,67.0,37.0,1.0,190.0,1,,,0.0,,0.0,,,,0,,,,,,,,,,,,,,,,,,,,,,,,,,,,,,,,,,,,,,,,,,,,,N,4.0,4.0,8.0,9.0,1.0,1.0,37.0,41.0,8,9,1.0,2.0,37.0,42.0,2,2,0,0.0,0.0,N932NN,N932NN-AA-0,37.0,49.0,4.0,41.0,53.0,,,0.0,37,41,0.0,0.0
N932SW,653.0,2019,2,5,2,4,2019-05-02,UA,UA_CODESHARE,19977,UA,5830,,,,,OO,20304,OO,5830,12945,1294503,32945,LEX,"Lexington, KY",KY,21,Kentucky,52,12266,1226603,31453,IAH,"Houston, TX",TX,48,Texas,74,700,-7.0,0.0,0.0,-1.0,0700-0759,36.0,729.0,900.0,12.0,851,912.0,21.0,21.0,1.0,1.0,0800-0859,0.0,,0.0,171.0,199.0,151.0,1.0,828.0,4,0.0,0.0,21.0,0.0,0.0,,,,0,,,,,,,,,,,,,,,,,,,,,,,,,,,,,,,,,,,,,,,,,,,,,N,0.0,4.0,6.0,9.0,4.0,1.0,28.0,41.0,7,8,0.0,3.0,28.0,39.0,7,7,0,0.0,0.0,N932SW,N932SW-UA-0,28.0,40.0,13.0,41.0,53.0,,,1.0,28,41,0.0,0.0
N932WN,535.0,2019,2,5,2,4,2019-05-02,WN,WN,19393,WN,897,,,,,WN,19393,WN,897,13232,1323202,30977,MDW,"Chicago, IL",IL,17,Illinois,41,11618,1161802,31703,EWR,"Newark, NJ",NJ,34,New Jersey,21,540,-5.0,0.0,0.0,-1.0,0001-0559,10.0,545.0,813.0,6.0,840,819.0,-21.0,0.0,0.0,-2.0,0800-0859,0.0,,0.0,120.0,104.0,88.0,1.0,711.0,3,,,0.0,,0.0,,,,0,,,,,,,,,,,,,,,,,,,,,,,,,,,,,,,,,,,,,,,,,,,,,N,4.0,0.0,5.0,8.0,2.0,1.0,26.0,33.0,5,8,3.0,3.0,27.0,35.0,1,1,0,1.0,1.0,N932WN,N932WN-WN-0,27.0,38.0,7.0,34.0,45.0,,,0.0,27,36,2.0,3.0
N932WN,912.0,2019,2,5,2,4,2019-05-02,WN,WN,19393,WN,898,,,,,WN,19393,WN,898,11618,1161802,31703,EWR,"Newark, NJ",NJ,34,New Jersey,21,13232,1323202,30977,MDW,"Chicago, IL",IL,17,Illinois,41,915,-3.0,0.0,0.0,-1.0,0900-0959,32.0,944.0,1033.0,4.0,1045,1037.0,-8.0,0.0,0.0,-1.0,1000-1059,0.0,,0.0,150.0,145.0,109.0,1.0,711.0,3,,,0.0,,0.0,,,,0,,,,,,,,,,,,,,,,,,,,,,,,,,,,,,,,,,,,,,,,,,,,,N,0.0,4.0,9.0,10.0,1.0,2.0,37.0,46.0,9,10,1.0,3.0,37.0,47.0,1,1,1,1.0,0.0,N932WN,N932WN-WN-1,37.0,49.0,9.0,46.0,58.0,33.0,4.0,0.0,41,50,4.0,7.64
N932XJ,718.0,2019,2,5,2,4,2019-05-02,DL,DL_CODESHARE,19790,DL,5088,,,,,9E,20363,9E,5088,14492,1449202,34492,RDU,"Raleigh/Durham, NC",NC,37,North Carolina,36,11618,1161802,31703,EWR,"Newark, NJ",NJ,34,New Jersey,21,712,6.0,6.0,0.0,0.0,0700-0759,21.0,739.0,845.0,7.0,900,852.0,-8.0,0.0,0.0,-1.0,0900-0959,0.0,,0.0,108.0,94.0,66.0,1.0,416.0,2,,,0.0,,0.0,,,,0,,,,,,,,,,,,,,,,,,,,,,,,,,,,,,,,,,,,,,,,,,,,,N,0.0,0.0,7.0,8.0,1.0,3.0,29.0,35.0,7,9,1.0,0.0,29.0,36.0,5,5,0,1.0,1.0,N932XJ,N932XJ-DL-0,29.0,41.0,6.0,35.0,47.0,,,0.0,29,35,0.0,0.0
N932XJ,925.0,2019,2,5,2,4,2019-05-02,DL,DL_CODESHARE,19790,DL,5088,,,,,9E,20363,9E,5088,11618,1161802,31703,EWR,"Newark, NJ",NJ,34,New Jersey,21,14492,1449202,34492,RDU,"Raleigh/Durham, NC",NC,37,North Carolina,36,935,-10.0,0.0,0.0,-1.0,0900-0959,23.0,948.0,1052.0,5.0,1130,1057.0,-33.0,0.0,0.0,-2.0,1100-1159,0.0,,0.0,115.0,92.0,64.0,1.0,416.0,2,,,0.0,,0.0,,,,0,,,,,,,,,,,,,,,,,,,,,,,,,,,,,,,,,,,,,,,,,,,,,N,0.0,0.0,9.0,10.0,2.0,4.0,38.0,44.0,9,11,2.0,2.0,38.0,46.0,8,8,1,1.0,0.0,N932XJ,N932XJ-DL-1,38.0,50.0,6.0,44.0,56.0,35.0,3.0,0.0,38,44,0.0,0.0
N933AM,625.0,2019,2,5,2,4,2019-05-02,AA,AA,19805,AA,407,,,,,AA,19805,AA,407,14107,1410702,30466,PHX,"Phoenix, AZ",AZ,4,Arizona,81,11298,1129806,30194,DFW,"Dallas/Fort Worth, TX",TX,48,Texas,74,630,-5.0,0.0,0.0,-1.0,0600-0659,18.0,643.0,1035.0,10.0,1047,1045.0,-2.0,0.0,0.0,-1.0,1000-1059,0.0,,0.0,137.0,140.0,112.0,1.0,868.0,4,,,0.0,,0.0,,,,0,,,,,,,,,,,,,,,,,,,,,,,,,,,,,,,,,,,,,,,,,,,,,N,8.0,4.0,6.0,10.0,2.0,3.0,34.0,47.0,6,10,2.0,3.0,34.0,47.0,9,9,0,0.0,0.0,N933AM,N933AM-AA-0,34.0,46.0,13.0,47.0,59.0,,,0.0,34,47,0.0,0.0
N933AT,608.0,2019,2,5,2,4,2019-05-02,DL,DL,19790,DL,358,,,,,DL,19790,DL,358,10135,1013505,30135,ABE,"Allentown/Bethlehem/Easton, PA",PA,42,Pennsylvania,23,10397,1039707,30397,ATL,"Atlanta, GA",GA,13,Georgia,34,610,-2.0,0.0,0.0,-1.0,0600-0659,17.0,625.0,807.0,8.0,814,815.0,1.0,1.0,0.0,0.0,0800-0859,0.0,,0.0,124.0,127.0,102.0,1.0,692.0,3,,,0.0,,0.0,,,,0,,,,,,,,,,,,,,,,,,,,,,,,,,,,,,,,,,,,,,,,,,,,,N,0.0,0.0,6.0,8.0,1.0,1.0,25.0,33.0,6,8,1.0,1.0,25.0,33.0,9,9,0,1.0,1.0,N933AT,N933AT-DL-0,25.0,37.0,8.0,33.0,45.0,,,0.0,25,33,0.0,0.0
N933AT,859.0,2019,2,5,2,4,2019-05-02,DL,DL,19790,DL,2029,,,,,DL,19790,DL,2029,10397,1039707,30397,ATL,"Atlanta, GA",GA,13,Georgia,34,11481,1148102,31481,ECP,"Panama City, FL",FL,12,Florida,33,901,-2.0,0.0,0.0,-1.0,0900-0959,18.0,917.0,859.0,3.0,905,902.0,-3.0,0.0,0.0,-1.0,0900-0959,0.0,,0.0,64.0,63.0,42.0,1.0,240.0,1,,,0.0,,0.0,,,,0,,,,,,,,,,,,,,,,,,,,,,,,,,,,,,,,,,,,,,,,,,,,,N,0.0,4.0,8.0,9.0,4.0,0.0,36.0,40.0,9,9,0.0,0.0,36.0,40.0,7,7,1,1.0,0.0,N933AT,N933AT-DL-1,36.0,48.0,4.0,40.0,52.0,33.0,3.0,0.0,36,40,0.0,0.0
N933EV,549.0,2019,2,5,2,4,2019-05-02,UA,UA_CODESHARE,19977,UA,5631,,,,,OO,20304,OO,5631,10561,1056103,30561,BFL,"Bakersfield, CA",CA,6,California,91,14771,1477104,32457,SFO,"San Francisco, CA",CA,6,California,91,600,-11.0,0.0,0.0,-1.0,0600-0659,25.0,614.0,700.0,4.0,719,704.0,-15.0,0.0,0.0,-1.0,0700-0759,0.0,,0.0,79.0,75.0,46.0,1.0,238.0,1,,,0.0,,0.0,,,,0,,,,,,,,,,,,,,,,,,,,,,,,,,,,,,,,,,,,,,,,,,,,,N,12.0,12.0,5.0,7.0,3.0,0.0,35.0,40.0,6,7,0.0,1.0,36.0,41.0,1,1,0,0.0,0.0,N933EV,N933EV-UA-0,36.0,47.0,5.0,41.0,52.0,,,0.0,36,41,0.0,0.0
N933JN,607.0,2019,2,5,2,4,2019-05-02,AA,AA_CODESHARE,19805,AA,3448,,,,,MQ,20398,MQ,3448,15412,1541205,35412,TYS,"Knoxville, TN",TN,47,Tennessee,54,13303,1330303,32467,MIA,"Miami, FL",FL,12,Florida,33,609,-2.0,0.0,0.0,-1.0,0600-0659,14.0,621.0,810.0,4.0,815,814.0,-1.0,0.0,0.0,-1.0,0800-0859,0.0,,0.0,126.0,127.0,109.0,1.0,724.0,3,,,0.0,,0.0,,,,0,,,,,,,,,,,,,,,,,,,,,,,,,,,,,,,,,,,,,,,,,,,,,N,0.0,0.0,6.0,8.0,0.0,1.0,24.0,33.0,6,8,1.0,1.0,25.0,33.0,2,2,0,1.0,1.0,N933JN,N933JN-AA-0,25.0,36.0,9.0,34.0,45.0,,,0.0,25,35,1.0,2.2
N933JN,846.0,2019,2,5,2,4,2019-05-02,AA,AA_CODESHARE,19805,AA,3483,,,,,MQ,20398,MQ,3483,13303,1330303,32467,MIA,"Miami, FL",FL,12,Florida,33,12339,1233904,32337,IND,"Indianapolis, IN",IN,18,Indiana,42,850,-4.0,0.0,0.0,-1.0,0800-0859,18.0,904.0,1132.0,8.0,1145,1140.0,-5.0,0.0,0.0,-1.0,1100-1159,0.0,,0.0,175.0,174.0,148.0,1.0,1020.0,5,,,0.0,,0.0,,,,0,,,,,,,,,,,,,,,,,,,,,,,,,,,,,,,,,,,,,,,,,,,,,N,0.0,0.0,8.0,11.0,3.0,3.0,35.0,47.0,8,11,3.0,3.0,35.0,47.0,5,5,1,1.0,0.0,N933JN,N933JN-AA-1,35.0,47.0,12.0,47.0,59.0,33.0,2.0,0.0,37,49,2.0,10.96
N933LR,710.0,2019,2,5,2,4,2019-05-02,AA,AA_CODESHARE,19805,AA,5975,,,,,YV,20378,YV,5975,11775,1177502,31775,FSD,"Sioux Falls, SD",SD,46,South Dakota,67,11298,1129806,30194,DFW,"Dallas/Fort Worth, TX",TX,48,Texas,74,714,-4.0,0.0,0.0,-1.0,0700-0759,21.0,731.0,933.0,17.0,935,950.0,15.0,15.0,1.0,1.0,0900-0959,0.0,,0.0,141.0,160.0,122.0,1.0,737.0,3,0.0,0.0,15.0,0.0,0.0,,,,0,,,,,,,,,,,,,,,,,,,,,,,,,,,,,,,,,,,,,,,,,,,,,N,4.0,4.0,7.0,9.0,1.0,3.0,33.0,43.0,7,9,1.0,2.0,33.0,42.0,1,1,0,0.0,0.0,N933LR,N933LR-AA-0,33.0,45.0,10.0,43.0,55.0,,,1.0,33,49,6.0,14.84
N933WN,649.0,2019,2,5,2,4,2019-05-02,WN,WN,19393,WN,1351,,,,,WN,19393,WN,1351,11278,1127805,30852,DCA,"Washington, DC",VA,51,Virginia,38,11697,1169706,32467,FLL,"Fort Lauderdale, FL",FL,12,Florida,33,650,-1.0,0.0,0.0,-1.0,0600-0659,14.0,703.0,912.0,5.0,930,917.0,-13.0,0.0,0.0,-1.0,0900-0959,0.0,,0.0,160.0,148.0,129.0,1.0,899.0,4,,,0.0,,0.0,,,,0,,,,,,,,,,,,,,,,,,,,,,,,,,,,,,,,,,,,,,,,,,,,,N,0.0,0.0,6.0,9.0,3.0,1.0,27.0,37.0,6,9,3.0,2.0,27.0,38.0,5,5,0,0.0,0.0,N933WN,N933WN-WN-0,27.0,39.0,10.0,37.0,49.0,,,0.0,27,37,0.0,0.0
N933XJ,839.0,2019,2,5,2,4,2019-05-02,DL,DL_CODESHARE,19790,DL,3354,,,,,9E,20363,9E,3354,10397,1039707,30397,ATL,"Atlanta, GA",GA,13,Georgia,34,10868,1086803,30868,CAE,"Columbia, SC",SC,45,South Carolina,37,841,-2.0,0.0,0.0,-1.0,0800-0859,16.0,855.0,927.0,5.0,943,932.0,-11.0,0.0,0.0,-1.0,0900-0959,0.0,,0.0,62.0,53.0,32.0,1.0,192.0,1,,,0.0,,0.0,,,,0,,,,,,,,,,,,,,,,,,,,,,,,,,,,,,,,,,,,,,,,,,,,,N,0.0,0.0,8.0,9.0,3.0,2.0,35.0,38.0,8,9,3.0,3.0,35.0,39.0,5,5,0,0.0,0.0,N933XJ,N933XJ-DL-0,35.0,47.0,3.0,38.0,50.0,,,0.0,35,38,0.0,0.0
N934AN,541.0,2019,2,5,2,4,2019-05-02,AA,AA,19805,AA,2787,,,,,AA,19805,AA,2787,10693,1069302,30693,BNA,"Nashville, TN",TN,47,Tennessee,54,11298,1129806,30194,DFW,"Dallas/Fort Worth, TX",TX,48,Texas,74,545,-4.0,0.0,0.0,-1.0,0001-0559,20.0,601.0,828.0,8.0,800,836.0,36.0,36.0,1.0,2.0,0800-0859,0.0,,0.0,135.0,175.0,147.0,1.0,631.0,3,0.0,0.0,36.0,0.0,0.0,,,,0,,,,,,,,,,,,,,,,,,,,,,,,,,,,,,,,,,,,,,,,,,,,,N,4.0,4.0,5.0,8.0,3.0,2.0,27.0,38.0,5,8,3.0,0.0,27.0,36.0,6,6,0,0.0,0.0,N934AN,N934AN-AA-0,27.0,39.0,11.0,38.0,50.0,,,2.0,27,38,0.0,0.0
N934DN,804.0,2019,2,5,2,4,2019-05-02,DL,DL,19790,DL,635,,,,,DL,19790,DL,635,14100,1410005,34100,PHL,"Philadelphia, PA",PA,42,Pennsylvania,23,10397,1039707,30397,ATL,"Atlanta, GA",GA,13,Georgia,34,810,-6.0,0.0,0.0,-1.0,0800-0859,31.0,835.0,1012.0,7.0,1023,1019.0,-4.0,0.0,0.0,-1.0,1000-1059,0.0,,0.0,133.0,135.0,97.0,1.0,666.0,3,,,0.0,,0.0,,,,0,,,,,,,,,,,,,,,,,,,,,,,,,,,,,,,,,,,,,,,,,,,,,N,0.0,0.0,8.0,10.0,0.0,1.0,32.0,41.0,8,10,1.0,2.0,33.0,42.0,6,6,0,0.0,0.0,N934DN,N934DN-DL-0,33.0,44.0,9.0,42.0,53.0,,,0.0,33,42,0.0,0.0
N934FJ,553.0,2019,2,5,2,4,2019-05-02,AA,AA_CODESHARE,19805,AA,5721,,,,,YV,20378,YV,5721,13476,1347605,34922,MRY,"Monterey, CA",CA,6,California,91,14107,1410702,30466,PHX,"Phoenix, AZ",AZ,4,Arizona,81,555,-2.0,0.0,0.0,-1.0,0001-0559,14.0,607.0,725.0,9.0,744,734.0,-10.0,0.0,0.0,-1.0,0700-0759,0.0,,0.0,109.0,101.0,78.0,1.0,598.0,3,,,0.0,,0.0,,,,0,,,,,,,,,,,,,,,,,,,,,,,,,,,,,,,,,,,,,,,,,,,,,N,12.0,8.0,5.0,7.0,4.0,2.0,36.0,38.0,5,7,4.0,3.0,36.0,39.0,6,6,0,0.0,0.0,N934FJ,N934FJ-AA-0,36.0,48.0,2.0,38.0,50.0,,,0.0,36,38,0.0,0.0
N934NN,703.0,2019,2,5,2,4,2019-05-02,AA,AA,19805,AA,1275,,,,,AA,19805,AA,1275,11278,1127805,30852,DCA,"Washington, DC",VA,51,Virginia,38,12892,1289208,32575,LAX,"Los Angeles, CA",CA,6,California,91,705,-2.0,0.0,0.0,-1.0,0700-0759,35.0,738.0,1022.0,37.0,1017,1059.0,42.0,42.0,1.0,2.0,1000-1059,0.0,,0.0,372.0,416.0,344.0,1.0,2311.0,10,0.0,0.0,42.0,0.0,0.0,,,,0,,,,,,,,,,,,,,,,,,,,,,,,,,,,,,,,,,,,,,,,,,,,,N,0.0,12.0,7.0,10.0,0.0,4.0,28.0,56.0,7,10,0.0,1.0,28.0,53.0,8,8,0,0.0,0.0,N934NN,N934NN-AA-0,28.0,40.0,28.0,56.0,68.0,,,3.0,28,56,0.0,0.0
N934SW,616.0,2019,2,5,2,4,2019-05-02,UA,UA_CODESHARE,19977,UA,5746,,,,,OO,20304,OO,5746,14487,1448702,33792,RDD,"Redding, CA",CA,6,California,91,12892,1289208,32575,LAX,"Los Angeles, CA",CA,6,California,91,633,-17.0,0.0,0.0,-2.0,0600-0659,27.0,643.0,757.0,17.0,825,814.0,-11.0,0.0,0.0,-1.0,0800-0859,0.0,,0.0,112.0,118.0,74.0,1.0,501.0,3,,,0.0,,0.0,,,,0,,,,,,,,,,,,,,,,,,,,,,,,,,,,,,,,,,,,,,,,,,,,,N,12.0,12.0,6.0,8.0,1.0,1.0,37.0,45.0,6,8,2.0,2.0,38.0,46.0,7,7,0,0.0,0.0,N934SW,N934SW-UA-0,38.0,49.0,8.0,46.0,57.0,,,0.0,38,46,0.0,0.0
N934WN,717.0,2019,2,5,2,4,2019-05-02,WN,WN,19393,WN,1516,,,,,WN,19393,WN,1516,11697,1169706,32467,FLL,"Fort Lauderdale, FL",FL,12,Florida,33,10821,1082106,30852,BWI,"Baltimore, MD",MD,24,Maryland,35,720,-3.0,0.0,0.0,-1.0,0700-0759,14.0,731.0,934.0,3.0,955,937.0,-18.0,0.0,0.0,-2.0,0900-0959,0.0,,0.0,155.0,140.0,123.0,1.0,925.0,4,,,0.0,,0.0,,,,0,,,,,,,,,,,,,,,,,,,,,,,,,,,,,,,,,,,,,,,,,,,,,N,0.0,0.0,7.0,9.0,1.0,2.0,29.0,38.0,7,9,1.0,4.0,29.0,40.0,2,2,0,0.0,0.0,N934WN,N934WN-WN-0,29.0,41.0,9.0,38.0,50.0,,,0.0,29,38,0.0,0.0
N934XJ,554.0,2019,2,5,2,4,2019-05-02,DL,DL_CODESHARE,19790,DL,5379,,,,,9E,20363,9E,5379,13244,1324402,33244,MEM,"Memphis, TN",TN,47,Tennessee,54,12953,1295304,31703,LGA,"New York, NY",NY,36,New York,22,600,-6.0,0.0,0.0,-1.0,0600-0659,12.0,606.0,914.0,6.0,940,920.0,-20.0,0.0,0.0,-2.0,0900-0959,0.0,,0.0,160.0,146.0,128.0,1.0,963.0,4,,,0.0,,0.0,,,,0,,,,,,,,,,,,,,,,,,,,,,,,,,,,,,,,,,,,,,,,,,,,,N,4.0,0.0,5.0,9.0,4.0,1.0,28.0,37.0,6,9,0.0,3.0,28.0,39.0,8,8,0,0.0,0.0,N934XJ,N934XJ-DL-0,28.0,40.0,9.0,37.0,49.0,,,0.0,28,37,0.0,0.0
N935AE,646.0,2019,2,5,2,4,2019-05-02,AA,AA_CODESHARE,19805,AA,4218,,,,,MQ,20398,MQ,4218,10874,1087402,30647,CAK,"Akron, OH",OH,39,Ohio,44,13930,1393007,30977,ORD,"Chicago, IL",IL,17,Illinois,41,650,-4.0,0.0,0.0,-1.0,0600-0659,12.0,658.0,706.0,25.0,731,731.0,0.0,0.0,0.0,0.0,0700-0759,0.0,,0.0,101.0,105.0,68.0,1.0,343.0,2,,,0.0,,0.0,,,,0,,,,,,,,,,,,,,,,,,,,,,,,,,,,,,,,,,,,,,,,,,,,,N,0.0,4.0,6.0,7.0,3.0,2.0,27.0,34.0,6,7,3.0,2.0,27.0,34.0,2,2,0,1.0,1.0,N935AE,N935AE-AA-0,27.0,39.0,7.0,34.0,46.0,,,0.0,27,34,0.0,0.0
N935AE,810.0,2019,2,5,2,4,2019-05-02,AA,AA_CODESHARE,19805,AA,4121,,,,,MQ,20398,MQ,4121,13930,1393007,30977,ORD,"Chicago, IL",IL,17,Illinois,41,15380,1538005,35380,TVC,"Traverse City, MI",MI,26,Michigan,43,817,-7.0,0.0,0.0,-1.0,0800-0859,36.0,846.0,1024.0,3.0,1022,1027.0,5.0,5.0,0.0,0.0,1000-1059,0.0,,0.0,65.0,77.0,38.0,1.0,224.0,1,,,0.0,,0.0,,,,0,,,,,,,,,,,,,,,,,,,,,,,,,,,,,,,,,,,,,,,,,,,,,N,4.0,0.0,8.0,10.0,1.0,2.0,37.0,42.0,8,10,1.0,1.0,37.0,41.0,6,6,1,1.0,0.0,N935AE,N935AE-AA-1,37.0,49.0,5.0,42.0,54.0,34.0,3.0,0.0,37,42,0.0,0.0
N935AN,733.0,2019,2,5,2,4,2019-05-02,AA,AA,19805,AA,290,,,,,AA,19805,AA,290,10693,1069302,30693,BNA,"Nashville, TN",TN,47,Tennessee,54,11057,1105703,31057,CLT,"Charlotte, NC",NC,37,North Carolina,36,740,-7.0,0.0,0.0,-1.0,0700-0759,18.0,751.0,943.0,13.0,1014,956.0,-18.0,0.0,0.0,-2.0,1000-1059,0.0,,0.0,94.0,83.0,52.0,1.0,328.0,2,,,0.0,,0.0,,,,0,,,,,,,,,,,,,,,,,,,,,,,,,,,,,,,,,,,,,,,,,,,,,N,4.0,0.0,7.0,9.0,2.0,4.0,34.0,40.0,7,10,3.0,1.0,35.0,41.0,4,4,0,0.0,0.0,N935AN,N935AN-AA-0,35.0,46.0,6.0,41.0,52.0,,,0.0,35,41,0.0,0.0
N935DN,554.0,2019,2,5,2,4,2019-05-02,DL,DL,19790,DL,2308,,,,,DL,19790,DL,2308,12266,1226603,31453,IAH,"Houston, TX",TX,48,Texas,74,10397,1039707,30397,ATL,"Atlanta, GA",GA,13,Georgia,34,600,-6.0,0.0,0.0,-1.0,0600-0659,14.0,608.0,838.0,10.0,905,848.0,-17.0,0.0,0.0,-2.0,0900-0959,0.0,,0.0,125.0,114.0,90.0,1.0,689.0,3,,,0.0,,0.0,,,,0,,,,,,,,,,,,,,,,,,,,,,,,,,,,,,,,,,,,,,,,,,,,,N,4.0,0.0,5.0,8.0,4.0,3.0,28.0,35.0,6,9,0.0,0.0,28.0,36.0,4,4,0,0.0,0.0,N935DN,N935DN-DL-0,28.0,40.0,7.0,35.0,47.0,,,0.0,28,35,0.0,0.0
N935JB,604.0,2019,2,5,2,4,2019-05-02,B6,B6,20409,B6,2801,,,,,B6,20409,B6,2801,11697,1169706,32467,FLL,"Fort Lauderdale, FL",FL,12,Florida,33,12892,1289208,32575,LAX,"Los Angeles, CA",CA,6,California,91,609,-5.0,0.0,0.0,-1.0,0600-0659,19.0,623.0,833.0,14.0,851,847.0,-4.0,0.0,0.0,-1.0,0800-0859,0.0,,0.0,342.0,343.0,310.0,1.0,2343.0,10,,,0.0,,0.0,,,,0,,,,,,,,,,,,,,,,,,,,,,,,,,,,,,,,,,,,,,,,,,,,,N,0.0,12.0,6.0,8.0,0.0,3.0,24.0,47.0,6,8,1.0,3.0,25.0,47.0,3,3,0,0.0,0.0,N935JB,N935JB-B6-0,25.0,36.0,23.0,48.0,59.0,,,0.0,25,48,0.0,0.0
N935NN,656.0,2019,2,5,2,4,2019-05-02,AA,AA,19805,AA,2551,,,,,AA,19805,AA,2551,11298,1129806,30194,DFW,"Dallas/Fort Worth, TX",TX,48,Texas,74,12478,1247805,31703,JFK,"New York, NY",NY,36,New York,22,655,1.0,1.0,0.0,0.0,0600-0659,22.0,718.0,1128.0,16.0,1135,1144.0,9.0,9.0,0.0,0.0,1100-1159,0.0,,0.0,220.0,228.0,190.0,1.0,1391.0,6,,,0.0,,0.0,,,,0,,,,,,,,,,,,,,,,,,,,,,,,,,,,,,,,,,,,,,,,,,,,,N,4.0,0.0,6.0,11.0,4.0,3.0,32.0,47.0,6,11,4.0,2.0,32.0,46.0,1,1,0,0.0,0.0,N935NN,N935NN-AA-0,32.0,44.0,15.0,47.0,59.0,,,0.0,32,48,1.0,1.28
N935WN,530.0,2019,2,5,2,4,2019-05-02,WN,WN,19393,WN,695,,,,,WN,19393,WN,695,11066,1106606,31066,CMH,"Columbus, OH",OH,39,Ohio,44,15304,1530402,33195,TPA,"Tampa, FL",FL,12,Florida,33,525,5.0,5.0,0.0,0.0,0001-0559,12.0,542.0,736.0,3.0,735,739.0,4.0,4.0,0.0,0.0,0700-0759,0.0,,0.0,130.0,129.0,114.0,1.0,829.0,4,,,0.0,,0.0,,,,0,,,,,,,,,,,,,,,,,,,,,,,,,,,,,,,,,,,,,,,,,,,,,N,0.0,0.0,5.0,7.0,2.0,3.0,22.0,31.0,5,7,2.0,2.0,22.0,30.0,4,4,0,1.0,1.0,N935WN,N935WN-WN-0,22.0,34.0,9.0,31.0,43.0,,,0.0,22,31,0.0,0.0
N935WN,812.0,2019,2,5,2,4,2019-05-02,WN,WN,19393,WN,695,,,,,WN,19393,WN,695,15304,1530402,33195,TPA,"Tampa, FL",FL,12,Florida,33,14492,1449202,34492,RDU,"Raleigh/Durham, NC",NC,37,North Carolina,36,810,2.0,2.0,0.0,0.0,0800-0859,6.0,818.0,943.0,2.0,955,945.0,-10.0,0.0,0.0,-1.0,0900-0959,0.0,,0.0,105.0,93.0,85.0,1.0,587.0,3,,,0.0,,0.0,,,,0,,,,,,,,,,,,,,,,,,,,,,,,,,,,,,,,,,,,,,,,,,,,,N,0.0,0.0,8.0,9.0,1.0,3.0,33.0,39.0,8,9,1.0,4.0,33.0,40.0,4,4,1,1.0,0.0,N935WN,N935WN-WN-1,33.0,45.0,6.0,39.0,51.0,31.0,2.0,0.0,33,39,0.0,0.0
N935XJ,652.0,2019,2,5,2,4,2019-05-02,DL,DL_CODESHARE,19790,DL,3292,,,,,9E,20363,9E,3292,11193,1119302,33105,CVG,"Cincinnati, OH",KY,21,Kentucky,52,11298,1129806,30194,DFW,"Dallas/Fort Worth, TX",TX,48,Texas,74,700,-8.0,0.0,0.0,-1.0,0700-0759,15.0,707.0,814.0,8.0,831,822.0,-9.0,0.0,0.0,-1.0,0800-0859,0.0,,0.0,151.0,150.0,127.0,1.0,812.0,4,,,0.0,,0.0,,,,0,,,,,,,,,,,,,,,,,,,,,,,,,,,,,,,,,,,,,,,,,,,,,N,0.0,4.0,6.0,8.0,3.0,1.0,27.0,37.0,7,8,0.0,2.0,28.0,38.0,2,2,0,0.0,0.0,N935XJ,N935XJ-DL-0,28.0,39.0,10.0,38.0,49.0,,,0.0,28,39,1.0,2.16
N936AN,508.0,2019,2,5,2,4,2019-05-02,AA,AA,19805,AA,1540,,,,,AA,19805,AA,1540,14747,1474703,30559,SEA,"Seattle, WA",WA,53,Washington,93,13930,1393007,30977,ORD,"Chicago, IL",IL,17,Illinois,41,500,8.0,8.0,0.0,0.0,0001-0559,20.0,528.0,1050.0,20.0,1106,1110.0,4.0,4.0,0.0,0.0,1100-1159,0.0,,0.0,246.0,242.0,202.0,1.0,1721.0,7,,,0.0,,0.0,,,,0,,,,,,,,,,,,,,,,,,,,,,,,,,,,,,,,,,,,,,,,,,,,,N,12.0,4.0,5.0,11.0,1.0,1.0,33.0,49.0,5,11,0.0,0.0,32.0,48.0,4,4,0,0.0,0.0,N936AN,N936AN-AA-0,33.0,45.0,16.0,49.0,61.0,,,0.0,34,50,1.0,4.12
N936AT,812.0,2019,2,5,2,4,2019-05-02,DL,DL,19790,DL,714,,,,,DL,19790,DL,714,15412,1541205,35412,TYS,"Knoxville, TN",TN,47,Tennessee,54,10397,1039707,30397,ATL,"Atlanta, GA",GA,13,Georgia,34,815,-3.0,0.0,0.0,-1.0,0800-0859,14.0,826.0,904.0,7.0,918,911.0,-7.0,0.0,0.0,-1.0,0900-0959,0.0,,0.0,63.0,59.0,38.0,1.0,152.0,1,,,0.0,,0.0,,,,0,,,,,,,,,,,,,,,,,,,,,,,,,,,,,,,,,,,,,,,,,,,,,N,0.0,0.0,8.0,9.0,1.0,1.0,33.0,37.0,8,9,1.0,1.0,33.0,37.0,6,6,0,0.0,0.0,N936AT,N936AT-DL-0,33.0,45.0,4.0,37.0,49.0,,,0.0,33,37,0.0,0.0
N936DN,550.0,2019,2,5,2,4,2019-05-02,DL,DL,19790,DL,1263,,,,,DL,19790,DL,1263,14307,1430705,30721,PVD,"Providence, RI",RI,44,Rhode Island,15,10397,1039707,30397,ATL,"Atlanta, GA",GA,13,Georgia,34,600,-10.0,0.0,0.0,-1.0,0600-0659,27.0,617.0,825.0,8.0,841,833.0,-8.0,0.0,0.0,-1.0,0800-0859,0.0,,0.0,161.0,163.0,128.0,1.0,903.0,4,,,0.0,,0.0,,,,0,,,,,,,,,,,,,,,,,,,,,,,,,,,,,,,,,,,,,,,,,,,,,N,0.0,0.0,5.0,8.0,3.0,2.0,23.0,34.0,6,8,0.0,3.0,24.0,35.0,1,1,0,1.0,1.0,N936DN,N936DN-DL-0,24.0,35.0,11.0,35.0,46.0,,,0.0,24,35,0.0,0.0
N936DN,937.0,2019,2,5,2,4,2019-05-02,DL,DL,19790,DL,2132,,,,,DL,19790,DL,2132,10397,1039707,30397,ATL,"Atlanta, GA",GA,13,Georgia,34,14683,1468305,33214,SAT,"San Antonio, TX",TX,48,Texas,74,942,-5.0,0.0,0.0,-1.0,0900-0959,15.0,952.0,1107.0,4.0,1115,1111.0,-4.0,0.0,0.0,-1.0,1100-1159,0.0,,0.0,153.0,154.0,135.0,1.0,874.0,4,,,0.0,,0.0,,,,0,,,,,,,,,,,,,,,,,,,,,,,,,,,,,,,,,,,,,,,,,,,,,N,0.0,4.0,9.0,11.0,2.0,1.0,38.0,49.0,9,11,3.0,1.0,39.0,49.0,1,1,1,1.0,0.0,N936DN,N936DN-DL-1,39.0,50.0,11.0,50.0,61.0,34.0,4.0,0.0,46,57,7.0,17.46
N936SW,651.0,2019,2,5,2,4,2019-05-02,DL,DL_CODESHARE,19790,DL,4579,,,,,OO,20304,OO,4579,11823,1182304,31823,FWA,"Fort Wayne, IN",IN,18,Indiana,42,10397,1039707,30397,ATL,"Atlanta, GA",GA,13,Georgia,34,655,-4.0,0.0,0.0,-1.0,0600-0659,20.0,711.0,836.0,11.0,847,847.0,0.0,0.0,0.0,0.0,0800-0859,0.0,,0.0,112.0,116.0,85.0,1.0,508.0,3,,,0.0,,0.0,,,,0,,,,,,,,,,,,,,,,,,,,,,,,,,,,,,,,,,,,,,,,,,,,,N,0.0,0.0,6.0,8.0,3.0,3.0,27.0,35.0,6,8,4.0,3.0,28.0,35.0,1,1,0,0.0,0.0,N936SW,N936SW-DL-0,28.0,39.0,8.0,36.0,47.0,,,0.0,28,36,0.0,0.0
N936WN,519.0,2019,2,5,2,4,2019-05-02,WN,WN,19393,WN,196,,,,,WN,19393,WN,196,12339,1233904,32337,IND,"Indianapolis, IN",IN,18,Indiana,42,10721,1072102,30721,BOS,"Boston, MA",MA,25,Massachusetts,13,520,-1.0,0.0,0.0,-1.0,0001-0559,12.0,531.0,728.0,11.0,730,739.0,9.0,9.0,0.0,0.0,0700-0759,0.0,,0.0,130.0,140.0,117.0,1.0,818.0,4,,,0.0,,0.0,,,,0,,,,,,,,,,,,,,,,,,,,,,,,,,,,,,,,,,,,,,,,,,,,,N,0.0,0.0,5.0,7.0,1.0,3.0,21.0,31.0,5,7,1.0,2.0,21.0,30.0,5,5,0,1.0,1.0,N936WN,N936WN-WN-0,21.0,33.0,10.0,31.0,43.0,,,0.0,21,31,0.0,0.0
N936WN,837.0,2019,2,5,2,4,2019-05-02,WN,WN,19393,WN,197,,,,,WN,19393,WN,197,10721,1072102,30721,BOS,"Boston, MA",MA,25,Massachusetts,13,13232,1323202,30977,MDW,"Chicago, IL",IL,17,Illinois,41,835,2.0,2.0,0.0,0.0,0800-0859,14.0,851.0,1008.0,3.0,1020,1011.0,-9.0,0.0,0.0,-1.0,1000-1059,0.0,,0.0,165.0,154.0,137.0,1.0,861.0,4,,,0.0,,0.0,,,,0,,,,,,,,,,,,,,,,,,,,,,,,,,,,,,,,,,,,,,,,,,,,,N,0.0,4.0,8.0,10.0,2.0,1.0,34.0,45.0,8,10,2.0,1.0,34.0,45.0,1,1,1,1.0,0.0,N936WN,N936WN-WN-1,34.0,46.0,11.0,45.0,57.0,31.0,3.0,0.0,34,45,0.0,0.0
N936XJ,543.0,2019,2,5,2,4,2019-05-02,DL,DL_CODESHARE,19790,DL,3305,,,,,9E,20363,9E,3305,10208,1020803,30208,AGS,"Augusta, GA",GA,13,Georgia,34,10397,1039707,30397,ATL,"Atlanta, GA",GA,13,Georgia,34,550,-7.0,0.0,0.0,-1.0,0001-0559,15.0,558.0,630.0,5.0,648,635.0,-13.0,0.0,0.0,-1.0,0600-0659,0.0,,0.0,58.0,52.0,32.0,1.0,143.0,1,,,0.0,,0.0,,,,0,,,,,,,,,,,,,,,,,,,,,,,,,,,,,,,,,,,,,,,,,,,,,N,0.0,0.0,5.0,6.0,3.0,2.0,23.0,26.0,5,6,3.0,3.0,23.0,27.0,1,1,0,1.0,1.0,N936XJ,N936XJ-DL-0,23.0,35.0,3.0,26.0,38.0,,,0.0,23,26,0.0,0.0
N936XJ,857.0,2019,2,5,2,4,2019-05-02,DL,DL_CODESHARE,19790,DL,5416,,,,,9E,20363,9E,5416,10397,1039707,30397,ATL,"Atlanta, GA",GA,13,Georgia,34,10431,1043105,30431,AVL,"Asheville, NC",NC,37,North Carolina,36,855,2.0,2.0,0.0,0.0,0800-0859,21.0,918.0,949.0,4.0,953,953.0,0.0,0.0,0.0,0.0,0900-0959,0.0,,0.0,58.0,56.0,31.0,1.0,164.0,1,,,0.0,,0.0,,,,0,,,,,,,,,,,,,,,,,,,,,,,,,,,,,,,,,,,,,,,,,,,,,N,0.0,0.0,8.0,9.0,4.0,4.0,36.0,40.0,8,9,4.0,4.0,36.0,40.0,9,9,1,1.0,0.0,N936XJ,N936XJ-DL-1,36.0,48.0,4.0,40.0,52.0,26.0,10.0,0.0,36,40,0.0,0.0
N937AT,535.0,2019,2,5,2,4,2019-05-02,DL,DL,19790,DL,548,,,,,DL,19790,DL,548,10868,1086803,30868,CAE,"Columbia, SC",SC,45,South Carolina,37,10397,1039707,30397,ATL,"Atlanta, GA",GA,13,Georgia,34,540,-5.0,0.0,0.0,-1.0,0001-0559,9.0,544.0,623.0,5.0,644,628.0,-16.0,0.0,0.0,-2.0,0600-0659,0.0,,0.0,64.0,53.0,39.0,1.0,192.0,1,,,0.0,,0.0,,,,0,,,,,,,,,,,,,,,,,,,,,,,,,,,,,,,,,,,,,,,,,,,,,N,0.0,0.0,5.0,6.0,2.0,2.0,22.0,26.0,5,6,3.0,3.0,23.0,27.0,6,6,0,2.0,2.0,N937AT,N937AT-DL-0,23.0,34.0,4.0,27.0,38.0,,,0.0,23,27,0.0,0.0
N937AT,725.0,2019,2,5,2,4,2019-05-02,DL,DL,19790,DL,2578,,,,,DL,19790,DL,2578,10397,1039707,30397,ATL,"Atlanta, GA",GA,13,Georgia,34,12264,1226402,30852,IAD,"Washington, DC",VA,51,Virginia,38,727,-2.0,0.0,0.0,-1.0,0700-0759,10.0,735.0,856.0,3.0,906,859.0,-7.0,0.0,0.0,-1.0,0900-0959,0.0,,0.0,99.0,94.0,81.0,1.0,534.0,3,,,0.0,,0.0,,,,0,,,,,,,,,,,,,,,,,,,,,,,,,,,,,,,,,,,,,,,,,,,,,N,0.0,0.0,7.0,8.0,2.0,4.0,30.0,36.0,7,9,2.0,0.0,30.0,36.0,4,4,1,2.0,1.0,N937AT,N937AT-DL-1,30.0,42.0,6.0,36.0,48.0,26.0,4.0,0.0,31,37,1.0,4.36
N937AT,940.0,2019,2,5,2,4,2019-05-02,DL,DL,19790,DL,2578,,,,,DL,19790,DL,2578,12264,1226402,30852,IAD,"Washington, DC",VA,51,Virginia,38,10397,1039707,30397,ATL,"Atlanta, GA",GA,13,Georgia,34,945,-5.0,0.0,0.0,-1.0,0900-0959,16.0,956.0,1117.0,8.0,1130,1125.0,-5.0,0.0,0.0,-1.0,1100-1159,0.0,,0.0,105.0,105.0,81.0,1.0,534.0,3,,,0.0,,0.0,,,,0,,,,,,,,,,,,,,,,,,,,,,,,,,,,,,,,,,,,,,,,,,,,,N,0.0,0.0,9.0,11.0,3.0,2.0,39.0,46.0,9,11,3.0,2.0,39.0,46.0,1,1,2,2.0,0.0,N937AT,N937AT-DL-2,39.0,51.0,7.0,46.0,58.0,36.0,3.0,0.0,42,49,3.0,5.32
N937JB,708.0,2019,2,5,2,4,2019-05-02,B6,B6,20409,B6,15,,,,,B6,20409,B6,15,12478,1247805,31703,JFK,"New York, NY",NY,36,New York,22,14771,1477104,32457,SFO,"San Francisco, CA",CA,6,California,91,712,-4.0,0.0,0.0,-1.0,0700-0759,28.0,736.0,1047.0,9.0,1036,1056.0,20.0,20.0,1.0,1.0,1000-1059,0.0,,0.0,384.0,408.0,371.0,1.0,2586.0,11,0.0,0.0,20.0,0.0,0.0,,,,0,,,,,,,,,,,,,,,,,,,,,,,,,,,,,,,,,,,,,,,,,,,,,N,0.0,12.0,7.0,10.0,1.0,4.0,29.0,56.0,7,10,1.0,2.0,29.0,54.0,9,9,0,0.0,0.0,N937JB,N937JB-B6-0,29.0,41.0,27.0,56.0,68.0,,,1.0,29,56,0.0,0.0
N937SW,636.0,2019,2,5,2,4,2019-05-02,UA,UA_CODESHARE,19977,UA,5699,,,,,OO,20304,OO,5699,11638,1163807,31638,FAT,"Fresno, CA",CA,6,California,91,11292,1129202,30325,DEN,"Denver, CO",CO,8,Colorado,82,640,-4.0,0.0,0.0,-1.0,0600-0659,23.0,659.0,948.0,17.0,1008,1005.0,-3.0,0.0,0.0,-1.0,1000-1059,0.0,,0.0,148.0,149.0,109.0,1.0,844.0,4,,,0.0,,0.0,,,,0,,,,,,,,,,,,,,,,,,,,,,,,,,,,,,,,,,,,,,,,,,,,,N,12.0,8.0,6.0,10.0,2.0,0.0,38.0,48.0,6,10,3.0,1.0,39.0,49.0,5,5,0,0.0,0.0,N937SW,N937SW-UA-0,39.0,50.0,10.0,49.0,60.0,,,0.0,39,49,0.0,0.0
N937WN,610.0,2019,2,5,2,4,2019-05-02,WN,WN,19393,WN,1412,,,,,WN,19393,WN,1412,10397,1039707,30397,ATL,"Atlanta, GA",GA,13,Georgia,34,10693,1069302,30693,BNA,"Nashville, TN",TN,47,Tennessee,54,615,-5.0,0.0,0.0,-1.0,0600-0659,11.0,621.0,559.0,4.0,615,603.0,-12.0,0.0,0.0,-1.0,0600-0659,0.0,,0.0,60.0,53.0,38.0,1.0,214.0,1,,,0.0,,0.0,,,,0,,,,,,,,,,,,,,,,,,,,,,,,,,,,,,,,,,,,,,,,,,,,,N,0.0,4.0,6.0,6.0,1.0,0.0,25.0,28.0,6,6,1.0,1.0,25.0,29.0,6,6,0,1.0,1.0,N937WN,N937WN-WN-0,25.0,37.0,3.0,28.0,40.0,,,0.0,25,28,0.0,0.0
N937WN,656.0,2019,2,5,2,4,2019-05-02,WN,WN,19393,WN,1412,,,,,WN,19393,WN,1412,10693,1069302,30693,BNA,"Nashville, TN",TN,47,Tennessee,54,14679,1467903,33570,SAN,"San Diego, CA",CA,6,California,91,655,1.0,1.0,0.0,0.0,0600-0659,10.0,706.0,910.0,4.0,920,914.0,-6.0,0.0,0.0,-1.0,0900-0959,0.0,,0.0,265.0,258.0,244.0,1.0,1751.0,8,,,0.0,,0.0,,,,0,,,,,,,,,,,,,,,,,,,,,,,,,,,,,,,,,,,,,,,,,,,,,N,4.0,12.0,6.0,9.0,4.0,1.0,32.0,49.0,6,9,4.0,1.0,32.0,49.0,6,6,1,1.0,0.0,N937WN,N937WN-WN-1,32.0,44.0,17.0,49.0,61.0,28.0,4.0,0.0,32,49,0.0,0.0
N937XJ,555.0,2019,2,5,2,4,2019-05-02,DL,DL_CODESHARE,19790,DL,5130,,,,,9E,20363,9E,5130,10685,1068502,30685,BMI,"Bloomington/Normal, IL",IL,17,Illinois,41,10397,1039707,30397,ATL,"Atlanta, GA",GA,13,Georgia,34,600,-5.0,0.0,0.0,-1.0,0600-0659,10.0,605.0,846.0,11.0,848,857.0,9.0,9.0,0.0,0.0,0800-0859,0.0,,0.0,108.0,122.0,101.0,1.0,533.0,3,,,0.0,,0.0,,,,0,,,,,,,,,,,,,,,,,,,,,,,,,,,,,,,,,,,,,,,,,,,,,N,4.0,0.0,5.0,8.0,4.0,4.0,28.0,36.0,6,8,0.0,3.0,28.0,35.0,1,1,0,1.0,1.0,N937XJ,N937XJ-DL-0,28.0,40.0,8.0,36.0,48.0,,,0.0,28,36,0.0,0.0
N937XJ,938.0,2019,2,5,2,4,2019-05-02,DL,DL_CODESHARE,19790,DL,5166,,,,,9E,20363,9E,5166,10397,1039707,30397,ATL,"Atlanta, GA",GA,13,Georgia,34,10874,1087402,30647,CAK,"Akron, OH",OH,39,Ohio,44,941,-3.0,0.0,0.0,-1.0,0900-0959,18.0,956.0,1116.0,5.0,1128,1121.0,-7.0,0.0,0.0,-1.0,1100-1159,0.0,,0.0,107.0,103.0,80.0,1.0,528.0,3,,,0.0,,0.0,,,,0,,,,,,,,,,,,,,,,,,,,,,,,,,,,,,,,,,,,,,,,,,,,,N,0.0,0.0,9.0,11.0,3.0,1.0,39.0,45.0,9,11,3.0,2.0,39.0,46.0,6,6,1,1.0,0.0,N937XJ,N937XJ-DL-1,39.0,51.0,6.0,45.0,57.0,36.0,3.0,0.0,39,45,0.0,0.0
N938AN,752.0,2019,2,5,2,4,2019-05-02,AA,AA,19805,AA,1575,,,,,AA,19805,AA,1575,11618,1161802,31703,EWR,"Newark, NJ",NJ,34,New Jersey,21,11057,1105703,31057,CLT,"Charlotte, NC",NC,37,North Carolina,36,801,-9.0,0.0,0.0,-1.0,0800-0859,24.0,816.0,937.0,10.0,1010,947.0,-23.0,0.0,0.0,-2.0,1000-1059,0.0,,0.0,129.0,115.0,81.0,1.0,529.0,3,,,0.0,,0.0,,,,0,,,,,,,,,,,,,,,,,,,,,,,,,,,,,,,,,,,,,,,,,,,,,N,0.0,0.0,7.0,9.0,3.0,3.0,31.0,39.0,8,10,0.0,1.0,32.0,41.0,8,8,0,0.0,0.0,N938AN,N938AN-AA-0,32.0,43.0,8.0,40.0,51.0,,,0.0,32,40,0.0,0.0
N938AT,614.0,2019,2,5,2,4,2019-05-02,DL,DL,19790,DL,2928,,,,,DL,19790,DL,2928,10785,1078502,30785,BTV,"Burlington, VT",VT,50,Vermont,16,10397,1039707,30397,ATL,"Atlanta, GA",GA,13,Georgia,34,615,-1.0,0.0,0.0,-1.0,0600-0659,12.0,626.0,849.0,9.0,859,858.0,-1.0,0.0,0.0,-1.0,0800-0859,0.0,,0.0,164.0,164.0,143.0,1.0,961.0,4,,,0.0,,0.0,,,,0,,,,,,,,,,,,,,,,,,,,,,,,,,,,,,,,,,,,,,,,,,,,,N,0.0,0.0,6.0,8.0,1.0,4.0,25.0,36.0,6,8,1.0,4.0,25.0,36.0,9,9,0,0.0,0.0,N938AT,N938AT-DL-0,25.0,37.0,11.0,36.0,48.0,,,0.0,25,36,0.0,0.0
N938FR,709.0,2019,2,5,2,4,2019-05-02,F9,F9,20436,F9,535,,,,,F9,20436,F9,535,11278,1127805,30852,DCA,"Washington, DC",VA,51,Virginia,38,11292,1129202,30325,DEN,"Denver, CO",CO,8,Colorado,82,700,9.0,9.0,0.0,0.0,0700-0759,27.0,736.0,925.0,7.0,903,932.0,29.0,29.0,1.0,1.0,0900-0959,0.0,,0.0,243.0,263.0,229.0,1.0,1476.0,6,0.0,0.0,29.0,0.0,0.0,,,,0,,,,,,,,,,,,,,,,,,,,,,,,,,,,,,,,,,,,,,,,,,,,,N,0.0,8.0,7.0,9.0,1.0,2.0,29.0,46.0,7,9,0.0,0.0,28.0,44.0,2,2,0,0.0,0.0,N938FR,N938FR-F9-0,28.0,41.0,17.0,45.0,58.0,,,2.0,30,48,3.0,8.36
N938NN,655.0,2019,2,5,2,4,2019-05-02,AA,AA,19805,AA,2438,,,,,AA,19805,AA,2438,11298,1129806,30194,DFW,"Dallas/Fort Worth, TX",TX,48,Texas,74,11292,1129202,30325,DEN,"Denver, CO",CO,8,Colorado,82,700,-5.0,0.0,0.0,-1.0,0700-0759,12.0,707.0,740.0,9.0,805,749.0,-16.0,0.0,0.0,-2.0,0800-0859,0.0,,0.0,125.0,114.0,93.0,1.0,641.0,3,,,0.0,,0.0,,,,0,,,,,,,,,,,,,,,,,,,,,,,,,,,,,,,,,,,,,,,,,,,,,N,4.0,8.0,6.0,7.0,4.0,3.0,32.0,39.0,7,8,0.0,0.0,32.0,40.0,6,6,0,0.0,0.0,N938NN,N938NN-AA-0,32.0,44.0,7.0,39.0,51.0,,,0.0,32,39,0.0,0.0
N938SW,955.0,2019,2,5,2,4,2019-05-02,UA,UA_CODESHARE,19977,UA,5147,,,,,OO,20304,OO,5147,14006,1400602,34006,PAH,"Paducah, KY",KY,21,Kentucky,52,13930,1393007,30977,ORD,"Chicago, IL",IL,17,Illinois,41,720,155.0,155.0,1.0,10.0,0700-0759,8.0,1003.0,1108.0,6.0,907,1114.0,127.0,127.0,1.0,8.0,0900-0959,0.0,,0.0,107.0,79.0,65.0,1.0,342.0,2,0.0,0.0,0.0,0.0,127.0,,,,0,,,,,,,,,,,,,,,,,,,,,,,,,,,,,,,,,,,,,,,,,,,,,N,4.0,4.0,9.0,11.0,4.0,1.0,44.0,49.0,7,9,1.0,0.0,33.0,40.0,2,2,0,0.0,0.0,N938SW,N938SW-UA-0,36.0,56.0,5.0,41.0,61.0,,,8.0,36,42,1.0,2.22
N938WN,838.0,2019,2,5,2,4,2019-05-02,WN,WN,19393,WN,1844,,,,,WN,19393,WN,1844,11278,1127805,30852,DCA,"Washington, DC",VA,51,Virginia,38,15016,1501606,31123,STL,"St. Louis, MO",MO,29,Missouri,64,840,-2.0,0.0,0.0,-1.0,0800-0859,18.0,856.0,942.0,5.0,955,947.0,-8.0,0.0,0.0,-1.0,0900-0959,0.0,,0.0,135.0,129.0,106.0,1.0,719.0,3,,,0.0,,0.0,,,,0,,,,,,,,,,,,,,,,,,,,,,,,,,,,,,,,,,,,,,,,,,,,,N,0.0,4.0,8.0,9.0,3.0,3.0,35.0,43.0,8,9,3.0,4.0,35.0,44.0,8,8,0,0.0,0.0,N938WN,N938WN-WN-0,35.0,47.0,8.0,43.0,55.0,,,0.0,35,43,0.0,0.0
N939AT,643.0,2019,2,5,2,4,2019-05-02,DL,DL,19790,DL,2621,,,,,DL,19790,DL,2621,11986,1198603,31986,GRR,"Grand Rapids, MI",MI,26,Michigan,43,11433,1143302,31295,DTW,"Detroit, MI",MI,26,Michigan,43,650,-7.0,0.0,0.0,-1.0,0600-0659,10.0,653.0,720.0,8.0,747,728.0,-19.0,0.0,0.0,-2.0,0700-0759,0.0,,0.0,57.0,45.0,27.0,1.0,120.0,1,,,0.0,,0.0,,,,0,,,,,,,,,,,,,,,,,,,,,,,,,,,,,,,,,,,,,,,,,,,,,N,0.0,0.0,6.0,7.0,3.0,2.0,27.0,30.0,6,7,3.0,3.0,27.0,31.0,2,2,0,1.0,1.0,N939AT,N939AT-DL-0,27.0,39.0,3.0,30.0,42.0,,,0.0,27,30,0.0,0.0
N939AT,838.0,2019,2,5,2,4,2019-05-02,DL,DL,19790,DL,1916,,,,,DL,19790,DL,1916,11433,1143302,31295,DTW,"Detroit, MI",MI,26,Michigan,43,11986,1198603,31986,GRR,"Grand Rapids, MI",MI,26,Michigan,43,845,-7.0,0.0,0.0,-1.0,0800-0859,21.0,859.0,928.0,4.0,940,932.0,-8.0,0.0,0.0,-1.0,0900-0959,0.0,,0.0,55.0,54.0,29.0,1.0,120.0,1,,,0.0,,0.0,,,,0,,,,,,,,,,,,,,,,,,,,,,,,,,,,,,,,,,,,,,,,,,,,,N,0.0,0.0,8.0,9.0,3.0,2.0,35.0,38.0,8,9,3.0,3.0,35.0,39.0,2,2,1,1.0,0.0,N939AT,N939AT-DL-1,35.0,47.0,3.0,38.0,50.0,30.0,5.0,0.0,35,38,0.0,0.0
N939FR,503.0,2019,2,5,2,4,2019-05-02,F9,F9,20436,F9,281,,,,,F9,20436,F9,281,15016,1501606,31123,STL,"St. Louis, MO",MO,29,Missouri,64,11292,1129202,30325,DEN,"Denver, CO",CO,8,Colorado,82,500,3.0,3.0,0.0,0.0,0001-0559,14.0,517.0,614.0,47.0,630,701.0,31.0,31.0,1.0,2.0,0600-0659,0.0,,0.0,150.0,178.0,117.0,1.0,770.0,4,0.0,3.0,28.0,0.0,0.0,,,,0,,,,,,,,,,,,,,,,,,,,,,,,,,,,,,,,,,,,,,,,,,,,,N,4.0,8.0,5.0,7.0,0.0,0.0,24.0,36.0,5,6,0.0,2.0,24.0,34.0,9,9,0,1.0,1.0,N939FR,N939FR-F9-0,24.0,36.0,12.0,36.0,48.0,,,2.0,24,36,0.0,0.0
N939FR,754.0,2019,2,5,2,4,2019-05-02,F9,F9,20436,F9,606,,,,,F9,20436,F9,606,11292,1129202,30325,DEN,"Denver, CO",CO,8,Colorado,82,12339,1233904,32337,IND,"Indianapolis, IN",IN,18,Indiana,42,715,39.0,39.0,1.0,2.0,0700-0759,14.0,808.0,1210.0,6.0,1143,1216.0,33.0,33.0,1.0,2.0,1100-1159,0.0,,0.0,148.0,142.0,122.0,1.0,977.0,4,7.0,0.0,0.0,0.0,26.0,,,,0,,,,,,,,,,,,,,,,,,,,,,,,,,,,,,,,,,,,,,,,,,,,,N,8.0,0.0,7.0,12.0,4.0,1.0,40.0,49.0,7,11,1.0,3.0,37.0,47.0,9,9,1,1.0,0.0,N939FR,N939FR-F9-1,38.0,52.0,9.0,47.0,61.0,36.0,4.0,2.0,38,47,0.0,0.0
N939NN,636.0,2019,2,5,2,4,2019-05-02,AA,AA,19805,AA,1189,,,,,AA,19805,AA,1189,15304,1530402,33195,TPA,"Tampa, FL",FL,12,Florida,33,11298,1129806,30194,DFW,"Dallas/Fort Worth, TX",TX,48,Texas,74,600,36.0,36.0,1.0,2.0,0600-0659,14.0,650.0,837.0,5.0,755,842.0,47.0,47.0,1.0,3.0,0700-0759,0.0,,0.0,175.0,186.0,167.0,1.0,929.0,4,36.0,0.0,11.0,0.0,0.0,,,,0,,,,,,,,,,,,,,,,,,,,,,,,,,,,,,,,,,,,,,,,,,,,,N,0.0,4.0,6.0,8.0,2.0,3.0,26.0,39.0,6,7,0.0,4.0,24.0,36.0,8,8,0,1.0,1.0,N939NN,N939NN-AA-0,25.0,38.0,13.0,38.0,51.0,,,1.0,25,38,0.0,0.0
N939NN,946.0,2019,2,5,2,4,2019-05-02,AA,AA,19805,AA,1497,,,,,AA,19805,AA,1497,11298,1129806,30194,DFW,"Dallas/Fort Worth, TX",TX,48,Texas,74,10721,1072102,30721,BOS,"Boston, MA",MA,25,Massachusetts,13,850,56.0,56.0,1.0,3.0,0800-0859,18.0,1004.0,1417.0,9.0,1328,1426.0,58.0,58.0,1.0,3.0,1300-1359,0.0,,0.0,218.0,220.0,193.0,1.0,1562.0,7,14.0,0.0,2.0,0.0,42.0,,,,0,,,,,,,,,,,,,,,,,,,,,,,,,,,,,,,,,,,,,,,,,,,,,N,4.0,0.0,9.0,14.0,3.0,2.0,43.0,58.0,8,13,3.0,2.0,39.0,54.0,7,7,1,1.0,0.0,N939NN,N939NN-AA-1,40.0,55.0,15.0,55.0,70.0,39.0,4.0,3.0,40,55,0.0,0.0
N939SW,652.0,2019,2,5,2,4,2019-05-02,UA,UA_CODESHARE,19977,UA,5257,,,,,OO,20304,OO,5257,12992,1299206,32600,LIT,"Little Rock, AR",AR,5,Arkansas,71,11292,1129202,30325,DEN,"Denver, CO",CO,8,Colorado,82,700,-8.0,0.0,0.0,-1.0,0700-0759,18.0,710.0,802.0,17.0,834,819.0,-15.0,0.0,0.0,-1.0,0800-0859,0.0,,0.0,154.0,147.0,112.0,1.0,771.0,4,,,0.0,,0.0,,,,0,,,,,,,,,,,,,,,,,,,,,,,,,,,,,,,,,,,,,,,,,,,,,N,4.0,8.0,6.0,8.0,3.0,1.0,31.0,41.0,7,8,0.0,2.0,32.0,42.0,1,1,0,0.0,0.0,N939SW,N939SW-UA-0,32.0,43.0,10.0,42.0,53.0,,,0.0,32,42,0.0,0.0
N939WN,617.0,2019,2,5,2,4,2019-05-02,WN,WN,19393,WN,863,,,,,WN,19393,WN,863,12889,1288903,32211,LAS,"Las Vegas, NV",NV,32,Nevada,85,10800,1080003,32575,BUR,"Burbank, CA",CA,6,California,91,620,-3.0,0.0,0.0,-1.0,0600-0659,10.0,627.0,711.0,2.0,725,713.0,-12.0,0.0,0.0,-1.0,0700-0759,0.0,,0.0,65.0,56.0,44.0,1.0,223.0,1,,,0.0,,0.0,,,,0,,,,,,,,,,,,,,,,,,,,,,,,,,,,,,,,,,,,,,,,,,,,,N,12.0,12.0,6.0,7.0,1.0,1.0,37.0,41.0,6,7,1.0,2.0,37.0,42.0,6,6,0,0.0,0.0,N939WN,N939WN-WN-0,37.0,49.0,4.0,41.0,53.0,,,0.0,37,41,0.0,0.0
N940AN,846.0,2019,2,5,2,4,2019-05-02,AA,AA,19805,AA,41,,,,,AA,19805,AA,41,13930,1393007,30977,ORD,"Chicago, IL",IL,17,Illinois,41,11618,1161802,31703,EWR,"Newark, NJ",NJ,34,New Jersey,21,850,-4.0,0.0,0.0,-1.0,0800-0859,33.0,919.0,1149.0,3.0,1158,1152.0,-6.0,0.0,0.0,-1.0,1100-1159,0.0,,0.0,128.0,126.0,90.0,1.0,719.0,3,,,0.0,,0.0,,,,0,,,,,,,,,,,,,,,,,,,,,,,,,,,,,,,,,,,,,,,,,,,,,N,4.0,0.0,8.0,11.0,3.0,3.0,39.0,47.0,8,11,3.0,4.0,39.0,48.0,1,1,0,0.0,0.0,N940AN,N940AN-AA-0,39.0,51.0,8.0,47.0,59.0,,,0.0,44,52,5.0,11.04
N940AT,628.0,2019,2,5,2,4,2019-05-02,DL,DL,19790,DL,2983,,,,,DL,19790,DL,2983,10721,1072102,30721,BOS,"Boston, MA",MA,25,Massachusetts,13,12953,1295304,31703,LGA,"New York, NY",NY,36,New York,22,630,-2.0,0.0,0.0,-1.0,0600-0659,18.0,646.0,735.0,9.0,759,744.0,-15.0,0.0,0.0,-1.0,0700-0759,0.0,,0.0,89.0,76.0,49.0,1.0,184.0,1,,,0.0,,0.0,,,,0,,,,,,,,,,,,,,,,,,,,,,,,,,,,,,,,,,,,,,,,,,,,,N,0.0,0.0,6.0,7.0,2.0,3.0,26.0,31.0,6,7,2.0,4.0,26.0,32.0,4,4,0,1.0,1.0,N940AT,N940AT-DL-0,26.0,38.0,5.0,31.0,43.0,,,0.0,26,31,0.0,0.0
N940AT,904.0,2019,2,5,2,4,2019-05-02,DL,DL,19790,DL,1709,,,,,DL,19790,DL,1709,12953,1295304,31703,LGA,"New York, NY",NY,36,New York,22,13930,1393007,30977,ORD,"Chicago, IL",IL,17,Illinois,41,910,-6.0,0.0,0.0,-1.0,0900-0959,33.0,937.0,1034.0,14.0,1104,1048.0,-16.0,0.0,0.0,-2.0,1100-1159,0.0,,0.0,174.0,164.0,117.0,1.0,733.0,3,,,0.0,,0.0,,,,0,,,,,,,,,,,,,,,,,,,,,,,,,,,,,,,,,,,,,,,,,,,,,N,0.0,4.0,9.0,10.0,0.0,3.0,36.0,47.0,9,11,1.0,0.0,37.0,48.0,2,2,1,1.0,0.0,N940AT,N940AT-DL-1,37.0,48.0,11.0,48.0,59.0,31.0,5.0,0.0,46,59,11.0,50.06
N940NN,626.0,2019,2,5,2,4,2019-05-02,AA,AA,19805,AA,2425,,,,,AA,19805,AA,2425,14262,1426204,34262,PSP,"Palm Springs, CA",CA,6,California,91,11298,1129806,30194,DFW,"Dallas/Fort Worth, TX",TX,48,Texas,74,630,-4.0,0.0,0.0,-1.0,0600-0659,17.0,643.0,1102.0,19.0,1119,1121.0,2.0,2.0,0.0,0.0,1100-1159,0.0,,0.0,169.0,175.0,139.0,1.0,1126.0,5,,,0.0,,0.0,,,,0,,,,,,,,,,,,,,,,,,,,,,,,,,,,,,,,,,,,,,,,,,,,,N,12.0,4.0,6.0,11.0,2.0,1.0,38.0,49.0,6,11,2.0,1.0,38.0,49.0,2,2,0,0.0,0.0,N940NN,N940NN-AA-0,38.0,50.0,11.0,49.0,61.0,,,0.0,38,49,0.0,0.0
N940WN,824.0,2019,2,5,2,4,2019-05-02,WN,WN,19393,WN,1902,,,,,WN,19393,WN,1902,15016,1501606,31123,STL,"St. Louis, MO",MO,29,Missouri,64,12953,1295304,31703,LGA,"New York, NY",NY,36,New York,22,820,4.0,4.0,0.0,0.0,0800-0859,12.0,836.0,1127.0,8.0,1145,1135.0,-10.0,0.0,0.0,-1.0,1100-1159,0.0,,0.0,145.0,131.0,111.0,1.0,888.0,4,,,0.0,,0.0,,,,0,,,,,,,,,,,,,,,,,,,,,,,,,,,,,,,,,,,,,,,,,,,,,N,4.0,0.0,8.0,11.0,2.0,2.0,38.0,46.0,8,11,1.0,3.0,37.0,47.0,4,4,0,0.0,0.0,N940WN,N940WN-WN-0,38.0,50.0,8.0,46.0,58.0,,,0.0,38,50,4.0,20.06
N941AN,452.0,2019,2,5,2,4,2019-05-02,AA,AA,19805,AA,767,,,,,AA,19805,AA,767,13930,1393007,30977,ORD,"Chicago, IL",IL,17,Illinois,41,14100,1410005,34100,PHL,"Philadelphia, PA",PA,42,Pennsylvania,23,500,-8.0,0.0,0.0,-1.0,0001-0559,16.0,508.0,746.0,13.0,757,759.0,2.0,2.0,0.0,0.0,0700-0759,0.0,,0.0,117.0,127.0,98.0,1.0,678.0,3,,,0.0,,0.0,,,,0,,,,,,,,,,,,,,,,,,,,,,,,,,,,,,,,,,,,,,,,,,,,,N,4.0,0.0,4.0,7.0,3.0,4.0,23.0,32.0,5,7,0.0,4.0,24.0,32.0,4,4,0,1.0,1.0,N941AN,N941AN-AA-0,24.0,35.0,9.0,33.0,44.0,,,0.0,24,33,0.0,0.0
N941AN,852.0,2019,2,5,2,4,2019-05-02,AA,AA,19805,AA,474,,,,,AA,19805,AA,474,14100,1410005,34100,PHL,"Philadelphia, PA",PA,42,Pennsylvania,23,14107,1410702,30466,PHX,"Phoenix, AZ",AZ,4,Arizona,81,855,-3.0,0.0,0.0,-1.0,0800-0859,20.0,912.0,1120.0,10.0,1128,1130.0,2.0,2.0,0.0,0.0,1100-1159,0.0,,0.0,333.0,338.0,308.0,1.0,2075.0,9,,,0.0,,0.0,,,,0,,,,,,,,,,,,,,,,,,,,,,,,,,,,,,,,,,,,,,,,,,,,,N,0.0,8.0,8.0,11.0,3.0,2.0,35.0,54.0,8,11,4.0,2.0,36.0,54.0,9,9,1,1.0,0.0,N941AN,N941AN-AA-1,36.0,47.0,19.0,55.0,66.0,32.0,3.0,0.0,36,55,0.0,0.0
N941FR,512.0,2019,2,5,2,4,2019-05-02,F9,F9,20436,F9,435,,,,,F9,20436,F9,435,13342,1334207,33342,MKE,"Milwaukee, WI",WI,55,Wisconsin,45,11292,1129202,30325,DEN,"Denver, CO",CO,8,Colorado,82,510,2.0,2.0,0.0,0.0,0001-0559,11.0,523.0,646.0,8.0,655,654.0,-1.0,0.0,0.0,-1.0,0600-0659,0.0,,0.0,165.0,162.0,143.0,1.0,896.0,4,,,0.0,,0.0,,,,0,,,,,,,,,,,,,,,,,,,,,,,,,,,,,,,,,,,,,,,,,,,,,N,4.0,8.0,5.0,6.0,1.0,4.0,25.0,36.0,5,6,1.0,4.0,25.0,36.0,7,7,0,1.0,1.0,N941FR,N941FR-F9-0,25.0,37.0,11.0,36.0,48.0,,,0.0,25,36,0.0,0.0
N941FR,743.0,2019,2,5,2,4,2019-05-02,F9,F9,20436,F9,182,,,,,F9,20436,F9,182,11292,1129202,30325,DEN,"Denver, CO",CO,8,Colorado,82,13871,1387102,33316,OMA,"Omaha, NE",NE,31,Nebraska,65,743,0.0,0.0,0.0,0.0,0700-0759,13.0,756.0,956.0,5.0,1012,1001.0,-11.0,0.0,0.0,-1.0,1000-1059,0.0,,0.0,89.0,78.0,60.0,1.0,472.0,2,,,0.0,,0.0,,,,0,,,,,,,,,,,,,,,,,,,,,,,,,,,,,,,,,,,,,,,,,,,,,N,8.0,4.0,7.0,10.0,3.0,0.0,39.0,44.0,7,10,3.0,1.0,39.0,45.0,1,1,1,1.0,0.0,N941FR,N941FR-F9-1,39.0,51.0,5.0,44.0,56.0,36.0,3.0,0.0,39,44,0.0,0.0
N941LT,912.0,2019,2,5,2,4,2019-05-02,AA,AA_CODESHARE,19805,AA,3699,,,,,MQ,20398,MQ,3699,12884,1288403,32884,LAN,"Lansing, MI",MI,26,Michigan,43,13930,1393007,30977,ORD,"Chicago, IL",IL,17,Illinois,41,902,10.0,10.0,0.0,0.0,0900-0959,14.0,926.0,911.0,18.0,915,929.0,14.0,14.0,0.0,0.0,0900-0959,0.0,,0.0,73.0,77.0,45.0,1.0,179.0,1,,,0.0,,0.0,,,,0,,,,,,,,,,,,,,,,,,,,,,,,,,,,,,,,,,,,,,,,,,,,,N,0.0,4.0,9.0,9.0,1.0,2.0,37.0,42.0,9,9,0.0,1.0,36.0,41.0,4,4,0,0.0,0.0,N941LT,N941LT-AA-0,37.0,49.0,5.0,42.0,54.0,,,0.0,37,42,0.0,0.0
N941NN,723.0,2019,2,5,2,4,2019-05-02,AA,AA,19805,AA,1040,,,,,AA,19805,AA,1040,13487,1348702,31650,MSP,"Minneapolis, MN",MN,27,Minnesota,63,14107,1410702,30466,PHX,"Phoenix, AZ",AZ,4,Arizona,81,730,-7.0,0.0,0.0,-1.0,0700-0759,15.0,738.0,846.0,28.0,905,914.0,9.0,9.0,0.0,0.0,0900-0959,0.0,,0.0,215.0,231.0,188.0,1.0,1276.0,6,,,0.0,,0.0,,,,0,,,,,,,,,,,,,,,,,,,,,,,,,,,,,,,,,,,,,,,,,,,,,N,4.0,8.0,7.0,9.0,2.0,1.0,34.0,45.0,7,9,2.0,0.0,34.0,44.0,6,6,0,0.0,0.0,N941NN,N941NN-AA-0,34.0,46.0,11.0,45.0,57.0,,,0.0,34,45,0.0,0.0
N941SW,731.0,2019,2,5,2,4,2019-05-02,UA,UA_CODESHARE,19977,UA,5517,,,,,OO,20304,OO,5517,11109,1110902,30189,COS,"Colorado Springs, CO",CO,8,Colorado,82,11292,1129202,30325,DEN,"Denver, CO",CO,8,Colorado,82,740,-9.0,0.0,0.0,-1.0,0700-0759,20.0,751.0,818.0,9.0,839,827.0,-12.0,0.0,0.0,-1.0,0800-0859,0.0,,0.0,59.0,56.0,27.0,1.0,73.0,1,,,0.0,,0.0,,,,0,,,,,,,,,,,,,,,,,,,,,,,,,,,,,,,,,,,,,,,,,,,,,N,8.0,8.0,7.0,8.0,2.0,2.0,38.0,42.0,7,8,3.0,3.0,39.0,43.0,2,2,0,0.0,0.0,N941SW,N941SW-UA-0,39.0,50.0,4.0,43.0,54.0,,,0.0,39,43,0.0,0.0
N941WN,518.0,2019,2,5,2,4,2019-05-02,WN,WN,19393,WN,311,,,,,WN,19393,WN,311,12892,1289208,32575,LAX,"Los Angeles, CA",CA,6,California,91,11259,1125904,30194,DAL,"Dallas, TX",TX,48,Texas,74,520,-2.0,0.0,0.0,-1.0,0001-0559,7.0,525.0,959.0,3.0,1015,1002.0,-13.0,0.0,0.0,-1.0,1000-1059,0.0,,0.0,175.0,164.0,154.0,1.0,1246.0,5,,,0.0,,0.0,,,,0,,,,,,,,,,,,,,,,,,,,,,,,,,,,,,,,,,,,,,,,,,,,,N,12.0,4.0,5.0,10.0,1.0,0.0,33.0,44.0,5,10,1.0,1.0,33.0,45.0,3,3,0,0.0,0.0,N941WN,N941WN-WN-0,33.0,45.0,11.0,44.0,56.0,,,0.0,33,44,0.0,0.0
N942AN,702.0,2019,2,5,2,4,2019-05-02,AA,AA,19805,AA,396,,,,,AA,19805,AA,396,13930,1393007,30977,ORD,"Chicago, IL",IL,17,Illinois,41,13487,1348702,31650,MSP,"Minneapolis, MN",MN,27,Minnesota,63,710,-8.0,0.0,0.0,-1.0,0700-0759,30.0,732.0,829.0,4.0,835,833.0,-2.0,0.0,0.0,-1.0,0800-0859,0.0,,0.0,85.0,91.0,57.0,1.0,334.0,2,,,0.0,,0.0,,,,0,,,,,,,,,,,,,,,,,,,,,,,,,,,,,,,,,,,,,,,,,,,,,N,4.0,4.0,7.0,8.0,0.0,2.0,32.0,38.0,7,8,1.0,2.0,33.0,38.0,3,3,0,0.0,0.0,N942AN,N942AN-AA-0,33.0,44.0,6.0,39.0,50.0,,,0.0,35,41,2.0,6.7
N942AT,556.0,2019,2,5,2,4,2019-05-02,DL,DL,19790,DL,1580,,,,,DL,19790,DL,1580,12951,1295106,32951,LFT,"Lafayette, LA",LA,22,Louisiana,72,10397,1039707,30397,ATL,"Atlanta, GA",GA,13,Georgia,34,600,-4.0,0.0,0.0,-1.0,0600-0659,16.0,612.0,823.0,12.0,843,835.0,-8.0,0.0,0.0,-1.0,0800-0859,0.0,,0.0,103.0,99.0,71.0,1.0,503.0,3,,,0.0,,0.0,,,,0,,,,,,,,,,,,,,,,,,,,,,,,,,,,,,,,,,,,,,,,,,,,,N,4.0,0.0,5.0,8.0,4.0,2.0,28.0,34.0,6,8,0.0,3.0,28.0,35.0,8,8,0,1.0,1.0,N942AT,N942AT-DL-0,28.0,40.0,6.0,34.0,46.0,,,0.0,28,34,0.0,0.0
N942AT,937.0,2019,2,5,2,4,2019-05-02,DL,DL,19790,DL,1235,,,,,DL,19790,DL,1235,10397,1039707,30397,ATL,"Atlanta, GA",GA,13,Georgia,34,13230,1323002,32070,MDT,"Harrisburg, PA",PA,42,Pennsylvania,23,940,-3.0,0.0,0.0,-1.0,0900-0959,9.0,946.0,1116.0,3.0,1132,1119.0,-13.0,0.0,0.0,-1.0,1100-1159,0.0,,0.0,112.0,102.0,90.0,1.0,620.0,3,,,0.0,,0.0,,,,0,,,,,,,,,,,,,,,,,,,,,,,,,,,,,,,,,,,,,,,,,,,,,N,0.0,0.0,9.0,11.0,2.0,1.0,38.0,45.0,9,11,3.0,2.0,39.0,46.0,8,8,1,1.0,0.0,N942AT,N942AT-DL-1,39.0,50.0,7.0,46.0,57.0,34.0,4.0,0.0,39,46,0.0,0.0
N942JB,817.0,2019,2,5,2,4,2019-05-02,B6,B6,20409,B6,487,,,,,B6,20409,B6,487,10721,1072102,30721,BOS,"Boston, MA",MA,25,Massachusetts,13,12892,1289208,32575,LAX,"Los Angeles, CA",CA,6,California,91,823,-6.0,0.0,0.0,-1.0,0800-0859,11.0,828.0,1136.0,6.0,1148,1142.0,-6.0,0.0,0.0,-1.0,1100-1159,0.0,,0.0,385.0,385.0,368.0,1.0,2611.0,11,,,0.0,,0.0,,,,0,,,,,,,,,,,,,,,,,,,,,,,,,,,,,,,,,,,,,,,,,,,,,N,0.0,12.0,8.0,11.0,1.0,3.0,33.0,59.0,8,11,2.0,3.0,34.0,59.0,2,2,0,0.0,0.0,N942JB,N942JB-B6-0,34.0,45.0,26.0,60.0,71.0,,,0.0,34,60,0.0,0.0
N942LL,607.0,2019,2,5,2,4,2019-05-02,AA,AA_CODESHARE,19805,AA,3530,,,,,MQ,20398,MQ,3530,11042,1104205,30647,CLE,"Cleveland, OH",OH,39,Ohio,44,13303,1330303,32467,MIA,"Miami, FL",FL,12,Florida,33,556,11.0,11.0,0.0,0.0,0001-0559,14.0,621.0,858.0,5.0,900,903.0,3.0,3.0,0.0,0.0,0900-0959,0.0,,0.0,184.0,176.0,157.0,1.0,1080.0,5,,,0.0,,0.0,,,,0,,,,,,,,,,,,,,,,,,,,,,,,,,,,,,,,,,,,,,,,,,,,,N,0.0,0.0,6.0,9.0,0.0,0.0,24.0,36.0,5,9,4.0,0.0,24.0,36.0,8,8,0,0.0,0.0,N942LL,N942LL-AA-0,24.0,36.0,12.0,36.0,48.0,,,0.0,24,36,0.0,0.0
N942NN,705.0,2019,2,5,2,4,2019-05-02,AA,AA,19805,AA,1313,,,,,AA,19805,AA,1313,13930,1393007,30977,ORD,"Chicago, IL",IL,17,Illinois,41,14635,1463502,31714,RSW,"Fort Myers, FL",FL,12,Florida,33,715,-10.0,0.0,0.0,-1.0,0700-0759,26.0,731.0,1058.0,6.0,1105,1104.0,-1.0,0.0,0.0,-1.0,1100-1159,0.0,,0.0,170.0,179.0,147.0,1.0,1120.0,5,,,0.0,,0.0,,,,0,,,,,,,,,,,,,,,,,,,,,,,,,,,,,,,,,,,,,,,,,,,,,N,4.0,0.0,7.0,11.0,0.0,0.0,32.0,44.0,7,11,1.0,0.0,33.0,44.0,2,2,0,0.0,0.0,N942NN,N942NN-AA-0,33.0,44.0,12.0,45.0,56.0,,,0.0,35,47,2.0,5.0
N942WN,547.0,2019,2,5,2,4,2019-05-02,WN,WN,19393,WN,1070,,,,,WN,19393,WN,1070,12892,1289208,32575,LAX,"Los Angeles, CA",CA,6,California,91,14771,1477104,32457,SFO,"San Francisco, CA",CA,6,California,91,550,-3.0,0.0,0.0,-1.0,0001-0559,16.0,603.0,656.0,6.0,720,702.0,-18.0,0.0,0.0,-2.0,0700-0759,0.0,,0.0,90.0,75.0,53.0,1.0,337.0,2,,,0.0,,0.0,,,,0,,,,,,,,,,,,,,,,,,,,,,,,,,,,,,,,,,,,,,,,,,,,,N,12.0,12.0,5.0,7.0,3.0,0.0,35.0,40.0,5,7,3.0,1.0,35.0,41.0,2,2,0,0.0,0.0,N942WN,N942WN-WN-0,35.0,47.0,5.0,40.0,52.0,,,0.0,35,40,0.0,0.0
N943AT,558.0,2019,2,5,2,4,2019-05-02,DL,DL,19790,DL,823,,,,,DL,19790,DL,823,11057,1105703,31057,CLT,"Charlotte, NC",NC,37,North Carolina,36,10397,1039707,30397,ATL,"Atlanta, GA",GA,13,Georgia,34,600,-2.0,0.0,0.0,-1.0,0600-0659,19.0,617.0,659.0,6.0,712,705.0,-7.0,0.0,0.0,-1.0,0700-0759,0.0,,0.0,72.0,67.0,42.0,1.0,226.0,1,,,0.0,,0.0,,,,0,,,,,,,,,,,,,,,,,,,,,,,,,,,,,,,,,,,,,,,,,,,,,N,0.0,0.0,5.0,7.0,4.0,0.0,24.0,28.0,6,7,0.0,1.0,24.0,29.0,8,8,0,1.0,1.0,N943AT,N943AT-DL-0,24.0,36.0,4.0,28.0,40.0,,,0.0,24,28,0.0,0.0
N943AT,808.0,2019,2,5,2,4,2019-05-02,DL,DL,19790,DL,1147,,,,,DL,19790,DL,1147,10397,1039707,30397,ATL,"Atlanta, GA",GA,13,Georgia,34,13851,1385103,33851,OKC,"Oklahoma City, OK",OK,40,Oklahoma,73,811,-3.0,0.0,0.0,-1.0,0800-0859,8.0,816.0,903.0,3.0,920,906.0,-14.0,0.0,0.0,-1.0,0900-0959,0.0,,0.0,129.0,118.0,107.0,1.0,761.0,4,,,0.0,,0.0,,,,0,,,,,,,,,,,,,,,,,,,,,,,,,,,,,,,,,,,,,,,,,,,,,N,0.0,4.0,8.0,9.0,1.0,0.0,33.0,40.0,8,9,1.0,1.0,33.0,41.0,4,4,1,1.0,0.0,N943AT,N943AT-DL-1,33.0,45.0,7.0,40.0,52.0,28.0,5.0,0.0,33,40,0.0,0.0
N943FR,559.0,2019,2,5,2,4,2019-05-02,F9,F9,20436,F9,174,,,,,F9,20436,F9,174,11292,1129202,30325,DEN,"Denver, CO",CO,8,Colorado,82,10685,1068502,30685,BMI,"Bloomington/Normal, IL",IL,17,Illinois,41,600,-1.0,0.0,0.0,-1.0,0600-0659,16.0,615.0,855.0,8.0,912,903.0,-9.0,0.0,0.0,-1.0,0900-0959,0.0,,0.0,132.0,124.0,100.0,1.0,834.0,4,,,0.0,,0.0,,,,0,,,,,,,,,,,,,,,,,,,,,,,,,,,,,,,,,,,,,,,,,,,,,N,8.0,4.0,5.0,9.0,4.0,0.0,32.0,40.0,6,9,0.0,1.0,32.0,41.0,1,1,0,0.0,0.0,N943FR,N943FR-F9-0,32.0,44.0,8.0,40.0,52.0,,,0.0,32,40,0.0,0.0
N943JT,839.0,2019,2,5,2,4,2019-05-02,B6,B6,20409,B6,323,,,,,B6,20409,B6,323,12478,1247805,31703,JFK,"New York, NY",NY,36,New York,22,12892,1289208,32575,LAX,"Los Angeles, CA",CA,6,California,91,842,-3.0,0.0,0.0,-1.0,0800-0859,39.0,918.0,1211.0,5.0,1205,1216.0,11.0,11.0,0.0,0.0,1200-1259,0.0,,0.0,383.0,397.0,353.0,1.0,2475.0,10,,,0.0,,0.0,,,,0,,,,,,,,,,,,,,,,,,,,,,,,,,,,,,,,,,,,,,,,,,,,,N,0.0,12.0,8.0,12.0,3.0,1.0,35.0,61.0,8,12,3.0,0.0,35.0,60.0,4,4,0,0.0,0.0,N943JT,N943JT-B6-0,35.0,47.0,26.0,61.0,73.0,,,0.0,35,61,0.0,0.0
N943NN,648.0,2019,2,5,2,4,2019-05-02,AA,AA,19805,AA,2510,,,,,AA,19805,AA,2510,12953,1295304,31703,LGA,"New York, NY",NY,36,New York,22,13303,1330303,32467,MIA,"Miami, FL",FL,12,Florida,33,650,-2.0,0.0,0.0,-1.0,0600-0659,10.0,658.0,936.0,7.0,1003,943.0,-20.0,0.0,0.0,-2.0,1000-1059,0.0,,0.0,193.0,175.0,158.0,1.0,1096.0,5,,,0.0,,0.0,,,,0,,,,,,,,,,,,,,,,,,,,,,,,,,,,,,,,,,,,,,,,,,,,,N,0.0,0.0,6.0,9.0,3.0,3.0,27.0,39.0,6,10,3.0,0.0,27.0,40.0,2,2,0,0.0,0.0,N943NN,N943NN-AA-0,27.0,39.0,12.0,39.0,51.0,,,0.0,27,39,0.0,0.0
N943SW,535.0,2019,2,5,2,4,2019-05-02,UA,UA_CODESHARE,19977,UA,5036,,,,,OO,20304,OO,5036,11865,1186502,31865,GCC,"Gillette, WY",WY,56,Wyoming,88,11292,1129202,30325,DEN,"Denver, CO",CO,8,Colorado,82,545,-10.0,0.0,0.0,-1.0,0001-0559,26.0,601.0,654.0,8.0,712,702.0,-10.0,0.0,0.0,-1.0,0700-0759,0.0,,0.0,87.0,87.0,53.0,1.0,313.0,2,,,0.0,,0.0,,,,0,,,,,,,,,,,,,,,,,,,,,,,,,,,,,,,,,,,,,,,,,,,,,N,8.0,8.0,5.0,7.0,2.0,0.0,30.0,36.0,5,7,3.0,1.0,31.0,37.0,8,8,0,0.0,0.0,N943SW,N943SW-UA-0,31.0,42.0,6.0,37.0,48.0,,,0.0,31,37,0.0,0.0
N943WN,535.0,2019,2,5,2,4,2019-05-02,WN,WN,19393,WN,6397,,,,,WN,19393,WN,6397,13296,1329604,30721,MHT,"Manchester, NH",NH,33,New Hampshire,14,10821,1082106,30852,BWI,"Baltimore, MD",MD,24,Maryland,35,540,-5.0,0.0,0.0,-1.0,0001-0559,11.0,546.0,655.0,3.0,710,658.0,-12.0,0.0,0.0,-1.0,0700-0759,0.0,,0.0,90.0,83.0,69.0,1.0,377.0,2,,,0.0,,0.0,,,,0,,,,,,,,,,,,,,,,,,,,,,,,,,,,,,,,,,,,,,,,,,,,,N,0.0,0.0,5.0,6.0,2.0,4.0,22.0,28.0,5,7,3.0,1.0,23.0,29.0,6,6,0,1.0,1.0,N943WN,N943WN-WN-0,23.0,34.0,6.0,29.0,40.0,,,0.0,23,29,0.0,0.0
N943WN,820.0,2019,2,5,2,4,2019-05-02,WN,WN,19393,WN,942,,,,,WN,19393,WN,942,10821,1082106,30852,BWI,"Baltimore, MD",MD,24,Maryland,35,14635,1463502,31714,RSW,"Fort Myers, FL",FL,12,Florida,33,825,-5.0,0.0,0.0,-1.0,0800-0859,14.0,834.0,1050.0,4.0,1110,1054.0,-16.0,0.0,0.0,-2.0,1100-1159,0.0,,0.0,165.0,154.0,136.0,1.0,919.0,4,,,0.0,,0.0,,,,0,,,,,,,,,,,,,,,,,,,,,,,,,,,,,,,,,,,,,,,,,,,,,N,0.0,0.0,8.0,10.0,1.0,4.0,33.0,44.0,8,11,2.0,1.0,34.0,45.0,4,4,1,1.0,0.0,N943WN,N943WN-WN-1,34.0,45.0,11.0,45.0,56.0,28.0,5.0,0.0,34,45,0.0,0.0
N944AN,700.0,2019,2,5,2,4,2019-05-02,AA,AA,19805,AA,1093,,,,,AA,19805,AA,1093,12451,1245102,31136,JAX,"Jacksonville, FL",FL,12,Florida,33,13930,1393007,30977,ORD,"Chicago, IL",IL,17,Illinois,41,708,-8.0,0.0,0.0,-1.0,0700-0759,10.0,710.0,820.0,15.0,900,835.0,-25.0,0.0,0.0,-2.0,0900-0959,0.0,,0.0,172.0,155.0,130.0,1.0,864.0,4,,,0.0,,0.0,,,,0,,,,,,,,,,,,,,,,,,,,,,,,,,,,,,,,,,,,,,,,,,,,,N,0.0,4.0,7.0,8.0,0.0,2.0,28.0,38.0,7,9,1.0,0.0,29.0,40.0,6,6,0,0.0,0.0,N944AN,N944AN-AA-0,29.0,40.0,10.0,39.0,50.0,,,0.0,29,39,0.0,0.0
N944AT,619.0,2019,2,5,2,4,2019-05-02,DL,DL,19790,DL,1582,,,,,DL,19790,DL,1582,13487,1348702,31650,MSP,"Minneapolis, MN",MN,27,Minnesota,63,11433,1143302,31295,DTW,"Detroit, MI",MI,26,Michigan,43,625,-6.0,0.0,0.0,-1.0,0600-0659,11.0,630.0,845.0,9.0,906,854.0,-12.0,0.0,0.0,-1.0,0900-0959,0.0,,0.0,101.0,95.0,75.0,1.0,528.0,3,,,0.0,,0.0,,,,0,,,,,,,,,,,,,,,,,,,,,,,,,,,,,,,,,,,,,,,,,,,,,N,4.0,0.0,6.0,8.0,1.0,4.0,29.0,36.0,6,9,2.0,0.0,30.0,36.0,3,3,0,0.0,0.0,N944AT,N944AT-DL-0,30.0,41.0,7.0,37.0,48.0,,,0.0,30,37,0.0,0.0
N944LR,553.0,2019,2,5,2,4,2019-05-02,AA,AA_CODESHARE,19805,AA,5865,,,,,YV,20378,YV,5865,15376,1537604,30436,TUS,"Tucson, AZ",AZ,4,Arizona,81,14107,1410702,30466,PHX,"Phoenix, AZ",AZ,4,Arizona,81,555,-2.0,0.0,0.0,-1.0,0001-0559,27.0,620.0,648.0,16.0,648,704.0,16.0,16.0,1.0,1.0,0600-0659,0.0,,0.0,53.0,71.0,28.0,1.0,110.0,1,0.0,0.0,16.0,0.0,0.0,,,,0,,,,,,,,,,,,,,,,,,,,,,,,,,,,,,,,,,,,,,,,,,,,,N,8.0,8.0,5.0,7.0,4.0,0.0,32.0,36.0,5,6,4.0,3.0,32.0,35.0,8,8,0,1.0,1.0,N944LR,N944LR-AA-0,32.0,44.0,4.0,36.0,48.0,,,1.0,32,36,0.0,0.0
N944LR,739.0,2019,2,5,2,4,2019-05-02,AA,AA_CODESHARE,19805,AA,5736,,,,,YV,20378,YV,5736,14107,1410702,30466,PHX,"Phoenix, AZ",AZ,4,Arizona,81,12954,1295407,32575,LGB,"Long Beach, CA",CA,6,California,91,739,0.0,0.0,0.0,0.0,0700-0759,27.0,806.0,907.0,3.0,906,910.0,4.0,4.0,0.0,0.0,0900-0959,0.0,,0.0,87.0,91.0,61.0,1.0,355.0,2,,,0.0,,0.0,,,,0,,,,,,,,,,,,,,,,,,,,,,,,,,,,,,,,,,,,,,,,,,,,,N,8.0,12.0,7.0,9.0,3.0,1.0,39.0,49.0,7,9,3.0,0.0,39.0,48.0,1,1,1,1.0,0.0,N944LR,N944LR-AA-1,39.0,51.0,10.0,49.0,61.0,36.0,3.0,0.0,39,49,0.0,0.0
N944NN,459.0,2019,2,5,2,4,2019-05-02,AA,AA,19805,AA,2340,,,,,AA,19805,AA,2340,14100,1410005,34100,PHL,"Philadelphia, PA",PA,42,Pennsylvania,23,11298,1129806,30194,DFW,"Dallas/Fort Worth, TX",TX,48,Texas,74,500,-1.0,0.0,0.0,-1.0,0001-0559,10.0,509.0,714.0,7.0,745,721.0,-24.0,0.0,0.0,-2.0,0700-0759,0.0,,0.0,225.0,202.0,185.0,1.0,1303.0,6,,,0.0,,0.0,,,,0,,,,,,,,,,,,,,,,,,,,,,,,,,,,,,,,,,,,,,,,,,,,,N,0.0,4.0,4.0,7.0,4.0,1.0,20.0,33.0,5,7,0.0,3.0,20.0,35.0,8,8,0,0.0,0.0,N944NN,N944NN-AA-0,20.0,32.0,13.0,33.0,45.0,,,0.0,20,33,0.0,0.0
N944SW,712.0,2019,2,5,2,4,2019-05-02,DL,DL_CODESHARE,19790,DL,3892,,,,,OO,20304,OO,3892,14696,1469608,34696,SBN,"South Bend, IN",IN,18,Indiana,42,13487,1348702,31650,MSP,"Minneapolis, MN",MN,27,Minnesota,63,700,12.0,12.0,0.0,0.0,0700-0759,40.0,752.0,802.0,3.0,759,805.0,6.0,6.0,0.0,0.0,0700-0759,0.0,,0.0,119.0,113.0,70.0,1.0,411.0,2,,,0.0,,0.0,,,,0,,,,,,,,,,,,,,,,,,,,,,,,,,,,,,,,,,,,,,,,,,,,,N,0.0,4.0,7.0,8.0,1.0,0.0,29.0,36.0,7,7,0.0,4.0,28.0,36.0,8,8,0,0.0,0.0,N944SW,N944SW-DL-0,29.0,41.0,7.0,36.0,48.0,,,0.0,29,36,0.0,0.0
N944UW,718.0,2019,2,5,2,4,2019-05-02,AA,AA,19805,AA,1727,,,,,AA,19805,AA,1727,14027,1402702,34027,PBI,"West Palm Beach/Palm Beach, FL",FL,12,Florida,33,14100,1410005,34100,PHL,"Philadelphia, PA",PA,42,Pennsylvania,23,721,-3.0,0.0,0.0,-1.0,0700-0759,10.0,728.0,947.0,3.0,1005,950.0,-15.0,0.0,0.0,-1.0,1000-1059,0.0,,0.0,164.0,152.0,139.0,1.0,951.0,4,,,0.0,,0.0,,,,0,,,,,,,,,,,,,,,,,,,,,,,,,,,,,,,,,,,,,,,,,,,,,N,0.0,0.0,7.0,9.0,1.0,3.0,29.0,39.0,7,10,1.0,0.0,29.0,40.0,7,7,0,0.0,0.0,N944UW,N944UW-AA-0,29.0,41.0,10.0,39.0,51.0,,,0.0,29,39,0.0,0.0
N944WN,514.0,2019,2,5,2,4,2019-05-02,WN,WN,19393,WN,1739,,,,,WN,19393,WN,1739,12889,1288903,32211,LAS,"Las Vegas, NV",NV,32,Nevada,85,13796,1379608,32457,OAK,"Oakland, CA",CA,6,California,91,515,-1.0,0.0,0.0,-1.0,0001-0559,13.0,527.0,633.0,4.0,645,637.0,-8.0,0.0,0.0,-1.0,0600-0659,0.0,,0.0,90.0,83.0,66.0,1.0,407.0,2,,,0.0,,0.0,,,,0,,,,,,,,,,,,,,,,,,,,,,,,,,,,,,,,,,,,,,,,,,,,,N,12.0,12.0,5.0,6.0,1.0,2.0,33.0,38.0,5,6,1.0,3.0,33.0,39.0,6,6,0,0.0,0.0,N944WN,N944WN-WN-0,33.0,45.0,5.0,38.0,50.0,,,0.0,33,38,0.0,0.0
N945AN,843.0,2019,2,5,2,4,2019-05-02,AA,AA,19805,AA,2402,,,,,AA,19805,AA,2402,11298,1129806,30194,DFW,"Dallas/Fort Worth, TX",TX,48,Texas,74,14908,1490803,32575,SNA,"Santa Ana, CA",CA,6,California,91,840,3.0,3.0,0.0,0.0,0800-0859,27.0,910.0,1025.0,5.0,956,1030.0,34.0,34.0,1.0,2.0,0900-0959,0.0,,0.0,196.0,227.0,195.0,1.0,1205.0,5,3.0,0.0,31.0,0.0,0.0,,,,0,,,,,,,,,,,,,,,,,,,,,,,,,,,,,,,,,,,,,,,,,,,,,N,4.0,12.0,8.0,10.0,3.0,2.0,39.0,54.0,8,9,3.0,4.0,39.0,52.0,8,8,0,0.0,0.0,N945AN,N945AN-AA-0,39.0,51.0,15.0,54.0,66.0,,,2.0,39,54,0.0,0.0
N945AT,615.0,2019,2,5,2,4,2019-05-02,DL,DL,19790,DL,2873,,,,,DL,19790,DL,2873,14576,1457606,34576,ROC,"Rochester, NY",NY,36,New York,22,13487,1348702,31650,MSP,"Minneapolis, MN",MN,27,Minnesota,63,621,-6.0,0.0,0.0,-1.0,0600-0659,16.0,631.0,727.0,3.0,749,730.0,-19.0,0.0,0.0,-2.0,0700-0759,0.0,,0.0,148.0,135.0,116.0,1.0,783.0,4,,,0.0,,0.0,,,,0,,,,,,,,,,,,,,,,,,,,,,,,,,,,,,,,,,,,,,,,,,,,,N,0.0,4.0,6.0,7.0,1.0,2.0,25.0,34.0,6,7,1.0,3.0,25.0,35.0,7,7,0,0.0,0.0,N945AT,N945AT-DL-0,25.0,37.0,9.0,34.0,46.0,,,0.0,25,34,0.0,0.0
N945JT,625.0,2019,2,5,2,4,2019-05-02,B6,B6,20409,B6,133,,,,,B6,20409,B6,133,10721,1072102,30721,BOS,"Boston, MA",MA,25,Massachusetts,13,14771,1477104,32457,SFO,"San Francisco, CA",CA,6,California,91,630,-5.0,0.0,0.0,-1.0,0600-0659,19.0,644.0,1012.0,10.0,1004,1022.0,18.0,18.0,1.0,1.0,1000-1059,0.0,,0.0,394.0,417.0,388.0,1.0,2704.0,11,0.0,0.0,18.0,0.0,0.0,,,,0,,,,,,,,,,,,,,,,,,,,,,,,,,,,,,,,,,,,,,,,,,,,,N,0.0,12.0,6.0,10.0,2.0,1.0,26.0,53.0,6,10,2.0,0.0,26.0,52.0,4,4,0,0.0,0.0,N945JT,N945JT-B6-0,26.0,38.0,27.0,53.0,65.0,,,1.0,26,53,0.0,0.0
N945SW,615.0,2019,2,5,2,4,2019-05-02,UA,UA_CODESHARE,19977,UA,5676,,,,,OO,20304,OO,5676,14698,1469802,34236,SBP,"San Luis Obispo, CA",CA,6,California,91,11292,1129202,30325,DEN,"Denver, CO",CO,8,Colorado,82,625,-10.0,0.0,0.0,-1.0,0600-0659,15.0,630.0,939.0,15.0,1006,954.0,-12.0,0.0,0.0,-1.0,1000-1059,0.0,,0.0,161.0,159.0,129.0,1.0,931.0,4,,,0.0,,0.0,,,,0,,,,,,,,,,,,,,,,,,,,,,,,,,,,,,,,,,,,,,,,,,,,,N,12.0,8.0,6.0,9.0,1.0,4.0,37.0,48.0,6,10,2.0,0.0,38.0,48.0,4,4,0,0.0,0.0,N945SW,N945SW-UA-0,38.0,49.0,11.0,49.0,60.0,,,0.0,38,49,0.0,0.0
N945UW,603.0,2019,2,5,2,4,2019-05-02,AA,AA,19805,AA,1869,,,,,AA,19805,AA,1869,13198,1319801,33198,MCI,"Kansas City, MO",MO,29,Missouri,64,14100,1410005,34100,PHL,"Philadelphia, PA",PA,42,Pennsylvania,23,604,-1.0,0.0,0.0,-1.0,0600-0659,20.0,623.0,942.0,4.0,945,946.0,1.0,1.0,0.0,0.0,0900-0959,0.0,,0.0,161.0,163.0,139.0,1.0,1038.0,5,,,0.0,,0.0,,,,0,,,,,,,,,,,,,,,,,,,,,,,,,,,,,,,,,,,,,,,,,,,,,N,4.0,0.0,6.0,9.0,0.0,3.0,28.0,39.0,6,9,0.0,3.0,28.0,39.0,2,2,0,0.0,0.0,N945UW,N945UW-AA-0,28.0,40.0,11.0,39.0,51.0,,,0.0,28,42,3.0,8.14
N945WN,643.0,2019,2,5,2,4,2019-05-02,WN,WN,19393,WN,1445,,,,,WN,19393,WN,1445,11278,1127805,30852,DCA,"Washington, DC",VA,51,Virginia,38,13232,1323202,30977,MDW,"Chicago, IL",IL,17,Illinois,41,620,23.0,23.0,1.0,1.0,0600-0659,10.0,653.0,732.0,3.0,715,735.0,20.0,20.0,1.0,1.0,0700-0759,0.0,,0.0,115.0,112.0,99.0,1.0,601.0,3,0.0,0.0,20.0,0.0,0.0,,,,0,,,,,,,,,,,,,,,,,,,,,,,,,,,,,,,,,,,,,,,,,,,,,N,0.0,4.0,6.0,7.0,3.0,2.0,27.0,34.0,6,7,1.0,1.0,25.0,33.0,4,4,0,1.0,1.0,N945WN,N945WN-WN-0,26.0,39.0,7.0,33.0,46.0,,,1.0,26,33,0.0,0.0
N945WN,816.0,2019,2,5,2,4,2019-05-02,WN,WN,19393,WN,633,,,,,WN,19393,WN,633,13232,1323202,30977,MDW,"Chicago, IL",IL,17,Illinois,41,11433,1143302,31295,DTW,"Detroit, MI",MI,26,Michigan,43,810,6.0,6.0,0.0,0.0,0800-0859,10.0,826.0,1007.0,9.0,1015,1016.0,1.0,1.0,0.0,0.0,1000-1059,0.0,,0.0,65.0,60.0,41.0,1.0,228.0,1,,,0.0,,0.0,,,,0,,,,,,,,,,,,,,,,,,,,,,,,,,,,,,,,,,,,,,,,,,,,,N,4.0,0.0,8.0,10.0,1.0,1.0,37.0,41.0,8,10,1.0,1.0,37.0,41.0,5,5,1,1.0,0.0,N945WN,N945WN-WN-1,37.0,49.0,4.0,41.0,53.0,34.0,3.0,0.0,37,42,1.0,5.24
N946AN,803.0,2019,2,5,2,4,2019-05-02,AA,AA,19805,AA,2701,,,,,AA,19805,AA,2701,13495,1349505,33495,MSY,"New Orleans, LA",LA,22,Louisiana,72,13303,1330303,32467,MIA,"Miami, FL",FL,12,Florida,33,804,-1.0,0.0,0.0,-1.0,0800-0859,16.0,819.0,1046.0,14.0,1105,1100.0,-5.0,0.0,0.0,-1.0,1100-1159,0.0,,0.0,121.0,117.0,87.0,1.0,675.0,3,,,0.0,,0.0,,,,0,,,,,,,,,,,,,,,,,,,,,,,,,,,,,,,,,,,,,,,,,,,,,N,4.0,0.0,8.0,11.0,0.0,0.0,36.0,44.0,8,11,0.0,0.0,36.0,44.0,2,2,0,0.0,0.0,N946AN,N946AN-AA-0,36.0,48.0,8.0,44.0,56.0,,,0.0,36,44,0.0,0.0
N946AT,542.0,2019,2,5,2,4,2019-05-02,DL,DL,19790,DL,2866,,,,,DL,19790,DL,2866,15249,1524906,35249,TLH,"Tallahassee, FL",FL,12,Florida,33,10397,1039707,30397,ATL,"Atlanta, GA",GA,13,Georgia,34,545,-3.0,0.0,0.0,-1.0,0001-0559,10.0,552.0,632.0,5.0,649,637.0,-12.0,0.0,0.0,-1.0,0600-0659,0.0,,0.0,64.0,55.0,40.0,1.0,223.0,1,,,0.0,,0.0,,,,0,,,,,,,,,,,,,,,,,,,,,,,,,,,,,,,,,,,,,,,,,,,,,N,0.0,0.0,5.0,6.0,3.0,2.0,23.0,26.0,5,6,3.0,3.0,23.0,27.0,1,1,0,2.0,2.0,N946AT,N946AT-DL-0,23.0,35.0,3.0,26.0,38.0,,,0.0,23,26,0.0,0.0
N946AT,729.0,2019,2,5,2,4,2019-05-02,DL,DL,19790,DL,2422,,,,,DL,19790,DL,2422,10397,1039707,30397,ATL,"Atlanta, GA",GA,13,Georgia,34,11057,1105703,31057,CLT,"Charlotte, NC",NC,37,North Carolina,36,733,-4.0,0.0,0.0,-1.0,0700-0759,20.0,749.0,841.0,5.0,856,846.0,-10.0,0.0,0.0,-1.0,0800-0859,0.0,,0.0,83.0,77.0,52.0,1.0,226.0,1,,,0.0,,0.0,,,,0,,,,,,,,,,,,,,,,,,,,,,,,,,,,,,,,,,,,,,,,,,,,,N,0.0,0.0,7.0,8.0,2.0,3.0,30.0,35.0,7,8,2.0,4.0,30.0,36.0,1,1,1,2.0,1.0,N946AT,N946AT-DL-1,30.0,42.0,5.0,35.0,47.0,26.0,4.0,0.0,30,35,0.0,0.0
N946AT,934.0,2019,2,5,2,4,2019-05-02,DL,DL,19790,DL,2422,,,,,DL,19790,DL,2422,11057,1105703,31057,CLT,"Charlotte, NC",NC,37,North Carolina,36,10397,1039707,30397,ATL,"Atlanta, GA",GA,13,Georgia,34,937,-3.0,0.0,0.0,-1.0,0900-0959,22.0,956.0,1039.0,5.0,1053,1044.0,-9.0,0.0,0.0,-1.0,1000-1059,0.0,,0.0,76.0,70.0,43.0,1.0,226.0,1,,,0.0,,0.0,,,,0,,,,,,,,,,,,,,,,,,,,,,,,,,,,,,,,,,,,,,,,,,,,,N,0.0,0.0,9.0,10.0,2.0,3.0,38.0,43.0,9,10,2.0,4.0,38.0,44.0,4,4,2,2.0,0.0,N946AT,N946AT-DL-2,38.0,50.0,5.0,43.0,55.0,35.0,3.0,0.0,38,43,0.0,0.0
N946DN,553.0,2019,2,5,2,4,2019-05-02,DL,DL,19790,DL,851,,,,,DL,19790,DL,851,11540,1154005,30615,ELP,"El Paso, TX",TX,48,Texas,74,10397,1039707,30397,ATL,"Atlanta, GA",GA,13,Georgia,34,600,-7.0,0.0,0.0,-1.0,0600-0659,14.0,607.0,1052.0,11.0,1103,1103.0,0.0,0.0,0.0,0.0,1100-1159,0.0,,0.0,183.0,190.0,165.0,1.0,1282.0,6,,,0.0,,0.0,,,,0,,,,,,,,,,,,,,,,,,,,,,,,,,,,,,,,,,,,,,,,,,,,,N,8.0,0.0,5.0,11.0,4.0,0.0,32.0,44.0,6,11,0.0,0.0,32.0,44.0,8,8,0,0.0,0.0,N946DN,N946DN-DL-0,32.0,44.0,12.0,44.0,56.0,,,0.0,32,44,0.0,0.0
N946LR,819.0,2019,2,5,2,4,2019-05-02,AA,AA_CODESHARE,19805,AA,5724,,,,,YV,20378,YV,5724,10279,1027903,30279,AMA,"Amarillo, TX",TX,48,Texas,74,11298,1129806,30194,DFW,"Dallas/Fort Worth, TX",TX,48,Texas,74,821,-2.0,0.0,0.0,-1.0,0800-0859,19.0,838.0,1029.0,9.0,934,1038.0,64.0,64.0,1.0,4.0,0900-0959,0.0,,0.0,73.0,139.0,111.0,1.0,312.0,2,0.0,0.0,64.0,0.0,0.0,,,,0,,,,,,,,,,,,,,,,,,,,,,,,,,,,,,,,,,,,,,,,,,,,,N,4.0,4.0,8.0,10.0,1.0,3.0,37.0,47.0,8,9,1.0,2.0,37.0,42.0,4,4,0,0.0,0.0,N946LR,N946LR-AA-0,37.0,49.0,10.0,47.0,59.0,,,4.0,37,47,0.0,0.0
N946NN,649.0,2019,2,5,2,4,2019-05-02,AA,AA,19805,AA,2258,,,,,AA,19805,AA,2258,12889,1288903,32211,LAS,"Las Vegas, NV",NV,32,Nevada,85,13930,1393007,30977,ORD,"Chicago, IL",IL,17,Illinois,41,650,-1.0,0.0,0.0,-1.0,0600-0659,19.0,708.0,1159.0,42.0,1230,1241.0,11.0,11.0,0.0,0.0,1200-1259,0.0,,0.0,220.0,232.0,171.0,1.0,1514.0,7,,,0.0,,0.0,,,,0,,,,,,,,,,,,,,,,,,,,,,,,,,,,,,,,,,,,,,,,,,,,,N,12.0,4.0,6.0,12.0,3.0,3.0,39.0,55.0,6,12,3.0,2.0,39.0,54.0,4,4,0,0.0,0.0,N946NN,N946NN-AA-0,39.0,51.0,16.0,55.0,67.0,,,0.0,42,58,3.0,14.06
N946SW,749.0,2019,2,5,2,4,2019-05-02,UA,UA_CODESHARE,19977,UA,5074,,,,,OO,20304,OO,5074,15454,1545405,35454,UIN,"Quincy, IL",IL,17,Illinois,41,13930,1393007,30977,ORD,"Chicago, IL",IL,17,Illinois,41,800,-11.0,0.0,0.0,-1.0,0800-0859,18.0,807.0,849.0,23.0,920,912.0,-8.0,0.0,0.0,-1.0,0900-0959,0.0,,0.0,80.0,83.0,42.0,1.0,222.0,1,,,0.0,,0.0,,,,0,,,,,,,,,,,,,,,,,,,,,,,,,,,,,,,,,,,,,,,,,,,,,N,4.0,4.0,7.0,9.0,3.0,1.0,35.0,41.0,8,9,0.0,1.0,36.0,41.0,4,4,0,0.0,0.0,N946SW,N946SW-UA-0,36.0,47.0,6.0,42.0,53.0,,,0.0,36,42,0.0,0.0
N946UW,555.0,2019,2,5,2,4,2019-05-02,AA,AA,19805,AA,1812,,,,,AA,19805,AA,1812,13487,1348702,31650,MSP,"Minneapolis, MN",MN,27,Minnesota,63,14100,1410005,34100,PHL,"Philadelphia, PA",PA,42,Pennsylvania,23,604,-9.0,0.0,0.0,-1.0,0600-0659,13.0,608.0,921.0,4.0,950,925.0,-25.0,0.0,0.0,-2.0,0900-0959,0.0,,0.0,166.0,150.0,133.0,1.0,980.0,4,,,0.0,,0.0,,,,0,,,,,,,,,,,,,,,,,,,,,,,,,,,,,,,,,,,,,,,,,,,,,N,4.0,0.0,5.0,9.0,4.0,2.0,28.0,38.0,6,9,0.0,3.0,28.0,39.0,1,1,0,0.0,0.0,N946UW,N946UW-AA-0,28.0,40.0,10.0,38.0,50.0,,,0.0,28,45,7.0,19.02
N946WN,531.0,2019,2,5,2,4,2019-05-02,WN,WN,19393,WN,277,,,,,WN,19393,WN,277,14057,1405702,34057,PDX,"Portland, OR",OR,41,Oregon,92,11292,1129202,30325,DEN,"Denver, CO",CO,8,Colorado,82,535,-4.0,0.0,0.0,-1.0,0001-0559,10.0,541.0,841.0,6.0,900,847.0,-13.0,0.0,0.0,-1.0,0900-0959,0.0,,0.0,145.0,136.0,120.0,1.0,991.0,4,,,0.0,,0.0,,,,0,,,,,,,,,,,,,,,,,,,,,,,,,,,,,,,,,,,,,,,,,,,,,N,12.0,8.0,5.0,8.0,2.0,3.0,34.0,43.0,5,9,2.0,0.0,34.0,44.0,3,3,0,0.0,0.0,N946WN,N946WN-WN-0,34.0,46.0,9.0,43.0,55.0,,,0.0,34,43,0.0,0.0
N947AT,700.0,2019,2,5,2,4,2019-05-02,DL,DL,19790,DL,2336,,,,,DL,19790,DL,2336,11057,1105703,31057,CLT,"Charlotte, NC",NC,37,North Carolina,36,10397,1039707,30397,ATL,"Atlanta, GA",GA,13,Georgia,34,706,-6.0,0.0,0.0,-1.0,0700-0759,13.0,713.0,757.0,8.0,820,805.0,-15.0,0.0,0.0,-1.0,0800-0859,0.0,,0.0,74.0,65.0,44.0,1.0,226.0,1,,,0.0,,0.0,,,,0,,,,,,,,,,,,,,,,,,,,,,,,,,,,,,,,,,,,,,,,,,,,,N,0.0,0.0,7.0,8.0,0.0,0.0,28.0,32.0,7,8,0.0,1.0,28.0,33.0,4,4,0,1.0,1.0,N947AT,N947AT-DL-0,28.0,40.0,4.0,32.0,44.0,,,0.0,28,32,0.0,0.0
N947AT,912.0,2019,2,5,2,4,2019-05-02,DL,DL,19790,DL,2183,,,,,DL,19790,DL,2183,10397,1039707,30397,ATL,"Atlanta, GA",GA,13,Georgia,34,13930,1393007,30977,ORD,"Chicago, IL",IL,17,Illinois,41,912,0.0,0.0,0.0,0.0,0900-0959,15.0,927.0,1004.0,16.0,1019,1020.0,1.0,1.0,0.0,0.0,1000-1059,0.0,,0.0,127.0,128.0,97.0,1.0,606.0,3,,,0.0,,0.0,,,,0,,,,,,,,,,,,,,,,,,,,,,,,,,,,,,,,,,,,,,,,,,,,,N,0.0,4.0,9.0,10.0,1.0,1.0,37.0,45.0,9,10,1.0,1.0,37.0,45.0,5,5,1,1.0,0.0,N947AT,N947AT-DL-1,37.0,49.0,8.0,45.0,57.0,32.0,5.0,0.0,37,45,0.0,0.0
N947DL,523.0,2019,2,5,2,4,2019-05-02,DL,DL,19790,DL,867,,,,,DL,19790,DL,867,11995,1199502,31995,GSO,"Greensboro/High Point, NC",NC,37,North Carolina,36,10397,1039707,30397,ATL,"Atlanta, GA",GA,13,Georgia,34,525,-2.0,0.0,0.0,-1.0,0001-0559,11.0,534.0,625.0,4.0,638,629.0,-9.0,0.0,0.0,-1.0,0600-0659,0.0,,0.0,73.0,66.0,51.0,1.0,306.0,2,,,0.0,,0.0,,,,0,,,,,,,,,,,,,,,,,,,,,,,,,,,,,,,,,,,,,,,,,,,,,N,0.0,0.0,5.0,6.0,2.0,2.0,22.0,26.0,5,6,2.0,3.0,22.0,27.0,7,7,0,0.0,0.0,N947DL,N947DL-DL-0,22.0,34.0,4.0,26.0,38.0,,,0.0,22,26,0.0,0.0
N947DN,735.0,2019,2,5,2,4,2019-05-02,DL,DL,19790,DL,1508,,,,,DL,19790,DL,1508,14986,1498603,34986,SRQ,"Sarasota/Bradenton, FL",FL,12,Florida,33,10397,1039707,30397,ATL,"Atlanta, GA",GA,13,Georgia,34,725,10.0,10.0,0.0,0.0,0700-0759,10.0,745.0,855.0,10.0,902,905.0,3.0,3.0,0.0,0.0,0900-0959,0.0,,0.0,97.0,90.0,70.0,1.0,444.0,2,,,0.0,,0.0,,,,0,,,,,,,,,,,,,,,,,,,,,,,,,,,,,,,,,,,,,,,,,,,,,N,0.0,0.0,7.0,9.0,2.0,0.0,30.0,36.0,7,9,2.0,0.0,30.0,36.0,9,9,0,0.0,0.0,N947DN,N947DN-DL-0,30.0,42.0,6.0,36.0,48.0,,,0.0,30,36,0.0,0.0
N947JB,816.0,2019,2,5,2,4,2019-05-02,B6,B6,20409,B6,577,,,,,B6,20409,B6,577,11697,1169706,32467,FLL,"Fort Lauderdale, FL",FL,12,Florida,33,14771,1477104,32457,SFO,"San Francisco, CA",CA,6,California,91,823,-7.0,0.0,0.0,-1.0,0800-0859,15.0,831.0,1124.0,16.0,1136,1140.0,4.0,4.0,0.0,0.0,1100-1159,0.0,,0.0,373.0,384.0,353.0,1.0,2584.0,11,,,0.0,,0.0,,,,0,,,,,,,,,,,,,,,,,,,,,,,,,,,,,,,,,,,,,,,,,,,,,N,0.0,12.0,8.0,11.0,1.0,3.0,33.0,59.0,8,11,2.0,2.0,34.0,58.0,6,6,0,0.0,0.0,N947JB,N947JB-B6-0,34.0,45.0,26.0,60.0,71.0,,,0.0,34,60,0.0,0.0
N947LR,605.0,2019,2,5,2,4,2019-05-02,AA,AA_CODESHARE,19805,AA,5777,,,,,YV,20378,YV,5777,14689,1468902,34689,SBA,"Santa Barbara, CA",CA,6,California,91,14107,1410702,30466,PHX,"Phoenix, AZ",AZ,4,Arizona,81,615,-10.0,0.0,0.0,-1.0,0600-0659,16.0,621.0,722.0,25.0,749,747.0,-2.0,0.0,0.0,-1.0,0700-0759,0.0,,0.0,94.0,102.0,61.0,1.0,455.0,2,,,0.0,,0.0,,,,0,,,,,,,,,,,,,,,,,,,,,,,,,,,,,,,,,,,,,,,,,,,,,N,12.0,8.0,6.0,7.0,0.0,3.0,36.0,39.0,6,7,1.0,3.0,37.0,39.0,1,1,0,0.0,0.0,N947LR,N947LR-AA-0,37.0,48.0,3.0,40.0,51.0,,,0.0,37,41,1.0,1.24
N947SW,707.0,2019,2,5,2,4,2019-05-02,UA,UA_CODESHARE,19977,UA,5158,,,,,OO,20304,OO,5158,14237,1423705,34237,PRC,"Prescott, AZ",AZ,4,Arizona,81,11292,1129202,30325,DEN,"Denver, CO",CO,8,Colorado,82,715,-8.0,0.0,0.0,-1.0,0700-0759,11.0,718.0,941.0,10.0,950,951.0,1.0,1.0,0.0,0.0,0900-0959,0.0,,0.0,95.0,104.0,83.0,1.0,557.0,3,,,0.0,,0.0,,,,0,,,,,,,,,,,,,,,,,,,,,,,,,,,,,,,,,,,,,,,,,,,,,N,8.0,8.0,7.0,9.0,0.0,3.0,36.0,47.0,7,9,1.0,3.0,37.0,47.0,8,8,0,0.0,0.0,N947SW,N947SW-UA-0,37.0,48.0,11.0,48.0,59.0,,,0.0,37,48,0.0,0.0
N947UW,611.0,2019,2,5,2,4,2019-05-02,AA,AA,19805,AA,1787,,,,,AA,19805,AA,1787,11278,1127805,30852,DCA,"Washington, DC",VA,51,Virginia,38,14100,1410005,34100,PHL,"Philadelphia, PA",PA,42,Pennsylvania,23,615,-4.0,0.0,0.0,-1.0,0600-0659,74.0,725.0,752.0,6.0,712,758.0,46.0,46.0,1.0,3.0,0700-0759,0.0,,0.0,57.0,107.0,27.0,1.0,119.0,1,0.0,0.0,46.0,0.0,0.0,,,,0,,,,,,,,,,,,,,,,,,,,,,,,,,,,,,,,,,,,,,,,,,,,,N,0.0,0.0,6.0,7.0,1.0,4.0,25.0,32.0,6,7,1.0,1.0,25.0,29.0,2,2,0,1.0,1.0,N947UW,N947UW-AA-0,25.0,37.0,7.0,32.0,44.0,,,3.0,25,37,5.0,16.82
N947UW,832.0,2019,2,5,2,4,2019-05-02,AA,AA,19805,AA,781,,,,,AA,19805,AA,781,14100,1410005,34100,PHL,"Philadelphia, PA",PA,42,Pennsylvania,23,14307,1430705,30721,PVD,"Providence, RI",RI,44,Rhode Island,15,820,12.0,12.0,0.0,0.0,0800-0859,30.0,902.0,943.0,3.0,940,946.0,6.0,6.0,0.0,0.0,0900-0959,0.0,,0.0,80.0,74.0,41.0,1.0,237.0,1,,,0.0,,0.0,,,,0,,,,,,,,,,,,,,,,,,,,,,,,,,,,,,,,,,,,,,,,,,,,,N,0.0,0.0,8.0,9.0,2.0,3.0,34.0,39.0,8,9,1.0,3.0,33.0,39.0,1,1,1,1.0,0.0,N947UW,N947UW-AA-1,34.0,46.0,5.0,39.0,51.0,32.0,2.0,0.0,40,45,6.0,14.78
N947WN,659.0,2019,2,5,2,4,2019-05-02,WN,WN,19393,WN,2012,,,,,WN,19393,WN,2012,11057,1105703,31057,CLT,"Charlotte, NC",NC,37,North Carolina,36,10693,1069302,30693,BNA,"Nashville, TN",TN,47,Tennessee,54,700,-1.0,0.0,0.0,-1.0,0700-0759,9.0,708.0,706.0,4.0,720,710.0,-10.0,0.0,0.0,-1.0,0700-0759,0.0,,0.0,80.0,71.0,58.0,1.0,328.0,2,,,0.0,,0.0,,,,0,,,,,,,,,,,,,,,,,,,,,,,,,,,,,,,,,,,,,,,,,,,,,N,0.0,4.0,6.0,7.0,4.0,1.0,28.0,33.0,7,7,0.0,1.0,28.0,33.0,3,3,0,1.0,1.0,N947WN,N947WN-WN-0,28.0,40.0,5.0,33.0,45.0,,,0.0,28,33,0.0,0.0
N947WN,805.0,2019,2,5,2,4,2019-05-02,WN,WN,19393,WN,2012,,,,,WN,19393,WN,2012,10693,1069302,30693,BNA,"Nashville, TN",TN,47,Tennessee,54,10397,1039707,30397,ATL,"Atlanta, GA",GA,13,Georgia,34,805,0.0,0.0,0.0,0.0,0800-0859,22.0,827.0,1004.0,10.0,1005,1014.0,9.0,9.0,0.0,0.0,1000-1059,0.0,,0.0,60.0,69.0,37.0,1.0,214.0,1,,,0.0,,0.0,,,,0,,,,,,,,,,,,,,,,,,,,,,,,,,,,,,,,,,,,,,,,,,,,,N,4.0,0.0,8.0,10.0,0.0,1.0,36.0,41.0,8,10,0.0,0.0,36.0,40.0,4,4,1,1.0,0.0,N947WN,N947WN-WN-1,36.0,48.0,5.0,41.0,53.0,33.0,3.0,0.0,36,41,0.0,0.0
N948AN,550.0,2019,2,5,2,4,2019-05-02,AA,AA,19805,AA,1108,,,,,AA,19805,AA,1108,11433,1143302,31295,DTW,"Detroit, MI",MI,26,Michigan,43,11298,1129806,30194,DFW,"Dallas/Fort Worth, TX",TX,48,Texas,74,552,-2.0,0.0,0.0,-1.0,0001-0559,22.0,612.0,800.0,5.0,800,805.0,5.0,5.0,0.0,0.0,0800-0859,0.0,,0.0,188.0,195.0,168.0,1.0,986.0,4,,,0.0,,0.0,,,,0,,,,,,,,,,,,,,,,,,,,,,,,,,,,,,,,,,,,,,,,,,,,,N,0.0,4.0,5.0,8.0,3.0,0.0,23.0,36.0,5,8,3.0,0.0,23.0,36.0,7,7,0,0.0,0.0,N948AN,N948AN-AA-0,23.0,35.0,13.0,36.0,48.0,,,0.0,23,36,0.0,0.0
N948AT,801.0,2019,2,5,2,4,2019-05-02,DL,DL,19790,DL,2498,,,,,DL,19790,DL,2498,12478,1247805,31703,JFK,"New York, NY",NY,36,New York,22,10994,1099402,30994,CHS,"Charleston, SC",SC,45,South Carolina,37,800,1.0,1.0,0.0,0.0,0800-0859,26.0,827.0,1001.0,3.0,1013,1004.0,-9.0,0.0,0.0,-1.0,1000-1059,0.0,,0.0,133.0,123.0,94.0,1.0,636.0,3,,,0.0,,0.0,,,,0,,,,,,,,,,,,,,,,,,,,,,,,,,,,,,,,,,,,,,,,,,,,,N,0.0,0.0,8.0,10.0,0.0,0.0,32.0,40.0,8,10,0.0,1.0,32.0,41.0,8,8,0,0.0,0.0,N948AT,N948AT-DL-0,32.0,44.0,8.0,40.0,52.0,,,0.0,32,40,0.0,0.0
N948LR,648.0,2019,2,5,2,4,2019-05-02,AA,AA_CODESHARE,19805,AA,5835,,,,,YV,20378,YV,5835,10800,1080003,32575,BUR,"Burbank, CA",CA,6,California,91,14107,1410702,30466,PHX,"Phoenix, AZ",AZ,4,Arizona,81,650,-2.0,0.0,0.0,-1.0,0600-0659,37.0,725.0,828.0,5.0,824,833.0,9.0,9.0,0.0,0.0,0800-0859,0.0,,0.0,94.0,105.0,63.0,1.0,369.0,2,,,0.0,,0.0,,,,0,,,,,,,,,,,,,,,,,,,,,,,,,,,,,,,,,,,,,,,,,,,,,N,12.0,8.0,6.0,8.0,3.0,2.0,39.0,42.0,6,8,3.0,2.0,39.0,42.0,5,5,0,0.0,0.0,N948LR,N948LR-AA-0,39.0,51.0,3.0,42.0,54.0,,,0.0,39,42,0.0,0.0
N948UW,623.0,2019,2,5,2,4,2019-05-02,AA,AA,19805,AA,2165,,,,,AA,19805,AA,2165,10721,1072102,30721,BOS,"Boston, MA",MA,25,Massachusetts,13,12953,1295304,31703,LGA,"New York, NY",NY,36,New York,22,630,-7.0,0.0,0.0,-1.0,0600-0659,19.0,642.0,729.0,5.0,754,734.0,-20.0,0.0,0.0,-2.0,0700-0759,0.0,,0.0,84.0,71.0,47.0,1.0,184.0,1,,,0.0,,0.0,,,,0,,,,,,,,,,,,,,,,,,,,,,,,,,,,,,,,,,,,,,,,,,,,,N,0.0,0.0,6.0,7.0,2.0,2.0,26.0,30.0,6,7,2.0,4.0,26.0,32.0,8,8,0,1.0,1.0,N948UW,N948UW-AA-0,26.0,38.0,4.0,30.0,42.0,,,0.0,26,30,0.0,0.0
N948UW,838.0,2019,2,5,2,4,2019-05-02,AA,AA,19805,AA,1791,,,,,AA,19805,AA,1791,12953,1295304,31703,LGA,"New York, NY",NY,36,New York,22,14100,1410005,34100,PHL,"Philadelphia, PA",PA,42,Pennsylvania,23,845,-7.0,0.0,0.0,-1.0,0800-0859,39.0,917.0,951.0,3.0,951,954.0,3.0,3.0,0.0,0.0,0900-0959,0.0,,0.0,66.0,76.0,34.0,1.0,96.0,1,,,0.0,,0.0,,,,0,,,,,,,,,,,,,,,,,,,,,,,,,,,,,,,,,,,,,,,,,,,,,N,0.0,0.0,8.0,9.0,3.0,4.0,35.0,40.0,8,9,3.0,3.0,35.0,39.0,8,8,1,1.0,0.0,N948UW,N948UW-AA-1,35.0,47.0,5.0,40.0,52.0,30.0,5.0,0.0,35,40,0.0,0.0
N949AN,612.0,2019,2,5,2,4,2019-05-02,AA,AA,19805,AA,1544,,,,,AA,19805,AA,1544,14893,1489302,33192,SMF,"Sacramento, CA",CA,6,California,91,11298,1129806,30194,DFW,"Dallas/Fort Worth, TX",TX,48,Texas,74,617,-5.0,0.0,0.0,-1.0,0600-0659,12.0,624.0,1114.0,9.0,1135,1123.0,-12.0,0.0,0.0,-1.0,1100-1159,0.0,,0.0,198.0,191.0,170.0,1.0,1431.0,6,,,0.0,,0.0,,,,0,,,,,,,,,,,,,,,,,,,,,,,,,,,,,,,,,,,,,,,,,,,,,N,12.0,4.0,6.0,11.0,1.0,2.0,37.0,50.0,6,11,1.0,2.0,37.0,50.0,8,8,0,0.0,0.0,N949AN,N949AN-AA-0,37.0,49.0,13.0,50.0,62.0,,,0.0,37,50,0.0,0.0
N949AT,556.0,2019,2,5,2,4,2019-05-02,DL,DL,19790,DL,1553,,,,,DL,19790,DL,1553,14893,1489302,33192,SMF,"Sacramento, CA",CA,6,California,91,12892,1289208,32575,LAX,"Los Angeles, CA",CA,6,California,91,600,-4.0,0.0,0.0,-1.0,0600-0659,14.0,610.0,713.0,9.0,727,722.0,-5.0,0.0,0.0,-1.0,0700-0759,0.0,,0.0,87.0,86.0,63.0,1.0,373.0,2,,,0.0,,0.0,,,,0,,,,,,,,,,,,,,,,,,,,,,,,,,,,,,,,,,,,,,,,,,,,,N,12.0,12.0,5.0,7.0,4.0,1.0,36.0,41.0,6,7,0.0,2.0,36.0,42.0,1,1,0,0.0,0.0,N949AT,N949AT-DL-0,36.0,48.0,5.0,41.0,53.0,,,0.0,36,41,0.0,0.0
N949DL,557.0,2019,2,5,2,4,2019-05-02,DL,DL,19790,DL,1853,,,,,DL,19790,DL,1853,13485,1348502,33485,MSN,"Madison, WI",WI,55,Wisconsin,45,10397,1039707,30397,ATL,"Atlanta, GA",GA,13,Georgia,34,600,-3.0,0.0,0.0,-1.0,0600-0659,16.0,613.0,856.0,8.0,913,904.0,-9.0,0.0,0.0,-1.0,0900-0959,0.0,,0.0,133.0,127.0,103.0,1.0,707.0,3,,,0.0,,0.0,,,,0,,,,,,,,,,,,,,,,,,,,,,,,,,,,,,,,,,,,,,,,,,,,,N,4.0,0.0,5.0,9.0,4.0,0.0,28.0,36.0,6,9,0.0,1.0,28.0,37.0,5,5,0,0.0,0.0,N949DL,N949DL-DL-0,28.0,40.0,8.0,36.0,48.0,,,0.0,28,36,0.0,0.0
N949FR,515.0,2019,2,5,2,4,2019-05-02,F9,F9,20436,F9,411,,,,,F9,20436,F9,411,13930,1393007,30977,ORD,"Chicago, IL",IL,17,Illinois,41,11292,1129202,30325,DEN,"Denver, CO",CO,8,Colorado,82,520,-5.0,0.0,0.0,-1.0,0001-0559,16.0,531.0,652.0,12.0,708,704.0,-4.0,0.0,0.0,-1.0,0700-0759,0.0,,0.0,168.0,169.0,141.0,1.0,888.0,4,,,0.0,,0.0,,,,0,,,,,,,,,,,,,,,,,,,,,,,,,,,,,,,,,,,,,,,,,,,,,N,4.0,8.0,5.0,7.0,1.0,0.0,25.0,36.0,5,7,1.0,1.0,25.0,37.0,3,3,0,0.0,0.0,N949FR,N949FR-F9-0,25.0,37.0,11.0,36.0,48.0,,,0.0,26,38,2.0,7.08
N949NN,646.0,2019,2,5,2,4,2019-05-02,AA,AA,19805,AA,1295,,,,,AA,19805,AA,1295,14683,1468305,33214,SAT,"San Antonio, TX",TX,48,Texas,74,12892,1289208,32575,LAX,"Los Angeles, CA",CA,6,California,91,650,-4.0,0.0,0.0,-1.0,0600-0659,17.0,703.0,757.0,7.0,822,804.0,-18.0,0.0,0.0,-2.0,0800-0859,0.0,,0.0,212.0,198.0,174.0,1.0,1211.0,5,,,0.0,,0.0,,,,0,,,,,,,,,,,,,,,,,,,,,,,,,,,,,,,,,,,,,,,,,,,,,N,4.0,12.0,6.0,8.0,3.0,0.0,31.0,44.0,6,8,3.0,1.0,31.0,45.0,8,8,0,0.0,0.0,N949NN,N949NN-AA-0,31.0,43.0,13.0,44.0,56.0,,,0.0,31,44,0.0,0.0
N949UW,542.0,2019,2,5,2,4,2019-05-02,AA,AA,19805,AA,779,,,,,AA,19805,AA,779,14307,1430705,30721,PVD,"Providence, RI",RI,44,Rhode Island,15,14100,1410005,34100,PHL,"Philadelphia, PA",PA,42,Pennsylvania,23,549,-7.0,0.0,0.0,-1.0,0001-0559,14.0,556.0,658.0,6.0,713,704.0,-9.0,0.0,0.0,-1.0,0700-0759,0.0,,0.0,84.0,82.0,62.0,1.0,237.0,1,,,0.0,,0.0,,,,0,,,,,,,,,,,,,,,,,,,,,,,,,,,,,,,,,,,,,,,,,,,,,N,0.0,0.0,5.0,7.0,3.0,0.0,23.0,28.0,5,7,3.0,1.0,23.0,29.0,8,8,0,1.0,1.0,N949UW,N949UW-AA-0,23.0,35.0,5.0,28.0,40.0,,,0.0,23,28,0.0,0.0
N949UW,814.0,2019,2,5,2,4,2019-05-02,AA,AA,19805,AA,451,,,,,AA,19805,AA,451,14100,1410005,34100,PHL,"Philadelphia, PA",PA,42,Pennsylvania,23,12266,1226603,31453,IAH,"Houston, TX",TX,48,Texas,74,825,-11.0,0.0,0.0,-1.0,0800-0859,27.0,841.0,1100.0,9.0,1124,1109.0,-15.0,0.0,0.0,-1.0,1100-1159,0.0,,0.0,239.0,235.0,199.0,1.0,1325.0,6,,,0.0,,0.0,,,,0,,,,,,,,,,,,,,,,,,,,,,,,,,,,,,,,,,,,,,,,,,,,,N,0.0,4.0,8.0,11.0,1.0,1.0,33.0,49.0,8,11,2.0,2.0,34.0,50.0,2,2,1,1.0,0.0,N949UW,N949UW-AA-1,34.0,45.0,16.0,50.0,61.0,28.0,5.0,0.0,35,52,2.0,5.46
N949WN,627.0,2019,2,5,2,4,2019-05-02,WN,WN,19393,WN,426,,,,,WN,19393,WN,426,10821,1082106,30852,BWI,"Baltimore, MD",MD,24,Maryland,35,10529,1052906,30529,BDL,"Hartford, CT",CT,9,Connecticut,11,630,-3.0,0.0,0.0,-1.0,0600-0659,15.0,642.0,734.0,4.0,740,738.0,-2.0,0.0,0.0,-1.0,0700-0759,0.0,,0.0,70.0,71.0,52.0,1.0,283.0,2,,,0.0,,0.0,,,,0,,,,,,,,,,,,,,,,,,,,,,,,,,,,,,,,,,,,,,,,,,,,,N,0.0,0.0,6.0,7.0,2.0,3.0,26.0,31.0,6,7,2.0,3.0,26.0,31.0,4,4,0,1.0,1.0,N949WN,N949WN-WN-0,26.0,38.0,5.0,31.0,43.0,,,0.0,26,31,0.0,0.0
N949WN,844.0,2019,2,5,2,4,2019-05-02,WN,WN,19393,WN,444,,,,,WN,19393,WN,444,10529,1052906,30529,BDL,"Hartford, CT",CT,9,Connecticut,11,10821,1082106,30852,BWI,"Baltimore, MD",MD,24,Maryland,35,850,-6.0,0.0,0.0,-1.0,0800-0859,14.0,858.0,951.0,5.0,1010,956.0,-14.0,0.0,0.0,-1.0,1000-1059,0.0,,0.0,80.0,72.0,53.0,1.0,283.0,2,,,0.0,,0.0,,,,0,,,,,,,,,,,,,,,,,,,,,,,,,,,,,,,,,,,,,,,,,,,,,N,0.0,0.0,8.0,9.0,3.0,4.0,35.0,40.0,8,10,3.0,1.0,35.0,41.0,8,8,1,1.0,0.0,N949WN,N949WN-WN-1,35.0,47.0,5.0,40.0,52.0,31.0,4.0,0.0,35,40,0.0,0.0
N950AT,1519.0,2019,2,5,2,4,2019-05-02,DL,DL,19790,DL,2077,,,,,DL,19790,DL,2077,11298,1129806,30194,DFW,"Dallas/Fort Worth, TX",TX,48,Texas,74,13487,1348702,31650,MSP,"Minneapolis, MN",MN,27,Minnesota,63,630,529.0,529.0,1.0,12.0,0600-0659,19.0,1538.0,1726.0,3.0,858,1729.0,511.0,511.0,1.0,12.0,0800-0859,0.0,,0.0,148.0,130.0,108.0,1.0,852.0,4,0.0,511.0,0.0,0.0,0.0,628.0,3.0,3.0,0,,,,,,,,,,,,,,,,,,,,,,,,,,,,,,,,,,,,,,,,,,,,,N,4.0,4.0,15.0,17.0,1.0,2.0,65.0,74.0,6,8,2.0,4.0,30.0,40.0,3,3,0,0.0,0.0,N950AT,N950AT-DL-0,65.0,77.0,9.0,74.0,86.0,,,0.0,65,74,0.0,0.0
N950DN,558.0,2019,2,5,2,4,2019-05-02,DL,DL,19790,DL,977,,,,,DL,19790,DL,977,13930,1393007,30977,ORD,"Chicago, IL",IL,17,Illinois,41,10397,1039707,30397,ATL,"Atlanta, GA",GA,13,Georgia,34,600,-2.0,0.0,0.0,-1.0,0600-0659,14.0,612.0,840.0,7.0,855,847.0,-8.0,0.0,0.0,-1.0,0800-0859,0.0,,0.0,115.0,109.0,88.0,1.0,606.0,3,,,0.0,,0.0,,,,0,,,,,,,,,,,,,,,,,,,,,,,,,,,,,,,,,,,,,,,,,,,,,N,4.0,0.0,5.0,8.0,4.0,3.0,28.0,35.0,6,8,0.0,4.0,28.0,36.0,9,9,0,1.0,1.0,N950DN,N950DN-DL-0,28.0,40.0,7.0,35.0,47.0,,,0.0,28,35,0.0,0.0
N950DN,941.0,2019,2,5,2,4,2019-05-02,DL,DL,19790,DL,771,,,,,DL,19790,DL,771,10397,1039707,30397,ATL,"Atlanta, GA",GA,13,Georgia,34,10529,1052906,30529,BDL,"Hartford, CT",CT,9,Connecticut,11,945,-4.0,0.0,0.0,-1.0,0900-0959,10.0,951.0,1136.0,4.0,1201,1140.0,-21.0,0.0,0.0,-2.0,1200-1259,0.0,,0.0,136.0,119.0,105.0,1.0,859.0,4,,,0.0,,0.0,,,,0,,,,,,,,,,,,,,,,,,,,,,,,,,,,,,,,,,,,,,,,,,,,,N,0.0,0.0,9.0,11.0,3.0,3.0,39.0,47.0,9,12,3.0,0.0,39.0,48.0,8,8,1,1.0,0.0,N950DN,N950DN-DL-1,39.0,51.0,8.0,47.0,59.0,35.0,4.0,0.0,39,47,0.0,0.0
N950JT,423.0,2019,2,5,2,4,2019-05-02,B6,B6,20409,B6,1504,,,,,B6,20409,B6,1504,14843,1484306,34819,SJU,"San Juan, PR",PR,72,Puerto Rico,3,12478,1247805,31703,JFK,"New York, NY",NY,36,New York,22,430,-7.0,0.0,0.0,-1.0,0001-0559,9.0,432.0,758.0,7.0,831,805.0,-26.0,0.0,0.0,-2.0,0800-0859,0.0,,0.0,241.0,222.0,206.0,1.0,1598.0,7,,,0.0,,0.0,,,,0,,,,,,,,,,,,,,,,,,,,,,,,,,,,,,,,,,,,,,,,,,,,,N,-4.0,0.0,4.0,8.0,2.0,0.0,14.0,32.0,4,8,2.0,2.0,14.0,34.0,7,7,0,0.0,0.0,N950JT,N950JT-B6-0,14.0,26.0,18.0,32.0,44.0,,,0.0,14,32,0.0,0.0
N950LR,629.0,2019,2,5,2,4,2019-05-02,AA,AA_CODESHARE,19805,AA,5745,,,,,YV,20378,YV,5745,14730,1473003,33044,SDF,"Louisville, KY",KY,21,Kentucky,52,11298,1129806,30194,DFW,"Dallas/Fort Worth, TX",TX,48,Texas,74,609,20.0,20.0,1.0,1.0,0600-0659,10.0,639.0,748.0,4.0,735,752.0,17.0,17.0,1.0,1.0,0700-0759,0.0,,0.0,146.0,143.0,129.0,1.0,733.0,3,17.0,0.0,0.0,0.0,0.0,,,,0,,,,,,,,,,,,,,,,,,,,,,,,,,,,,,,,,,,,,,,,,,,,,N,0.0,4.0,6.0,7.0,2.0,3.0,26.0,35.0,6,7,1.0,2.0,25.0,34.0,7,7,0,1.0,1.0,N950LR,N950LR-AA-0,26.0,38.0,9.0,35.0,47.0,,,0.0,26,35,0.0,0.0
N950LR,835.0,2019,2,5,2,4,2019-05-02,AA,AA_CODESHARE,19805,AA,5814,,,,,YV,20378,YV,5814,11298,1129806,30194,DFW,"Dallas/Fort Worth, TX",TX,48,Texas,74,14457,1445702,34457,RAP,"Rapid City, SD",SD,46,South Dakota,67,840,-5.0,0.0,0.0,-1.0,0800-0859,12.0,847.0,934.0,2.0,1001,936.0,-25.0,0.0,0.0,-2.0,1000-1059,0.0,,0.0,141.0,121.0,107.0,1.0,835.0,4,,,0.0,,0.0,,,,0,,,,,,,,,,,,,,,,,,,,,,,,,,,,,,,,,,,,,,,,,,,,,N,4.0,8.0,8.0,9.0,2.0,2.0,38.0,46.0,8,10,3.0,0.0,39.0,48.0,9,9,1,1.0,0.0,N950LR,N950LR-AA-1,39.0,50.0,8.0,47.0,58.0,35.0,3.0,0.0,39,47,0.0,0.0
N950UW,803.0,2019,2,5,2,4,2019-05-02,AA,AA,19805,AA,1710,,,,,AA,19805,AA,1710,14100,1410005,34100,PHL,"Philadelphia, PA",PA,42,Pennsylvania,23,14492,1449202,34492,RDU,"Raleigh/Durham, NC",NC,37,North Carolina,36,810,-7.0,0.0,0.0,-1.0,0800-0859,32.0,835.0,933.0,4.0,941,937.0,-4.0,0.0,0.0,-1.0,0900-0959,0.0,,0.0,91.0,94.0,58.0,1.0,337.0,2,,,0.0,,0.0,,,,0,,,,,,,,,,,,,,,,,,,,,,,,,,,,,,,,,,,,,,,,,,,,,N,0.0,0.0,8.0,9.0,0.0,2.0,32.0,38.0,8,9,1.0,3.0,33.0,39.0,1,1,0,0.0,0.0,N950UW,N950UW-AA-0,33.0,44.0,6.0,39.0,50.0,,,0.0,33,39,0.0,0.0
N951AA,612.0,2019,2,5,2,4,2019-05-02,AA,AA,19805,AA,82,,,,,AA,19805,AA,82,12339,1233904,32337,IND,"Indianapolis, IN",IN,18,Indiana,42,11057,1105703,31057,CLT,"Charlotte, NC",NC,37,North Carolina,36,619,-7.0,0.0,0.0,-1.0,0600-0659,19.0,631.0,740.0,9.0,806,749.0,-17.0,0.0,0.0,-2.0,0800-0859,0.0,,0.0,107.0,97.0,69.0,1.0,427.0,2,,,0.0,,0.0,,,,0,,,,,,,,,,,,,,,,,,,,,,,,,,,,,,,,,,,,,,,,,,,,,N,0.0,0.0,6.0,7.0,1.0,3.0,25.0,31.0,6,8,1.0,0.0,25.0,32.0,6,6,0,1.0,1.0,N951AA,N951AA-AA-0,25.0,37.0,6.0,31.0,43.0,,,0.0,25,31,0.0,0.0
N951AA,902.0,2019,2,5,2,4,2019-05-02,AA,AA,19805,AA,1050,,,,,AA,19805,AA,1050,11057,1105703,31057,CLT,"Charlotte, NC",NC,37,North Carolina,36,14683,1468305,33214,SAT,"San Antonio, TX",TX,48,Texas,74,907,-5.0,0.0,0.0,-1.0,0900-0959,13.0,915.0,1057.0,4.0,1109,1101.0,-8.0,0.0,0.0,-1.0,1100-1159,0.0,,0.0,182.0,179.0,162.0,1.0,1095.0,5,,,0.0,,0.0,,,,0,,,,,,,,,,,,,,,,,,,,,,,,,,,,,,,,,,,,,,,,,,,,,N,0.0,4.0,9.0,11.0,0.0,0.0,36.0,48.0,9,11,0.0,1.0,36.0,49.0,2,2,1,1.0,0.0,N951AA,N951AA-AA-1,36.0,48.0,12.0,48.0,60.0,31.0,5.0,0.0,36,48,0.0,0.0
N951AT,632.0,2019,2,5,2,4,2019-05-02,DL,DL,19790,DL,1114,,,,,DL,19790,DL,1114,13198,1319801,33198,MCI,"Kansas City, MO",MO,29,Missouri,64,11433,1143302,31295,DTW,"Detroit, MI",MI,26,Michigan,43,630,2.0,2.0,0.0,0.0,0600-0659,10.0,642.0,913.0,7.0,923,920.0,-3.0,0.0,0.0,-1.0,0900-0959,0.0,,0.0,113.0,108.0,91.0,1.0,629.0,3,,,0.0,,0.0,,,,0,,,,,,,,,,,,,,,,,,,,,,,,,,,,,,,,,,,,,,,,,,,,,N,4.0,0.0,6.0,9.0,2.0,1.0,30.0,37.0,6,9,2.0,2.0,30.0,38.0,4,4,0,0.0,0.0,N951AT,N951AT-DL-0,30.0,42.0,7.0,37.0,49.0,,,0.0,30,37,0.0,0.0
N951LR,547.0,2019,2,5,2,4,2019-05-02,AA,AA_CODESHARE,19805,AA,5757,,,,,YV,20378,YV,5757,12266,1226603,31453,IAH,"Houston, TX",TX,48,Texas,74,14107,1410702,30466,PHX,"Phoenix, AZ",AZ,4,Arizona,81,550,-3.0,0.0,0.0,-1.0,0001-0559,18.0,605.0,646.0,7.0,650,653.0,3.0,3.0,0.0,0.0,0600-0659,0.0,,0.0,180.0,186.0,161.0,1.0,1009.0,5,,,0.0,,0.0,,,,0,,,,,,,,,,,,,,,,,,,,,,,,,,,,,,,,,,,,,,,,,,,,,N,4.0,8.0,5.0,6.0,3.0,4.0,27.0,36.0,5,6,3.0,3.0,27.0,35.0,1,1,0,1.0,1.0,N951LR,N951LR-AA-0,27.0,39.0,9.0,36.0,48.0,,,0.0,27,36,0.0,0.0
N951LR,732.0,2019,2,5,2,4,2019-05-02,AA,AA_CODESHARE,19805,AA,5802,,,,,YV,20378,YV,5802,14107,1410702,30466,PHX,"Phoenix, AZ",AZ,4,Arizona,81,11638,1163807,31638,FAT,"Fresno, CA",CA,6,California,91,735,-3.0,0.0,0.0,-1.0,0700-0759,21.0,753.0,920.0,5.0,924,925.0,1.0,1.0,0.0,0.0,0900-0959,0.0,,0.0,109.0,113.0,87.0,1.0,493.0,2,,,0.0,,0.0,,,,0,,,,,,,,,,,,,,,,,,,,,,,,,,,,,,,,,,,,,,,,,,,,,N,8.0,12.0,7.0,9.0,2.0,2.0,38.0,50.0,7,9,2.0,2.0,38.0,50.0,3,3,1,1.0,0.0,N951LR,N951LR-AA-1,38.0,50.0,12.0,50.0,62.0,36.0,2.0,0.0,38,50,0.0,0.0
N951NN,648.0,2019,2,5,2,4,2019-05-02,AA,AA,19805,AA,201,,,,,AA,19805,AA,201,14908,1490803,32575,SNA,"Santa Ana, CA",CA,6,California,91,14107,1410702,30466,PHX,"Phoenix, AZ",AZ,4,Arizona,81,645,3.0,3.0,0.0,0.0,0600-0659,24.0,712.0,802.0,5.0,811,807.0,-4.0,0.0,0.0,-1.0,0800-0859,0.0,,0.0,86.0,79.0,50.0,1.0,338.0,2,,,0.0,,0.0,,,,0,,,,,,,,,,,,,,,,,,,,,,,,,,,,,,,,,,,,,,,,,,,,,N,12.0,8.0,6.0,8.0,3.0,0.0,39.0,40.0,6,8,3.0,1.0,39.0,41.0,1,1,0,0.0,0.0,N951NN,N951NN-AA-0,39.0,51.0,1.0,40.0,52.0,,,0.0,39,40,0.0,0.0
N951SW,538.0,2019,2,5,2,4,2019-05-02,UA,UA_CODESHARE,19977,UA,5372,,,,,OO,20304,OO,5372,14252,1425202,34252,PSC,"Pasco/Kennewick/Richland, WA",WA,53,Washington,93,14771,1477104,32457,SFO,"San Francisco, CA",CA,6,California,91,550,-12.0,0.0,0.0,-1.0,0001-0559,20.0,558.0,727.0,6.0,759,733.0,-26.0,0.0,0.0,-2.0,0700-0759,0.0,,0.0,129.0,115.0,89.0,1.0,620.0,3,,,0.0,,0.0,,,,0,,,,,,,,,,,,,,,,,,,,,,,,,,,,,,,,,,,,,,,,,,,,,N,12.0,12.0,5.0,7.0,3.0,2.0,35.0,42.0,5,7,3.0,4.0,35.0,44.0,2,2,0,0.0,0.0,N951SW,N951SW-UA-0,35.0,47.0,7.0,42.0,54.0,,,0.0,35,42,0.0,0.0
N951WN,628.0,2019,2,5,2,4,2019-05-02,WN,WN,19393,WN,747,,,,,WN,19393,WN,747,14831,1483106,32457,SJC,"San Jose, CA",CA,6,California,91,14679,1467903,33570,SAN,"San Diego, CA",CA,6,California,91,630,-2.0,0.0,0.0,-1.0,0600-0659,14.0,642.0,745.0,5.0,755,750.0,-5.0,0.0,0.0,-1.0,0700-0759,0.0,,0.0,85.0,82.0,63.0,1.0,417.0,2,,,0.0,,0.0,,,,0,,,,,,,,,,,,,,,,,,,,,,,,,,,,,,,,,,,,,,,,,,,,,N,12.0,12.0,6.0,7.0,2.0,3.0,38.0,43.0,6,7,2.0,4.0,38.0,44.0,6,6,0,0.0,0.0,N951WN,N951WN-WN-0,38.0,50.0,5.0,43.0,55.0,,,0.0,38,43,0.0,0.0
N952AT,705.0,2019,2,5,2,4,2019-05-02,DL,DL,19790,DL,2718,,,,,DL,19790,DL,2718,12953,1295304,31703,LGA,"New York, NY",NY,36,New York,22,13930,1393007,30977,ORD,"Chicago, IL",IL,17,Illinois,41,710,-5.0,0.0,0.0,-1.0,0700-0759,25.0,730.0,832.0,10.0,849,842.0,-7.0,0.0,0.0,-1.0,0800-0859,0.0,,0.0,159.0,157.0,122.0,1.0,733.0,3,,,0.0,,0.0,,,,0,,,,,,,,,,,,,,,,,,,,,,,,,,,,,,,,,,,,,,,,,,,,,N,0.0,4.0,7.0,8.0,0.0,3.0,28.0,39.0,7,8,1.0,3.0,29.0,39.0,1,1,0,0.0,0.0,N952AT,N952AT-DL-0,29.0,40.0,11.0,40.0,51.0,,,0.0,31,45,5.0,11.4
N952LR,730.0,2019,2,5,2,4,2019-05-02,AA,AA_CODESHARE,19805,AA,5843,,,,,YV,20378,YV,5843,10685,1068502,30685,BMI,"Bloomington/Normal, IL",IL,17,Illinois,41,11298,1129806,30194,DFW,"Dallas/Fort Worth, TX",TX,48,Texas,74,736,-6.0,0.0,0.0,-1.0,0700-0759,6.0,736.0,931.0,16.0,956,947.0,-9.0,0.0,0.0,-1.0,0900-0959,0.0,,0.0,140.0,137.0,115.0,1.0,690.0,3,,,0.0,,0.0,,,,0,,,,,,,,,,,,,,,,,,,,,,,,,,,,,,,,,,,,,,,,,,,,,N,4.0,4.0,7.0,9.0,2.0,3.0,34.0,43.0,7,9,2.0,4.0,34.0,44.0,8,8,0,0.0,0.0,N952LR,N952LR-AA-0,34.0,46.0,9.0,43.0,55.0,,,0.0,34,43,0.0,0.0
N952NN,557.0,2019,2,5,2,4,2019-05-02,AA,AA,19805,AA,1780,,,,,AA,19805,AA,1780,12889,1288903,32211,LAS,"Las Vegas, NV",NV,32,Nevada,85,11298,1129806,30194,DFW,"Dallas/Fort Worth, TX",TX,48,Texas,74,600,-3.0,0.0,0.0,-1.0,0600-0659,14.0,611.0,1037.0,16.0,1040,1053.0,13.0,13.0,0.0,0.0,1000-1059,0.0,,0.0,160.0,176.0,146.0,1.0,1055.0,5,,,0.0,,0.0,,,,0,,,,,,,,,,,,,,,,,,,,,,,,,,,,,,,,,,,,,,,,,,,,,N,12.0,4.0,5.0,10.0,4.0,4.0,36.0,48.0,6,10,0.0,3.0,36.0,47.0,5,5,0,0.0,0.0,N952NN,N952NN-AA-0,36.0,48.0,12.0,48.0,60.0,,,0.0,36,48,0.0,0.0
N952SW,610.0,2019,2,5,2,4,2019-05-02,UA,UA_CODESHARE,19977,UA,5065,,,,,OO,20304,OO,5065,14288,1428805,34288,PUB,"Pueblo, CO",CO,8,Colorado,82,11292,1129202,30325,DEN,"Denver, CO",CO,8,Colorado,82,610,0.0,0.0,0.0,0.0,0600-0659,14.0,624.0,655.0,12.0,708,707.0,-1.0,0.0,0.0,-1.0,0700-0759,0.0,,0.0,58.0,57.0,31.0,1.0,109.0,1,,,0.0,,0.0,,,,0,,,,,,,,,,,,,,,,,,,,,,,,,,,,,,,,,,,,,,,,,,,,,N,8.0,8.0,6.0,7.0,1.0,0.0,33.0,36.0,6,7,1.0,1.0,33.0,37.0,5,5,0,0.0,0.0,N952SW,N952SW-UA-0,33.0,45.0,3.0,36.0,48.0,,,0.0,33,36,0.0,0.0
N952UW,747.0,2019,2,5,2,4,2019-05-02,AA,AA,19805,AA,1841,,,,,AA,19805,AA,1841,14492,1449202,34492,RDU,"Raleigh/Durham, NC",NC,37,North Carolina,36,14100,1410005,34100,PHL,"Philadelphia, PA",PA,42,Pennsylvania,23,752,-5.0,0.0,0.0,-1.0,0700-0759,14.0,801.0,902.0,10.0,920,912.0,-8.0,0.0,0.0,-1.0,0900-0959,0.0,,0.0,88.0,85.0,61.0,1.0,337.0,2,,,0.0,,0.0,,,,0,,,,,,,,,,,,,,,,,,,,,,,,,,,,,,,,,,,,,,,,,,,,,N,0.0,0.0,7.0,9.0,3.0,1.0,31.0,37.0,7,9,3.0,1.0,31.0,37.0,4,4,0,1.0,1.0,N952UW,N952UW-AA-0,31.0,43.0,6.0,37.0,49.0,,,0.0,31,37,0.0,0.0
N952UW,949.0,2019,2,5,2,4,2019-05-02,AA,AA,19805,AA,2193,,,,,AA,19805,AA,2193,14100,1410005,34100,PHL,"Philadelphia, PA",PA,42,Pennsylvania,23,10721,1072102,30721,BOS,"Boston, MA",MA,25,Massachusetts,13,950,-1.0,0.0,0.0,-1.0,0900-0959,16.0,1005.0,1057.0,12.0,1112,1109.0,-3.0,0.0,0.0,-1.0,1100-1159,0.0,,0.0,82.0,80.0,52.0,1.0,280.0,2,,,0.0,,0.0,,,,0,,,,,,,,,,,,,,,,,,,,,,,,,,,,,,,,,,,,,,,,,,,,,N,0.0,0.0,9.0,11.0,3.0,1.0,39.0,45.0,9,11,3.0,1.0,39.0,45.0,3,3,1,1.0,0.0,N952UW,N952UW-AA-1,39.0,51.0,6.0,45.0,57.0,37.0,2.0,0.0,42,49,4.0,16.1
N952WN,812.0,2019,2,5,2,4,2019-05-02,WN,WN,19393,WN,742,,,,,WN,19393,WN,742,12451,1245102,31136,JAX,"Jacksonville, FL",FL,12,Florida,33,13232,1323202,30977,MDW,"Chicago, IL",IL,17,Illinois,41,700,72.0,72.0,1.0,4.0,0700-0759,9.0,821.0,922.0,2.0,830,924.0,54.0,54.0,1.0,3.0,0800-0859,0.0,,0.0,150.0,132.0,121.0,1.0,849.0,4,0.0,0.0,54.0,0.0,0.0,,,,0,,,,,,,,,,,,,,,,,,,,,,,,,,,,,,,,,,,,,,,,,,,,,N,0.0,4.0,8.0,9.0,1.0,2.0,33.0,42.0,7,8,0.0,2.0,28.0,38.0,9,9,0,0.0,0.0,N952WN,N952WN-WN-0,29.0,45.0,9.0,38.0,54.0,,,4.0,29,38,0.0,0.0
N953AN,925.0,2019,2,5,2,4,2019-05-02,AA,AA,19805,AA,1300,,,,,AA,19805,AA,1300,15304,1530402,33195,TPA,"Tampa, FL",FL,12,Florida,33,11298,1129806,30194,DFW,"Dallas/Fort Worth, TX",TX,48,Texas,74,926,-1.0,0.0,0.0,-1.0,0900-0959,11.0,936.0,1108.0,12.0,1120,1120.0,0.0,0.0,0.0,0.0,1100-1159,0.0,,0.0,174.0,175.0,152.0,1.0,929.0,4,,,0.0,,0.0,,,,0,,,,,,,,,,,,,,,,,,,,,,,,,,,,,,,,,,,,,,,,,,,,,N,0.0,4.0,9.0,11.0,2.0,1.0,38.0,49.0,9,11,2.0,1.0,38.0,49.0,2,2,0,0.0,0.0,N953AN,N953AN-AA-0,38.0,50.0,11.0,49.0,61.0,,,0.0,38,49,0.0,0.0
N953AT,655.0,2019,2,5,2,4,2019-05-02,DL,DL,19790,DL,551,,,,,DL,19790,DL,551,11433,1143302,31295,DTW,"Detroit, MI",MI,26,Michigan,43,11057,1105703,31057,CLT,"Charlotte, NC",NC,37,North Carolina,36,700,-5.0,0.0,0.0,-1.0,0700-0759,17.0,712.0,840.0,5.0,850,845.0,-5.0,0.0,0.0,-1.0,0800-0859,0.0,,0.0,110.0,110.0,88.0,1.0,500.0,3,,,0.0,,0.0,,,,0,,,,,,,,,,,,,,,,,,,,,,,,,,,,,,,,,,,,,,,,,,,,,N,0.0,0.0,6.0,8.0,4.0,3.0,28.0,35.0,7,8,0.0,3.0,28.0,35.0,4,4,0,1.0,1.0,N953AT,N953AT-DL-0,28.0,40.0,7.0,35.0,47.0,,,0.0,28,35,0.0,0.0
N953AT,924.0,2019,2,5,2,4,2019-05-02,DL,DL,19790,DL,551,,,,,DL,19790,DL,551,11057,1105703,31057,CLT,"Charlotte, NC",NC,37,North Carolina,36,11433,1143302,31295,DTW,"Detroit, MI",MI,26,Michigan,43,932,-8.0,0.0,0.0,-1.0,0900-0959,14.0,938.0,1054.0,5.0,1123,1059.0,-24.0,0.0,0.0,-2.0,1100-1159,0.0,,0.0,111.0,95.0,76.0,1.0,500.0,3,,,0.0,,0.0,,,,0,,,,,,,,,,,,,,,,,,,,,,,,,,,,,,,,,,,,,,,,,,,,,N,0.0,0.0,9.0,10.0,2.0,4.0,38.0,44.0,9,11,2.0,2.0,38.0,46.0,8,8,1,1.0,0.0,N953AT,N953AT-DL-1,38.0,50.0,6.0,44.0,56.0,35.0,3.0,0.0,38,44,0.0,0.0
N953DL,824.0,2019,2,5,2,4,2019-05-02,DL,DL,19790,DL,1137,,,,,DL,19790,DL,1137,14492,1449202,34492,RDU,"Raleigh/Durham, NC",NC,37,North Carolina,36,10397,1039707,30397,ATL,"Atlanta, GA",GA,13,Georgia,34,830,-6.0,0.0,0.0,-1.0,0800-0859,18.0,842.0,940.0,7.0,1006,947.0,-19.0,0.0,0.0,-2.0,1000-1059,0.0,,0.0,96.0,83.0,58.0,1.0,356.0,2,,,0.0,,0.0,,,,0,,,,,,,,,,,,,,,,,,,,,,,,,,,,,,,,,,,,,,,,,,,,,N,0.0,0.0,8.0,9.0,2.0,3.0,34.0,39.0,8,10,2.0,0.0,34.0,40.0,2,2,0,0.0,0.0,N953DL,N953DL-DL-0,34.0,46.0,5.0,39.0,51.0,,,0.0,34,39,0.0,0.0
N953NN,545.0,2019,2,5,2,4,2019-05-02,AA,AA,19805,AA,2523,,,,,AA,19805,AA,2523,13930,1393007,30977,ORD,"Chicago, IL",IL,17,Illinois,41,11057,1105703,31057,CLT,"Charlotte, NC",NC,37,North Carolina,36,551,-6.0,0.0,0.0,-1.0,0001-0559,12.0,557.0,827.0,9.0,848,836.0,-12.0,0.0,0.0,-1.0,0800-0859,0.0,,0.0,117.0,111.0,90.0,1.0,599.0,3,,,0.0,,0.0,,,,0,,,,,,,,,,,,,,,,,,,,,,,,,,,,,,,,,,,,,,,,,,,,,N,4.0,0.0,5.0,8.0,3.0,2.0,27.0,34.0,5,8,3.0,3.0,27.0,35.0,4,4,0,1.0,1.0,N953NN,N953NN-AA-0,27.0,39.0,7.0,34.0,46.0,,,0.0,27,34,0.0,0.0
N953NN,932.0,2019,2,5,2,4,2019-05-02,AA,AA,19805,AA,2553,,,,,AA,19805,AA,2553,11057,1105703,31057,CLT,"Charlotte, NC",NC,37,North Carolina,36,13487,1348702,31650,MSP,"Minneapolis, MN",MN,27,Minnesota,63,936,-4.0,0.0,0.0,-1.0,0900-0959,14.0,946.0,1105.0,5.0,1124,1110.0,-14.0,0.0,0.0,-1.0,1100-1159,0.0,,0.0,168.0,158.0,139.0,1.0,930.0,4,,,0.0,,0.0,,,,0,,,,,,,,,,,,,,,,,,,,,,,,,,,,,,,,,,,,,,,,,,,,,N,0.0,4.0,9.0,11.0,2.0,1.0,38.0,49.0,9,11,2.0,2.0,38.0,50.0,5,5,1,1.0,0.0,N953NN,N953NN-AA-1,38.0,50.0,11.0,49.0,61.0,34.0,4.0,0.0,38,49,0.0,0.0
N953WN,709.0,2019,2,5,2,4,2019-05-02,WN,WN,19393,WN,362,,,,,WN,19393,WN,362,11259,1125904,30194,DAL,"Dallas, TX",TX,48,Texas,74,13244,1324402,33244,MEM,"Memphis, TN",TN,47,Tennessee,54,710,-1.0,0.0,0.0,-1.0,0700-0759,9.0,718.0,839.0,4.0,835,843.0,8.0,8.0,0.0,0.0,0800-0859,0.0,,0.0,85.0,94.0,81.0,1.0,423.0,2,,,0.0,,0.0,,,,0,,,,,,,,,,,,,,,,,,,,,,,,,,,,,,,,,,,,,,,,,,,,,N,4.0,4.0,7.0,8.0,1.0,3.0,33.0,39.0,7,8,1.0,2.0,33.0,38.0,8,8,0,0.0,0.0,N953WN,N953WN-WN-0,33.0,45.0,6.0,39.0,51.0,,,0.0,33,39,0.0,0.0
N954AN,653.0,2019,2,5,2,4,2019-05-02,AA,AA,19805,AA,1395,,,,,AA,19805,AA,1395,13487,1348702,31650,MSP,"Minneapolis, MN",MN,27,Minnesota,63,11298,1129806,30194,DFW,"Dallas/Fort Worth, TX",TX,48,Texas,74,652,1.0,1.0,0.0,0.0,0600-0659,16.0,709.0,935.0,14.0,940,949.0,9.0,9.0,0.0,0.0,0900-0959,0.0,,0.0,168.0,176.0,146.0,1.0,852.0,4,,,0.0,,0.0,,,,0,,,,,,,,,,,,,,,,,,,,,,,,,,,,,,,,,,,,,,,,,,,,,N,4.0,4.0,6.0,9.0,4.0,3.0,32.0,43.0,6,9,3.0,3.0,31.0,43.0,2,2,0,0.0,0.0,N954AN,N954AN-AA-0,32.0,44.0,11.0,43.0,55.0,,,0.0,32,43,0.0,0.0
N954AT,555.0,2019,2,5,2,4,2019-05-02,DL,DL,19790,DL,2030,,,,,DL,19790,DL,2030,13232,1323202,30977,MDW,"Chicago, IL",IL,17,Illinois,41,10397,1039707,30397,ATL,"Atlanta, GA",GA,13,Georgia,34,600,-5.0,0.0,0.0,-1.0,0600-0659,11.0,606.0,831.0,11.0,851,842.0,-9.0,0.0,0.0,-1.0,0800-0859,0.0,,0.0,111.0,107.0,85.0,1.0,591.0,3,,,0.0,,0.0,,,,0,,,,,,,,,,,,,,,,,,,,,,,,,,,,,,,,,,,,,,,,,,,,,N,4.0,0.0,5.0,8.0,4.0,3.0,28.0,35.0,6,8,0.0,3.0,28.0,35.0,6,6,0,0.0,0.0,N954AT,N954AT-DL-0,28.0,40.0,7.0,35.0,47.0,,,0.0,28,36,1.0,6.3
N954JB,941.0,2019,2,5,2,4,2019-05-02,B6,B6,20409,B6,865,,,,,B6,20409,B6,865,10721,1072102,30721,BOS,"Boston, MA",MA,25,Massachusetts,13,14635,1463502,31714,RSW,"Fort Myers, FL",FL,12,Florida,33,950,-9.0,0.0,0.0,-1.0,0900-0959,27.0,1008.0,1314.0,15.0,1318,1329.0,11.0,11.0,0.0,0.0,1300-1359,0.0,,0.0,208.0,228.0,186.0,1.0,1249.0,5,,,0.0,,0.0,,,,0,,,,,,,,,,,,,,,,,,,,,,,,,,,,,,,,,,,,,,,,,,,,,N,0.0,0.0,9.0,13.0,3.0,2.0,39.0,54.0,9,13,3.0,1.0,39.0,53.0,4,4,0,0.0,0.0,N954JB,N954JB-B6-0,39.0,51.0,15.0,54.0,66.0,,,0.0,39,54,0.0,0.0
N954NN,512.0,2019,2,5,2,4,2019-05-02,AA,AA,19805,AA,2765,,,,,AA,19805,AA,2765,14107,1410702,30466,PHX,"Phoenix, AZ",AZ,4,Arizona,81,13930,1393007,30977,ORD,"Chicago, IL",IL,17,Illinois,41,515,-3.0,0.0,0.0,-1.0,0001-0559,18.0,530.0,1014.0,7.0,1044,1021.0,-23.0,0.0,0.0,-2.0,1000-1059,0.0,,0.0,209.0,189.0,164.0,1.0,1440.0,6,,,0.0,,0.0,,,,0,,,,,,,,,,,,,,,,,,,,,,,,,,,,,,,,,,,,,,,,,,,,,N,8.0,4.0,5.0,10.0,1.0,1.0,29.0,45.0,5,10,1.0,3.0,29.0,47.0,7,7,0,0.0,0.0,N954NN,N954NN-AA-0,29.0,41.0,16.0,45.0,57.0,,,0.0,29,45,0.0,0.0
N954SW,620.0,2019,2,5,2,4,2019-05-02,UA,UA_CODESHARE,19977,UA,5082,,,,,OO,20304,OO,5082,13344,1334403,33344,MKG,"Muskegon, MI",MI,26,Michigan,43,13930,1393007,30977,ORD,"Chicago, IL",IL,17,Illinois,41,640,-20.0,0.0,0.0,-2.0,0600-0659,44.0,704.0,639.0,15.0,649,654.0,5.0,5.0,0.0,0.0,0600-0659,0.0,,0.0,69.0,94.0,35.0,1.0,119.0,1,,,0.0,,0.0,,,,0,,,,,,,,,,,,,,,,,,,,,,,,,,,,,,,,,,,,,,,,,,,,,N,0.0,4.0,6.0,6.0,1.0,4.0,25.0,32.0,6,6,3.0,3.0,27.0,31.0,4,4,0,1.0,1.0,N954SW,N954SW-UA-0,27.0,37.0,7.0,34.0,44.0,,,0.0,27,34,0.0,0.0
N954SW,718.0,2019,2,5,2,4,2019-05-02,UA,UA_CODESHARE,19977,UA,5542,,,,,OO,20304,OO,5542,13930,1393007,30977,ORD,"Chicago, IL",IL,17,Illinois,41,15016,1501606,31123,STL,"St. Louis, MO",MO,29,Missouri,64,700,18.0,18.0,1.0,1.0,0700-0759,34.0,752.0,849.0,6.0,823,855.0,32.0,32.0,1.0,2.0,0800-0859,0.0,,0.0,83.0,97.0,57.0,1.0,258.0,2,13.0,0.0,14.0,0.0,5.0,,,,0,,,,,,,,,,,,,,,,,,,,,,,,,,,,,,,,,,,,,,,,,,,,,N,4.0,4.0,7.0,8.0,1.0,4.0,33.0,40.0,7,8,0.0,2.0,32.0,38.0,7,7,1,1.0,0.0,N954SW,N954SW-UA-1,32.0,45.0,7.0,39.0,52.0,32.0,1.0,1.0,34,41,2.0,15.14
N954UW,552.0,2019,2,5,2,4,2019-05-02,AA,AA,19805,AA,2137,,,,,AA,19805,AA,2137,10721,1072102,30721,BOS,"Boston, MA",MA,25,Massachusetts,13,12953,1295304,31703,LGA,"New York, NY",NY,36,New York,22,600,-8.0,0.0,0.0,-1.0,0600-0659,14.0,606.0,650.0,6.0,725,656.0,-29.0,0.0,0.0,-2.0,0700-0759,0.0,,0.0,85.0,64.0,44.0,1.0,184.0,1,,,0.0,,0.0,,,,0,,,,,,,,,,,,,,,,,,,,,,,,,,,,,,,,,,,,,,,,,,,,,N,0.0,0.0,5.0,6.0,3.0,4.0,23.0,28.0,6,7,0.0,2.0,24.0,30.0,5,5,0,1.0,1.0,N954UW,N954UW-AA-0,24.0,35.0,5.0,29.0,40.0,,,0.0,24,29,0.0,0.0
N954UW,753.0,2019,2,5,2,4,2019-05-02,AA,AA,19805,AA,2158,,,,,AA,19805,AA,2158,12953,1295304,31703,LGA,"New York, NY",NY,36,New York,22,10721,1072102,30721,BOS,"Boston, MA",MA,25,Massachusetts,13,800,-7.0,0.0,0.0,-1.0,0800-0859,20.0,813.0,850.0,7.0,910,857.0,-13.0,0.0,0.0,-1.0,0900-0959,0.0,,0.0,70.0,64.0,37.0,1.0,184.0,1,,,0.0,,0.0,,,,0,,,,,,,,,,,,,,,,,,,,,,,,,,,,,,,,,,,,,,,,,,,,,N,0.0,0.0,7.0,8.0,4.0,4.0,32.0,36.0,8,9,0.0,1.0,32.0,37.0,8,8,1,1.0,0.0,N954UW,N954UW-AA-1,32.0,44.0,4.0,36.0,48.0,28.0,4.0,0.0,33,37,1.0,8.28
N954WN,511.0,2019,2,5,2,4,2019-05-02,WN,WN,19393,WN,2255,,,,,WN,19393,WN,2255,10792,1079206,30792,BUF,"Buffalo, NY",NY,36,New York,22,13204,1320402,31454,MCO,"Orlando, FL",FL,12,Florida,33,515,-4.0,0.0,0.0,-1.0,0001-0559,8.0,519.0,734.0,7.0,745,741.0,-4.0,0.0,0.0,-1.0,0700-0759,0.0,,0.0,150.0,150.0,135.0,1.0,1011.0,5,,,0.0,,0.0,,,,0,,,,,,,,,,,,,,,,,,,,,,,,,,,,,,,,,,,,,,,,,,,,,N,0.0,0.0,5.0,7.0,1.0,3.0,21.0,31.0,5,7,1.0,3.0,21.0,31.0,8,8,0,1.0,1.0,N954WN,N954WN-WN-0,21.0,33.0,10.0,31.0,43.0,,,0.0,21,31,0.0,0.0
N954WN,830.0,2019,2,5,2,4,2019-05-02,WN,WN,19393,WN,2255,,,,,WN,19393,WN,2255,13204,1320402,31454,MCO,"Orlando, FL",FL,12,Florida,33,15016,1501606,31123,STL,"St. Louis, MO",MO,29,Missouri,64,835,-5.0,0.0,0.0,-1.0,0800-0859,14.0,844.0,944.0,4.0,1005,948.0,-17.0,0.0,0.0,-2.0,1000-1059,0.0,,0.0,150.0,138.0,120.0,1.0,882.0,4,,,0.0,,0.0,,,,0,,,,,,,,,,,,,,,,,,,,,,,,,,,,,,,,,,,,,,,,,,,,,N,0.0,4.0,8.0,9.0,2.0,3.0,34.0,43.0,8,10,2.0,0.0,34.0,44.0,9,9,1,1.0,0.0,N954WN,N954WN-WN-1,34.0,46.0,9.0,43.0,55.0,31.0,3.0,0.0,34,43,0.0,0.0
N955AT,558.0,2019,2,5,2,4,2019-05-02,DL,DL,19790,DL,456,,,,,DL,19790,DL,456,12892,1289208,32575,LAX,"Los Angeles, CA",CA,6,California,91,14057,1405702,34057,PDX,"Portland, OR",OR,41,Oregon,92,600,-2.0,0.0,0.0,-1.0,0600-0659,14.0,612.0,814.0,1.0,824,815.0,-9.0,0.0,0.0,-1.0,0800-0859,0.0,,0.0,144.0,137.0,122.0,1.0,834.0,4,,,0.0,,0.0,,,,0,,,,,,,,,,,,,,,,,,,,,,,,,,,,,,,,,,,,,,,,,,,,,N,12.0,12.0,5.0,8.0,4.0,1.0,36.0,45.0,6,8,0.0,2.0,36.0,46.0,2,2,0,0.0,0.0,N955AT,N955AT-DL-0,36.0,48.0,9.0,45.0,57.0,,,0.0,36,45,0.0,0.0
N955DL,724.0,2019,2,5,2,4,2019-05-02,DL,DL,19790,DL,1697,,,,,DL,19790,DL,1697,12264,1226402,30852,IAD,"Washington, DC",VA,51,Virginia,38,10397,1039707,30397,ATL,"Atlanta, GA",GA,13,Georgia,34,730,-6.0,0.0,0.0,-1.0,0700-0759,11.0,735.0,859.0,12.0,922,911.0,-11.0,0.0,0.0,-1.0,0900-0959,0.0,,0.0,112.0,107.0,84.0,1.0,534.0,3,,,0.0,,0.0,,,,0,,,,,,,,,,,,,,,,,,,,,,,,,,,,,,,,,,,,,,,,,,,,,N,0.0,0.0,7.0,9.0,2.0,1.0,30.0,37.0,7,9,2.0,1.0,30.0,37.0,7,7,0,0.0,0.0,N955DL,N955DL-DL-0,30.0,42.0,7.0,37.0,49.0,,,0.0,30,37,0.0,0.0
N955LR,811.0,2019,2,5,2,4,2019-05-02,AA,AA_CODESHARE,19805,AA,5844,,,,,YV,20378,YV,5844,14107,1410702,30466,PHX,"Phoenix, AZ",AZ,4,Arizona,81,15376,1537604,30436,TUS,"Tucson, AZ",AZ,4,Arizona,81,720,51.0,51.0,1.0,3.0,0700-0759,19.0,830.0,853.0,5.0,814,858.0,44.0,44.0,1.0,2.0,0800-0859,0.0,,0.0,54.0,47.0,23.0,1.0,110.0,1,44.0,0.0,0.0,0.0,0.0,,,,0,,,,,,,,,,,,,,,,,,,,,,,,,,,,,,,,,,,,,,,,,,,,,N,8.0,8.0,8.0,8.0,1.0,4.0,41.0,44.0,7,8,1.0,1.0,37.0,41.0,6,6,0,0.0,0.0,N955LR,N955LR-AA-0,41.0,53.0,3.0,44.0,56.0,,,0.0,41,44,0.0,0.0
N955NN,751.0,2019,2,5,2,4,2019-05-02,AA,AA,19805,AA,1369,,,,,AA,19805,AA,1369,15304,1530402,33195,TPA,"Tampa, FL",FL,12,Florida,33,11298,1129806,30194,DFW,"Dallas/Fort Worth, TX",TX,48,Texas,74,752,-1.0,0.0,0.0,-1.0,0700-0759,11.0,802.0,946.0,11.0,950,957.0,7.0,7.0,0.0,0.0,0900-0959,0.0,,0.0,178.0,186.0,164.0,1.0,929.0,4,,,0.0,,0.0,,,,0,,,,,,,,,,,,,,,,,,,,,,,,,,,,,,,,,,,,,,,,,,,,,N,0.0,4.0,7.0,9.0,3.0,4.0,31.0,44.0,7,9,3.0,3.0,31.0,43.0,2,2,0,0.0,0.0,N955NN,N955NN-AA-0,31.0,43.0,13.0,44.0,56.0,,,0.0,33,46,2.0,4.9
N955UW,655.0,2019,2,5,2,4,2019-05-02,AA,AA,19805,AA,2127,,,,,AA,19805,AA,2127,10721,1072102,30721,BOS,"Boston, MA",MA,25,Massachusetts,13,11278,1127805,30852,DCA,"Washington, DC",VA,51,Virginia,38,700,-5.0,0.0,0.0,-1.0,0700-0759,12.0,707.0,819.0,3.0,848,822.0,-26.0,0.0,0.0,-2.0,0800-0859,0.0,,0.0,108.0,87.0,72.0,1.0,399.0,2,,,0.0,,0.0,,,,0,,,,,,,,,,,,,,,,,,,,,,,,,,,,,,,,,,,,,,,,,,,,,N,0.0,0.0,6.0,8.0,4.0,1.0,28.0,33.0,7,8,0.0,3.0,28.0,35.0,4,4,0,1.0,1.0,N955UW,N955UW-AA-0,28.0,40.0,5.0,33.0,45.0,,,0.0,28,33,0.0,0.0
N955UW,921.0,2019,2,5,2,4,2019-05-02,AA,AA,19805,AA,2144,,,,,AA,19805,AA,2144,11278,1127805,30852,DCA,"Washington, DC",VA,51,Virginia,38,10721,1072102,30721,BOS,"Boston, MA",MA,25,Massachusetts,13,930,-9.0,0.0,0.0,-1.0,0900-0959,12.0,933.0,1040.0,6.0,1058,1046.0,-12.0,0.0,0.0,-1.0,1000-1059,0.0,,0.0,88.0,85.0,67.0,1.0,399.0,2,,,0.0,,0.0,,,,0,,,,,,,,,,,,,,,,,,,,,,,,,,,,,,,,,,,,,,,,,,,,,N,0.0,0.0,9.0,10.0,1.0,3.0,37.0,43.0,9,10,2.0,4.0,38.0,44.0,9,9,1,1.0,0.0,N955UW,N955UW-AA-1,38.0,49.0,6.0,44.0,55.0,33.0,4.0,0.0,38,45,1.0,9.26
N955WN,634.0,2019,2,5,2,4,2019-05-02,WN,WN,19393,WN,2025,,,,,WN,19393,WN,2025,13796,1379608,32457,OAK,"Oakland, CA",CA,6,California,91,12889,1288903,32211,LAS,"Las Vegas, NV",NV,32,Nevada,85,635,-1.0,0.0,0.0,-1.0,0600-0659,18.0,652.0,753.0,11.0,805,804.0,-1.0,0.0,0.0,-1.0,0800-0859,0.0,,0.0,90.0,90.0,61.0,1.0,407.0,2,,,0.0,,0.0,,,,0,,,,,,,,,,,,,,,,,,,,,,,,,,,,,,,,,,,,,,,,,,,,,N,12.0,12.0,6.0,8.0,2.0,0.0,38.0,44.0,6,8,2.0,0.0,38.0,44.0,1,1,0,0.0,0.0,N955WN,N955WN-WN-0,38.0,50.0,6.0,44.0,56.0,,,0.0,38,44,0.0,0.0
N956AN,600.0,2019,2,5,2,4,2019-05-02,AA,AA,19805,AA,2380,,,,,AA,19805,AA,2380,11298,1129806,30194,DFW,"Dallas/Fort Worth, TX",TX,48,Texas,74,11278,1127805,30852,DCA,"Washington, DC",VA,51,Virginia,38,600,0.0,0.0,0.0,0.0,0600-0659,15.0,615.0,946.0,3.0,951,949.0,-2.0,0.0,0.0,-1.0,0900-0959,0.0,,0.0,171.0,169.0,151.0,1.0,1192.0,5,,,0.0,,0.0,,,,0,,,,,,,,,,,,,,,,,,,,,,,,,,,,,,,,,,,,,,,,,,,,,N,4.0,0.0,6.0,9.0,0.0,3.0,28.0,39.0,6,9,0.0,3.0,28.0,39.0,1,1,0,0.0,0.0,N956AN,N956AN-AA-0,28.0,40.0,11.0,39.0,51.0,,,0.0,30,41,2.0,3.0
N956AT,655.0,2019,2,5,2,4,2019-05-02,DL,DL,19790,DL,322,,,,,DL,19790,DL,322,15249,1524906,35249,TLH,"Tallahassee, FL",FL,12,Florida,33,10397,1039707,30397,ATL,"Atlanta, GA",GA,13,Georgia,34,700,-5.0,0.0,0.0,-1.0,0700-0759,13.0,708.0,747.0,6.0,802,753.0,-9.0,0.0,0.0,-1.0,0800-0859,0.0,,0.0,62.0,58.0,39.0,1.0,223.0,1,,,0.0,,0.0,,,,0,,,,,,,,,,,,,,,,,,,,,,,,,,,,,,,,,,,,,,,,,,,,,N,0.0,0.0,6.0,7.0,4.0,4.0,28.0,32.0,7,8,0.0,0.0,28.0,32.0,3,3,0,1.0,1.0,N956AT,N956AT-DL-0,28.0,40.0,4.0,32.0,44.0,,,0.0,28,32,0.0,0.0
N956AT,843.0,2019,2,5,2,4,2019-05-02,DL,DL,19790,DL,2609,,,,,DL,19790,DL,2609,10397,1039707,30397,ATL,"Atlanta, GA",GA,13,Georgia,34,11057,1105703,31057,CLT,"Charlotte, NC",NC,37,North Carolina,36,845,-2.0,0.0,0.0,-1.0,0800-0859,18.0,901.0,942.0,13.0,1000,955.0,-5.0,0.0,0.0,-1.0,1000-1059,0.0,,0.0,75.0,72.0,41.0,1.0,226.0,1,,,0.0,,0.0,,,,0,,,,,,,,,,,,,,,,,,,,,,,,,,,,,,,,,,,,,,,,,,,,,N,0.0,0.0,8.0,9.0,3.0,4.0,35.0,40.0,8,10,3.0,0.0,35.0,40.0,6,6,1,1.0,0.0,N956AT,N956AT-DL-1,35.0,47.0,5.0,40.0,52.0,32.0,3.0,0.0,36,41,1.0,6.38
N956JT,452.0,2019,2,5,2,4,2019-05-02,B6,B6,20409,B6,838,,,,,B6,20409,B6,838,10732,1073203,30732,BQN,"Aguadilla, PR",PR,72,Puerto Rico,3,12478,1247805,31703,JFK,"New York, NY",NY,36,New York,22,513,-21.0,0.0,0.0,-2.0,0001-0559,26.0,518.0,847.0,14.0,910,901.0,-9.0,0.0,0.0,-1.0,0900-0959,0.0,,0.0,237.0,249.0,209.0,1.0,1576.0,7,,,0.0,,0.0,,,,0,,,,,,,,,,,,,,,,,,,,,,,,,,,,,,,,,,,,,,,,,,,,,N,-4.0,0.0,4.0,9.0,3.0,0.0,15.0,36.0,5,9,1.0,1.0,17.0,37.0,7,7,0,0.0,0.0,N956JT,N956JT-B6-0,17.0,27.0,21.0,38.0,48.0,,,0.0,17,38,0.0,0.0
N956LR,723.0,2019,2,5,2,4,2019-05-02,AA,AA_CODESHARE,19805,AA,5734,,,,,YV,20378,YV,5734,12191,1219102,31453,HOU,"Houston, TX",TX,48,Texas,74,11298,1129806,30194,DFW,"Dallas/Fort Worth, TX",TX,48,Texas,74,627,56.0,56.0,1.0,3.0,0600-0659,12.0,735.0,836.0,22.0,749,858.0,69.0,69.0,1.0,4.0,0700-0759,0.0,,0.0,82.0,95.0,61.0,1.0,247.0,1,56.0,0.0,13.0,0.0,0.0,,,,0,,,,,,,,,,,,,,,,,,,,,,,,,,,,,,,,,,,,,,,,,,,,,N,4.0,4.0,7.0,8.0,2.0,4.0,34.0,40.0,6,7,2.0,3.0,30.0,35.0,5,5,0,1.0,1.0,N956LR,N956LR-AA-0,33.0,46.0,6.0,39.0,52.0,,,1.0,33,39,0.0,0.0
N956LR,934.0,2019,2,5,2,4,2019-05-02,AA,AA_CODESHARE,19805,AA,5791,,,,,YV,20378,YV,5791,11298,1129806,30194,DFW,"Dallas/Fort Worth, TX",TX,48,Texas,74,14698,1469802,34236,SBP,"San Luis Obispo, CA",CA,6,California,91,850,44.0,44.0,1.0,2.0,0800-0859,34.0,1008.0,1120.0,3.0,1039,1123.0,44.0,44.0,1.0,2.0,1000-1059,0.0,,0.0,229.0,229.0,192.0,1.0,1360.0,6,0.0,0.0,0.0,0.0,44.0,,,,0,,,,,,,,,,,,,,,,,,,,,,,,,,,,,,,,,,,,,,,,,,,,,N,4.0,12.0,9.0,11.0,2.0,2.0,42.0,58.0,8,10,3.0,3.0,39.0,55.0,1,1,1,1.0,0.0,N956LR,N956LR-AA-1,39.0,54.0,16.0,55.0,70.0,40.0,2.0,3.0,44,60,5.0,11.0
N956UW,716.0,2019,2,5,2,4,2019-05-02,AA,AA,19805,AA,1768,,,,,AA,19805,AA,1768,12266,1226603,31453,IAH,"Houston, TX",TX,48,Texas,74,14100,1410005,34100,PHL,"Philadelphia, PA",PA,42,Pennsylvania,23,716,0.0,0.0,0.0,0.0,0700-0759,69.0,825.0,1225.0,2.0,1138,1227.0,49.0,49.0,1.0,3.0,1100-1159,0.0,,0.0,202.0,251.0,180.0,1.0,1325.0,6,0.0,0.0,49.0,0.0,0.0,,,,0,,,,,,,,,,,,,,,,,,,,,,,,,,,,,,,,,,,,,,,,,,,,,N,4.0,0.0,7.0,12.0,1.0,2.0,33.0,50.0,7,11,1.0,3.0,33.0,47.0,5,5,0,0.0,0.0,N956UW,N956UW-AA-0,33.0,45.0,17.0,50.0,62.0,,,3.0,33,50,0.0,0.0
N956WN,714.0,2019,2,5,2,4,2019-05-02,WN,WN,19393,WN,1256,,,,,WN,19393,WN,1256,11697,1169706,32467,FLL,"Fort Lauderdale, FL",FL,12,Florida,33,12889,1288903,32211,LAS,"Las Vegas, NV",NV,32,Nevada,85,715,-1.0,0.0,0.0,-1.0,0700-0759,15.0,729.0,925.0,9.0,930,934.0,4.0,4.0,0.0,0.0,0900-0959,0.0,,0.0,315.0,320.0,296.0,1.0,2173.0,9,,,0.0,,0.0,,,,0,,,,,,,,,,,,,,,,,,,,,,,,,,,,,,,,,,,,,,,,,,,,,N,0.0,12.0,7.0,9.0,1.0,2.0,29.0,50.0,7,9,1.0,2.0,29.0,50.0,5,5,0,0.0,0.0,N956WN,N956WN-WN-0,29.0,41.0,21.0,50.0,62.0,,,0.0,29,50,0.0,0.0
N957AT,657.0,2019,2,5,2,4,2019-05-02,DL,DL,19790,DL,2665,,,,,DL,19790,DL,2665,11292,1129202,30325,DEN,"Denver, CO",CO,8,Colorado,82,14747,1474703,30559,SEA,"Seattle, WA",WA,53,Washington,93,701,-4.0,0.0,0.0,-1.0,0700-0759,14.0,711.0,855.0,3.0,900,858.0,-2.0,0.0,0.0,-1.0,0900-0959,0.0,,0.0,179.0,181.0,164.0,1.0,1024.0,5,,,0.0,,0.0,,,,0,,,,,,,,,,,,,,,,,,,,,,,,,,,,,,,,,,,,,,,,,,,,,N,8.0,12.0,6.0,8.0,4.0,4.0,36.0,48.0,7,9,0.0,0.0,36.0,48.0,5,5,0,0.0,0.0,N957AT,N957AT-DL-0,36.0,48.0,12.0,48.0,60.0,,,0.0,37,50,2.0,11.2
N957DL,726.0,2019,2,5,2,4,2019-05-02,DL,DL,19790,DL,2608,,,,,DL,19790,DL,2608,10397,1039707,30397,ATL,"Atlanta, GA",GA,13,Georgia,34,10821,1082106,30852,BWI,"Baltimore, MD",MD,24,Maryland,35,726,0.0,0.0,0.0,0.0,0700-0759,16.0,742.0,906.0,7.0,916,913.0,-3.0,0.0,0.0,-1.0,0900-0959,0.0,,0.0,110.0,107.0,84.0,1.0,577.0,3,,,0.0,,0.0,,,,0,,,,,,,,,,,,,,,,,,,,,,,,,,,,,,,,,,,,,,,,,,,,,N,0.0,0.0,7.0,9.0,2.0,1.0,30.0,37.0,7,9,2.0,1.0,30.0,37.0,9,9,0,0.0,0.0,N957DL,N957DL-DL-0,30.0,42.0,7.0,37.0,49.0,,,0.0,30,37,0.0,0.0
N957JB,459.0,2019,2,5,2,4,2019-05-02,B6,B6,20409,B6,1403,,,,,B6,20409,B6,1403,12478,1247805,31703,JFK,"New York, NY",NY,36,New York,22,14843,1484306,34819,SJU,"San Juan, PR",PR,72,Puerto Rico,3,500,-1.0,0.0,0.0,-1.0,0001-0559,14.0,513.0,829.0,5.0,843,834.0,-9.0,0.0,0.0,-1.0,0800-0859,0.0,,0.0,223.0,215.0,196.0,1.0,1598.0,7,,,0.0,,0.0,,,,0,,,,,,,,,,,,,,,,,,,,,,,,,,,,,,,,,,,,,,,,,,,,,N,0.0,-4.0,4.0,8.0,4.0,2.0,20.0,30.0,5,8,0.0,3.0,20.0,31.0,7,7,0,1.0,1.0,N957JB,N957JB-B6-0,20.0,32.0,10.0,30.0,42.0,,,0.0,20,30,0.0,0.0
N957JB,939.0,2019,2,5,2,4,2019-05-02,B6,B6,20409,B6,1404,,,,,B6,20409,B6,1404,14843,1484306,34819,SJU,"San Juan, PR",PR,72,Puerto Rico,3,12478,1247805,31703,JFK,"New York, NY",NY,36,New York,22,943,-4.0,0.0,0.0,-1.0,0900-0959,14.0,953.0,1325.0,12.0,1339,1337.0,-2.0,0.0,0.0,-1.0,1300-1359,0.0,,0.0,236.0,238.0,212.0,1.0,1598.0,7,,,0.0,,0.0,,,,0,,,,,,,,,,,,,,,,,,,,,,,,,,,,,,,,,,,,,,,,,,,,,N,-4.0,0.0,9.0,13.0,3.0,2.0,35.0,54.0,9,13,3.0,3.0,35.0,55.0,5,5,1,1.0,0.0,N957JB,N957JB-B6-1,35.0,47.0,19.0,54.0,66.0,30.0,5.0,0.0,35,54,0.0,0.0
N957LR,847.0,2019,2,5,2,4,2019-05-02,AA,AA_CODESHARE,19805,AA,5869,,,,,YV,20378,YV,5869,10279,1027903,30279,AMA,"Amarillo, TX",TX,48,Texas,74,14107,1410702,30466,PHX,"Phoenix, AZ",AZ,4,Arizona,81,850,-3.0,0.0,0.0,-1.0,0800-0859,17.0,904.0,841.0,9.0,905,850.0,-15.0,0.0,0.0,-1.0,0900-0959,0.0,,0.0,135.0,123.0,97.0,1.0,602.0,3,,,0.0,,0.0,,,,0,,,,,,,,,,,,,,,,,,,,,,,,,,,,,,,,,,,,,,,,,,,,,N,4.0,8.0,8.0,8.0,3.0,3.0,39.0,43.0,8,9,3.0,0.0,39.0,44.0,5,5,0,0.0,0.0,N957LR,N957LR-AA-0,39.0,51.0,4.0,43.0,55.0,,,0.0,39,43,0.0,0.0
N957SW,550.0,2019,2,5,2,4,2019-05-02,UA,UA_CODESHARE,19977,UA,5464,,,,,OO,20304,OO,5464,14489,1448902,34489,RDM,"Bend/Redmond, OR",OR,41,Oregon,92,14771,1477104,32457,SFO,"San Francisco, CA",CA,6,California,91,600,-10.0,0.0,0.0,-1.0,0600-0659,17.0,607.0,716.0,4.0,745,720.0,-25.0,0.0,0.0,-2.0,0700-0759,0.0,,0.0,105.0,90.0,69.0,1.0,462.0,2,,,0.0,,0.0,,,,0,,,,,,,,,,,,,,,,,,,,,,,,,,,,,,,,,,,,,,,,,,,,,N,12.0,12.0,5.0,7.0,3.0,1.0,35.0,41.0,6,7,0.0,3.0,36.0,43.0,3,3,0,0.0,0.0,N957SW,N957SW-UA-0,36.0,47.0,6.0,42.0,53.0,,,0.0,36,42,0.0,0.0
N957UW,655.0,2019,2,5,2,4,2019-05-02,AA,AA,19805,AA,2074,,,,,AA,19805,AA,2074,10423,1042302,30423,AUS,"Austin, TX",TX,48,Texas,74,14100,1410005,34100,PHL,"Philadelphia, PA",PA,42,Pennsylvania,23,705,-10.0,0.0,0.0,-1.0,0700-0759,14.0,709.0,1124.0,10.0,1135,1134.0,-1.0,0.0,0.0,-1.0,1100-1159,0.0,,0.0,210.0,219.0,195.0,1.0,1430.0,6,,,0.0,,0.0,,,,0,,,,,,,,,,,,,,,,,,,,,,,,,,,,,,,,,,,,,,,,,,,,,N,4.0,0.0,6.0,11.0,4.0,2.0,32.0,46.0,7,11,0.0,2.0,32.0,46.0,2,2,0,0.0,0.0,N957UW,N957UW-AA-0,32.0,44.0,14.0,46.0,58.0,,,0.0,32,47,1.0,2.18
N958DL,555.0,2019,2,5,2,4,2019-05-02,DL,DL,19790,DL,754,,,,,DL,19790,DL,754,12448,1244807,32448,JAN,"Jackson/Vicksburg, MS",MS,28,Mississippi,53,10397,1039707,30397,ATL,"Atlanta, GA",GA,13,Georgia,34,600,-5.0,0.0,0.0,-1.0,0600-0659,20.0,615.0,807.0,9.0,817,816.0,-1.0,0.0,0.0,-1.0,0800-0859,0.0,,0.0,77.0,81.0,52.0,1.0,341.0,2,,,0.0,,0.0,,,,0,,,,,,,,,,,,,,,,,,,,,,,,,,,,,,,,,,,,,,,,,,,,,N,4.0,0.0,5.0,8.0,4.0,1.0,28.0,33.0,6,8,0.0,1.0,28.0,33.0,9,9,0,1.0,1.0,N958DL,N958DL-DL-0,28.0,40.0,5.0,33.0,45.0,,,0.0,28,33,0.0,0.0
N958DL,905.0,2019,2,5,2,4,2019-05-02,DL,DL,19790,DL,1160,,,,,DL,19790,DL,1160,10397,1039707,30397,ATL,"Atlanta, GA",GA,13,Georgia,34,12264,1226402,30852,IAD,"Washington, DC",VA,51,Virginia,38,908,-3.0,0.0,0.0,-1.0,0900-0959,14.0,919.0,1033.0,5.0,1052,1038.0,-14.0,0.0,0.0,-1.0,1000-1059,0.0,,0.0,104.0,93.0,74.0,1.0,534.0,3,,,0.0,,0.0,,,,0,,,,,,,,,,,,,,,,,,,,,,,,,,,,,,,,,,,,,,,,,,,,,N,0.0,0.0,9.0,10.0,0.0,3.0,36.0,43.0,9,10,1.0,3.0,37.0,43.0,5,5,1,1.0,0.0,N958DL,N958DL-DL-1,37.0,48.0,7.0,44.0,55.0,33.0,3.0,0.0,37,44,0.0,0.0
N958JB,722.0,2019,2,5,2,4,2019-05-02,B6,B6,20409,B6,54,,,,,B6,20409,B6,54,14027,1402702,34027,PBI,"West Palm Beach/Palm Beach, FL",FL,12,Florida,33,12478,1247805,31703,JFK,"New York, NY",NY,36,New York,22,722,0.0,0.0,0.0,0.0,0700-0759,9.0,731.0,946.0,13.0,1008,959.0,-9.0,0.0,0.0,-1.0,1000-1059,0.0,,0.0,166.0,157.0,135.0,1.0,1028.0,5,,,0.0,,0.0,,,,0,,,,,,,,,,,,,,,,,,,,,,,,,,,,,,,,,,,,,,,,,,,,,N,0.0,0.0,7.0,9.0,1.0,4.0,29.0,40.0,7,10,1.0,1.0,29.0,41.0,7,7,0,0.0,0.0,N958JB,N958JB-B6-0,29.0,41.0,11.0,40.0,52.0,,,0.0,29,40,0.0,0.0
N958UW,1011.0,2019,2,5,2,4,2019-05-02,AA,AA,19805,AA,850,,,,,AA,19805,AA,850,14100,1410005,34100,PHL,"Philadelphia, PA",PA,42,Pennsylvania,23,10721,1072102,30721,BOS,"Boston, MA",MA,25,Massachusetts,13,745,146.0,146.0,1.0,9.0,0700-0759,33.0,1044.0,1130.0,10.0,904,1140.0,156.0,156.0,1.0,10.0,0900-0959,0.0,,0.0,79.0,89.0,46.0,1.0,280.0,2,146.0,0.0,10.0,0.0,0.0,,,,0,,,,,,,,,,,,,,,,,,,,,,,,,,,,,,,,,,,,,,,,,,,,,N,0.0,0.0,10.0,11.0,1.0,3.0,41.0,47.0,7,9,3.0,0.0,31.0,36.0,3,3,0,0.0,0.0,N958UW,N958UW-AA-0,40.0,53.0,6.0,46.0,59.0,,,1.0,41,47,1.0,3.26
N958WN,536.0,2019,2,5,2,4,2019-05-02,WN,WN,19393,WN,2104,,,,,WN,19393,WN,2104,13796,1379608,32457,OAK,"Oakland, CA",CA,6,California,91,12892,1289208,32575,LAX,"Los Angeles, CA",CA,6,California,91,535,1.0,1.0,0.0,0.0,0001-0559,8.0,544.0,638.0,5.0,705,643.0,-22.0,0.0,0.0,-2.0,0700-0759,0.0,,0.0,90.0,67.0,54.0,1.0,337.0,2,,,0.0,,0.0,,,,0,,,,,,,,,,,,,,,,,,,,,,,,,,,,,,,,,,,,,,,,,,,,,N,12.0,12.0,5.0,6.0,2.0,3.0,34.0,39.0,5,7,2.0,0.0,34.0,40.0,5,5,0,0.0,0.0,N958WN,N958WN-WN-0,34.0,46.0,5.0,39.0,51.0,,,0.0,34,39,0.0,0.0
N959AT,757.0,2019,2,5,2,4,2019-05-02,DL,DL,19790,DL,844,,,,,DL,19790,DL,844,10990,1099005,30990,CHO,"Charlottesville, VA",VA,51,Virginia,38,10397,1039707,30397,ATL,"Atlanta, GA",GA,13,Georgia,34,800,-3.0,0.0,0.0,-1.0,0800-0859,14.0,811.0,922.0,8.0,940,930.0,-10.0,0.0,0.0,-1.0,0900-0959,0.0,,0.0,100.0,93.0,71.0,1.0,457.0,2,,,0.0,,0.0,,,,0,,,,,,,,,,,,,,,,,,,,,,,,,,,,,,,,,,,,,,,,,,,,,N,0.0,0.0,7.0,9.0,4.0,2.0,32.0,38.0,8,9,0.0,3.0,32.0,39.0,6,6,0,0.0,0.0,N959AT,N959AT-DL-0,32.0,44.0,6.0,38.0,50.0,,,0.0,32,38,0.0,0.0
N959DL,555.0,2019,2,5,2,4,2019-05-02,DL,DL,19790,DL,1249,,,,,DL,19790,DL,1249,14321,1432105,34321,PWM,"Portland, ME",ME,23,Maine,12,10397,1039707,30397,ATL,"Atlanta, GA",GA,13,Georgia,34,600,-5.0,0.0,0.0,-1.0,0600-0659,11.0,606.0,829.0,8.0,856,837.0,-19.0,0.0,0.0,-2.0,0800-0859,0.0,,0.0,176.0,162.0,143.0,1.0,1027.0,5,,,0.0,,0.0,,,,0,,,,,,,,,,,,,,,,,,,,,,,,,,,,,,,,,,,,,,,,,,,,,N,0.0,0.0,5.0,8.0,4.0,2.0,24.0,34.0,6,8,0.0,4.0,24.0,36.0,2,2,0,1.0,1.0,N959DL,N959DL-DL-0,24.0,36.0,10.0,34.0,46.0,,,0.0,24,34,0.0,0.0
N959DL,924.0,2019,2,5,2,4,2019-05-02,DL,DL,19790,DL,2728,,,,,DL,19790,DL,2728,10397,1039707,30397,ATL,"Atlanta, GA",GA,13,Georgia,34,13360,1336003,33360,MLB,"Melbourne, FL",FL,12,Florida,33,924,0.0,0.0,0.0,0.0,0900-0959,11.0,935.0,1036.0,3.0,1054,1039.0,-15.0,0.0,0.0,-1.0,1000-1059,0.0,,0.0,90.0,75.0,61.0,1.0,442.0,2,,,0.0,,0.0,,,,0,,,,,,,,,,,,,,,,,,,,,,,,,,,,,,,,,,,,,,,,,,,,,N,0.0,0.0,9.0,10.0,2.0,3.0,38.0,43.0,9,10,2.0,4.0,38.0,44.0,5,5,1,1.0,0.0,N959DL,N959DL-DL-1,38.0,50.0,5.0,43.0,55.0,34.0,4.0,0.0,38,43,0.0,0.0
N959LR,459.0,2019,2,5,2,4,2019-05-02,AA,AA_CODESHARE,19805,AA,5786,,,,,YV,20378,YV,5786,12191,1219102,31453,HOU,"Houston, TX",TX,48,Texas,74,11298,1129806,30194,DFW,"Dallas/Fort Worth, TX",TX,48,Texas,74,505,-6.0,0.0,0.0,-1.0,0001-0559,11.0,510.0,609.0,8.0,619,617.0,-2.0,0.0,0.0,-1.0,0600-0659,0.0,,0.0,74.0,78.0,59.0,1.0,247.0,1,,,0.0,,0.0,,,,0,,,,,,,,,,,,,,,,,,,,,,,,,,,,,,,,,,,,,,,,,,,,,N,4.0,4.0,4.0,6.0,4.0,1.0,24.0,29.0,5,6,0.0,1.0,24.0,29.0,2,2,0,1.0,1.0,N959LR,N959LR-AA-0,24.0,36.0,5.0,29.0,41.0,,,0.0,24,29,0.0,0.0
N959LR,710.0,2019,2,5,2,4,2019-05-02,AA,AA_CODESHARE,19805,AA,5884,,,,,YV,20378,YV,5884,11298,1129806,30194,DFW,"Dallas/Fort Worth, TX",TX,48,Texas,74,11540,1154005,30615,ELP,"El Paso, TX",TX,48,Texas,74,710,0.0,0.0,0.0,0.0,0700-0759,19.0,729.0,746.0,2.0,757,748.0,-9.0,0.0,0.0,-1.0,0700-0759,0.0,,0.0,107.0,98.0,77.0,1.0,551.0,3,,,0.0,,0.0,,,,0,,,,,,,,,,,,,,,,,,,,,,,,,,,,,,,,,,,,,,,,,,,,,N,4.0,8.0,7.0,7.0,1.0,3.0,33.0,39.0,7,7,1.0,4.0,33.0,40.0,2,2,1,1.0,0.0,N959LR,N959LR-AA-1,33.0,45.0,6.0,39.0,51.0,29.0,4.0,0.0,33,39,0.0,0.0
N959NN,854.0,2019,2,5,2,4,2019-05-02,AA,AA,19805,AA,1049,,,,,AA,19805,AA,1049,11618,1161802,31703,EWR,"Newark, NJ",NJ,34,New Jersey,21,13930,1393007,30977,ORD,"Chicago, IL",IL,17,Illinois,41,900,-6.0,0.0,0.0,-1.0,0900-0959,34.0,928.0,1025.0,16.0,1049,1041.0,-8.0,0.0,0.0,-1.0,1000-1059,0.0,,0.0,169.0,167.0,117.0,1.0,719.0,3,,,0.0,,0.0,,,,0,,,,,,,,,,,,,,,,,,,,,,,,,,,,,,,,,,,,,,,,,,,,,N,0.0,4.0,8.0,10.0,4.0,3.0,36.0,47.0,9,10,0.0,3.0,36.0,47.0,4,4,0,0.0,0.0,N959NN,N959NN-AA-0,36.0,48.0,11.0,47.0,59.0,,,0.0,47,58,11.0,74.64
N959UW,651.0,2019,2,5,2,4,2019-05-02,AA,AA,19805,AA,2152,,,,,AA,19805,AA,2152,12953,1295304,31703,LGA,"New York, NY",NY,36,New York,22,10721,1072102,30721,BOS,"Boston, MA",MA,25,Massachusetts,13,700,-9.0,0.0,0.0,-1.0,0700-0759,20.0,711.0,757.0,8.0,810,805.0,-5.0,0.0,0.0,-1.0,0800-0859,0.0,,0.0,70.0,74.0,46.0,1.0,184.0,1,,,0.0,,0.0,,,,0,,,,,,,,,,,,,,,,,,,,,,,,,,,,,,,,,,,,,,,,,,,,,N,0.0,0.0,6.0,8.0,3.0,0.0,27.0,32.0,7,8,0.0,1.0,28.0,33.0,4,4,0,1.0,1.0,N959UW,N959UW-AA-0,28.0,39.0,5.0,33.0,44.0,,,0.0,28,33,0.0,0.0
N959UW,858.0,2019,2,5,2,4,2019-05-02,AA,AA,19805,AA,2152,,,,,AA,19805,AA,2152,10721,1072102,30721,BOS,"Boston, MA",MA,25,Massachusetts,13,12953,1295304,31703,LGA,"New York, NY",NY,36,New York,22,900,-2.0,0.0,0.0,-1.0,0900-0959,20.0,918.0,1011.0,2.0,1027,1013.0,-14.0,0.0,0.0,-1.0,1000-1059,0.0,,0.0,87.0,75.0,53.0,1.0,184.0,1,,,0.0,,0.0,,,,0,,,,,,,,,,,,,,,,,,,,,,,,,,,,,,,,,,,,,,,,,,,,,N,0.0,0.0,8.0,10.0,4.0,1.0,36.0,41.0,9,10,0.0,2.0,36.0,42.0,4,4,1,1.0,0.0,N959UW,N959UW-AA-1,36.0,48.0,5.0,41.0,53.0,32.0,4.0,0.0,38,43,2.0,9.14
N959WN,655.0,2019,2,5,2,4,2019-05-02,WN,WN,19393,WN,2026,,,,,WN,19393,WN,2026,11697,1169706,32467,FLL,"Fort Lauderdale, FL",FL,12,Florida,33,13232,1323202,30977,MDW,"Chicago, IL",IL,17,Illinois,41,600,55.0,55.0,1.0,3.0,0600-0659,13.0,708.0,841.0,8.0,810,849.0,39.0,39.0,1.0,2.0,0800-0859,0.0,,0.0,190.0,174.0,153.0,1.0,1167.0,5,0.0,0.0,39.0,0.0,0.0,,,,0,,,,,,,,,,,,,,,,,,,,,,,,,,,,,,,,,,,,,,,,,,,,,N,0.0,4.0,6.0,8.0,4.0,3.0,28.0,39.0,6,8,0.0,1.0,24.0,37.0,1,1,0,1.0,1.0,N959WN,N959WN-WN-0,25.0,40.0,11.0,36.0,51.0,,,3.0,26,37,1.0,1.24
N959WN,954.0,2019,2,5,2,4,2019-05-02,WN,WN,19393,WN,2026,,,,,WN,19393,WN,2026,13232,1323202,30977,MDW,"Chicago, IL",IL,17,Illinois,41,14057,1405702,34057,PDX,"Portland, OR",OR,41,Oregon,92,845,69.0,69.0,1.0,4.0,0800-0859,9.0,1003.0,1200.0,3.0,1110,1203.0,53.0,53.0,1.0,3.0,1100-1159,0.0,,0.0,265.0,249.0,237.0,1.0,1751.0,8,23.0,0.0,0.0,0.0,30.0,,,,0,,,,,,,,,,,,,,,,,,,,,,,,,,,,,,,,,,,,,,,,,,,,,N,4.0,12.0,9.0,12.0,4.0,0.0,44.0,60.0,8,11,3.0,1.0,39.0,57.0,6,6,1,1.0,0.0,N959WN,N959WN-WN-1,42.0,56.0,16.0,58.0,72.0,39.0,5.0,2.0,42,58,0.0,0.0
N960AN,713.0,2019,2,5,2,4,2019-05-02,AA,AA,19805,AA,2195,,,,,AA,19805,AA,2195,14869,1486903,34614,SLC,"Salt Lake City, UT",UT,49,Utah,87,11298,1129806,30194,DFW,"Dallas/Fort Worth, TX",TX,48,Texas,74,718,-5.0,0.0,0.0,-1.0,0700-0759,12.0,725.0,1041.0,39.0,1100,1120.0,20.0,20.0,1.0,1.0,1100-1159,0.0,,0.0,162.0,187.0,136.0,1.0,989.0,4,0.0,0.0,20.0,0.0,0.0,,,,0,,,,,,,,,,,,,,,,,,,,,,,,,,,,,,,,,,,,,,,,,,,,,N,8.0,4.0,7.0,11.0,1.0,1.0,37.0,49.0,7,11,1.0,0.0,37.0,48.0,9,9,0,0.0,0.0,N960AN,N960AN-AA-0,37.0,49.0,12.0,49.0,61.0,,,1.0,37,49,0.0,0.0
N960DL,708.0,2019,2,5,2,4,2019-05-02,DL,DL,19790,DL,1801,,,,,DL,19790,DL,1801,13422,1342202,30562,MOB,"Mobile, AL",AL,1,Alabama,51,10397,1039707,30397,ATL,"Atlanta, GA",GA,13,Georgia,34,714,-6.0,0.0,0.0,-1.0,0700-0759,18.0,726.0,915.0,8.0,935,923.0,-12.0,0.0,0.0,-1.0,0900-0959,0.0,,0.0,81.0,75.0,49.0,1.0,302.0,2,,,0.0,,0.0,,,,0,,,,,,,,,,,,,,,,,,,,,,,,,,,,,,,,,,,,,,,,,,,,,N,4.0,0.0,7.0,9.0,1.0,2.0,33.0,38.0,7,9,1.0,2.0,33.0,38.0,1,1,0,0.0,0.0,N960DL,N960DL-DL-0,33.0,45.0,5.0,38.0,50.0,,,0.0,33,38,0.0,0.0
N960SW,550.0,2019,2,5,2,4,2019-05-02,UA,UA_CODESHARE,19977,UA,5650,,,,,OO,20304,OO,5650,13502,1350202,33502,MTJ,"Montrose/Delta, CO",CO,8,Colorado,82,11292,1129202,30325,DEN,"Denver, CO",CO,8,Colorado,82,600,-10.0,0.0,0.0,-1.0,0600-0659,14.0,604.0,638.0,10.0,705,648.0,-17.0,0.0,0.0,-2.0,0700-0759,0.0,,0.0,65.0,58.0,34.0,1.0,196.0,1,,,0.0,,0.0,,,,0,,,,,,,,,,,,,,,,,,,,,,,,,,,,,,,,,,,,,,,,,,,,,N,8.0,8.0,5.0,6.0,3.0,3.0,31.0,35.0,6,7,0.0,0.0,32.0,36.0,1,1,0,0.0,0.0,N960SW,N960SW-UA-0,32.0,43.0,4.0,36.0,47.0,,,0.0,32,42,6.0,15.36
N960WN,540.0,2019,2,5,2,4,2019-05-02,WN,WN,19393,WN,3529,,,,,WN,19393,WN,3529,14100,1410005,34100,PHL,"Philadelphia, PA",PA,42,Pennsylvania,23,15304,1530402,33195,TPA,"Tampa, FL",FL,12,Florida,33,545,-5.0,0.0,0.0,-1.0,0001-0559,8.0,548.0,800.0,3.0,825,803.0,-22.0,0.0,0.0,-2.0,0800-0859,0.0,,0.0,160.0,143.0,132.0,1.0,920.0,4,,,0.0,,0.0,,,,0,,,,,,,,,,,,,,,,,,,,,,,,,,,,,,,,,,,,,,,,,,,,,N,0.0,0.0,5.0,8.0,3.0,0.0,23.0,32.0,5,8,3.0,2.0,23.0,34.0,8,8,0,1.0,1.0,N960WN,N960WN-WN-0,23.0,35.0,9.0,32.0,44.0,,,0.0,23,32,0.0,0.0
N960WN,856.0,2019,2,5,2,4,2019-05-02,WN,WN,19393,WN,2112,,,,,WN,19393,WN,2112,15304,1530402,33195,TPA,"Tampa, FL",FL,12,Florida,33,10693,1069302,30693,BNA,"Nashville, TN",TN,47,Tennessee,54,900,-4.0,0.0,0.0,-1.0,0900-0959,12.0,908.0,933.0,2.0,955,935.0,-20.0,0.0,0.0,-2.0,0900-0959,0.0,,0.0,115.0,99.0,85.0,1.0,612.0,3,,,0.0,,0.0,,,,0,,,,,,,,,,,,,,,,,,,,,,,,,,,,,,,,,,,,,,,,,,,,,N,0.0,4.0,8.0,9.0,4.0,2.0,36.0,42.0,9,9,0.0,4.0,36.0,44.0,4,4,1,1.0,0.0,N960WN,N960WN-WN-1,36.0,48.0,6.0,42.0,54.0,32.0,4.0,0.0,36,42,0.0,0.0
N9615W,700.0,2019,2,5,2,4,2019-05-02,AA,AA,19805,AA,2331,,,,,AA,19805,AA,2331,11298,1129806,30194,DFW,"Dallas/Fort Worth, TX",TX,48,Texas,74,11042,1104205,30647,CLE,"Cleveland, OH",OH,39,Ohio,44,705,-5.0,0.0,0.0,-1.0,0700-0759,20.0,720.0,1033.0,5.0,1039,1038.0,-1.0,0.0,0.0,-1.0,1000-1059,0.0,,0.0,154.0,158.0,133.0,1.0,1021.0,5,,,0.0,,0.0,,,,0,,,,,,,,,,,,,,,,,,,,,,,,,,,,,,,,,,,,,,,,,,,,,N,4.0,0.0,7.0,10.0,0.0,3.0,32.0,43.0,7,10,0.0,3.0,32.0,43.0,4,4,0,0.0,0.0,N9615W,N9615W-AA-0,32.0,44.0,11.0,43.0,55.0,,,0.0,32,43,0.0,0.0
N9616G,734.0,2019,2,5,2,4,2019-05-02,AA,AA,19805,AA,1590,,,,,AA,19805,AA,1590,11042,1104205,30647,CLE,"Cleveland, OH",OH,39,Ohio,44,11298,1129806,30194,DFW,"Dallas/Fort Worth, TX",TX,48,Texas,74,734,0.0,0.0,0.0,0.0,0700-0759,29.0,803.0,952.0,11.0,945,1003.0,18.0,18.0,1.0,1.0,0900-0959,0.0,,0.0,191.0,209.0,169.0,1.0,1021.0,5,0.0,0.0,18.0,0.0,0.0,,,,0,,,,,,,,,,,,,,,,,,,,,,,,,,,,,,,,,,,,,,,,,,,,,N,0.0,4.0,7.0,10.0,2.0,0.0,30.0,44.0,7,9,2.0,3.0,30.0,43.0,8,8,0,0.0,0.0,N9616G,N9616G-AA-0,30.0,42.0,14.0,44.0,56.0,,,1.0,30,44,0.0,0.0
N9618A,855.0,2019,2,5,2,4,2019-05-02,AA,AA,19805,AA,2802,,,,,AA,19805,AA,2802,11298,1129806,30194,DFW,"Dallas/Fort Worth, TX",TX,48,Texas,74,13495,1349505,33495,MSY,"New Orleans, LA",LA,22,Louisiana,72,845,10.0,10.0,0.0,0.0,0800-0859,20.0,915.0,1029.0,4.0,1007,1033.0,26.0,26.0,1.0,1.0,1000-1059,0.0,,0.0,82.0,98.0,74.0,1.0,447.0,2,10.0,0.0,16.0,0.0,0.0,,,,0,,,,,,,,,,,,,,,,,,,,,,,,,,,,,,,,,,,,,,,,,,,,,N,4.0,4.0,8.0,10.0,4.0,2.0,40.0,46.0,8,10,3.0,0.0,39.0,44.0,7,7,0,0.0,0.0,N9618A,N9618A-AA-0,39.0,52.0,6.0,45.0,58.0,,,1.0,39,45,0.0,0.0
N9619V,654.0,2019,2,5,2,4,2019-05-02,AA,AA,19805,AA,2762,,,,,AA,19805,AA,2762,11298,1129806,30194,DFW,"Dallas/Fort Worth, TX",TX,48,Texas,74,13342,1334207,33342,MKE,"Milwaukee, WI",WI,55,Wisconsin,45,702,-8.0,0.0,0.0,-1.0,0700-0759,15.0,709.0,854.0,3.0,920,857.0,-23.0,0.0,0.0,-2.0,0900-0959,0.0,,0.0,138.0,123.0,105.0,1.0,853.0,4,,,0.0,,0.0,,,,0,,,,,,,,,,,,,,,,,,,,,,,,,,,,,,,,,,,,,,,,,,,,,N,4.0,4.0,6.0,8.0,4.0,4.0,32.0,40.0,7,9,0.0,1.0,32.0,41.0,2,2,0,0.0,0.0,N9619V,N9619V-AA-0,32.0,44.0,8.0,40.0,52.0,,,0.0,32,40,0.0,0.0
N961AT,555.0,2019,2,5,2,4,2019-05-02,DL,DL,19790,DL,1668,,,,,DL,19790,DL,1668,11042,1104205,30647,CLE,"Cleveland, OH",OH,39,Ohio,44,11433,1143302,31295,DTW,"Detroit, MI",MI,26,Michigan,43,600,-5.0,0.0,0.0,-1.0,0600-0659,10.0,605.0,629.0,4.0,648,633.0,-15.0,0.0,0.0,-1.0,0600-0659,0.0,,0.0,48.0,38.0,24.0,1.0,95.0,1,,,0.0,,0.0,,,,0,,,,,,,,,,,,,,,,,,,,,,,,,,,,,,,,,,,,,,,,,,,,,N,0.0,0.0,5.0,6.0,4.0,2.0,24.0,26.0,6,6,0.0,3.0,24.0,27.0,5,5,0,2.0,2.0,N961AT,N961AT-DL-0,24.0,36.0,2.0,26.0,38.0,,,0.0,24,26,0.0,0.0
N961AT,726.0,2019,2,5,2,4,2019-05-02,DL,DL,19790,DL,1786,,,,,DL,19790,DL,1786,11433,1143302,31295,DTW,"Detroit, MI",MI,26,Michigan,43,10529,1052906,30529,BDL,"Hartford, CT",CT,9,Connecticut,11,731,-5.0,0.0,0.0,-1.0,0700-0759,23.0,749.0,903.0,3.0,911,906.0,-5.0,0.0,0.0,-1.0,0900-0959,0.0,,0.0,100.0,100.0,74.0,1.0,549.0,3,,,0.0,,0.0,,,,0,,,,,,,,,,,,,,,,,,,,,,,,,,,,,,,,,,,,,,,,,,,,,N,0.0,0.0,7.0,9.0,2.0,0.0,30.0,36.0,7,9,2.0,1.0,30.0,37.0,8,8,1,2.0,1.0,N961AT,N961AT-DL-1,30.0,42.0,6.0,36.0,48.0,26.0,4.0,0.0,30,36,0.0,0.0
N961AT,943.0,2019,2,5,2,4,2019-05-02,DL,DL,19790,DL,1786,,,,,DL,19790,DL,1786,10529,1052906,30529,BDL,"Hartford, CT",CT,9,Connecticut,11,11433,1143302,31295,DTW,"Detroit, MI",MI,26,Michigan,43,950,-7.0,0.0,0.0,-1.0,0900-0959,10.0,953.0,1123.0,3.0,1140,1126.0,-14.0,0.0,0.0,-1.0,1100-1159,0.0,,0.0,110.0,103.0,90.0,1.0,549.0,3,,,0.0,,0.0,,,,0,,,,,,,,,,,,,,,,,,,,,,,,,,,,,,,,,,,,,,,,,,,,,N,0.0,0.0,9.0,11.0,3.0,2.0,39.0,46.0,9,11,3.0,3.0,39.0,47.0,5,5,2,2.0,0.0,N961AT,N961AT-DL-2,39.0,51.0,7.0,46.0,58.0,36.0,3.0,0.0,39,46,0.0,0.0
N961DL,537.0,2019,2,5,2,4,2019-05-02,DL,DL,19790,DL,1098,,,,,DL,19790,DL,1098,13871,1387102,33316,OMA,"Omaha, NE",NE,31,Nebraska,65,10397,1039707,30397,ATL,"Atlanta, GA",GA,13,Georgia,34,545,-8.0,0.0,0.0,-1.0,0001-0559,13.0,550.0,846.0,8.0,903,854.0,-9.0,0.0,0.0,-1.0,0900-0959,0.0,,0.0,138.0,137.0,116.0,1.0,821.0,4,,,0.0,,0.0,,,,0,,,,,,,,,,,,,,,,,,,,,,,,,,,,,,,,,,,,,,,,,,,,,N,4.0,0.0,5.0,8.0,2.0,4.0,26.0,36.0,5,9,3.0,0.0,27.0,36.0,9,9,0,0.0,0.0,N961DL,N961DL-DL-0,27.0,38.0,10.0,37.0,48.0,,,0.0,27,37,0.0,0.0
N961NN,644.0,2019,2,5,2,4,2019-05-02,AA,AA,19805,AA,1509,,,,,AA,19805,AA,1509,10721,1072102,30721,BOS,"Boston, MA",MA,25,Massachusetts,13,13930,1393007,30977,ORD,"Chicago, IL",IL,17,Illinois,41,650,-6.0,0.0,0.0,-1.0,0600-0659,19.0,703.0,827.0,20.0,857,847.0,-10.0,0.0,0.0,-1.0,0800-0859,0.0,,0.0,187.0,183.0,144.0,1.0,867.0,4,,,0.0,,0.0,,,,0,,,,,,,,,,,,,,,,,,,,,,,,,,,,,,,,,,,,,,,,,,,,,N,0.0,4.0,6.0,8.0,3.0,3.0,27.0,39.0,6,8,3.0,4.0,27.0,40.0,5,5,0,0.0,0.0,N961NN,N961NN-AA-0,27.0,39.0,12.0,39.0,51.0,,,0.0,27,39,0.0,0.0
N961TW,555.0,2019,2,5,2,4,2019-05-02,AA,AA,19805,AA,2107,,,,,AA,19805,AA,2107,11193,1119302,33105,CVG,"Cincinnati, OH",KY,21,Kentucky,52,11298,1129806,30194,DFW,"Dallas/Fort Worth, TX",TX,48,Texas,74,602,-7.0,0.0,0.0,-1.0,0600-0659,18.0,613.0,725.0,8.0,745,733.0,-12.0,0.0,0.0,-1.0,0700-0759,0.0,,0.0,163.0,158.0,132.0,1.0,812.0,4,,,0.0,,0.0,,,,0,,,,,,,,,,,,,,,,,,,,,,,,,,,,,,,,,,,,,,,,,,,,,N,0.0,4.0,5.0,7.0,4.0,2.0,24.0,34.0,6,7,0.0,3.0,24.0,35.0,5,5,0,0.0,0.0,N961TW,N961TW-AA-0,24.0,36.0,10.0,34.0,46.0,,,0.0,24,34,0.0,0.0
N961UW,547.0,2019,2,5,2,4,2019-05-02,AA,AA,19805,AA,1656,,,,,AA,19805,AA,1656,11042,1104205,30647,CLE,"Cleveland, OH",OH,39,Ohio,44,14100,1410005,34100,PHL,"Philadelphia, PA",PA,42,Pennsylvania,23,552,-5.0,0.0,0.0,-1.0,0001-0559,15.0,602.0,703.0,9.0,728,712.0,-16.0,0.0,0.0,-2.0,0700-0759,0.0,,0.0,96.0,85.0,61.0,1.0,363.0,2,,,0.0,,0.0,,,,0,,,,,,,,,,,,,,,,,,,,,,,,,,,,,,,,,,,,,,,,,,,,,N,0.0,0.0,5.0,7.0,3.0,1.0,23.0,29.0,5,7,3.0,2.0,23.0,30.0,2,2,0,1.0,1.0,N961UW,N961UW-AA-0,23.0,35.0,6.0,29.0,41.0,,,0.0,23,29,0.0,0.0
N961UW,831.0,2019,2,5,2,4,2019-05-02,AA,AA,19805,AA,1888,,,,,AA,19805,AA,1888,14100,1410005,34100,PHL,"Philadelphia, PA",PA,42,Pennsylvania,23,13487,1348702,31650,MSP,"Minneapolis, MN",MN,27,Minnesota,63,835,-4.0,0.0,0.0,-1.0,0800-0859,32.0,903.0,1025.0,4.0,1047,1029.0,-18.0,0.0,0.0,-2.0,1000-1059,0.0,,0.0,192.0,178.0,142.0,1.0,980.0,4,,,0.0,,0.0,,,,0,,,,,,,,,,,,,,,,,,,,,,,,,,,,,,,,,,,,,,,,,,,,,N,0.0,4.0,8.0,10.0,2.0,2.0,34.0,46.0,8,10,2.0,3.0,34.0,47.0,4,4,1,1.0,0.0,N961UW,N961UW-AA-1,34.0,46.0,12.0,46.0,58.0,29.0,5.0,0.0,42,54,8.0,45.72
N961WN,730.0,2019,2,5,2,4,2019-05-02,WN,WN,19393,WN,2193,,,,,WN,19393,WN,2193,14683,1468305,33214,SAT,"San Antonio, TX",TX,48,Texas,74,13204,1320402,31454,MCO,"Orlando, FL",FL,12,Florida,33,735,-5.0,0.0,0.0,-1.0,0700-0759,15.0,745.0,1104.0,5.0,1115,1109.0,-6.0,0.0,0.0,-1.0,1100-1159,0.0,,0.0,160.0,159.0,139.0,1.0,1041.0,5,,,0.0,,0.0,,,,0,,,,,,,,,,,,,,,,,,,,,,,,,,,,,,,,,,,,,,,,,,,,,N,4.0,0.0,7.0,11.0,2.0,1.0,34.0,45.0,7,11,2.0,1.0,34.0,45.0,6,6,0,0.0,0.0,N961WN,N961WN-WN-0,34.0,46.0,11.0,45.0,57.0,,,0.0,34,45,0.0,0.0
N9620D,845.0,2019,2,5,2,4,2019-05-02,AA,AA,19805,AA,269,,,,,AA,19805,AA,269,11298,1129806,30194,DFW,"Dallas/Fort Worth, TX",TX,48,Texas,74,14492,1449202,34492,RDU,"Raleigh/Durham, NC",NC,37,North Carolina,36,850,-5.0,0.0,0.0,-1.0,0800-0859,9.0,854.0,1211.0,6.0,1227,1217.0,-10.0,0.0,0.0,-1.0,1200-1259,0.0,,0.0,157.0,152.0,137.0,1.0,1061.0,5,,,0.0,,0.0,,,,0,,,,,,,,,,,,,,,,,,,,,,,,,,,,,,,,,,,,,,,,,,,,,N,4.0,0.0,8.0,12.0,3.0,1.0,39.0,49.0,8,12,3.0,2.0,39.0,50.0,4,4,0,0.0,0.0,N9620D,N9620D-AA-0,39.0,51.0,10.0,49.0,61.0,,,0.0,39,49,0.0,0.0
N9621A,701.0,2019,2,5,2,4,2019-05-02,AA,AA,19805,AA,2343,,,,,AA,19805,AA,2343,11298,1129806,30194,DFW,"Dallas/Fort Worth, TX",TX,48,Texas,74,13871,1387102,33316,OMA,"Omaha, NE",NE,31,Nebraska,65,705,-4.0,0.0,0.0,-1.0,0700-0759,24.0,725.0,847.0,4.0,851,851.0,0.0,0.0,0.0,0.0,0800-0859,0.0,,0.0,106.0,110.0,82.0,1.0,583.0,3,,,0.0,,0.0,,,,0,,,,,,,,,,,,,,,,,,,,,,,,,,,,,,,,,,,,,,,,,,,,,N,4.0,4.0,7.0,8.0,0.0,3.0,32.0,39.0,7,8,0.0,3.0,32.0,39.0,8,8,0,0.0,0.0,N9621A,N9621A-AA-0,32.0,44.0,7.0,39.0,51.0,,,0.0,32,39,0.0,0.0
N9626F,711.0,2019,2,5,2,4,2019-05-02,AA,AA,19805,AA,1449,,,,,AA,19805,AA,1449,11298,1129806,30194,DFW,"Dallas/Fort Worth, TX",TX,48,Texas,74,12451,1245102,31136,JAX,"Jacksonville, FL",FL,12,Florida,33,711,0.0,0.0,0.0,0.0,0700-0759,27.0,738.0,1055.0,6.0,1026,1101.0,35.0,35.0,1.0,2.0,1000-1059,0.0,,0.0,135.0,170.0,137.0,1.0,918.0,4,0.0,0.0,35.0,0.0,0.0,,,,0,,,,,,,,,,,,,,,,,,,,,,,,,,,,,,,,,,,,,,,,,,,,,N,4.0,0.0,7.0,11.0,1.0,0.0,33.0,44.0,7,10,1.0,2.0,33.0,42.0,8,8,0,0.0,0.0,N9626F,N9626F-AA-0,33.0,45.0,11.0,44.0,56.0,,,2.0,33,44,0.0,0.0
N9628W,823.0,2019,2,5,2,4,2019-05-02,AA,AA,19805,AA,2621,,,,,AA,19805,AA,2621,13342,1334207,33342,MKE,"Milwaukee, WI",WI,55,Wisconsin,45,11298,1129806,30194,DFW,"Dallas/Fort Worth, TX",TX,48,Texas,74,709,74.0,74.0,1.0,4.0,0700-0759,23.0,846.0,1120.0,18.0,954,1138.0,104.0,104.0,1.0,6.0,0900-0959,0.0,,0.0,165.0,195.0,154.0,1.0,853.0,4,74.0,0.0,30.0,0.0,0.0,,,,0,,,,,,,,,,,,,,,,,,,,,,,,,,,,,,,,,,,,,,,,,,,,,N,4.0,4.0,8.0,11.0,2.0,3.0,38.0,51.0,7,9,1.0,4.0,33.0,44.0,9,9,0,0.0,0.0,N9628W,N9628W-AA-0,36.0,50.0,13.0,49.0,63.0,,,2.0,36,49,0.0,0.0
N9629H,713.0,2019,2,5,2,4,2019-05-02,AA,AA,19805,AA,2277,,,,,AA,19805,AA,2277,12278,1227805,30928,ICT,"Wichita, KS",KS,20,Kansas,62,11298,1129806,30194,DFW,"Dallas/Fort Worth, TX",TX,48,Texas,74,636,37.0,37.0,1.0,2.0,0600-0659,12.0,725.0,829.0,5.0,805,834.0,29.0,29.0,1.0,1.0,0800-0859,0.0,,0.0,89.0,81.0,64.0,1.0,328.0,2,29.0,0.0,0.0,0.0,0.0,,,,0,,,,,,,,,,,,,,,,,,,,,,,,,,,,,,,,,,,,,,,,,,,,,N,4.0,4.0,7.0,8.0,1.0,2.0,33.0,38.0,6,8,2.0,0.0,30.0,36.0,2,2,0,0.0,0.0,N9629H,N9629H-AA-0,33.0,45.0,5.0,38.0,50.0,,,0.0,33,38,0.0,0.0
N962DL,559.0,2019,2,5,2,4,2019-05-02,DL,DL,19790,DL,1499,,,,,DL,19790,DL,1499,13244,1324402,33244,MEM,"Memphis, TN",TN,47,Tennessee,54,10397,1039707,30397,ATL,"Atlanta, GA",GA,13,Georgia,34,600,-1.0,0.0,0.0,-1.0,0600-0659,6.0,605.0,753.0,5.0,815,758.0,-17.0,0.0,0.0,-2.0,0800-0859,0.0,,0.0,75.0,59.0,48.0,1.0,332.0,2,,,0.0,,0.0,,,,0,,,,,,,,,,,,,,,,,,,,,,,,,,,,,,,,,,,,,,,,,,,,,N,4.0,0.0,5.0,7.0,4.0,4.0,28.0,32.0,6,8,0.0,1.0,28.0,33.0,3,3,0,1.0,1.0,N962DL,N962DL-DL-0,28.0,40.0,4.0,32.0,44.0,,,0.0,28,32,0.0,0.0
N962DL,859.0,2019,2,5,2,4,2019-05-02,DL,DL,19790,DL,1294,,,,,DL,19790,DL,1294,10397,1039707,30397,ATL,"Atlanta, GA",GA,13,Georgia,34,14492,1449202,34492,RDU,"Raleigh/Durham, NC",NC,37,North Carolina,36,905,-6.0,0.0,0.0,-1.0,0900-0959,19.0,918.0,1020.0,5.0,1034,1025.0,-9.0,0.0,0.0,-1.0,1000-1059,0.0,,0.0,89.0,86.0,62.0,1.0,356.0,2,,,0.0,,0.0,,,,0,,,,,,,,,,,,,,,,,,,,,,,,,,,,,,,,,,,,,,,,,,,,,N,0.0,0.0,8.0,10.0,4.0,2.0,36.0,42.0,9,10,0.0,2.0,36.0,42.0,1,1,1,1.0,0.0,N962DL,N962DL-DL-1,36.0,48.0,6.0,42.0,54.0,32.0,4.0,0.0,36,42,0.0,0.0
N962DN,701.0,2019,2,5,2,4,2019-05-02,DL,DL,19790,DL,1054,,,,,DL,19790,DL,1054,10529,1052906,30529,BDL,"Hartford, CT",CT,9,Connecticut,11,10397,1039707,30397,ATL,"Atlanta, GA",GA,13,Georgia,34,710,-9.0,0.0,0.0,-1.0,0700-0759,14.0,715.0,916.0,8.0,939,924.0,-15.0,0.0,0.0,-1.0,0900-0959,0.0,,0.0,149.0,143.0,121.0,1.0,859.0,4,,,0.0,,0.0,,,,0,,,,,,,,,,,,,,,,,,,,,,,,,,,,,,,,,,,,,,,,,,,,,N,0.0,0.0,7.0,9.0,0.0,2.0,28.0,38.0,7,9,1.0,3.0,29.0,39.0,7,7,0,0.0,0.0,N962DN,N962DN-DL-0,29.0,40.0,10.0,39.0,50.0,,,0.0,29,39,0.0,0.0
N962JT,927.0,2019,2,5,2,4,2019-05-02,B6,B6,20409,B6,415,,,,,B6,20409,B6,415,12478,1247805,31703,JFK,"New York, NY",NY,36,New York,22,14771,1477104,32457,SFO,"San Francisco, CA",CA,6,California,91,934,-7.0,0.0,0.0,-1.0,0900-0959,22.0,949.0,1254.0,10.0,1308,1304.0,-4.0,0.0,0.0,-1.0,1300-1359,0.0,,0.0,394.0,397.0,365.0,1.0,2586.0,11,,,0.0,,0.0,,,,0,,,,,,,,,,,,,,,,,,,,,,,,,,,,,,,,,,,,,,,,,,,,,N,0.0,12.0,9.0,13.0,2.0,0.0,38.0,64.0,9,13,2.0,1.0,38.0,65.0,6,6,0,0.0,0.0,N962JT,N962JT-B6-0,38.0,50.0,26.0,64.0,76.0,,,0.0,38,64,0.0,0.0
N962SW,553.0,2019,2,5,2,4,2019-05-02,UA,UA_CODESHARE,19977,UA,5048,,,,,OO,20304,OO,5048,14543,1454303,34543,RKS,"Rock Springs, WY",WY,56,Wyoming,88,11292,1129202,30325,DEN,"Denver, CO",CO,8,Colorado,82,600,-7.0,0.0,0.0,-1.0,0600-0659,23.0,616.0,657.0,8.0,709,705.0,-4.0,0.0,0.0,-1.0,0700-0759,0.0,,0.0,69.0,72.0,41.0,1.0,260.0,2,,,0.0,,0.0,,,,0,,,,,,,,,,,,,,,,,,,,,,,,,,,,,,,,,,,,,,,,,,,,,N,8.0,8.0,5.0,7.0,4.0,0.0,32.0,36.0,6,7,0.0,1.0,32.0,37.0,9,9,0,0.0,0.0,N962SW,N962SW-UA-0,32.0,44.0,4.0,36.0,48.0,,,0.0,32,36,0.0,0.0
N962WN,527.0,2019,2,5,2,4,2019-05-02,WN,WN,19393,WN,2199,,,,,WN,19393,WN,2199,13891,1389101,32575,ONT,"Ontario, CA",CA,6,California,91,14107,1410702,30466,PHX,"Phoenix, AZ",AZ,4,Arizona,81,530,-3.0,0.0,0.0,-1.0,0001-0559,12.0,539.0,625.0,3.0,635,628.0,-7.0,0.0,0.0,-1.0,0600-0659,0.0,,0.0,65.0,61.0,46.0,1.0,325.0,2,,,0.0,,0.0,,,,0,,,,,,,,,,,,,,,,,,,,,,,,,,,,,,,,,,,,,,,,,,,,,N,12.0,8.0,5.0,6.0,2.0,2.0,34.0,34.0,5,6,2.0,2.0,34.0,34.0,8,8,0,1.0,1.0,N962WN,N962WN-WN-0,34.0,46.0,0.0,34.0,46.0,,,0.0,34,34,0.0,0.0
N962WN,720.0,2019,2,5,2,4,2019-05-02,WN,WN,19393,WN,2199,,,,,WN,19393,WN,2199,14107,1410702,30466,PHX,"Phoenix, AZ",AZ,4,Arizona,81,14683,1468305,33214,SAT,"San Antonio, TX",TX,48,Texas,74,720,0.0,0.0,0.0,0.0,0700-0759,12.0,732.0,1125.0,3.0,1125,1128.0,3.0,3.0,0.0,0.0,1100-1159,0.0,,0.0,125.0,128.0,113.0,1.0,843.0,4,,,0.0,,0.0,,,,0,,,,,,,,,,,,,,,,,,,,,,,,,,,,,,,,,,,,,,,,,,,,,N,8.0,4.0,7.0,11.0,1.0,2.0,37.0,50.0,7,11,1.0,2.0,37.0,50.0,4,4,1,1.0,0.0,N962WN,N962WN-WN-1,37.0,49.0,13.0,50.0,62.0,34.0,3.0,0.0,37,50,0.0,0.0
N963AT,552.0,2019,2,5,2,4,2019-05-02,DL,DL,19790,DL,873,,,,,DL,19790,DL,873,11996,1199603,31871,GSP,"Greer, SC",SC,45,South Carolina,37,11433,1143302,31295,DTW,"Detroit, MI",MI,26,Michigan,43,600,-8.0,0.0,0.0,-1.0,0600-0659,12.0,604.0,727.0,8.0,750,735.0,-15.0,0.0,0.0,-1.0,0700-0759,0.0,,0.0,110.0,103.0,83.0,1.0,508.0,3,,,0.0,,0.0,,,,0,,,,,,,,,,,,,,,,,,,,,,,,,,,,,,,,,,,,,,,,,,,,,N,0.0,0.0,5.0,7.0,3.0,2.0,23.0,30.0,6,7,0.0,3.0,24.0,31.0,1,1,0,1.0,1.0,N963AT,N963AT-DL-0,24.0,35.0,7.0,31.0,42.0,,,0.0,24,31,0.0,0.0
N963AT,828.0,2019,2,5,2,4,2019-05-02,DL,DL,19790,DL,2982,,,,,DL,19790,DL,2982,11433,1143302,31295,DTW,"Detroit, MI",MI,26,Michigan,43,13198,1319801,33198,MCI,"Kansas City, MO",MO,29,Missouri,64,835,-7.0,0.0,0.0,-1.0,0800-0859,22.0,850.0,933.0,5.0,937,938.0,1.0,1.0,0.0,0.0,0900-0959,0.0,,0.0,122.0,130.0,103.0,1.0,629.0,3,,,0.0,,0.0,,,,0,,,,,,,,,,,,,,,,,,,,,,,,,,,,,,,,,,,,,,,,,,,,,N,0.0,4.0,8.0,9.0,2.0,3.0,34.0,43.0,8,9,2.0,2.0,34.0,42.0,5,5,1,1.0,0.0,N963AT,N963AT-DL-1,34.0,46.0,9.0,43.0,55.0,30.0,4.0,0.0,35,44,1.0,5.26
N963DN,634.0,2019,2,5,2,4,2019-05-02,DL,DL,19790,DL,1925,,,,,DL,19790,DL,1925,14524,1452401,34524,RIC,"Richmond, VA",VA,51,Virginia,38,10397,1039707,30397,ATL,"Atlanta, GA",GA,13,Georgia,34,640,-6.0,0.0,0.0,-1.0,0600-0659,15.0,649.0,803.0,7.0,828,810.0,-18.0,0.0,0.0,-2.0,0800-0859,0.0,,0.0,108.0,96.0,74.0,1.0,481.0,2,,,0.0,,0.0,,,,0,,,,,,,,,,,,,,,,,,,,,,,,,,,,,,,,,,,,,,,,,,,,,N,0.0,0.0,6.0,8.0,2.0,1.0,26.0,33.0,6,8,3.0,2.0,27.0,34.0,6,6,0,1.0,1.0,N963DN,N963DN-DL-0,27.0,38.0,7.0,34.0,45.0,,,0.0,27,34,0.0,0.0
N963DN,929.0,2019,2,5,2,4,2019-05-02,DL,DL,19790,DL,2851,,,,,DL,19790,DL,2851,10397,1039707,30397,ATL,"Atlanta, GA",GA,13,Georgia,34,12266,1226603,31453,IAH,"Houston, TX",TX,48,Texas,74,931,-2.0,0.0,0.0,-1.0,0900-0959,45.0,1014.0,1106.0,13.0,1042,1119.0,37.0,37.0,1.0,2.0,1000-1059,0.0,,0.0,131.0,170.0,112.0,1.0,689.0,3,0.0,0.0,37.0,0.0,0.0,,,,0,,,,,,,,,,,,,,,,,,,,,,,,,,,,,,,,,,,,,,,,,,,,,N,0.0,4.0,9.0,11.0,2.0,1.0,38.0,49.0,9,10,2.0,3.0,38.0,47.0,9,9,1,1.0,0.0,N963DN,N963DN-DL-1,38.0,50.0,11.0,49.0,61.0,33.0,5.0,2.0,38,49,0.0,0.0
N963NN,807.0,2019,2,5,2,4,2019-05-02,AA,AA,19805,AA,1572,,,,,AA,19805,AA,1572,15370,1537002,34653,TUL,"Tulsa, OK",OK,40,Oklahoma,73,11298,1129806,30194,DFW,"Dallas/Fort Worth, TX",TX,48,Texas,74,812,-5.0,0.0,0.0,-1.0,0800-0859,19.0,826.0,917.0,18.0,940,935.0,-5.0,0.0,0.0,-1.0,0900-0959,0.0,,0.0,88.0,88.0,51.0,1.0,237.0,1,,,0.0,,0.0,,,,0,,,,,,,,,,,,,,,,,,,,,,,,,,,,,,,,,,,,,,,,,,,,,N,4.0,4.0,8.0,9.0,0.0,2.0,36.0,42.0,8,9,1.0,3.0,37.0,43.0,9,9,0,0.0,0.0,N963NN,N963NN-AA-0,37.0,48.0,6.0,43.0,54.0,,,0.0,37,43,0.0,0.0
N963SW,625.0,2019,2,5,2,4,2019-05-02,UA,UA_CODESHARE,19977,UA,5080,,,,,OO,20304,OO,5080,12899,1289902,32899,LBF,"North Platte, NE",NE,31,Nebraska,65,11292,1129202,30325,DEN,"Denver, CO",CO,8,Colorado,82,640,-15.0,0.0,0.0,-1.0,0600-0659,31.0,656.0,641.0,6.0,648,647.0,-1.0,0.0,0.0,-1.0,0600-0659,0.0,,0.0,68.0,82.0,45.0,1.0,228.0,1,,,0.0,,0.0,,,,0,,,,,,,,,,,,,,,,,,,,,,,,,,,,,,,,,,,,,,,,,,,,,N,4.0,8.0,6.0,6.0,2.0,3.0,30.0,35.0,6,6,3.0,3.0,31.0,35.0,6,6,0,0.0,0.0,N963SW,N963SW-UA-0,31.0,42.0,5.0,36.0,47.0,,,0.0,31,36,0.0,0.0
N963WN,635.0,2019,2,5,2,4,2019-05-02,WN,WN,19393,WN,164,,,,,WN,19393,WN,164,11996,1199603,31871,GSP,"Greer, SC",SC,45,South Carolina,37,10397,1039707,30397,ATL,"Atlanta, GA",GA,13,Georgia,34,640,-5.0,0.0,0.0,-1.0,0600-0659,12.0,647.0,720.0,7.0,745,727.0,-18.0,0.0,0.0,-2.0,0700-0759,0.0,,0.0,65.0,52.0,33.0,1.0,153.0,1,,,0.0,,0.0,,,,0,,,,,,,,,,,,,,,,,,,,,,,,,,,,,,,,,,,,,,,,,,,,,N,0.0,0.0,6.0,7.0,2.0,2.0,26.0,30.0,6,7,3.0,3.0,27.0,31.0,9,9,0,1.0,1.0,N963WN,N963WN-WN-0,27.0,38.0,4.0,31.0,42.0,,,0.0,27,31,0.0,0.0
N963WN,835.0,2019,2,5,2,4,2019-05-02,WN,WN,19393,WN,164,,,,,WN,19393,WN,164,10397,1039707,30397,ATL,"Atlanta, GA",GA,13,Georgia,34,11066,1106606,31066,CMH,"Columbus, OH",OH,39,Ohio,44,835,0.0,0.0,0.0,0.0,0800-0859,16.0,851.0,1003.0,4.0,1010,1007.0,-3.0,0.0,0.0,-1.0,1000-1059,0.0,,0.0,95.0,92.0,72.0,1.0,447.0,2,,,0.0,,0.0,,,,0,,,,,,,,,,,,,,,,,,,,,,,,,,,,,,,,,,,,,,,,,,,,,N,0.0,0.0,8.0,10.0,2.0,0.0,34.0,40.0,8,10,2.0,1.0,34.0,41.0,7,7,1,1.0,0.0,N963WN,N963WN-WN-1,34.0,46.0,6.0,40.0,52.0,30.0,4.0,0.0,35,41,1.0,7.16
N964AT,457.0,2019,2,5,2,4,2019-05-02,DL,DL,19790,DL,2674,,,,,DL,19790,DL,2674,10627,1062702,30627,BIS,"Bismarck/Mandan, ND",ND,38,North Dakota,66,13487,1348702,31650,MSP,"Minneapolis, MN",MN,27,Minnesota,63,500,-3.0,0.0,0.0,-1.0,0001-0559,17.0,514.0,615.0,4.0,620,619.0,-1.0,0.0,0.0,-1.0,0600-0659,0.0,,0.0,80.0,82.0,61.0,1.0,386.0,2,,,0.0,,0.0,,,,0,,,,,,,,,,,,,,,,,,,,,,,,,,,,,,,,,,,,,,,,,,,,,N,4.0,4.0,4.0,6.0,4.0,1.0,24.0,29.0,5,6,0.0,1.0,24.0,29.0,3,3,0,1.0,1.0,N964AT,N964AT-DL-0,24.0,36.0,5.0,29.0,41.0,,,0.0,24,29,0.0,0.0
N964AT,702.0,2019,2,5,2,4,2019-05-02,DL,DL,19790,DL,2706,,,,,DL,19790,DL,2706,13487,1348702,31650,MSP,"Minneapolis, MN",MN,27,Minnesota,63,14492,1449202,34492,RDU,"Raleigh/Durham, NC",NC,37,North Carolina,36,703,-1.0,0.0,0.0,-1.0,0700-0759,12.0,714.0,1018.0,5.0,1041,1023.0,-18.0,0.0,0.0,-2.0,1000-1059,0.0,,0.0,158.0,141.0,124.0,1.0,980.0,4,,,0.0,,0.0,,,,0,,,,,,,,,,,,,,,,,,,,,,,,,,,,,,,,,,,,,,,,,,,,,N,4.0,0.0,7.0,10.0,0.0,2.0,32.0,42.0,7,10,0.0,3.0,32.0,43.0,7,7,1,1.0,0.0,N964AT,N964AT-DL-1,32.0,44.0,10.0,42.0,54.0,29.0,3.0,0.0,32,42,0.0,0.0
N964DL,555.0,2019,2,5,2,4,2019-05-02,DL,DL,19790,DL,1520,,,,,DL,19790,DL,1520,12264,1226402,30852,IAD,"Washington, DC",VA,51,Virginia,38,10397,1039707,30397,ATL,"Atlanta, GA",GA,13,Georgia,34,600,-5.0,0.0,0.0,-1.0,0600-0659,11.0,606.0,726.0,6.0,752,732.0,-20.0,0.0,0.0,-2.0,0700-0759,0.0,,0.0,112.0,97.0,80.0,1.0,534.0,3,,,0.0,,0.0,,,,0,,,,,,,,,,,,,,,,,,,,,,,,,,,,,,,,,,,,,,,,,,,,,N,0.0,0.0,5.0,7.0,4.0,2.0,24.0,30.0,6,7,0.0,3.0,24.0,31.0,4,4,0,0.0,0.0,N964DL,N964DL-DL-0,24.0,36.0,6.0,30.0,42.0,,,0.0,24,32,2.0,8.74
N964JT,659.0,2019,2,5,2,4,2019-05-02,B6,B6,20409,B6,287,,,,,B6,20409,B6,287,10721,1072102,30721,BOS,"Boston, MA",MA,25,Massachusetts,13,12892,1289208,32575,LAX,"Los Angeles, CA",CA,6,California,91,707,-8.0,0.0,0.0,-1.0,0700-0759,14.0,713.0,1026.0,9.0,1033,1035.0,2.0,2.0,0.0,0.0,1000-1059,0.0,,0.0,386.0,396.0,373.0,1.0,2611.0,11,,,0.0,,0.0,,,,0,,,,,,,,,,,,,,,,,,,,,,,,,,,,,,,,,,,,,,,,,,,,,N,0.0,12.0,6.0,10.0,4.0,2.0,28.0,54.0,7,10,0.0,2.0,28.0,54.0,5,5,0,0.0,0.0,N964JT,N964JT-B6-0,28.0,40.0,26.0,54.0,66.0,,,0.0,28,54,0.0,0.0
N964NN,459.0,2019,2,5,2,4,2019-05-02,AA,AA,19805,AA,2658,,,,,AA,19805,AA,2658,14057,1405702,34057,PDX,"Portland, OR",OR,41,Oregon,92,14107,1410702,30466,PHX,"Phoenix, AZ",AZ,4,Arizona,81,500,-1.0,0.0,0.0,-1.0,0001-0559,14.0,513.0,722.0,6.0,738,728.0,-10.0,0.0,0.0,-1.0,0700-0759,0.0,,0.0,158.0,149.0,129.0,1.0,1009.0,5,,,0.0,,0.0,,,,0,,,,,,,,,,,,,,,,,,,,,,,,,,,,,,,,,,,,,,,,,,,,,N,12.0,8.0,4.0,7.0,4.0,2.0,32.0,38.0,5,7,0.0,3.0,32.0,39.0,9,9,0,0.0,0.0,N964NN,N964NN-AA-0,32.0,44.0,6.0,38.0,50.0,,,0.0,32,38,0.0,0.0
N964TW,753.0,2019,2,5,2,4,2019-05-02,AA,AA,19805,AA,14,,,,,AA,19805,AA,14,13244,1324402,33244,MEM,"Memphis, TN",TN,47,Tennessee,54,11298,1129806,30194,DFW,"Dallas/Fort Worth, TX",TX,48,Texas,74,756,-3.0,0.0,0.0,-1.0,0700-0759,26.0,819.0,1032.0,9.0,950,1041.0,51.0,51.0,1.0,3.0,0900-0959,0.0,,0.0,114.0,168.0,133.0,1.0,431.0,2,0.0,0.0,51.0,0.0,0.0,,,,0,,,,,,,,,,,,,,,,,,,,,,,,,,,,,,,,,,,,,,,,,,,,,N,4.0,4.0,7.0,10.0,4.0,3.0,36.0,47.0,7,9,4.0,3.0,36.0,43.0,1,1,0,0.0,0.0,N964TW,N964TW-AA-0,36.0,48.0,11.0,47.0,59.0,,,3.0,36,48,1.0,1.3
N964WN,520.0,2019,2,5,2,4,2019-05-02,WN,WN,19393,WN,335,,,,,WN,19393,WN,335,12889,1288903,32211,LAS,"Las Vegas, NV",NV,32,Nevada,85,12191,1219102,31453,HOU,"Houston, TX",TX,48,Texas,74,520,0.0,0.0,0.0,0.0,0001-0559,13.0,533.0,1002.0,5.0,1020,1007.0,-13.0,0.0,0.0,-1.0,1000-1059,0.0,,0.0,180.0,167.0,149.0,1.0,1235.0,5,,,0.0,,0.0,,,,0,,,,,,,,,,,,,,,,,,,,,,,,,,,,,,,,,,,,,,,,,,,,,N,12.0,4.0,5.0,10.0,1.0,0.0,33.0,44.0,5,10,1.0,1.0,33.0,45.0,3,3,0,0.0,0.0,N964WN,N964WN-WN-0,33.0,45.0,11.0,44.0,56.0,,,0.0,33,44,0.0,0.0
N965AN,648.0,2019,2,5,2,4,2019-05-02,AA,AA,19805,AA,1381,,,,,AA,19805,AA,1381,13303,1330303,32467,MIA,"Miami, FL",FL,12,Florida,33,14107,1410702,30466,PHX,"Phoenix, AZ",AZ,4,Arizona,81,650,-2.0,0.0,0.0,-1.0,0600-0659,35.0,723.0,856.0,13.0,907,909.0,2.0,2.0,0.0,0.0,0900-0959,0.0,,0.0,317.0,321.0,273.0,1.0,1972.0,8,,,0.0,,0.0,,,,0,,,,,,,,,,,,,,,,,,,,,,,,,,,,,,,,,,,,,,,,,,,,,N,0.0,8.0,6.0,9.0,3.0,1.0,27.0,45.0,6,9,3.0,0.0,27.0,44.0,1,1,0,0.0,0.0,N965AN,N965AN-AA-0,27.0,39.0,18.0,45.0,57.0,,,0.0,27,45,0.0,0.0
N965AT,629.0,2019,2,5,2,4,2019-05-02,DL,DL,19790,DL,1434,,,,,DL,19790,DL,1434,10792,1079206,30792,BUF,"Buffalo, NY",NY,36,New York,22,13487,1348702,31650,MSP,"Minneapolis, MN",MN,27,Minnesota,63,630,-1.0,0.0,0.0,-1.0,0600-0659,11.0,640.0,729.0,4.0,748,733.0,-15.0,0.0,0.0,-1.0,0700-0759,0.0,,0.0,138.0,124.0,109.0,1.0,735.0,3,,,0.0,,0.0,,,,0,,,,,,,,,,,,,,,,,,,,,,,,,,,,,,,,,,,,,,,,,,,,,N,0.0,4.0,6.0,7.0,2.0,2.0,26.0,34.0,6,7,2.0,3.0,26.0,35.0,2,2,0,0.0,0.0,N965AT,N965AT-DL-0,26.0,38.0,8.0,34.0,46.0,,,0.0,26,34,0.0,0.0
N965DL,1029.0,2019,2,5,2,4,2019-05-02,DL,DL,19790,DL,1127,,,,,DL,19790,DL,1127,10397,1039707,30397,ATL,"Atlanta, GA",GA,13,Georgia,34,12339,1233904,32337,IND,"Indianapolis, IN",IN,18,Indiana,42,924,65.0,65.0,1.0,4.0,0900-0959,17.0,1046.0,1149.0,4.0,1055,1153.0,58.0,58.0,1.0,3.0,1000-1059,0.0,,0.0,91.0,84.0,63.0,1.0,432.0,2,4.0,0.0,0.0,0.0,54.0,,,,0,,,,,,,,,,,,,,,,,,,,,,,,,,,,,,,,,,,,,,,,,,,,,N,0.0,0.0,10.0,11.0,2.0,4.0,42.0,48.0,9,10,2.0,4.0,38.0,44.0,7,7,0,0.0,0.0,N965DL,N965DL-DL-0,38.0,54.0,6.0,44.0,60.0,,,4.0,38,44,0.0,0.0
N965SW,636.0,2019,2,5,2,4,2019-05-02,UA,UA_CODESHARE,19977,UA,5488,,,,,OO,20304,OO,5488,11721,1172105,31721,FNT,"Flint, MI",MI,26,Michigan,43,13930,1393007,30977,ORD,"Chicago, IL",IL,17,Illinois,41,640,-4.0,0.0,0.0,-1.0,0600-0659,15.0,651.0,644.0,18.0,703,702.0,-1.0,0.0,0.0,-1.0,0700-0759,0.0,,0.0,83.0,86.0,53.0,1.0,223.0,1,,,0.0,,0.0,,,,0,,,,,,,,,,,,,,,,,,,,,,,,,,,,,,,,,,,,,,,,,,,,,N,0.0,4.0,6.0,7.0,2.0,0.0,26.0,32.0,6,7,3.0,0.0,27.0,32.0,1,1,0,1.0,1.0,N965SW,N965SW-UA-0,27.0,38.0,6.0,33.0,44.0,,,0.0,27,33,0.0,0.0
N965SW,740.0,2019,2,5,2,4,2019-05-02,UA,UA_CODESHARE,19977,UA,5083,,,,,OO,20304,OO,5083,13930,1393007,30977,ORD,"Chicago, IL",IL,17,Illinois,41,10431,1043105,30431,AVL,"Asheville, NC",NC,37,North Carolina,36,745,-5.0,0.0,0.0,-1.0,0700-0759,33.0,813.0,1028.0,4.0,1030,1032.0,2.0,2.0,0.0,0.0,1000-1059,0.0,,0.0,105.0,112.0,75.0,1.0,536.0,3,,,0.0,,0.0,,,,0,,,,,,,,,,,,,,,,,,,,,,,,,,,,,,,,,,,,,,,,,,,,,N,4.0,0.0,7.0,10.0,3.0,2.0,35.0,42.0,7,10,3.0,2.0,35.0,42.0,5,5,1,1.0,0.0,N965SW,N965SW-UA-1,35.0,47.0,7.0,42.0,54.0,32.0,3.0,0.0,36,43,1.0,5.4
N965TW,830.0,2019,2,5,2,4,2019-05-02,AA,AA,19805,AA,188,,,,,AA,19805,AA,188,11298,1129806,30194,DFW,"Dallas/Fort Worth, TX",TX,48,Texas,74,12339,1233904,32337,IND,"Indianapolis, IN",IN,18,Indiana,42,813,17.0,17.0,1.0,1.0,0800-0859,11.0,841.0,1123.0,5.0,1114,1128.0,14.0,14.0,0.0,0.0,1100-1159,0.0,,0.0,121.0,118.0,102.0,1.0,761.0,4,,,0.0,,0.0,,,,0,,,,,,,,,,,,,,,,,,,,,,,,,,,,,,,,,,,,,,,,,,,,,N,4.0,0.0,8.0,11.0,2.0,2.0,38.0,46.0,8,11,1.0,1.0,37.0,45.0,6,6,0,0.0,0.0,N965TW,N965TW-AA-0,38.0,50.0,8.0,46.0,58.0,,,0.0,38,46,0.0,0.0
N965UW,656.0,2019,2,5,2,4,2019-05-02,AA,AA,19805,AA,1719,,,,,AA,19805,AA,1719,10397,1039707,30397,ATL,"Atlanta, GA",GA,13,Georgia,34,12953,1295304,31703,LGA,"New York, NY",NY,36,New York,22,700,-4.0,0.0,0.0,-1.0,0700-0759,13.0,709.0,853.0,4.0,915,857.0,-18.0,0.0,0.0,-2.0,0900-0959,0.0,,0.0,135.0,121.0,104.0,1.0,762.0,4,,,0.0,,0.0,,,,0,,,,,,,,,,,,,,,,,,,,,,,,,,,,,,,,,,,,,,,,,,,,,N,0.0,0.0,6.0,8.0,4.0,4.0,28.0,36.0,7,9,0.0,1.0,28.0,37.0,6,6,0,0.0,0.0,N965UW,N965UW-AA-0,28.0,40.0,8.0,36.0,48.0,,,0.0,28,36,0.0,0.0
N965WN,641.0,2019,2,5,2,4,2019-05-02,WN,WN,19393,WN,2138,,,,,WN,19393,WN,2138,15304,1530402,33195,TPA,"Tampa, FL",FL,12,Florida,33,11066,1106606,31066,CMH,"Columbus, OH",OH,39,Ohio,44,645,-4.0,0.0,0.0,-1.0,0600-0659,10.0,651.0,853.0,4.0,850,857.0,7.0,7.0,0.0,0.0,0800-0859,0.0,,0.0,125.0,136.0,122.0,1.0,829.0,4,,,0.0,,0.0,,,,0,,,,,,,,,,,,,,,,,,,,,,,,,,,,,,,,,,,,,,,,,,,,,N,0.0,0.0,6.0,8.0,3.0,4.0,27.0,36.0,6,8,3.0,3.0,27.0,35.0,8,8,0,1.0,1.0,N965WN,N965WN-WN-0,27.0,39.0,9.0,36.0,48.0,,,0.0,27,36,0.0,0.0
N965WN,944.0,2019,2,5,2,4,2019-05-02,WN,WN,19393,WN,2138,,,,,WN,19393,WN,2138,11066,1106606,31066,CMH,"Columbus, OH",OH,39,Ohio,44,13232,1323202,30977,MDW,"Chicago, IL",IL,17,Illinois,41,925,19.0,19.0,1.0,1.0,0900-0959,10.0,954.0,945.0,3.0,940,948.0,8.0,8.0,0.0,0.0,0900-0959,0.0,,0.0,75.0,64.0,51.0,1.0,283.0,2,,,0.0,,0.0,,,,0,,,,,,,,,,,,,,,,,,,,,,,,,,,,,,,,,,,,,,,,,,,,,N,0.0,4.0,9.0,9.0,3.0,3.0,39.0,43.0,9,9,2.0,3.0,38.0,43.0,5,5,1,1.0,0.0,N965WN,N965WN-WN-1,39.0,51.0,4.0,43.0,55.0,36.0,3.0,0.0,39,43,0.0,0.0
N966AN,656.0,2019,2,5,2,4,2019-05-02,AA,AA,19805,AA,270,,,,,AA,19805,AA,270,13931,1393102,33667,ORF,"Norfolk, VA",VA,51,Virginia,38,11298,1129806,30194,DFW,"Dallas/Fort Worth, TX",TX,48,Texas,74,650,6.0,6.0,0.0,0.0,0600-0659,13.0,709.0,907.0,15.0,924,922.0,-2.0,0.0,0.0,-1.0,0900-0959,0.0,,0.0,214.0,206.0,178.0,1.0,1212.0,5,,,0.0,,0.0,,,,0,,,,,,,,,,,,,,,,,,,,,,,,,,,,,,,,,,,,,,,,,,,,,N,0.0,4.0,6.0,9.0,4.0,1.0,28.0,41.0,6,9,3.0,2.0,27.0,42.0,7,7,0,0.0,0.0,N966AN,N966AN-AA-0,28.0,40.0,13.0,41.0,53.0,,,0.0,28,41,0.0,0.0
N966AT,657.0,2019,2,5,2,4,2019-05-02,DL,DL,19790,DL,2721,,,,,DL,19790,DL,2721,11292,1129202,30325,DEN,"Denver, CO",CO,8,Colorado,82,12892,1289208,32575,LAX,"Los Angeles, CA",CA,6,California,91,700,-3.0,0.0,0.0,-1.0,0700-0759,15.0,712.0,818.0,15.0,830,833.0,3.0,3.0,0.0,0.0,0800-0859,0.0,,0.0,150.0,156.0,126.0,1.0,862.0,4,,,0.0,,0.0,,,,0,,,,,,,,,,,,,,,,,,,,,,,,,,,,,,,,,,,,,,,,,,,,,N,8.0,12.0,6.0,8.0,4.0,2.0,36.0,46.0,7,8,0.0,2.0,36.0,46.0,2,2,0,0.0,0.0,N966AT,N966AT-DL-0,36.0,48.0,10.0,46.0,58.0,,,0.0,36,46,0.0,0.0
N966DL,725.0,2019,2,5,2,4,2019-05-02,DL,DL,19790,DL,2161,,,,,DL,19790,DL,2161,10397,1039707,30397,ATL,"Atlanta, GA",GA,13,Georgia,34,14122,1412202,30198,PIT,"Pittsburgh, PA",PA,42,Pennsylvania,23,726,-1.0,0.0,0.0,-1.0,0700-0759,18.0,743.0,900.0,4.0,903,904.0,1.0,1.0,0.0,0.0,0900-0959,0.0,,0.0,97.0,99.0,77.0,1.0,526.0,3,,,0.0,,0.0,,,,0,,,,,,,,,,,,,,,,,,,,,,,,,,,,,,,,,,,,,,,,,,,,,N,0.0,0.0,7.0,9.0,2.0,0.0,30.0,36.0,7,9,2.0,0.0,30.0,36.0,4,4,0,1.0,1.0,N966DL,N966DL-DL-0,30.0,42.0,6.0,36.0,48.0,,,0.0,30,36,0.0,0.0
N966DL,945.0,2019,2,5,2,4,2019-05-02,DL,DL,19790,DL,2161,,,,,DL,19790,DL,2161,14122,1412202,30198,PIT,"Pittsburgh, PA",PA,42,Pennsylvania,23,10397,1039707,30397,ATL,"Atlanta, GA",GA,13,Georgia,34,948,-3.0,0.0,0.0,-1.0,0900-0959,15.0,1000.0,1118.0,7.0,1130,1125.0,-5.0,0.0,0.0,-1.0,1100-1159,0.0,,0.0,102.0,100.0,78.0,1.0,526.0,3,,,0.0,,0.0,,,,0,,,,,,,,,,,,,,,,,,,,,,,,,,,,,,,,,,,,,,,,,,,,,N,0.0,0.0,9.0,11.0,3.0,2.0,39.0,46.0,9,11,3.0,2.0,39.0,46.0,6,6,1,1.0,0.0,N966DL,N966DL-DL-1,39.0,51.0,7.0,46.0,58.0,36.0,3.0,0.0,39,46,0.0,0.0
N966WN,538.0,2019,2,5,2,4,2019-05-02,WN,WN,19393,WN,673,,,,,WN,19393,WN,673,12889,1288903,32211,LAS,"Las Vegas, NV",NV,32,Nevada,85,14869,1486903,34614,SLC,"Salt Lake City, UT",UT,49,Utah,87,540,-2.0,0.0,0.0,-1.0,0001-0559,8.0,546.0,744.0,4.0,755,748.0,-7.0,0.0,0.0,-1.0,0700-0759,0.0,,0.0,75.0,70.0,58.0,1.0,368.0,2,,,0.0,,0.0,,,,0,,,,,,,,,,,,,,,,,,,,,,,,,,,,,,,,,,,,,,,,,,,,,N,12.0,8.0,5.0,7.0,3.0,3.0,35.0,39.0,5,7,3.0,4.0,35.0,40.0,8,8,0,0.0,0.0,N966WN,N966WN-WN-0,35.0,47.0,4.0,39.0,51.0,,,0.0,35,39,0.0,0.0
N967AN,621.0,2019,2,5,2,4,2019-05-02,AA,AA,19805,AA,248,,,,,AA,19805,AA,248,13204,1320402,31454,MCO,"Orlando, FL",FL,12,Florida,33,12478,1247805,31703,JFK,"New York, NY",NY,36,New York,22,618,3.0,3.0,0.0,0.0,0600-0659,21.0,642.0,845.0,11.0,904,856.0,-8.0,0.0,0.0,-1.0,0900-0959,0.0,,0.0,166.0,155.0,123.0,1.0,944.0,4,,,0.0,,0.0,,,,0,,,,,,,,,,,,,,,,,,,,,,,,,,,,,,,,,,,,,,,,,,,,,N,0.0,0.0,6.0,8.0,1.0,4.0,25.0,36.0,6,9,1.0,0.0,25.0,36.0,4,4,0,0.0,0.0,N967AN,N967AN-AA-0,25.0,37.0,11.0,36.0,48.0,,,0.0,25,36,0.0,0.0
N967AT,819.0,2019,2,5,2,4,2019-05-02,DL,DL,19790,DL,2513,,,,,DL,19790,DL,2513,13198,1319801,33198,MCI,"Kansas City, MO",MO,29,Missouri,64,14869,1486903,34614,SLC,"Salt Lake City, UT",UT,49,Utah,87,825,-6.0,0.0,0.0,-1.0,0800-0859,8.0,827.0,951.0,6.0,1003,957.0,-6.0,0.0,0.0,-1.0,1000-1059,0.0,,0.0,158.0,158.0,144.0,1.0,920.0,4,,,0.0,,0.0,,,,0,,,,,,,,,,,,,,,,,,,,,,,,,,,,,,,,,,,,,,,,,,,,,N,4.0,8.0,8.0,9.0,1.0,4.0,37.0,48.0,8,10,2.0,0.0,38.0,48.0,1,1,0,0.0,0.0,N967AT,N967AT-DL-0,38.0,49.0,11.0,49.0,60.0,,,0.0,38,49,0.0,0.0
N967DL,811.0,2019,2,5,2,4,2019-05-02,DL,DL,19790,DL,1400,,,,,DL,19790,DL,1400,11995,1199502,31995,GSO,"Greensboro/High Point, NC",NC,37,North Carolina,36,10397,1039707,30397,ATL,"Atlanta, GA",GA,13,Georgia,34,815,-4.0,0.0,0.0,-1.0,0800-0859,17.0,828.0,921.0,8.0,934,929.0,-5.0,0.0,0.0,-1.0,0900-0959,0.0,,0.0,79.0,78.0,53.0,1.0,306.0,2,,,0.0,,0.0,,,,0,,,,,,,,,,,,,,,,,,,,,,,,,,,,,,,,,,,,,,,,,,,,,N,0.0,0.0,8.0,9.0,1.0,2.0,33.0,38.0,8,9,1.0,2.0,33.0,38.0,5,5,0,0.0,0.0,N967DL,N967DL-DL-0,33.0,45.0,5.0,38.0,50.0,,,0.0,33,38,0.0,0.0
N967JT,22.0,2019,2,5,2,4,2019-05-02,B6,B6,20409,B6,2024,,,,,B6,20409,B6,2024,12892,1289208,32575,LAX,"Los Angeles, CA",CA,6,California,91,12478,1247805,31703,JFK,"New York, NY",NY,36,New York,22,29,-7.0,0.0,0.0,-1.0,0001-0559,13.0,35.0,838.0,18.0,912,856.0,-16.0,0.0,0.0,-2.0,0900-0959,0.0,,0.0,343.0,334.0,303.0,1.0,2475.0,10,,,0.0,,0.0,,,,0,,,,,,,,,,,,,,,,,,,,,,,,,,,,,,,,,,,,,,,,,,,,,N,12.0,0.0,0.0,8.0,1.0,4.0,13.0,36.0,0,9,2.0,1.0,14.0,37.0,8,8,0,0.0,0.0,N967JT,N967JT-B6-0,14.0,25.0,23.0,37.0,48.0,,,0.0,14,37,0.0,0.0
N967NN,823.0,2019,2,5,2,4,2019-05-02,AA,AA,19805,AA,970,,,,,AA,19805,AA,970,12953,1295304,31703,LGA,"New York, NY",NY,36,New York,22,13303,1330303,32467,MIA,"Miami, FL",FL,12,Florida,33,830,-7.0,0.0,0.0,-1.0,0800-0859,23.0,846.0,1124.0,5.0,1154,1129.0,-25.0,0.0,0.0,-2.0,1100-1159,0.0,,0.0,204.0,186.0,158.0,1.0,1096.0,5,,,0.0,,0.0,,,,0,,,,,,,,,,,,,,,,,,,,,,,,,,,,,,,,,,,,,,,,,,,,,N,0.0,0.0,8.0,11.0,2.0,2.0,34.0,46.0,8,11,2.0,4.0,34.0,48.0,6,6,0,0.0,0.0,N967NN,N967NN-AA-0,34.0,46.0,12.0,46.0,58.0,,,0.0,35,47,1.0,6.4
N967SW,522.0,2019,2,5,2,4,2019-05-02,UA,UA_CODESHARE,19977,UA,5945,,,,,OO,20304,OO,5945,15376,1537604,30436,TUS,"Tucson, AZ",AZ,4,Arizona,81,14771,1477104,32457,SFO,"San Francisco, CA",CA,6,California,91,530,-8.0,0.0,0.0,-1.0,0001-0559,17.0,539.0,738.0,11.0,755,749.0,-6.0,0.0,0.0,-1.0,0700-0759,0.0,,0.0,145.0,147.0,119.0,1.0,751.0,4,,,0.0,,0.0,,,,0,,,,,,,,,,,,,,,,,,,,,,,,,,,,,,,,,,,,,,,,,,,,,N,8.0,12.0,5.0,7.0,1.0,3.0,29.0,43.0,5,7,2.0,4.0,30.0,44.0,8,8,0,0.0,0.0,N967SW,N967SW-UA-0,30.0,41.0,14.0,44.0,55.0,,,0.0,30,44,0.0,0.0
N967WN,807.0,2019,2,5,2,4,2019-05-02,WN,WN,19393,WN,1154,,,,,WN,19393,WN,1154,11278,1127805,30852,DCA,"Washington, DC",VA,51,Virginia,38,13232,1323202,30977,MDW,"Chicago, IL",IL,17,Illinois,41,810,-3.0,0.0,0.0,-1.0,0800-0859,16.0,823.0,857.0,3.0,905,900.0,-5.0,0.0,0.0,-1.0,0900-0959,0.0,,0.0,115.0,113.0,94.0,1.0,601.0,3,,,0.0,,0.0,,,,0,,,,,,,,,,,,,,,,,,,,,,,,,,,,,,,,,,,,,,,,,,,,,N,0.0,4.0,8.0,9.0,0.0,0.0,32.0,40.0,8,9,1.0,0.0,33.0,40.0,6,6,0,0.0,0.0,N967WN,N967WN-WN-0,33.0,44.0,8.0,41.0,52.0,,,0.0,33,41,0.0,0.0
N9681B,803.0,2019,2,5,2,4,2019-05-02,AA,AA,19805,AA,1302,,,,,AA,19805,AA,1302,14492,1449202,34492,RDU,"Raleigh/Durham, NC",NC,37,North Carolina,36,11298,1129806,30194,DFW,"Dallas/Fort Worth, TX",TX,48,Texas,74,734,29.0,29.0,1.0,1.0,0700-0759,19.0,822.0,954.0,11.0,950,1005.0,15.0,15.0,1.0,1.0,0900-0959,0.0,,0.0,196.0,182.0,152.0,1.0,1061.0,5,15.0,0.0,0.0,0.0,0.0,,,,0,,,,,,,,,,,,,,,,,,,,,,,,,,,,,,,,,,,,,,,,,,,,,N,0.0,4.0,8.0,10.0,0.0,0.0,32.0,44.0,7,9,2.0,3.0,30.0,43.0,3,3,0,0.0,0.0,N9681B,N9681B-AA-0,32.0,44.0,12.0,44.0,56.0,,,0.0,32,44,0.0,0.0
N968AN,701.0,2019,2,5,2,4,2019-05-02,AA,AA,19805,AA,2485,,,,,AA,19805,AA,2485,11618,1161802,31703,EWR,"Newark, NJ",NJ,34,New Jersey,21,13930,1393007,30977,ORD,"Chicago, IL",IL,17,Illinois,41,708,-7.0,0.0,0.0,-1.0,0700-0759,24.0,725.0,825.0,22.0,851,847.0,-4.0,0.0,0.0,-1.0,0800-0859,0.0,,0.0,163.0,166.0,120.0,1.0,719.0,3,,,0.0,,0.0,,,,0,,,,,,,,,,,,,,,,,,,,,,,,,,,,,,,,,,,,,,,,,,,,,N,0.0,4.0,7.0,8.0,0.0,3.0,28.0,39.0,7,8,1.0,3.0,29.0,39.0,4,4,0,0.0,0.0,N968AN,N968AN-AA-0,29.0,40.0,11.0,40.0,51.0,,,0.0,29,40,0.0,0.0
N968AT,557.0,2019,2,5,2,4,2019-05-02,DL,DL,19790,DL,2480,,,,,DL,19790,DL,2480,13230,1323002,32070,MDT,"Harrisburg, PA",PA,42,Pennsylvania,23,10397,1039707,30397,ATL,"Atlanta, GA",GA,13,Georgia,34,600,-3.0,0.0,0.0,-1.0,0600-0659,10.0,607.0,744.0,5.0,756,749.0,-7.0,0.0,0.0,-1.0,0700-0759,0.0,,0.0,116.0,112.0,97.0,1.0,620.0,3,,,0.0,,0.0,,,,0,,,,,,,,,,,,,,,,,,,,,,,,,,,,,,,,,,,,,,,,,,,,,N,0.0,0.0,5.0,7.0,4.0,3.0,24.0,31.0,6,7,0.0,4.0,24.0,32.0,8,8,0,1.0,1.0,N968AT,N968AT-DL-0,24.0,36.0,7.0,31.0,43.0,,,0.0,24,31,0.0,0.0
N968AT,854.0,2019,2,5,2,4,2019-05-02,DL,DL,19790,DL,2264,,,,,DL,19790,DL,2264,10397,1039707,30397,ATL,"Atlanta, GA",GA,13,Georgia,34,13577,1357702,31135,MYR,"Myrtle Beach, SC",SC,45,South Carolina,37,855,-1.0,0.0,0.0,-1.0,0800-0859,13.0,907.0,954.0,5.0,1009,959.0,-10.0,0.0,0.0,-1.0,1000-1059,0.0,,0.0,74.0,65.0,47.0,1.0,317.0,2,,,0.0,,0.0,,,,0,,,,,,,,,,,,,,,,,,,,,,,,,,,,,,,,,,,,,,,,,,,,,N,0.0,0.0,8.0,9.0,4.0,4.0,36.0,40.0,8,10,4.0,1.0,36.0,41.0,2,2,1,1.0,0.0,N968AT,N968AT-DL-1,36.0,48.0,4.0,40.0,52.0,31.0,5.0,0.0,36,40,0.0,0.0
N968DL,526.0,2019,2,5,2,4,2019-05-02,DL,DL,19790,DL,429,,,,,DL,19790,DL,429,14685,1468502,34685,SAV,"Savannah, GA",GA,13,Georgia,34,10397,1039707,30397,ATL,"Atlanta, GA",GA,13,Georgia,34,530,-4.0,0.0,0.0,-1.0,0001-0559,11.0,537.0,616.0,14.0,632,630.0,-2.0,0.0,0.0,-1.0,0600-0659,0.0,,0.0,62.0,64.0,39.0,1.0,214.0,1,,,0.0,,0.0,,,,0,,,,,,,,,,,,,,,,,,,,,,,,,,,,,,,,,,,,,,,,,,,,,N,0.0,0.0,5.0,6.0,2.0,2.0,22.0,26.0,5,6,2.0,2.0,22.0,26.0,1,1,0,2.0,2.0,N968DL,N968DL-DL-0,22.0,34.0,4.0,26.0,38.0,,,0.0,22,26,0.0,0.0
N968DL,719.0,2019,2,5,2,4,2019-05-02,DL,DL,19790,DL,1113,,,,,DL,19790,DL,1113,10397,1039707,30397,ATL,"Atlanta, GA",GA,13,Georgia,34,13931,1393102,33667,ORF,"Norfolk, VA",VA,51,Virginia,38,725,-6.0,0.0,0.0,-1.0,0700-0759,10.0,729.0,838.0,3.0,858,841.0,-17.0,0.0,0.0,-2.0,0800-0859,0.0,,0.0,93.0,82.0,69.0,1.0,516.0,3,,,0.0,,0.0,,,,0,,,,,,,,,,,,,,,,,,,,,,,,,,,,,,,,,,,,,,,,,,,,,N,0.0,0.0,7.0,8.0,1.0,3.0,29.0,35.0,7,8,2.0,4.0,30.0,36.0,6,6,1,2.0,1.0,N968DL,N968DL-DL-1,30.0,41.0,6.0,36.0,47.0,26.0,3.0,0.0,30,36,0.0,0.0
N968DL,938.0,2019,2,5,2,4,2019-05-02,DL,DL,19790,DL,1113,,,,,DL,19790,DL,1113,13931,1393102,33667,ORF,"Norfolk, VA",VA,51,Virginia,38,10397,1039707,30397,ATL,"Atlanta, GA",GA,13,Georgia,34,942,-4.0,0.0,0.0,-1.0,0900-0959,12.0,950.0,1114.0,9.0,1130,1123.0,-7.0,0.0,0.0,-1.0,1100-1159,0.0,,0.0,108.0,105.0,84.0,1.0,516.0,3,,,0.0,,0.0,,,,0,,,,,,,,,,,,,,,,,,,,,,,,,,,,,,,,,,,,,,,,,,,,,N,0.0,0.0,9.0,11.0,3.0,2.0,39.0,46.0,9,11,3.0,2.0,39.0,46.0,1,1,2,2.0,0.0,N968DL,N968DL-DL-2,39.0,51.0,7.0,46.0,58.0,35.0,4.0,0.0,40,48,2.0,3.34
N968JT,524.0,2019,2,5,2,4,2019-05-02,B6,B6,20409,B6,24,,,,,B6,20409,B6,24,12892,1289208,32575,LAX,"Los Angeles, CA",CA,6,California,91,12478,1247805,31703,JFK,"New York, NY",NY,36,New York,22,530,-6.0,0.0,0.0,-1.0,0001-0559,12.0,536.0,1318.0,8.0,1406,1326.0,-40.0,0.0,0.0,-2.0,1400-1459,0.0,,0.0,336.0,302.0,282.0,1.0,2475.0,10,,,0.0,,0.0,,,,0,,,,,,,,,,,,,,,,,,,,,,,,,,,,,,,,,,,,,,,,,,,,,N,12.0,0.0,5.0,13.0,2.0,2.0,34.0,54.0,5,14,2.0,0.0,34.0,56.0,7,7,0,0.0,0.0,N968JT,N968JT-B6-0,34.0,46.0,20.0,54.0,66.0,,,0.0,34,54,0.0,0.0
N968WN,555.0,2019,2,5,2,4,2019-05-02,WN,WN,19393,WN,831,,,,,WN,19393,WN,831,14771,1477104,32457,SFO,"San Francisco, CA",CA,6,California,91,12892,1289208,32575,LAX,"Los Angeles, CA",CA,6,California,91,600,-5.0,0.0,0.0,-1.0,0600-0659,9.0,604.0,704.0,4.0,735,708.0,-27.0,0.0,0.0,-2.0,0700-0759,0.0,,0.0,95.0,73.0,60.0,1.0,337.0,2,,,0.0,,0.0,,,,0,,,,,,,,,,,,,,,,,,,,,,,,,,,,,,,,,,,,,,,,,,,,,N,12.0,12.0,5.0,7.0,4.0,1.0,36.0,41.0,6,7,0.0,2.0,36.0,42.0,2,2,0,0.0,0.0,N968WN,N968WN-WN-0,36.0,48.0,5.0,41.0,53.0,,,0.0,36,41,0.0,0.0
N969DL,552.0,2019,2,5,2,4,2019-05-02,DL,DL,19790,DL,2352,,,,,DL,19790,DL,2352,10257,1025702,30257,ALB,"Albany, NY",NY,36,New York,22,10397,1039707,30397,ATL,"Atlanta, GA",GA,13,Georgia,34,600,-8.0,0.0,0.0,-1.0,0600-0659,9.0,601.0,806.0,7.0,834,813.0,-21.0,0.0,0.0,-2.0,0800-0859,0.0,,0.0,154.0,141.0,125.0,1.0,853.0,4,,,0.0,,0.0,,,,0,,,,,,,,,,,,,,,,,,,,,,,,,,,,,,,,,,,,,,,,,,,,,N,0.0,0.0,5.0,8.0,3.0,1.0,23.0,33.0,6,8,0.0,2.0,24.0,34.0,1,1,0,1.0,1.0,N969DL,N969DL-DL-0,24.0,35.0,10.0,34.0,45.0,,,0.0,24,34,0.0,0.0
N969DL,903.0,2019,2,5,2,4,2019-05-02,DL,DL,19790,DL,381,,,,,DL,19790,DL,381,10397,1039707,30397,ATL,"Atlanta, GA",GA,13,Georgia,34,11618,1161802,31703,EWR,"Newark, NJ",NJ,34,New Jersey,21,905,-2.0,0.0,0.0,-1.0,0900-0959,18.0,921.0,1101.0,6.0,1112,1107.0,-5.0,0.0,0.0,-1.0,1100-1159,0.0,,0.0,127.0,124.0,100.0,1.0,746.0,3,,,0.0,,0.0,,,,0,,,,,,,,,,,,,,,,,,,,,,,,,,,,,,,,,,,,,,,,,,,,,N,0.0,0.0,9.0,11.0,0.0,0.0,36.0,44.0,9,11,0.0,1.0,36.0,45.0,7,7,1,1.0,0.0,N969DL,N969DL-DL-1,36.0,48.0,8.0,44.0,56.0,33.0,3.0,0.0,38,46,2.0,14.86
N969JT,735.0,2019,2,5,2,4,2019-05-02,B6,B6,20409,B6,1077,,,,,B6,20409,B6,1077,10721,1072102,30721,BOS,"Boston, MA",MA,25,Massachusetts,13,12889,1288903,32211,LAS,"Las Vegas, NV",NV,32,Nevada,85,741,-6.0,0.0,0.0,-1.0,0700-0759,13.0,748.0,1026.0,11.0,1035,1037.0,2.0,2.0,0.0,0.0,1000-1059,0.0,,0.0,354.0,362.0,338.0,1.0,2381.0,10,,,0.0,,0.0,,,,0,,,,,,,,,,,,,,,,,,,,,,,,,,,,,,,,,,,,,,,,,,,,,N,0.0,12.0,7.0,10.0,2.0,2.0,30.0,54.0,7,10,3.0,2.0,31.0,54.0,7,7,0,0.0,0.0,N969JT,N969JT-B6-0,31.0,42.0,24.0,55.0,66.0,,,0.0,31,55,0.0,0.0
N969NN,746.0,2019,2,5,2,4,2019-05-02,AA,AA,19805,AA,261,,,,,AA,19805,AA,261,11298,1129806,30194,DFW,"Dallas/Fort Worth, TX",TX,48,Texas,74,15016,1501606,31123,STL,"St. Louis, MO",MO,29,Missouri,64,710,36.0,36.0,1.0,2.0,0700-0759,19.0,805.0,924.0,4.0,852,928.0,36.0,36.0,1.0,2.0,0800-0859,0.0,,0.0,102.0,102.0,79.0,1.0,550.0,3,1.0,0.0,0.0,0.0,35.0,,,,0,,,,,,,,,,,,,,,,,,,,,,,,,,,,,,,,,,,,,,,,,,,,,N,4.0,4.0,7.0,9.0,3.0,2.0,35.0,42.0,7,8,1.0,3.0,33.0,39.0,3,3,0,0.0,0.0,N969NN,N969NN-AA-0,33.0,47.0,7.0,40.0,54.0,,,2.0,33,40,0.0,0.0
N969TW,540.0,2019,2,5,2,4,2019-05-02,AA,AA,19805,AA,2453,,,,,AA,19805,AA,2453,14193,1419306,33728,PNS,"Pensacola, FL",FL,12,Florida,33,11298,1129806,30194,DFW,"Dallas/Fort Worth, TX",TX,48,Texas,74,545,-5.0,0.0,0.0,-1.0,0001-0559,14.0,554.0,806.0,5.0,755,811.0,16.0,16.0,1.0,1.0,0700-0759,0.0,,0.0,130.0,151.0,132.0,1.0,604.0,3,0.0,0.0,16.0,0.0,0.0,,,,0,,,,,,,,,,,,,,,,,,,,,,,,,,,,,,,,,,,,,,,,,,,,,N,4.0,4.0,5.0,8.0,3.0,1.0,27.0,37.0,5,7,3.0,4.0,27.0,36.0,2,2,0,0.0,0.0,N969TW,N969TW-AA-0,27.0,39.0,10.0,37.0,49.0,,,1.0,27,37,0.0,0.0
N970AN,543.0,2019,2,5,2,4,2019-05-02,AA,AA,19805,AA,1063,,,,,AA,19805,AA,1063,10693,1069302,30693,BNA,"Nashville, TN",TN,47,Tennessee,54,12892,1289208,32575,LAX,"Los Angeles, CA",CA,6,California,91,545,-2.0,0.0,0.0,-1.0,0001-0559,15.0,558.0,806.0,6.0,841,812.0,-29.0,0.0,0.0,-2.0,0800-0859,0.0,,0.0,296.0,269.0,248.0,1.0,1797.0,8,,,0.0,,0.0,,,,0,,,,,,,,,,,,,,,,,,,,,,,,,,,,,,,,,,,,,,,,,,,,,N,4.0,12.0,5.0,8.0,3.0,1.0,27.0,45.0,5,8,3.0,3.0,27.0,47.0,4,4,0,0.0,0.0,N970AN,N970AN-AA-0,27.0,39.0,18.0,45.0,57.0,,,0.0,27,45,0.0,0.0
N970AT,819.0,2019,2,5,2,4,2019-05-02,DL,DL,19790,DL,1325,,,,,DL,19790,DL,1325,11618,1161802,31703,EWR,"Newark, NJ",NJ,34,New Jersey,21,13487,1348702,31650,MSP,"Minneapolis, MN",MN,27,Minnesota,63,825,-6.0,0.0,0.0,-1.0,0800-0859,16.0,835.0,954.0,5.0,1023,959.0,-24.0,0.0,0.0,-2.0,1000-1059,0.0,,0.0,178.0,160.0,139.0,1.0,1008.0,5,,,0.0,,0.0,,,,0,,,,,,,,,,,,,,,,,,,,,,,,,,,,,,,,,,,,,,,,,,,,,N,0.0,4.0,8.0,9.0,1.0,4.0,33.0,44.0,8,10,2.0,2.0,34.0,46.0,3,3,0,0.0,0.0,N970AT,N970AT-DL-0,34.0,45.0,11.0,45.0,56.0,,,0.0,44,55,10.0,55.1
N970DL,600.0,2019,2,5,2,4,2019-05-02,DL,DL,19790,DL,2952,,,,,DL,19790,DL,2952,10980,1098002,30980,CHA,"Chattanooga, TN",TN,47,Tennessee,54,10397,1039707,30397,ATL,"Atlanta, GA",GA,13,Georgia,34,600,0.0,0.0,0.0,0.0,0600-0659,15.0,615.0,637.0,8.0,650,645.0,-5.0,0.0,0.0,-1.0,0600-0659,0.0,,0.0,50.0,45.0,22.0,1.0,106.0,1,,,0.0,,0.0,,,,0,,,,,,,,,,,,,,,,,,,,,,,,,,,,,,,,,,,,,,,,,,,,,N,0.0,0.0,6.0,6.0,0.0,3.0,24.0,27.0,6,6,0.0,3.0,24.0,27.0,4,4,0,1.0,1.0,N970DL,N970DL-DL-0,24.0,36.0,3.0,27.0,39.0,,,0.0,24,27,0.0,0.0
N970DL,803.0,2019,2,5,2,4,2019-05-02,DL,DL,19790,DL,1653,,,,,DL,19790,DL,1653,10397,1039707,30397,ATL,"Atlanta, GA",GA,13,Georgia,34,13871,1387102,33316,OMA,"Omaha, NE",NE,31,Nebraska,65,810,-7.0,0.0,0.0,-1.0,0800-0859,10.0,813.0,911.0,3.0,931,914.0,-17.0,0.0,0.0,-2.0,0900-0959,0.0,,0.0,141.0,131.0,118.0,1.0,821.0,4,,,0.0,,0.0,,,,0,,,,,,,,,,,,,,,,,,,,,,,,,,,,,,,,,,,,,,,,,,,,,N,0.0,4.0,8.0,9.0,0.0,1.0,32.0,41.0,8,9,1.0,2.0,33.0,42.0,6,6,1,1.0,0.0,N970DL,N970DL-DL-1,33.0,44.0,9.0,42.0,53.0,27.0,5.0,0.0,33,42,0.0,0.0
N970NN,836.0,2019,2,5,2,4,2019-05-02,AA,AA,19805,AA,1255,,,,,AA,19805,AA,1255,14635,1463502,31714,RSW,"Fort Myers, FL",FL,12,Florida,33,13930,1393007,30977,ORD,"Chicago, IL",IL,17,Illinois,41,831,5.0,5.0,0.0,0.0,0800-0859,12.0,848.0,1025.0,12.0,1049,1037.0,-12.0,0.0,0.0,-1.0,1000-1059,0.0,,0.0,198.0,181.0,157.0,1.0,1120.0,5,,,0.0,,0.0,,,,0,,,,,,,,,,,,,,,,,,,,,,,,,,,,,,,,,,,,,,,,,,,,,N,0.0,4.0,8.0,10.0,2.0,2.0,34.0,46.0,8,10,2.0,3.0,34.0,47.0,9,9,0,0.0,0.0,N970NN,N970NN-AA-0,34.0,46.0,12.0,46.0,58.0,,,0.0,34,46,0.0,0.0
N970SW,752.0,2019,2,5,2,4,2019-05-02,UA,UA_CODESHARE,19977,UA,5107,,,,,OO,20304,OO,5107,14802,1480202,34802,SHD,"Staunton, VA",VA,51,Virginia,38,12264,1226402,30852,IAD,"Washington, DC",VA,51,Virginia,38,615,97.0,97.0,1.0,6.0,0600-0659,13.0,805.0,836.0,11.0,706,847.0,101.0,101.0,1.0,6.0,0700-0759,0.0,,0.0,51.0,55.0,31.0,1.0,91.0,1,97.0,0.0,4.0,0.0,0.0,,,,0,,,,,,,,,,,,,,,,,,,,,,,,,,,,,,,,,,,,,,,,,,,,,N,0.0,0.0,7.0,8.0,3.0,3.0,31.0,35.0,6,7,1.0,0.0,25.0,28.0,7,7,0,1.0,1.0,N970SW,N970SW-UA-0,31.0,43.0,4.0,35.0,47.0,,,0.0,31,35,0.0,0.0
N970SW,914.0,2019,2,5,2,4,2019-05-02,UA,UA_CODESHARE,19977,UA,5663,,,,,OO,20304,OO,5663,12264,1226402,30852,IAD,"Washington, DC",VA,51,Virginia,38,15016,1501606,31123,STL,"St. Louis, MO",MO,29,Missouri,64,830,44.0,44.0,1.0,2.0,0800-0859,19.0,933.0,1104.0,6.0,953,1110.0,77.0,77.0,1.0,5.0,0900-0959,0.0,,0.0,143.0,176.0,151.0,1.0,696.0,3,0.0,0.0,33.0,0.0,44.0,,,,0,,,,,,,,,,,,,,,,,,,,,,,,,,,,,,,,,,,,,,,,,,,,,N,0.0,4.0,9.0,11.0,1.0,1.0,37.0,49.0,8,9,2.0,4.0,34.0,44.0,9,9,1,1.0,0.0,N970SW,N970SW-UA-1,34.0,49.0,12.0,46.0,61.0,35.0,2.0,5.0,34,46,0.0,0.0
N970UY,4.0,2019,2,5,2,4,2019-05-02,AA,AA,19805,AA,2186,,,,,AA,19805,AA,2186,11292,1129202,30325,DEN,"Denver, CO",CO,8,Colorado,82,14100,1410005,34100,PHL,"Philadelphia, PA",PA,42,Pennsylvania,23,11,-7.0,0.0,0.0,-1.0,0001-0559,12.0,16.0,509.0,6.0,546,515.0,-31.0,0.0,0.0,-2.0,0001-0559,0.0,,0.0,215.0,191.0,173.0,1.0,1558.0,7,,,0.0,,0.0,,,,0,,,,,,,,,,,,,,,,,,,,,,,,,,,,,,,,,,,,,,,,,,,,,N,8.0,0.0,0.0,5.0,0.0,1.0,8.0,21.0,0,5,1.0,3.0,9.0,23.0,9,9,0,1.0,1.0,N970UY,N970UY-AA-0,9.0,20.0,13.0,22.0,33.0,,,0.0,9,22,0.0,0.0
N970UY,801.0,2019,2,5,2,4,2019-05-02,AA,AA,19805,AA,582,,,,,AA,19805,AA,582,14100,1410005,34100,PHL,"Philadelphia, PA",PA,42,Pennsylvania,23,12892,1289208,32575,LAX,"Los Angeles, CA",CA,6,California,91,807,-6.0,0.0,0.0,-1.0,0800-0859,26.0,827.0,1107.0,17.0,1119,1124.0,5.0,5.0,0.0,0.0,1100-1159,0.0,,0.0,372.0,383.0,340.0,1.0,2402.0,10,,,0.0,,0.0,,,,0,,,,,,,,,,,,,,,,,,,,,,,,,,,,,,,,,,,,,,,,,,,,,N,0.0,12.0,8.0,11.0,0.0,2.0,32.0,58.0,8,11,0.0,1.0,32.0,57.0,3,3,1,1.0,0.0,N970UY,N970UY-AA-1,32.0,44.0,26.0,58.0,70.0,21.0,11.0,0.0,33,61,3.0,10.72
N971AN,920.0,2019,2,5,2,4,2019-05-02,AA,AA,19805,AA,2378,,,,,AA,19805,AA,2378,12266,1226603,31453,IAH,"Houston, TX",TX,48,Texas,74,11298,1129806,30194,DFW,"Dallas/Fort Worth, TX",TX,48,Texas,74,826,54.0,54.0,1.0,3.0,0800-0859,13.0,933.0,1054.0,13.0,945,1107.0,82.0,82.0,1.0,5.0,0900-0959,0.0,,0.0,79.0,107.0,81.0,1.0,224.0,1,54.0,0.0,28.0,0.0,0.0,,,,0,,,,,,,,,,,,,,,,,,,,,,,,,,,,,,,,,,,,,,,,,,,,,N,4.0,4.0,9.0,11.0,1.0,0.0,41.0,48.0,8,9,2.0,3.0,38.0,43.0,8,8,0,0.0,0.0,N971AN,N971AN-AA-0,39.0,53.0,7.0,46.0,60.0,,,2.0,41,48,2.0,17.2
N971SW,549.0,2019,2,5,2,4,2019-05-02,UA,UA_CODESHARE,19977,UA,5549,,,,,OO,20304,OO,5549,14487,1448702,33792,RDD,"Redding, CA",CA,6,California,91,14771,1477104,32457,SFO,"San Francisco, CA",CA,6,California,91,600,-11.0,0.0,0.0,-1.0,0600-0659,14.0,603.0,643.0,4.0,700,647.0,-13.0,0.0,0.0,-1.0,0700-0759,0.0,,0.0,60.0,58.0,40.0,1.0,199.0,1,,,0.0,,0.0,,,,0,,,,,,,,,,,,,,,,,,,,,,,,,,,,,,,,,,,,,,,,,,,,,N,12.0,12.0,5.0,6.0,3.0,3.0,35.0,39.0,6,7,0.0,0.0,36.0,40.0,9,9,0,0.0,0.0,N971SW,N971SW-UA-0,36.0,47.0,4.0,40.0,51.0,,,0.0,36,40,0.0,0.0
N971TW,802.0,2019,2,5,2,4,2019-05-02,AA,AA,19805,AA,2591,,,,,AA,19805,AA,2591,11298,1129806,30194,DFW,"Dallas/Fort Worth, TX",TX,48,Texas,74,14683,1468305,33214,SAT,"San Antonio, TX",TX,48,Texas,74,730,32.0,32.0,1.0,2.0,0700-0759,16.0,818.0,906.0,3.0,839,909.0,30.0,30.0,1.0,2.0,0800-0859,0.0,,0.0,69.0,67.0,48.0,1.0,247.0,1,30.0,0.0,0.0,0.0,0.0,,,,0,,,,,,,,,,,,,,,,,,,,,,,,,,,,,,,,,,,,,,,,,,,,,N,4.0,4.0,8.0,9.0,0.0,1.0,36.0,41.0,7,8,2.0,3.0,34.0,39.0,7,7,0,0.0,0.0,N971TW,N971TW-AA-0,36.0,48.0,5.0,41.0,53.0,,,0.0,36,41,0.0,0.0
N971UY,911.0,2019,2,5,2,4,2019-05-02,AA,AA,19805,AA,837,,,,,AA,19805,AA,837,14027,1402702,34027,PBI,"West Palm Beach/Palm Beach, FL",FL,12,Florida,33,11057,1105703,31057,CLT,"Charlotte, NC",NC,37,North Carolina,36,827,44.0,44.0,1.0,2.0,0800-0859,11.0,922.0,1052.0,3.0,1031,1055.0,24.0,24.0,1.0,1.0,1000-1059,0.0,,0.0,124.0,104.0,90.0,1.0,590.0,3,24.0,0.0,0.0,0.0,0.0,,,,0,,,,,,,,,,,,,,,,,,,,,,,,,,,,,,,,,,,,,,,,,,,,,N,0.0,0.0,9.0,10.0,1.0,4.0,37.0,44.0,8,10,2.0,2.0,34.0,42.0,5,5,0,0.0,0.0,N971UY,N971UY-AA-0,37.0,49.0,7.0,44.0,56.0,,,0.0,37,44,0.0,0.0
N972DL,657.0,2019,2,5,2,4,2019-05-02,DL,DL,19790,DL,1575,,,,,DL,19790,DL,1575,12339,1233904,32337,IND,"Indianapolis, IN",IN,18,Indiana,42,10397,1039707,30397,ATL,"Atlanta, GA",GA,13,Georgia,34,700,-3.0,0.0,0.0,-1.0,0700-0759,24.0,721.0,830.0,7.0,830,837.0,7.0,7.0,0.0,0.0,0800-0859,0.0,,0.0,90.0,100.0,69.0,1.0,432.0,2,,,0.0,,0.0,,,,0,,,,,,,,,,,,,,,,,,,,,,,,,,,,,,,,,,,,,,,,,,,,,N,0.0,0.0,6.0,8.0,4.0,2.0,28.0,34.0,7,8,0.0,2.0,28.0,34.0,6,6,0,1.0,1.0,N972DL,N972DL-DL-0,28.0,40.0,6.0,34.0,46.0,,,0.0,28,34,0.0,0.0
N972DL,919.0,2019,2,5,2,4,2019-05-02,DL,DL,19790,DL,2992,,,,,DL,19790,DL,2992,10397,1039707,30397,ATL,"Atlanta, GA",GA,13,Georgia,34,12448,1244807,32448,JAN,"Jackson/Vicksburg, MS",MS,28,Mississippi,53,920,-1.0,0.0,0.0,-1.0,0900-0959,12.0,931.0,924.0,2.0,943,926.0,-17.0,0.0,0.0,-2.0,0900-0959,0.0,,0.0,83.0,67.0,53.0,1.0,341.0,2,,,0.0,,0.0,,,,0,,,,,,,,,,,,,,,,,,,,,,,,,,,,,,,,,,,,,,,,,,,,,N,0.0,4.0,9.0,9.0,1.0,2.0,37.0,42.0,9,9,1.0,3.0,37.0,43.0,2,2,1,1.0,0.0,N972DL,N972DL-DL-1,37.0,49.0,5.0,42.0,54.0,34.0,3.0,0.0,37,42,0.0,0.0
N972JT,607.0,2019,2,5,2,4,2019-05-02,B6,B6,20409,B6,1502,,,,,B6,20409,B6,1502,11697,1169706,32467,FLL,"Fort Lauderdale, FL",FL,12,Florida,33,12478,1247805,31703,JFK,"New York, NY",NY,36,New York,22,600,7.0,7.0,0.0,0.0,0600-0659,29.0,636.0,858.0,13.0,856,911.0,15.0,15.0,1.0,1.0,0800-0859,0.0,,0.0,176.0,184.0,142.0,1.0,1069.0,5,7.0,0.0,8.0,0.0,0.0,,,,0,,,,,,,,,,,,,,,,,,,,,,,,,,,,,,,,,,,,,,,,,,,,,N,0.0,0.0,6.0,9.0,0.0,1.0,24.0,37.0,6,8,0.0,4.0,24.0,36.0,5,5,0,0.0,0.0,N972JT,N972JT-B6-0,24.0,36.0,13.0,37.0,49.0,,,1.0,24,37,0.0,0.0
N972UY,626.0,2019,2,5,2,4,2019-05-02,AA,AA,19805,AA,2067,,,,,AA,19805,AA,2067,12478,1247805,31703,JFK,"New York, NY",NY,36,New York,22,11057,1105703,31057,CLT,"Charlotte, NC",NC,37,North Carolina,36,633,-7.0,0.0,0.0,-1.0,0600-0659,15.0,641.0,806.0,10.0,841,816.0,-25.0,0.0,0.0,-2.0,0800-0859,0.0,,0.0,128.0,110.0,85.0,1.0,541.0,3,,,0.0,,0.0,,,,0,,,,,,,,,,,,,,,,,,,,,,,,,,,,,,,,,,,,,,,,,,,,,N,0.0,0.0,6.0,8.0,2.0,1.0,26.0,33.0,6,8,2.0,3.0,26.0,35.0,6,6,0,0.0,0.0,N972UY,N972UY-AA-0,26.0,38.0,7.0,33.0,45.0,,,0.0,26,33,0.0,0.0
N973AN,847.0,2019,2,5,2,4,2019-05-02,AA,AA,19805,AA,2574,,,,,AA,19805,AA,2574,15016,1501606,31123,STL,"St. Louis, MO",MO,29,Missouri,64,14107,1410702,30466,PHX,"Phoenix, AZ",AZ,4,Arizona,81,720,87.0,87.0,1.0,5.0,0700-0759,20.0,907.0,1010.0,4.0,900,1014.0,74.0,74.0,1.0,4.0,0900-0959,0.0,,0.0,220.0,207.0,183.0,1.0,1262.0,6,74.0,0.0,0.0,0.0,0.0,,,,0,,,,,,,,,,,,,,,,,,,,,,,,,,,,,,,,,,,,,,,,,,,,,N,4.0,8.0,8.0,10.0,3.0,1.0,39.0,49.0,7,9,1.0,0.0,33.0,44.0,9,9,0,0.0,0.0,N973AN,N973AN-AA-0,39.0,51.0,10.0,49.0,61.0,,,0.0,39,49,0.0,0.0
N973DL,558.0,2019,2,5,2,4,2019-05-02,DL,DL,19790,DL,2645,,,,,DL,19790,DL,2645,13851,1385103,33851,OKC,"Oklahoma City, OK",OK,40,Oklahoma,73,10397,1039707,30397,ATL,"Atlanta, GA",GA,13,Georgia,34,600,-2.0,0.0,0.0,-1.0,0600-0659,15.0,613.0,850.0,8.0,905,858.0,-7.0,0.0,0.0,-1.0,0900-0959,0.0,,0.0,125.0,120.0,97.0,1.0,761.0,4,,,0.0,,0.0,,,,0,,,,,,,,,,,,,,,,,,,,,,,,,,,,,,,,,,,,,,,,,,,,,N,4.0,0.0,5.0,8.0,4.0,4.0,28.0,36.0,6,9,0.0,0.0,28.0,36.0,6,6,0,0.0,0.0,N973DL,N973DL-DL-0,28.0,40.0,8.0,36.0,48.0,,,0.0,28,36,0.0,0.0
N973JT,159.0,2019,2,5,2,4,2019-05-02,B6,B6,20409,B6,2504,,,,,B6,20409,B6,2504,14843,1484306,34819,SJU,"San Juan, PR",PR,72,Puerto Rico,3,12478,1247805,31703,JFK,"New York, NY",NY,36,New York,22,202,-3.0,0.0,0.0,-1.0,0001-0559,9.0,208.0,541.0,5.0,558,546.0,-12.0,0.0,0.0,-1.0,0001-0559,0.0,,0.0,236.0,227.0,213.0,1.0,1598.0,7,,,0.0,,0.0,,,,0,,,,,,,,,,,,,,,,,,,,,,,,,,,,,,,,,,,,,,,,,,,,,N,-4.0,0.0,1.0,5.0,4.0,3.0,4.0,23.0,2,5,0.0,4.0,4.0,24.0,3,3,0,0.0,0.0,N973JT,N973JT-B6-0,4.0,16.0,19.0,23.0,35.0,,,0.0,4,23,0.0,0.0
N973SW,740.0,2019,2,5,2,4,2019-05-02,UA,UA_CODESHARE,19977,UA,5224,,,,,OO,20304,OO,5224,10627,1062702,30627,BIS,"Bismarck/Mandan, ND",ND,38,North Dakota,66,11292,1129202,30325,DEN,"Denver, CO",CO,8,Colorado,82,747,-7.0,0.0,0.0,-1.0,0700-0759,32.0,812.0,839.0,7.0,840,846.0,6.0,6.0,0.0,0.0,0800-0859,0.0,,0.0,113.0,126.0,87.0,1.0,516.0,3,,,0.0,,0.0,,,,0,,,,,,,,,,,,,,,,,,,,,,,,,,,,,,,,,,,,,,,,,,,,,N,4.0,8.0,7.0,8.0,3.0,3.0,35.0,43.0,7,8,3.0,3.0,35.0,43.0,2,2,0,0.0,0.0,N973SW,N973SW-UA-0,35.0,47.0,8.0,43.0,55.0,,,0.0,35,43,0.0,0.0
N973UY,813.0,2019,2,5,2,4,2019-05-02,AA,AA,19805,AA,292,,,,,AA,19805,AA,292,14100,1410005,34100,PHL,"Philadelphia, PA",PA,42,Pennsylvania,23,14747,1474703,30559,SEA,"Seattle, WA",WA,53,Washington,93,820,-7.0,0.0,0.0,-1.0,0800-0859,41.0,854.0,1132.0,12.0,1133,1144.0,11.0,11.0,0.0,0.0,1100-1159,0.0,,0.0,373.0,391.0,338.0,1.0,2378.0,10,,,0.0,,0.0,,,,0,,,,,,,,,,,,,,,,,,,,,,,,,,,,,,,,,,,,,,,,,,,,,N,0.0,12.0,8.0,11.0,1.0,3.0,33.0,59.0,8,11,1.0,2.0,33.0,58.0,2,2,0,0.0,0.0,N973UY,N973UY-AA-0,33.0,45.0,26.0,59.0,71.0,,,0.0,33,59,0.0,0.0
N974AT,553.0,2019,2,5,2,4,2019-05-02,DL,DL,19790,DL,2861,,,,,DL,19790,DL,2861,14771,1477104,32457,SFO,"San Francisco, CA",CA,6,California,91,12892,1289208,32575,LAX,"Los Angeles, CA",CA,6,California,91,600,-7.0,0.0,0.0,-1.0,0600-0659,9.0,602.0,655.0,13.0,730,708.0,-22.0,0.0,0.0,-2.0,0700-0759,0.0,,0.0,90.0,75.0,53.0,1.0,337.0,2,,,0.0,,0.0,,,,0,,,,,,,,,,,,,,,,,,,,,,,,,,,,,,,,,,,,,,,,,,,,,N,12.0,12.0,5.0,7.0,4.0,1.0,36.0,41.0,6,7,0.0,2.0,36.0,42.0,1,1,0,0.0,0.0,N974AT,N974AT-DL-0,36.0,48.0,5.0,41.0,53.0,,,0.0,36,41,0.0,0.0
N974DL,733.0,2019,2,5,2,4,2019-05-02,DL,DL,19790,DL,2631,,,,,DL,19790,DL,2631,12448,1244807,32448,JAN,"Jackson/Vicksburg, MS",MS,28,Mississippi,53,10397,1039707,30397,ATL,"Atlanta, GA",GA,13,Georgia,34,739,-6.0,0.0,0.0,-1.0,0700-0759,17.0,750.0,941.0,6.0,1000,947.0,-13.0,0.0,0.0,-1.0,1000-1059,0.0,,0.0,81.0,74.0,51.0,1.0,341.0,2,,,0.0,,0.0,,,,0,,,,,,,,,,,,,,,,,,,,,,,,,,,,,,,,,,,,,,,,,,,,,N,4.0,0.0,7.0,9.0,2.0,3.0,34.0,39.0,7,10,3.0,0.0,35.0,40.0,3,3,0,0.0,0.0,N974DL,N974DL-DL-0,35.0,46.0,5.0,40.0,51.0,,,0.0,35,40,0.0,0.0
N974JT,912.0,2019,2,5,2,4,2019-05-02,B6,B6,20409,B6,1701,,,,,B6,20409,B6,1701,12478,1247805,31703,JFK,"New York, NY",NY,36,New York,22,11697,1169706,32467,FLL,"Fort Lauderdale, FL",FL,12,Florida,33,903,9.0,9.0,0.0,0.0,0900-0959,24.0,936.0,1202.0,6.0,1214,1208.0,-6.0,0.0,0.0,-1.0,1200-1259,0.0,,0.0,191.0,176.0,146.0,1.0,1069.0,5,,,0.0,,0.0,,,,0,,,,,,,,,,,,,,,,,,,,,,,,,,,,,,,,,,,,,,,,,,,,,N,0.0,0.0,9.0,12.0,1.0,1.0,37.0,49.0,9,12,0.0,1.0,36.0,49.0,2,2,0,0.0,0.0,N974JT,N974JT-B6-0,37.0,49.0,12.0,49.0,61.0,,,0.0,37,49,0.0,0.0
N974UY,640.0,2019,2,5,2,4,2019-05-02,AA,AA,19805,AA,437,,,,,AA,19805,AA,437,12889,1288903,32211,LAS,"Las Vegas, NV",NV,32,Nevada,85,14100,1410005,34100,PHL,"Philadelphia, PA",PA,42,Pennsylvania,23,642,-2.0,0.0,0.0,-1.0,0600-0659,25.0,705.0,1419.0,7.0,1429,1426.0,-3.0,0.0,0.0,-1.0,1400-1459,0.0,,0.0,287.0,286.0,254.0,1.0,2176.0,9,,,0.0,,0.0,,,,0,,,,,,,,,,,,,,,,,,,,,,,,,,,,,,,,,,,,,,,,,,,,,N,12.0,0.0,6.0,14.0,3.0,2.0,39.0,58.0,6,14,3.0,2.0,39.0,58.0,2,2,0,0.0,0.0,N974UY,N974UY-AA-0,39.0,51.0,19.0,58.0,70.0,,,0.0,39,58,0.0,0.0
N975AN,607.0,2019,2,5,2,4,2019-05-02,AA,AA,19805,AA,1361,,,,,AA,19805,AA,1361,14570,1457002,34570,RNO,"Reno, NV",NV,32,Nevada,85,11298,1129806,30194,DFW,"Dallas/Fort Worth, TX",TX,48,Texas,74,610,-3.0,0.0,0.0,-1.0,0600-0659,9.0,616.0,1103.0,11.0,1129,1114.0,-15.0,0.0,0.0,-1.0,1100-1159,0.0,,0.0,199.0,187.0,167.0,1.0,1345.0,6,,,0.0,,0.0,,,,0,,,,,,,,,,,,,,,,,,,,,,,,,,,,,,,,,,,,,,,,,,,,,N,12.0,4.0,6.0,11.0,0.0,1.0,36.0,49.0,6,11,1.0,2.0,37.0,50.0,2,2,0,0.0,0.0,N975AN,N975AN-AA-0,37.0,48.0,13.0,50.0,61.0,,,0.0,37,50,0.0,0.0
N975DL,557.0,2019,2,5,2,4,2019-05-02,DL,DL,19790,DL,1751,,,,,DL,19790,DL,1751,11481,1148102,31481,ECP,"Panama City, FL",FL,12,Florida,33,10397,1039707,30397,ATL,"Atlanta, GA",GA,13,Georgia,34,600,-3.0,0.0,0.0,-1.0,0600-0659,17.0,614.0,752.0,6.0,809,758.0,-11.0,0.0,0.0,-1.0,0800-0859,0.0,,0.0,69.0,61.0,38.0,1.0,240.0,1,,,0.0,,0.0,,,,0,,,,,,,,,,,,,,,,,,,,,,,,,,,,,,,,,,,,,,,,,,,,,N,4.0,0.0,5.0,7.0,4.0,4.0,28.0,32.0,6,8,0.0,1.0,28.0,33.0,7,7,0,1.0,1.0,N975DL,N975DL-DL-0,28.0,40.0,4.0,32.0,44.0,,,0.0,28,32,0.0,0.0
N975DL,856.0,2019,2,5,2,4,2019-05-02,DL,DL,19790,DL,1521,,,,,DL,19790,DL,1521,10397,1039707,30397,ATL,"Atlanta, GA",GA,13,Georgia,34,11267,1126702,31267,DAY,"Dayton, OH",OH,39,Ohio,44,859,-3.0,0.0,0.0,-1.0,0800-0859,10.0,906.0,1009.0,6.0,1026,1015.0,-11.0,0.0,0.0,-1.0,1000-1059,0.0,,0.0,87.0,79.0,63.0,1.0,432.0,2,,,0.0,,0.0,,,,0,,,,,,,,,,,,,,,,,,,,,,,,,,,,,,,,,,,,,,,,,,,,,N,0.0,0.0,8.0,10.0,4.0,1.0,36.0,41.0,8,10,4.0,2.0,36.0,42.0,4,4,1,1.0,0.0,N975DL,N975DL-DL-1,36.0,48.0,5.0,41.0,53.0,32.0,4.0,0.0,36,41,0.0,0.0
N975JT,623.0,2019,2,5,2,4,2019-05-02,B6,B6,20409,B6,721,,,,,B6,20409,B6,721,10721,1072102,30721,BOS,"Boston, MA",MA,25,Massachusetts,13,14027,1402702,34027,PBI,"West Palm Beach/Palm Beach, FL",FL,12,Florida,33,630,-7.0,0.0,0.0,-1.0,0600-0659,17.0,640.0,924.0,4.0,941,928.0,-13.0,0.0,0.0,-1.0,0900-0959,0.0,,0.0,191.0,185.0,164.0,1.0,1197.0,5,,,0.0,,0.0,,,,0,,,,,,,,,,,,,,,,,,,,,,,,,,,,,,,,,,,,,,,,,,,,,N,0.0,0.0,6.0,9.0,2.0,2.0,26.0,38.0,6,9,2.0,3.0,26.0,39.0,7,7,0,0.0,0.0,N975JT,N975JT-B6-0,26.0,38.0,12.0,38.0,50.0,,,0.0,26,38,0.0,0.0
N975SW,855.0,2019,2,5,2,4,2019-05-02,UA,UA_CODESHARE,19977,UA,5881,,,,,OO,20304,OO,5881,14711,1471105,34711,SCE,"State College, PA",PA,42,Pennsylvania,23,13930,1393007,30977,ORD,"Chicago, IL",IL,17,Illinois,41,800,55.0,55.0,1.0,3.0,0800-0859,11.0,906.0,941.0,12.0,907,953.0,46.0,46.0,1.0,3.0,0900-0959,0.0,,0.0,127.0,118.0,95.0,1.0,528.0,3,46.0,0.0,0.0,0.0,0.0,,,,0,,,,,,,,,,,,,,,,,,,,,,,,,,,,,,,,,,,,,,,,,,,,,N,0.0,4.0,8.0,9.0,4.0,4.0,36.0,44.0,8,9,0.0,0.0,32.0,40.0,9,9,0,0.0,0.0,N975SW,N975SW-UA-0,36.0,48.0,8.0,44.0,56.0,,,0.0,36,44,0.0,0.0
N975UY,57.0,2019,2,5,2,4,2019-05-02,AA,AA,19805,AA,406,,,,,AA,19805,AA,406,12889,1288903,32211,LAS,"Las Vegas, NV",NV,32,Nevada,85,11057,1105703,31057,CLT,"Charlotte, NC",NC,37,North Carolina,36,54,3.0,3.0,0.0,0.0,0001-0559,16.0,113.0,818.0,7.0,804,825.0,21.0,21.0,1.0,1.0,0800-0859,0.0,,0.0,250.0,268.0,245.0,1.0,1916.0,8,3.0,0.0,18.0,0.0,0.0,,,,0,,,,,,,,,,,,,,,,,,,,,,,,,,,,,,,,,,,,,,,,,,,,,N,12.0,0.0,0.0,8.0,4.0,2.0,16.0,34.0,0,8,4.0,0.0,16.0,32.0,6,6,0,1.0,1.0,N975UY,N975UY-AA-0,16.0,28.0,18.0,34.0,46.0,,,1.0,16,34,0.0,0.0
N975UY,931.0,2019,2,5,2,4,2019-05-02,AA,AA,19805,AA,802,,,,,AA,19805,AA,802,11057,1105703,31057,CLT,"Charlotte, NC",NC,37,North Carolina,36,13930,1393007,30977,ORD,"Chicago, IL",IL,17,Illinois,41,935,-4.0,0.0,0.0,-1.0,0900-0959,13.0,944.0,1020.0,13.0,1054,1033.0,-21.0,0.0,0.0,-2.0,1000-1059,0.0,,0.0,139.0,122.0,96.0,1.0,599.0,3,,,0.0,,0.0,,,,0,,,,,,,,,,,,,,,,,,,,,,,,,,,,,,,,,,,,,,,,,,,,,N,0.0,4.0,9.0,10.0,2.0,2.0,38.0,46.0,9,10,2.0,4.0,38.0,48.0,7,7,1,1.0,0.0,N975UY,N975UY-AA-1,38.0,50.0,8.0,46.0,58.0,34.0,4.0,0.0,38,46,0.0,0.0
N976AN,525.0,2019,2,5,2,4,2019-05-02,AA,AA,19805,AA,1354,,,,,AA,19805,AA,1354,15016,1501606,31123,STL,"St. Louis, MO",MO,29,Missouri,64,11057,1105703,31057,CLT,"Charlotte, NC",NC,37,North Carolina,36,525,0.0,0.0,0.0,0.0,0001-0559,13.0,538.0,815.0,9.0,816,824.0,8.0,8.0,0.0,0.0,0800-0859,0.0,,0.0,111.0,119.0,97.0,1.0,575.0,3,,,0.0,,0.0,,,,0,,,,,,,,,,,,,,,,,,,,,,,,,,,,,,,,,,,,,,,,,,,,,N,4.0,0.0,5.0,8.0,2.0,2.0,26.0,34.0,5,8,2.0,1.0,26.0,33.0,4,4,0,0.0,0.0,N976AN,N976AN-AA-0,26.0,38.0,8.0,34.0,46.0,,,0.0,26,34,0.0,0.0
N976DL,801.0,2019,2,5,2,4,2019-05-02,DL,DL,19790,DL,2382,,,,,DL,19790,DL,2382,14730,1473003,33044,SDF,"Louisville, KY",KY,21,Kentucky,52,10397,1039707,30397,ATL,"Atlanta, GA",GA,13,Georgia,34,810,-9.0,0.0,0.0,-1.0,0800-0859,21.0,822.0,917.0,6.0,937,923.0,-14.0,0.0,0.0,-1.0,0900-0959,0.0,,0.0,87.0,82.0,55.0,1.0,321.0,2,,,0.0,,0.0,,,,0,,,,,,,,,,,,,,,,,,,,,,,,,,,,,,,,,,,,,,,,,,,,,N,0.0,0.0,8.0,9.0,0.0,2.0,32.0,38.0,8,9,1.0,2.0,33.0,38.0,2,2,0,0.0,0.0,N976DL,N976DL-DL-0,33.0,44.0,6.0,39.0,50.0,,,0.0,33,40,1.0,2.14
N976NN,827.0,2019,2,5,2,4,2019-05-02,AA,AA,19805,AA,1081,,,,,AA,19805,AA,1081,11278,1127805,30852,DCA,"Washington, DC",VA,51,Virginia,38,12889,1288903,32211,LAS,"Las Vegas, NV",NV,32,Nevada,85,830,-3.0,0.0,0.0,-1.0,0800-0859,39.0,906.0,1118.0,6.0,1100,1124.0,24.0,24.0,1.0,1.0,1100-1159,0.0,,0.0,330.0,357.0,312.0,1.0,2089.0,9,0.0,0.0,24.0,0.0,0.0,,,,0,,,,,,,,,,,,,,,,,,,,,,,,,,,,,,,,,,,,,,,,,,,,,N,0.0,12.0,8.0,11.0,2.0,2.0,34.0,58.0,8,11,2.0,0.0,34.0,56.0,5,5,0,0.0,0.0,N976NN,N976NN-AA-0,34.0,46.0,24.0,58.0,70.0,,,2.0,34,58,0.0,0.0
N976SW,734.0,2019,2,5,2,4,2019-05-02,UA,UA_CODESHARE,19977,UA,5269,,,,,OO,20304,OO,5269,11111,1111105,32474,COU,"Columbia, MO",MO,29,Missouri,64,11292,1129202,30325,DEN,"Denver, CO",CO,8,Colorado,82,716,18.0,18.0,1.0,1.0,0700-0759,14.0,748.0,832.0,7.0,826,839.0,13.0,13.0,0.0,0.0,0800-0859,0.0,,0.0,130.0,125.0,104.0,1.0,671.0,3,,,0.0,,0.0,,,,0,,,,,,,,,,,,,,,,,,,,,,,,,,,,,,,,,,,,,,,,,,,,,N,4.0,8.0,7.0,8.0,2.0,3.0,34.0,43.0,7,8,1.0,2.0,33.0,42.0,6,6,0,0.0,0.0,N976SW,N976SW-UA-0,34.0,46.0,9.0,43.0,55.0,,,0.0,34,43,0.0,0.0
N976UY,802.0,2019,2,5,2,4,2019-05-02,AA,AA,19805,AA,1807,,,,,AA,19805,AA,1807,11057,1105703,31057,CLT,"Charlotte, NC",NC,37,North Carolina,36,14100,1410005,34100,PHL,"Philadelphia, PA",PA,42,Pennsylvania,23,805,-3.0,0.0,0.0,-1.0,0800-0859,80.0,922.0,1031.0,5.0,955,1036.0,41.0,41.0,1.0,2.0,0900-0959,0.0,,0.0,110.0,154.0,69.0,1.0,449.0,2,0.0,0.0,41.0,0.0,0.0,,,,0,,,,,,,,,,,,,,,,,,,,,,,,,,,,,,,,,,,,,,,,,,,,,N,0.0,0.0,8.0,10.0,0.0,2.0,32.0,42.0,8,9,0.0,4.0,32.0,40.0,1,1,0,0.0,0.0,N976UY,N976UY-AA-0,32.0,44.0,10.0,42.0,54.0,,,3.0,37,50,8.0,22.92
N977AT,651.0,2019,2,5,2,4,2019-05-02,DL,DL,19790,DL,1112,,,,,DL,19790,DL,1112,13198,1319801,33198,MCI,"Kansas City, MO",MO,29,Missouri,64,13487,1348702,31650,MSP,"Minneapolis, MN",MN,27,Minnesota,63,647,4.0,4.0,0.0,0.0,0600-0659,10.0,701.0,807.0,3.0,815,810.0,-5.0,0.0,0.0,-1.0,0800-0859,0.0,,0.0,88.0,79.0,66.0,1.0,393.0,2,,,0.0,,0.0,,,,0,,,,,,,,,,,,,,,,,,,,,,,,,,,,,,,,,,,,,,,,,,,,,N,4.0,4.0,6.0,8.0,3.0,1.0,31.0,37.0,6,8,3.0,1.0,31.0,37.0,2,2,0,0.0,0.0,N977AT,N977AT-DL-0,31.0,43.0,6.0,37.0,49.0,,,0.0,31,37,0.0,0.0
N977JE,539.0,2019,2,5,2,4,2019-05-02,B6,B6,20409,B6,288,,,,,B6,20409,B6,288,12892,1289208,32575,LAX,"Los Angeles, CA",CA,6,California,91,10721,1072102,30721,BOS,"Boston, MA",MA,25,Massachusetts,13,549,-10.0,0.0,0.0,-1.0,0001-0559,15.0,554.0,1342.0,8.0,1423,1350.0,-33.0,0.0,0.0,-2.0,1400-1459,0.0,,0.0,334.0,311.0,288.0,1.0,2611.0,11,,,0.0,,0.0,,,,0,,,,,,,,,,,,,,,,,,,,,,,,,,,,,,,,,,,,,,,,,,,,,N,12.0,0.0,5.0,13.0,3.0,3.0,35.0,55.0,5,14,3.0,2.0,35.0,58.0,9,9,0,0.0,0.0,N977JE,N977JE-B6-0,35.0,47.0,20.0,55.0,67.0,,,0.0,35,55,0.0,0.0
N977NN,511.0,2019,2,5,2,4,2019-05-02,AA,AA,19805,AA,1052,,,,,AA,19805,AA,1052,14683,1468305,33214,SAT,"San Antonio, TX",TX,48,Texas,74,11057,1105703,31057,CLT,"Charlotte, NC",NC,37,North Carolina,36,500,11.0,11.0,0.0,0.0,0001-0559,16.0,527.0,851.0,9.0,846,900.0,14.0,14.0,0.0,0.0,0800-0859,0.0,,0.0,166.0,169.0,144.0,1.0,1095.0,5,,,0.0,,0.0,,,,0,,,,,,,,,,,,,,,,,,,,,,,,,,,,,,,,,,,,,,,,,,,,,N,4.0,0.0,5.0,9.0,1.0,0.0,25.0,36.0,5,8,0.0,3.0,24.0,35.0,1,1,0,0.0,0.0,N977NN,N977NN-AA-0,25.0,37.0,11.0,36.0,48.0,,,0.0,25,39,3.0,4.86
N977UY,622.0,2019,2,5,2,4,2019-05-02,AA,AA,19805,AA,495,,,,,AA,19805,AA,495,13930,1393007,30977,ORD,"Chicago, IL",IL,17,Illinois,41,14771,1477104,32457,SFO,"San Francisco, CA",CA,6,California,91,630,-8.0,0.0,0.0,-1.0,0600-0659,16.0,638.0,915.0,3.0,913,918.0,5.0,5.0,0.0,0.0,0900-0959,0.0,,0.0,283.0,296.0,277.0,1.0,1846.0,8,,,0.0,,0.0,,,,0,,,,,,,,,,,,,,,,,,,,,,,,,,,,,,,,,,,,,,,,,,,,,N,4.0,12.0,6.0,9.0,1.0,1.0,29.0,49.0,6,9,2.0,1.0,30.0,49.0,4,4,0,0.0,0.0,N977UY,N977UY-AA-0,30.0,41.0,20.0,50.0,61.0,,,0.0,31,51,1.0,4.32
N978AN,609.0,2019,2,5,2,4,2019-05-02,AA,AA,19805,AA,1098,,,,,AA,19805,AA,1098,13198,1319801,33198,MCI,"Kansas City, MO",MO,29,Missouri,64,11298,1129806,30194,DFW,"Dallas/Fort Worth, TX",TX,48,Texas,74,615,-6.0,0.0,0.0,-1.0,0600-0659,17.0,626.0,740.0,13.0,804,753.0,-11.0,0.0,0.0,-1.0,0800-0859,0.0,,0.0,109.0,104.0,74.0,1.0,460.0,2,,,0.0,,0.0,,,,0,,,,,,,,,,,,,,,,,,,,,,,,,,,,,,,,,,,,,,,,,,,,,N,4.0,4.0,6.0,7.0,1.0,4.0,29.0,36.0,6,8,1.0,0.0,29.0,36.0,7,7,0,0.0,0.0,N978AN,N978AN-AA-0,29.0,41.0,7.0,36.0,48.0,,,0.0,29,36,0.0,0.0
N978AT,603.0,2019,2,5,2,4,2019-05-02,DL,DL,19790,DL,2783,,,,,DL,19790,DL,2783,11146,1114607,31146,CRW,"Charleston/Dunbar, WV",WV,54,West Virginia,39,10397,1039707,30397,ATL,"Atlanta, GA",GA,13,Georgia,34,600,3.0,3.0,0.0,0.0,0600-0659,23.0,626.0,725.0,4.0,729,729.0,0.0,0.0,0.0,0.0,0700-0759,0.0,,0.0,89.0,86.0,59.0,1.0,363.0,2,,,0.0,,0.0,,,,0,,,,,,,,,,,,,,,,,,,,,,,,,,,,,,,,,,,,,,,,,,,,,N,0.0,0.0,6.0,7.0,0.0,2.0,24.0,30.0,6,7,0.0,2.0,24.0,30.0,6,6,0,1.0,1.0,N978AT,N978AT-DL-0,24.0,36.0,6.0,30.0,42.0,,,0.0,24,30,0.0,0.0
N978AT,838.0,2019,2,5,2,4,2019-05-02,DL,DL,19790,DL,1688,,,,,DL,19790,DL,1688,10397,1039707,30397,ATL,"Atlanta, GA",GA,13,Georgia,34,12217,1221702,30255,HSV,"Huntsville, AL",AL,1,Alabama,51,839,-1.0,0.0,0.0,-1.0,0800-0859,17.0,855.0,830.0,5.0,839,835.0,-4.0,0.0,0.0,-1.0,0800-0859,0.0,,0.0,60.0,57.0,35.0,1.0,151.0,1,,,0.0,,0.0,,,,0,,,,,,,,,,,,,,,,,,,,,,,,,,,,,,,,,,,,,,,,,,,,,N,0.0,4.0,8.0,8.0,3.0,2.0,35.0,38.0,8,8,3.0,3.0,35.0,39.0,6,6,1,1.0,0.0,N978AT,N978AT-DL-1,35.0,47.0,3.0,38.0,50.0,30.0,5.0,0.0,35,38,0.0,0.0
N978NN,810.0,2019,2,5,2,4,2019-05-02,AA,AA,19805,AA,2259,,,,,AA,19805,AA,2259,11433,1143302,31295,DTW,"Detroit, MI",MI,26,Michigan,43,13930,1393007,30977,ORD,"Chicago, IL",IL,17,Illinois,41,816,-6.0,0.0,0.0,-1.0,0800-0859,70.0,920.0,912.0,16.0,854,928.0,34.0,34.0,1.0,2.0,0800-0859,0.0,,0.0,98.0,138.0,52.0,1.0,235.0,1,0.0,0.0,34.0,0.0,0.0,,,,0,,,,,,,,,,,,,,,,,,,,,,,,,,,,,,,,,,,,,,,,,,,,,N,0.0,4.0,8.0,9.0,1.0,2.0,33.0,42.0,8,8,1.0,4.0,33.0,40.0,1,1,0,0.0,0.0,N978NN,N978NN-AA-0,33.0,45.0,9.0,42.0,54.0,,,2.0,33,43,1.0,1.28
N978SW,559.0,2019,2,5,2,4,2019-05-02,UA,UA_CODESHARE,19977,UA,5068,,,,,OO,20304,OO,5068,11027,1102705,31027,CKB,"Clarksburg/Fairmont, WV",WV,54,West Virginia,39,12264,1226402,30852,IAD,"Washington, DC",VA,51,Virginia,38,600,-1.0,0.0,0.0,-1.0,0600-0659,13.0,612.0,642.0,6.0,708,648.0,-20.0,0.0,0.0,-2.0,0700-0759,0.0,,0.0,68.0,49.0,30.0,1.0,151.0,1,,,0.0,,0.0,,,,0,,,,,,,,,,,,,,,,,,,,,,,,,,,,,,,,,,,,,,,,,,,,,N,0.0,0.0,5.0,6.0,4.0,3.0,24.0,27.0,6,7,0.0,1.0,24.0,29.0,6,6,0,1.0,1.0,N978SW,N978SW-UA-0,24.0,36.0,3.0,27.0,39.0,,,0.0,24,27,0.0,0.0
N978SW,822.0,2019,2,5,2,4,2019-05-02,UA,UA_CODESHARE,19977,UA,5094,,,,,OO,20304,OO,5094,12264,1226402,30852,IAD,"Washington, DC",VA,51,Virginia,38,13121,1312102,33121,LWB,"Lewisburg, WV",WV,54,West Virginia,39,830,-8.0,0.0,0.0,-1.0,0800-0859,29.0,851.0,928.0,3.0,938,931.0,-7.0,0.0,0.0,-1.0,0900-0959,0.0,,0.0,68.0,69.0,37.0,1.0,176.0,1,,,0.0,,0.0,,,,0,,,,,,,,,,,,,,,,,,,,,,,,,,,,,,,,,,,,,,,,,,,,,N,0.0,0.0,8.0,9.0,1.0,2.0,33.0,38.0,8,9,2.0,3.0,34.0,39.0,8,8,1,1.0,0.0,N978SW,N978SW-UA-1,34.0,45.0,5.0,39.0,50.0,27.0,6.0,0.0,34,39,0.0,0.0
N978UY,755.0,2019,2,5,2,4,2019-05-02,AA,AA,19805,AA,785,,,,,AA,19805,AA,785,11057,1105703,31057,CLT,"Charlotte, NC",NC,37,North Carolina,36,14771,1477104,32457,SFO,"San Francisco, CA",CA,6,California,91,757,-2.0,0.0,0.0,-1.0,0700-0759,16.0,811.0,1020.0,10.0,1047,1030.0,-17.0,0.0,0.0,-2.0,1000-1059,0.0,,0.0,350.0,335.0,309.0,1.0,2296.0,10,,,0.0,,0.0,,,,0,,,,,,,,,,,,,,,,,,,,,,,,,,,,,,,,,,,,,,,,,,,,,N,0.0,12.0,7.0,10.0,4.0,2.0,32.0,54.0,7,10,4.0,3.0,32.0,55.0,7,7,0,0.0,0.0,N978UY,N978UY-AA-0,32.0,44.0,22.0,54.0,66.0,,,0.0,37,59,5.0,41.66
N979AN,522.0,2019,2,5,2,4,2019-05-02,AA,AA,19805,AA,1597,,,,,AA,19805,AA,1597,12953,1295304,31703,LGA,"New York, NY",NY,36,New York,22,11298,1129806,30194,DFW,"Dallas/Fort Worth, TX",TX,48,Texas,74,530,-8.0,0.0,0.0,-1.0,0001-0559,28.0,550.0,824.0,5.0,831,829.0,-2.0,0.0,0.0,-1.0,0800-0859,0.0,,0.0,241.0,247.0,214.0,1.0,1389.0,6,,,0.0,,0.0,,,,0,,,,,,,,,,,,,,,,,,,,,,,,,,,,,,,,,,,,,,,,,,,,,N,0.0,4.0,5.0,8.0,1.0,2.0,21.0,38.0,5,8,2.0,2.0,22.0,38.0,5,5,0,0.0,0.0,N979AN,N979AN-AA-0,22.0,33.0,17.0,39.0,50.0,,,0.0,22,40,1.0,5.24
N979AT,611.0,2019,2,5,2,4,2019-05-02,DL,DL,19790,DL,2050,,,,,DL,19790,DL,2050,12339,1233904,32337,IND,"Indianapolis, IN",IN,18,Indiana,42,13204,1320402,31454,MCO,"Orlando, FL",FL,12,Florida,33,615,-4.0,0.0,0.0,-1.0,0600-0659,10.0,621.0,813.0,9.0,826,822.0,-4.0,0.0,0.0,-1.0,0800-0859,0.0,,0.0,131.0,131.0,112.0,1.0,829.0,4,,,0.0,,0.0,,,,0,,,,,,,,,,,,,,,,,,,,,,,,,,,,,,,,,,,,,,,,,,,,,N,0.0,0.0,6.0,8.0,1.0,1.0,25.0,33.0,6,8,1.0,2.0,25.0,34.0,7,7,0,1.0,1.0,N979AT,N979AT-DL-0,25.0,37.0,8.0,33.0,45.0,,,0.0,25,33,0.0,0.0
N979AT,855.0,2019,2,5,2,4,2019-05-02,DL,DL,19790,DL,2672,,,,,DL,19790,DL,2672,13204,1320402,31454,MCO,"Orlando, FL",FL,12,Florida,33,14492,1449202,34492,RDU,"Raleigh/Durham, NC",NC,37,North Carolina,36,905,-10.0,0.0,0.0,-1.0,0900-0959,20.0,915.0,1035.0,5.0,1046,1040.0,-6.0,0.0,0.0,-1.0,1000-1059,0.0,,0.0,101.0,105.0,80.0,1.0,534.0,3,,,0.0,,0.0,,,,0,,,,,,,,,,,,,,,,,,,,,,,,,,,,,,,,,,,,,,,,,,,,,N,0.0,0.0,8.0,10.0,4.0,3.0,36.0,43.0,9,10,0.0,3.0,36.0,43.0,3,3,1,1.0,0.0,N979AT,N979AT-DL-1,36.0,48.0,7.0,43.0,55.0,33.0,3.0,0.0,36,43,0.0,0.0
N979DL,559.0,2019,2,5,2,4,2019-05-02,DL,DL,19790,DL,1485,,,,,DL,19790,DL,1485,15919,1591904,31834,XNA,"Fayetteville, AR",AR,5,Arkansas,71,10397,1039707,30397,ATL,"Atlanta, GA",GA,13,Georgia,34,600,-1.0,0.0,0.0,-1.0,0600-0659,14.0,613.0,833.0,7.0,849,840.0,-9.0,0.0,0.0,-1.0,0800-0859,0.0,,0.0,109.0,101.0,80.0,1.0,589.0,3,,,0.0,,0.0,,,,0,,,,,,,,,,,,,,,,,,,,,,,,,,,,,,,,,,,,,,,,,,,,,N,4.0,0.0,5.0,8.0,4.0,3.0,28.0,35.0,6,8,0.0,3.0,28.0,35.0,5,5,0,1.0,1.0,N979DL,N979DL-DL-0,28.0,40.0,7.0,35.0,47.0,,,0.0,28,35,0.0,0.0
N979DL,942.0,2019,2,5,2,4,2019-05-02,DL,DL,19790,DL,2452,,,,,DL,19790,DL,2452,10397,1039707,30397,ATL,"Atlanta, GA",GA,13,Georgia,34,14524,1452401,34524,RIC,"Richmond, VA",VA,51,Virginia,38,940,2.0,2.0,0.0,0.0,0900-0959,7.0,949.0,1053.0,5.0,1114,1058.0,-16.0,0.0,0.0,-2.0,1100-1159,0.0,,0.0,94.0,76.0,64.0,1.0,481.0,2,,,0.0,,0.0,,,,0,,,,,,,,,,,,,,,,,,,,,,,,,,,,,,,,,,,,,,,,,,,,,N,0.0,0.0,9.0,10.0,3.0,4.0,39.0,44.0,9,11,3.0,1.0,39.0,45.0,2,2,1,1.0,0.0,N979DL,N979DL-DL-1,39.0,51.0,5.0,44.0,56.0,35.0,4.0,0.0,39,44,0.0,0.0
N979EV,655.0,2019,2,5,2,4,2019-05-02,DL,DL_CODESHARE,19790,DL,7422,,,,,OO,20304,OO,7422,13076,1307605,33076,LSE,"La Crosse, WI",WI,55,Wisconsin,45,13487,1348702,31650,MSP,"Minneapolis, MN",MN,27,Minnesota,63,700,-5.0,0.0,0.0,-1.0,0700-0759,22.0,717.0,749.0,5.0,759,754.0,-5.0,0.0,0.0,-1.0,0700-0759,0.0,,0.0,59.0,59.0,32.0,1.0,119.0,1,,,0.0,,0.0,,,,0,,,,,,,,,,,,,,,,,,,,,,,,,,,,,,,,,,,,,,,,,,,,,N,4.0,4.0,6.0,7.0,4.0,4.0,32.0,36.0,7,7,0.0,4.0,32.0,36.0,6,6,0,0.0,0.0,N979EV,N979EV-DL-0,32.0,44.0,4.0,36.0,48.0,,,0.0,32,36,0.0,0.0
N979JT,635.0,2019,2,5,2,4,2019-05-02,B6,B6,20409,B6,16,,,,,B6,20409,B6,16,14771,1477104,32457,SFO,"San Francisco, CA",CA,6,California,91,12478,1247805,31703,JFK,"New York, NY",NY,36,New York,22,640,-5.0,0.0,0.0,-1.0,0600-0659,15.0,650.0,1448.0,13.0,1529,1501.0,-28.0,0.0,0.0,-2.0,1500-1559,0.0,,0.0,349.0,326.0,298.0,1.0,2586.0,11,,,0.0,,0.0,,,,0,,,,,,,,,,,,,,,,,,,,,,,,,,,,,,,,,,,,,,,,,,,,,N,12.0,0.0,6.0,15.0,2.0,0.0,38.0,60.0,6,15,3.0,2.0,39.0,62.0,6,6,0,0.0,0.0,N979JT,N979JT-B6-0,39.0,50.0,22.0,61.0,72.0,,,0.0,39,61,0.0,0.0
N979NN,637.0,2019,2,5,2,4,2019-05-02,AA,AA,19805,AA,187,,,,,AA,19805,AA,187,12266,1226603,31453,IAH,"Houston, TX",TX,48,Texas,74,13930,1393007,30977,ORD,"Chicago, IL",IL,17,Illinois,41,637,0.0,0.0,0.0,0.0,0600-0659,22.0,659.0,944.0,15.0,925,959.0,34.0,34.0,1.0,2.0,0900-0959,0.0,,0.0,168.0,202.0,165.0,1.0,925.0,4,0.0,0.0,34.0,0.0,0.0,,,,0,,,,,,,,,,,,,,,,,,,,,,,,,,,,,,,,,,,,,,,,,,,,,N,4.0,4.0,6.0,9.0,2.0,4.0,30.0,44.0,6,9,2.0,2.0,30.0,42.0,6,6,0,0.0,0.0,N979NN,N979NN-AA-0,30.0,42.0,14.0,44.0,56.0,,,2.0,30,44,0.0,0.0
N979RP,613.0,2019,2,5,2,4,2019-05-02,UA,UA_CODESHARE,19977,UA,3457,,,,,YX,20452,YX,3457,14122,1412202,30198,PIT,"Pittsburgh, PA",PA,42,Pennsylvania,23,12266,1226603,31453,IAH,"Houston, TX",TX,48,Texas,74,620,-7.0,0.0,0.0,-1.0,0600-0659,12.0,625.0,832.0,13.0,841,845.0,4.0,4.0,0.0,0.0,0800-0859,0.0,,0.0,201.0,212.0,187.0,1.0,1117.0,5,,,0.0,,0.0,,,,0,,,,,,,,,,,,,,,,,,,,,,,,,,,,,,,,,,,,,,,,,,,,,N,0.0,4.0,6.0,8.0,1.0,3.0,25.0,39.0,6,8,1.0,3.0,25.0,39.0,8,8,0,0.0,0.0,N979RP,N979RP-UA-0,25.0,37.0,14.0,39.0,51.0,,,0.0,25,39,0.0,0.0
N979SW,543.0,2019,2,5,2,4,2019-05-02,UA,UA_CODESHARE,19977,UA,5162,,,,,OO,20304,OO,5162,10431,1043105,30431,AVL,"Asheville, NC",NC,37,North Carolina,36,13930,1393007,30977,ORD,"Chicago, IL",IL,17,Illinois,41,545,-2.0,0.0,0.0,-1.0,0001-0559,18.0,601.0,633.0,9.0,658,642.0,-16.0,0.0,0.0,-2.0,0600-0659,0.0,,0.0,133.0,119.0,92.0,1.0,536.0,3,,,0.0,,0.0,,,,0,,,,,,,,,,,,,,,,,,,,,,,,,,,,,,,,,,,,,,,,,,,,,N,0.0,4.0,5.0,6.0,3.0,3.0,23.0,31.0,5,6,3.0,4.0,23.0,32.0,9,9,0,1.0,1.0,N979SW,N979SW-UA-0,23.0,35.0,8.0,31.0,43.0,,,0.0,23,31,0.0,0.0
N979SW,1210.0,2019,2,5,2,4,2019-05-02,UA,UA_CODESHARE,19977,UA,5109,,,,,OO,20304,OO,5109,11076,1107602,31076,CMX,"Hancock/Houghton, MI",MI,26,Michigan,43,13930,1393007,30977,ORD,"Chicago, IL",IL,17,Illinois,41,610,360.0,360.0,1.0,12.0,0600-0659,13.0,1223.0,1235.0,15.0,652,1250.0,358.0,358.0,1.0,12.0,0600-0659,0.0,,0.0,102.0,100.0,72.0,1.0,360.0,2,358.0,0.0,0.0,0.0,0.0,,,,0,,,,,,,,,,,,,,,,,,,,,,,,,,,,,,,,,,,,,,,,,,,,,N,0.0,4.0,12.0,12.0,1.0,3.0,49.0,55.0,6,6,1.0,3.0,25.0,31.0,6,6,1,1.0,0.0,N979SW,N979SW-UA-1,49.0,61.0,6.0,55.0,67.0,31.0,18.0,0.0,49,55,0.0,0.0
N979UY,548.0,2019,2,5,2,4,2019-05-02,AA,AA,19805,AA,581,,,,,AA,19805,AA,581,14107,1410702,30466,PHX,"Phoenix, AZ",AZ,4,Arizona,81,13930,1393007,30977,ORD,"Chicago, IL",IL,17,Illinois,41,36,312.0,312.0,1.0,12.0,0001-0559,19.0,607.0,1100.0,11.0,554,1111.0,317.0,317.0,1.0,12.0,0001-0559,0.0,,0.0,198.0,203.0,173.0,1.0,1440.0,6,312.0,0.0,5.0,0.0,0.0,,,,0,,,,,,,,,,,,,,,,,,,,,,,,,,,,,,,,,,,,,,,,,,,,,N,8.0,4.0,5.0,11.0,3.0,1.0,31.0,49.0,0,5,2.0,4.0,10.0,28.0,3,3,0,0.0,0.0,N979UY,N979UY-AA-0,31.0,43.0,18.0,49.0,61.0,,,0.0,31,49,0.0,0.0
N980AT,503.0,2019,2,5,2,4,2019-05-02,DL,DL,19790,DL,1515,,,,,DL,19790,DL,1515,15380,1538005,35380,TVC,"Traverse City, MI",MI,26,Michigan,43,11433,1143302,31295,DTW,"Detroit, MI",MI,26,Michigan,43,510,-7.0,0.0,0.0,-1.0,0001-0559,12.0,515.0,548.0,10.0,616,558.0,-18.0,0.0,0.0,-2.0,0600-0659,0.0,,0.0,66.0,55.0,33.0,1.0,207.0,1,,,0.0,,0.0,,,,0,,,,,,,,,,,,,,,,,,,,,,,,,,,,,,,,,,,,,,,,,,,,,N,0.0,0.0,5.0,5.0,0.0,4.0,20.0,24.0,5,6,1.0,1.0,21.0,25.0,8,8,0,2.0,2.0,N980AT,N980AT-DL-0,21.0,32.0,4.0,25.0,36.0,,,0.0,21,26,1.0,8.16
N980AT,655.0,2019,2,5,2,4,2019-05-02,DL,DL,19790,DL,2575,,,,,DL,19790,DL,2575,11433,1143302,31295,DTW,"Detroit, MI",MI,26,Michigan,43,11618,1161802,31703,EWR,"Newark, NJ",NJ,34,New Jersey,21,700,-5.0,0.0,0.0,-1.0,0700-0759,16.0,711.0,817.0,7.0,839,824.0,-15.0,0.0,0.0,-1.0,0800-0859,0.0,,0.0,99.0,89.0,66.0,1.0,488.0,2,,,0.0,,0.0,,,,0,,,,,,,,,,,,,,,,,,,,,,,,,,,,,,,,,,,,,,,,,,,,,N,0.0,0.0,6.0,8.0,4.0,2.0,28.0,34.0,7,8,0.0,3.0,28.0,35.0,4,4,1,2.0,1.0,N980AT,N980AT-DL-1,28.0,40.0,6.0,34.0,46.0,24.0,4.0,0.0,30,37,3.0,14.34
N980AT,914.0,2019,2,5,2,4,2019-05-02,DL,DL,19790,DL,1523,,,,,DL,19790,DL,1523,11618,1161802,31703,EWR,"Newark, NJ",NJ,34,New Jersey,21,10397,1039707,30397,ATL,"Atlanta, GA",GA,13,Georgia,34,920,-6.0,0.0,0.0,-1.0,0900-0959,29.0,943.0,1128.0,8.0,1147,1136.0,-11.0,0.0,0.0,-1.0,1100-1159,0.0,,0.0,147.0,142.0,105.0,1.0,746.0,3,,,0.0,,0.0,,,,0,,,,,,,,,,,,,,,,,,,,,,,,,,,,,,,,,,,,,,,,,,,,,N,0.0,0.0,9.0,11.0,1.0,2.0,37.0,46.0,9,11,1.0,3.0,37.0,47.0,3,3,2,2.0,0.0,N980AT,N980AT-DL-2,37.0,49.0,9.0,46.0,58.0,34.0,3.0,0.0,46,55,9.0,46.94
N980DL,845.0,2019,2,5,2,4,2019-05-02,DL,DL,19790,DL,1312,,,,,DL,19790,DL,1312,10994,1099402,30994,CHS,"Charleston, SC",SC,45,South Carolina,37,10397,1039707,30397,ATL,"Atlanta, GA",GA,13,Georgia,34,830,15.0,15.0,1.0,1.0,0800-0859,11.0,856.0,942.0,4.0,943,946.0,3.0,3.0,0.0,0.0,0900-0959,0.0,,0.0,73.0,61.0,46.0,1.0,259.0,2,,,0.0,,0.0,,,,0,,,,,,,,,,,,,,,,,,,,,,,,,,,,,,,,,,,,,,,,,,,,,N,0.0,0.0,8.0,9.0,3.0,3.0,35.0,39.0,8,9,2.0,3.0,34.0,39.0,7,7,0,0.0,0.0,N980DL,N980DL-DL-0,35.0,47.0,4.0,39.0,51.0,,,0.0,35,39,0.0,0.0
N980EV,721.0,2019,2,5,2,4,2019-05-02,DL,DL_CODESHARE,19790,DL,5142,,,,,9E,20363,9E,5142,14524,1452401,34524,RIC,"Richmond, VA",VA,51,Virginia,38,12478,1247805,31703,JFK,"New York, NY",NY,36,New York,22,728,-7.0,0.0,0.0,-1.0,0700-0759,30.0,751.0,844.0,10.0,900,854.0,-6.0,0.0,0.0,-1.0,0900-0959,0.0,,0.0,92.0,93.0,53.0,1.0,288.0,2,,,0.0,,0.0,,,,0,,,,,,,,,,,,,,,,,,,,,,,,,,,,,,,,,,,,,,,,,,,,,N,0.0,0.0,7.0,8.0,1.0,4.0,29.0,36.0,7,9,2.0,0.0,30.0,36.0,1,1,0,1.0,1.0,N980EV,N980EV-DL-0,30.0,41.0,7.0,37.0,48.0,,,0.0,30,37,0.0,0.0
N980EV,941.0,2019,2,5,2,4,2019-05-02,DL,DL_CODESHARE,19790,DL,5415,,,,,9E,20363,9E,5415,12478,1247805,31703,JFK,"New York, NY",NY,36,New York,22,14524,1452401,34524,RIC,"Richmond, VA",VA,51,Virginia,38,942,-1.0,0.0,0.0,-1.0,0900-0959,27.0,1008.0,1103.0,4.0,1114,1107.0,-7.0,0.0,0.0,-1.0,1100-1159,0.0,,0.0,92.0,86.0,55.0,1.0,288.0,2,,,0.0,,0.0,,,,0,,,,,,,,,,,,,,,,,,,,,,,,,,,,,,,,,,,,,,,,,,,,,N,0.0,0.0,9.0,11.0,3.0,0.0,39.0,44.0,9,11,3.0,1.0,39.0,45.0,7,7,1,1.0,0.0,N980EV,N980EV-DL-1,39.0,51.0,5.0,44.0,56.0,36.0,3.0,0.0,40,45,1.0,7.18
N980JT,659.0,2019,2,5,2,4,2019-05-02,B6,B6,20409,B6,597,,,,,B6,20409,B6,597,10721,1072102,30721,BOS,"Boston, MA",MA,25,Massachusetts,13,14747,1474703,30559,SEA,"Seattle, WA",WA,53,Washington,93,700,-1.0,0.0,0.0,-1.0,0700-0759,16.0,715.0,1003.0,9.0,1013,1012.0,-1.0,0.0,0.0,-1.0,1000-1059,0.0,,0.0,373.0,373.0,348.0,1.0,2496.0,10,,,0.0,,0.0,,,,0,,,,,,,,,,,,,,,,,,,,,,,,,,,,,,,,,,,,,,,,,,,,,N,0.0,12.0,6.0,10.0,4.0,1.0,28.0,53.0,7,10,0.0,1.0,28.0,53.0,8,8,0,0.0,0.0,N980JT,N980JT-B6-0,28.0,40.0,25.0,53.0,65.0,,,0.0,28,53,0.0,0.0
N980NN,935.0,2019,2,5,2,4,2019-05-02,AA,AA,19805,AA,2324,,,,,AA,19805,AA,2324,14100,1410005,34100,PHL,"Philadelphia, PA",PA,42,Pennsylvania,23,13930,1393007,30977,ORD,"Chicago, IL",IL,17,Illinois,41,936,-1.0,0.0,0.0,-1.0,0900-0959,19.0,954.0,1047.0,14.0,1110,1101.0,-9.0,0.0,0.0,-1.0,1100-1159,0.0,,0.0,154.0,146.0,113.0,1.0,678.0,3,,,0.0,,0.0,,,,0,,,,,,,,,,,,,,,,,,,,,,,,,,,,,,,,,,,,,,,,,,,,,N,0.0,4.0,9.0,11.0,2.0,0.0,38.0,48.0,9,11,2.0,1.0,38.0,49.0,1,1,0,0.0,0.0,N980NN,N980NN-AA-0,38.0,50.0,10.0,48.0,60.0,,,0.0,43,55,7.0,19.3
N980SW,559.0,2019,2,5,2,4,2019-05-02,UA,UA_CODESHARE,19977,UA,5034,,,,,OO,20304,OO,5034,11823,1182304,31823,FWA,"Fort Wayne, IN",IN,18,Indiana,42,13930,1393007,30977,ORD,"Chicago, IL",IL,17,Illinois,41,600,-1.0,0.0,0.0,-1.0,0600-0659,15.0,614.0,553.0,14.0,610,607.0,-3.0,0.0,0.0,-1.0,0600-0659,0.0,,0.0,70.0,68.0,39.0,1.0,157.0,1,,,0.0,,0.0,,,,0,,,,,,,,,,,,,,,,,,,,,,,,,,,,,,,,,,,,,,,,,,,,,N,0.0,4.0,5.0,6.0,4.0,0.0,24.0,28.0,6,6,0.0,1.0,24.0,29.0,5,5,0,1.0,1.0,N980SW,N980SW-UA-0,24.0,36.0,4.0,28.0,40.0,,,0.0,24,29,1.0,5.34
N980SW,1151.0,2019,2,5,2,4,2019-05-02,UA,UA_CODESHARE,19977,UA,5767,,,,,OO,20304,OO,5767,12339,1233904,32337,IND,"Indianapolis, IN",IN,18,Indiana,42,12266,1226603,31453,IAH,"Houston, TX",TX,48,Texas,74,910,161.0,161.0,1.0,10.0,0900-0959,20.0,1211.0,1338.0,5.0,1058,1343.0,165.0,165.0,1.0,11.0,1000-1059,0.0,,0.0,168.0,172.0,147.0,1.0,844.0,4,0.0,0.0,25.0,0.0,140.0,,,,0,,,,,,,,,,,,,,,,,,,,,,,,,,,,,,,,,,,,,,,,,,,,,N,0.0,4.0,11.0,13.0,3.0,3.0,47.0,59.0,9,10,1.0,4.0,37.0,48.0,8,8,1,1.0,0.0,N980SW,N980SW-UA-1,37.0,59.0,12.0,49.0,71.0,28.0,19.0,11.0,37,49,0.0,0.0
N980UY,604.0,2019,2,5,2,4,2019-05-02,AA,AA,19805,AA,814,,,,,AA,19805,AA,814,12892,1289208,32575,LAX,"Los Angeles, CA",CA,6,California,91,14100,1410005,34100,PHL,"Philadelphia, PA",PA,42,Pennsylvania,23,600,4.0,4.0,0.0,0.0,0600-0659,17.0,621.0,1359.0,6.0,1413,1405.0,-8.0,0.0,0.0,-1.0,1400-1459,0.0,,0.0,313.0,301.0,278.0,1.0,2402.0,10,,,0.0,,0.0,,,,0,,,,,,,,,,,,,,,,,,,,,,,,,,,,,,,,,,,,,,,,,,,,,N,12.0,0.0,6.0,14.0,0.0,0.0,36.0,56.0,6,14,0.0,1.0,36.0,57.0,1,1,0,0.0,0.0,N980UY,N980UY-AA-0,36.0,48.0,20.0,56.0,68.0,,,0.0,36,56,0.0,0.0
N981AN,755.0,2019,2,5,2,4,2019-05-02,AA,AA,19805,AA,2087,,,,,AA,19805,AA,2087,11697,1169706,32467,FLL,"Fort Lauderdale, FL",FL,12,Florida,33,11057,1105703,31057,CLT,"Charlotte, NC",NC,37,North Carolina,36,758,-3.0,0.0,0.0,-1.0,0700-0759,17.0,812.0,948.0,8.0,1011,956.0,-15.0,0.0,0.0,-1.0,1000-1059,0.0,,0.0,133.0,121.0,96.0,1.0,632.0,3,,,0.0,,0.0,,,,0,,,,,,,,,,,,,,,,,,,,,,,,,,,,,,,,,,,,,,,,,,,,,N,0.0,0.0,7.0,9.0,4.0,4.0,32.0,40.0,7,10,4.0,1.0,32.0,41.0,8,8,0,0.0,0.0,N981AN,N981AN-AA-0,32.0,44.0,8.0,40.0,52.0,,,0.0,32,40,0.0,0.0
N981AT,553.0,2019,2,5,2,4,2019-05-02,DL,DL,19790,DL,1216,,,,,DL,19790,DL,1216,10431,1043105,30431,AVL,"Asheville, NC",NC,37,North Carolina,36,10397,1039707,30397,ATL,"Atlanta, GA",GA,13,Georgia,34,600,-7.0,0.0,0.0,-1.0,0600-0659,14.0,607.0,643.0,5.0,701,648.0,-13.0,0.0,0.0,-1.0,0700-0759,0.0,,0.0,61.0,55.0,36.0,1.0,164.0,1,,,0.0,,0.0,,,,0,,,,,,,,,,,,,,,,,,,,,,,,,,,,,,,,,,,,,,,,,,,,,N,0.0,0.0,5.0,6.0,4.0,3.0,24.0,27.0,6,7,0.0,0.0,24.0,28.0,7,7,0,1.0,1.0,N981AT,N981AT-DL-0,24.0,36.0,3.0,27.0,39.0,,,0.0,24,27,0.0,0.0
N981AT,741.0,2019,2,5,2,4,2019-05-02,DL,DL,19790,DL,380,,,,,DL,19790,DL,380,10397,1039707,30397,ATL,"Atlanta, GA",GA,13,Georgia,34,11618,1161802,31703,EWR,"Newark, NJ",NJ,34,New Jersey,21,745,-4.0,0.0,0.0,-1.0,0700-0759,10.0,751.0,947.0,4.0,951,951.0,0.0,0.0,0.0,0.0,0900-0959,0.0,,0.0,126.0,130.0,116.0,1.0,746.0,3,,,0.0,,0.0,,,,0,,,,,,,,,,,,,,,,,,,,,,,,,,,,,,,,,,,,,,,,,,,,,N,0.0,0.0,7.0,9.0,3.0,3.0,31.0,39.0,7,9,3.0,3.0,31.0,39.0,1,1,1,1.0,0.0,N981AT,N981AT-DL-1,31.0,43.0,8.0,39.0,51.0,27.0,4.0,0.0,32,41,2.0,2.72
N981DL,807.0,2019,2,5,2,4,2019-05-02,DL,DL,19790,DL,807,,,,,DL,19790,DL,807,11618,1161802,31703,EWR,"Newark, NJ",NJ,34,New Jersey,21,10397,1039707,30397,ATL,"Atlanta, GA",GA,13,Georgia,34,805,2.0,2.0,0.0,0.0,0800-0859,15.0,822.0,1010.0,12.0,1026,1022.0,-4.0,0.0,0.0,-1.0,1000-1059,0.0,,0.0,141.0,135.0,108.0,1.0,746.0,3,,,0.0,,0.0,,,,0,,,,,,,,,,,,,,,,,,,,,,,,,,,,,,,,,,,,,,,,,,,,,N,0.0,0.0,8.0,10.0,0.0,1.0,32.0,41.0,8,10,0.0,2.0,32.0,42.0,6,6,0,0.0,0.0,N981DL,N981DL-DL-0,32.0,44.0,9.0,41.0,53.0,,,0.0,33,42,1.0,6.28
N981EV,736.0,2019,2,5,2,4,2019-05-02,DL,DL_CODESHARE,19790,DL,3425,,,,,9E,20363,9E,3425,11193,1119302,33105,CVG,"Cincinnati, OH",KY,21,Kentucky,52,14100,1410005,34100,PHL,"Philadelphia, PA",PA,42,Pennsylvania,23,745,-9.0,0.0,0.0,-1.0,0700-0759,34.0,810.0,934.0,3.0,925,937.0,12.0,12.0,0.0,0.0,0900-0959,0.0,,0.0,100.0,121.0,84.0,1.0,507.0,3,,,0.0,,0.0,,,,0,,,,,,,,,,,,,,,,,,,,,,,,,,,,,,,,,,,,,,,,,,,,,N,0.0,0.0,7.0,9.0,2.0,2.0,30.0,38.0,7,9,3.0,2.0,31.0,38.0,4,4,0,1.0,1.0,N981EV,N981EV-DL-0,31.0,42.0,8.0,39.0,50.0,,,0.0,31,39,0.0,0.0
N981EV,1006.0,2019,2,5,2,4,2019-05-02,DL,DL_CODESHARE,19790,DL,3425,,,,,9E,20363,9E,3425,14100,1410005,34100,PHL,"Philadelphia, PA",PA,42,Pennsylvania,23,11193,1119302,33105,CVG,"Cincinnati, OH",KY,21,Kentucky,52,950,16.0,16.0,1.0,1.0,0900-0959,47.0,1053.0,1217.0,5.0,1154,1222.0,28.0,28.0,1.0,1.0,1100-1159,0.0,,0.0,124.0,136.0,84.0,1.0,507.0,3,4.0,0.0,12.0,0.0,12.0,,,,0,,,,,,,,,,,,,,,,,,,,,,,,,,,,,,,,,,,,,,,,,,,,,N,0.0,0.0,10.0,12.0,0.0,1.0,40.0,49.0,9,11,3.0,4.0,39.0,48.0,3,3,1,1.0,0.0,N981EV,N981EV-DL-1,39.0,52.0,9.0,48.0,61.0,38.0,2.0,2.0,39,48,0.0,0.0
N981UY,710.0,2019,2,5,2,4,2019-05-02,AA,AA,19805,AA,623,,,,,AA,19805,AA,623,14107,1410702,30466,PHX,"Phoenix, AZ",AZ,4,Arizona,81,13930,1393007,30977,ORD,"Chicago, IL",IL,17,Illinois,41,700,10.0,10.0,0.0,0.0,0700-0759,21.0,731.0,1225.0,17.0,1230,1242.0,12.0,12.0,0.0,0.0,1200-1259,0.0,,0.0,210.0,212.0,174.0,1.0,1440.0,6,,,0.0,,0.0,,,,0,,,,,,,,,,,,,,,,,,,,,,,,,,,,,,,,,,,,,,,,,,,,,N,8.0,4.0,7.0,12.0,1.0,3.0,37.0,55.0,7,12,0.0,2.0,36.0,54.0,9,9,0,0.0,0.0,N981UY,N981UY-AA-0,37.0,49.0,18.0,55.0,67.0,,,0.0,37,55,0.0,0.0
N982DL,755.0,2019,2,5,2,4,2019-05-02,DL,DL,19790,DL,1438,,,,,DL,19790,DL,1438,11066,1106606,31066,CMH,"Columbus, OH",OH,39,Ohio,44,10397,1039707,30397,ATL,"Atlanta, GA",GA,13,Georgia,34,800,-5.0,0.0,0.0,-1.0,0800-0859,10.0,805.0,914.0,8.0,936,922.0,-14.0,0.0,0.0,-1.0,0900-0959,0.0,,0.0,96.0,87.0,69.0,1.0,447.0,2,,,0.0,,0.0,,,,0,,,,,,,,,,,,,,,,,,,,,,,,,,,,,,,,,,,,,,,,,,,,,N,0.0,0.0,7.0,9.0,4.0,1.0,32.0,37.0,8,9,0.0,2.0,32.0,38.0,7,7,0,0.0,0.0,N982DL,N982DL-DL-0,32.0,44.0,5.0,37.0,49.0,,,0.0,32,37,0.0,0.0
N982JB,803.0,2019,2,5,2,4,2019-05-02,B6,B6,20409,B6,189,,,,,B6,20409,B6,189,12478,1247805,31703,JFK,"New York, NY",NY,36,New York,22,14679,1467903,33570,SAN,"San Diego, CA",CA,6,California,91,810,-7.0,0.0,0.0,-1.0,0800-0859,14.0,817.0,1110.0,4.0,1118,1114.0,-4.0,0.0,0.0,-1.0,1100-1159,0.0,,0.0,368.0,371.0,353.0,1.0,2446.0,10,,,0.0,,0.0,,,,0,,,,,,,,,,,,,,,,,,,,,,,,,,,,,,,,,,,,,,,,,,,,,N,0.0,12.0,8.0,11.0,0.0,1.0,32.0,57.0,8,11,1.0,1.0,33.0,57.0,9,9,0,0.0,0.0,N982JB,N982JB-B6-0,33.0,44.0,25.0,58.0,69.0,,,0.0,33,58,0.0,0.0
N982SW,519.0,2019,2,5,2,4,2019-05-02,UA,UA_CODESHARE,19977,UA,5971,,,,,OO,20304,OO,5971,11097,1109702,31097,COD,"Cody, WY",WY,56,Wyoming,88,11292,1129202,30325,DEN,"Denver, CO",CO,8,Colorado,82,530,-11.0,0.0,0.0,-1.0,0001-0559,16.0,535.0,632.0,6.0,715,638.0,-37.0,0.0,0.0,-2.0,0700-0759,0.0,,0.0,105.0,79.0,57.0,1.0,391.0,2,,,0.0,,0.0,,,,0,,,,,,,,,,,,,,,,,,,,,,,,,,,,,,,,,,,,,,,,,,,,,N,8.0,8.0,5.0,6.0,1.0,3.0,29.0,35.0,5,7,2.0,1.0,30.0,37.0,9,9,0,0.0,0.0,N982SW,N982SW-UA-0,30.0,41.0,6.0,36.0,47.0,,,0.0,30,36,0.0,0.0
N982TW,728.0,2019,2,5,2,4,2019-05-02,AA,AA,19805,AA,2326,,,,,AA,19805,AA,2326,11423,1142307,31423,DSM,"Des Moines, IA",IA,19,Iowa,61,11298,1129806,30194,DFW,"Dallas/Fort Worth, TX",TX,48,Texas,74,736,-8.0,0.0,0.0,-1.0,0700-0759,11.0,739.0,928.0,9.0,949,937.0,-12.0,0.0,0.0,-1.0,0900-0959,0.0,,0.0,133.0,129.0,109.0,1.0,624.0,3,,,0.0,,0.0,,,,0,,,,,,,,,,,,,,,,,,,,,,,,,,,,,,,,,,,,,,,,,,,,,N,4.0,4.0,7.0,9.0,2.0,2.0,34.0,42.0,7,9,2.0,3.0,34.0,43.0,1,1,0,0.0,0.0,N982TW,N982TW-AA-0,34.0,46.0,8.0,42.0,54.0,,,0.0,34,43,1.0,1.22
N982VJ,810.0,2019,2,5,2,4,2019-05-02,AA,AA,19805,AA,1781,,,,,AA,19805,AA,1781,14100,1410005,34100,PHL,"Philadelphia, PA",PA,42,Pennsylvania,23,11292,1129202,30325,DEN,"Denver, CO",CO,8,Colorado,82,815,-5.0,0.0,0.0,-1.0,0800-0859,23.0,833.0,1016.0,8.0,1038,1024.0,-14.0,0.0,0.0,-1.0,1000-1059,0.0,,0.0,263.0,254.0,223.0,1.0,1558.0,7,,,0.0,,0.0,,,,0,,,,,,,,,,,,,,,,,,,,,,,,,,,,,,,,,,,,,,,,,,,,,N,0.0,8.0,8.0,10.0,1.0,2.0,33.0,50.0,8,10,1.0,3.0,33.0,51.0,4,4,0,0.0,0.0,N982VJ,N982VJ-AA-0,33.0,45.0,17.0,50.0,62.0,,,0.0,33,53,3.0,14.04
N983AN,604.0,2019,2,5,2,4,2019-05-02,AA,AA,19805,AA,1020,,,,,AA,19805,AA,1020,11433,1143302,31295,DTW,"Detroit, MI",MI,26,Michigan,43,13303,1330303,32467,MIA,"Miami, FL",FL,12,Florida,33,608,-4.0,0.0,0.0,-1.0,0600-0659,13.0,617.0,852.0,5.0,924,857.0,-27.0,0.0,0.0,-2.0,0900-0959,0.0,,0.0,196.0,173.0,155.0,1.0,1145.0,5,,,0.0,,0.0,,,,0,,,,,,,,,,,,,,,,,,,,,,,,,,,,,,,,,,,,,,,,,,,,,N,0.0,0.0,6.0,8.0,0.0,4.0,24.0,36.0,6,9,1.0,2.0,25.0,38.0,4,4,0,0.0,0.0,N983AN,N983AN-AA-0,25.0,36.0,12.0,37.0,48.0,,,0.0,25,37,0.0,0.0
N983AT,612.0,2019,2,5,2,4,2019-05-02,DL,DL,19790,DL,336,,,,,DL,19790,DL,336,15096,1509602,35096,SYR,"Syracuse, NY",NY,36,New York,22,11433,1143302,31295,DTW,"Detroit, MI",MI,26,Michigan,43,615,-3.0,0.0,0.0,-1.0,0600-0659,16.0,628.0,732.0,5.0,747,737.0,-10.0,0.0,0.0,-1.0,0700-0759,0.0,,0.0,92.0,85.0,64.0,1.0,374.0,2,,,0.0,,0.0,,,,0,,,,,,,,,,,,,,,,,,,,,,,,,,,,,,,,,,,,,,,,,,,,,N,0.0,0.0,6.0,7.0,1.0,2.0,25.0,30.0,6,7,1.0,3.0,25.0,31.0,1,1,0,1.0,1.0,N983AT,N983AT-DL-0,25.0,37.0,5.0,30.0,42.0,,,0.0,25,30,0.0,0.0
N983AT,838.0,2019,2,5,2,4,2019-05-02,DL,DL,19790,DL,1108,,,,,DL,19790,DL,1108,11433,1143302,31295,DTW,"Detroit, MI",MI,26,Michigan,43,13342,1334207,33342,MKE,"Milwaukee, WI",WI,55,Wisconsin,45,835,3.0,3.0,0.0,0.0,0800-0859,19.0,857.0,845.0,2.0,847,847.0,0.0,0.0,0.0,0.0,0800-0859,0.0,,0.0,72.0,69.0,48.0,1.0,237.0,1,,,0.0,,0.0,,,,0,,,,,,,,,,,,,,,,,,,,,,,,,,,,,,,,,,,,,,,,,,,,,N,0.0,4.0,8.0,8.0,3.0,3.0,35.0,39.0,8,8,2.0,3.0,34.0,39.0,6,6,1,1.0,0.0,N983AT,N983AT-DL-1,35.0,47.0,4.0,39.0,51.0,30.0,5.0,0.0,35,39,0.0,0.0
N983DL,729.0,2019,2,5,2,4,2019-05-02,DL,DL,19790,DL,2507,,,,,DL,19790,DL,2507,14685,1468502,34685,SAV,"Savannah, GA",GA,13,Georgia,34,10397,1039707,30397,ATL,"Atlanta, GA",GA,13,Georgia,34,730,-1.0,0.0,0.0,-1.0,0700-0759,12.0,741.0,819.0,13.0,839,832.0,-7.0,0.0,0.0,-1.0,0800-0859,0.0,,0.0,69.0,63.0,38.0,1.0,214.0,1,,,0.0,,0.0,,,,0,,,,,,,,,,,,,,,,,,,,,,,,,,,,,,,,,,,,,,,,,,,,,N,0.0,0.0,7.0,8.0,2.0,2.0,30.0,34.0,7,8,2.0,3.0,30.0,35.0,9,9,0,1.0,1.0,N983DL,N983DL-DL-0,30.0,42.0,4.0,34.0,46.0,,,0.0,30,34,0.0,0.0
N983DL,924.0,2019,2,5,2,4,2019-05-02,DL,DL,19790,DL,2463,,,,,DL,19790,DL,2463,10397,1039707,30397,ATL,"Atlanta, GA",GA,13,Georgia,34,12278,1227805,30928,ICT,"Wichita, KS",KS,20,Kansas,62,929,-5.0,0.0,0.0,-1.0,0900-0959,10.0,934.0,1023.0,6.0,1042,1029.0,-13.0,0.0,0.0,-1.0,1000-1059,0.0,,0.0,133.0,125.0,109.0,1.0,782.0,4,,,0.0,,0.0,,,,0,,,,,,,,,,,,,,,,,,,,,,,,,,,,,,,,,,,,,,,,,,,,,N,0.0,4.0,9.0,10.0,2.0,2.0,38.0,46.0,9,10,2.0,3.0,38.0,47.0,5,5,1,1.0,0.0,N983DL,N983DL-DL-1,38.0,50.0,8.0,46.0,58.0,34.0,4.0,0.0,38,46,0.0,0.0
N983JT,934.0,2019,2,5,2,4,2019-05-02,B6,B6,20409,B6,1833,,,,,B6,20409,B6,1833,10721,1072102,30721,BOS,"Boston, MA",MA,25,Massachusetts,13,14771,1477104,32457,SFO,"San Francisco, CA",CA,6,California,91,928,6.0,6.0,0.0,0.0,0900-0959,22.0,956.0,1335.0,20.0,1307,1355.0,48.0,48.0,1.0,3.0,1300-1359,0.0,,0.0,399.0,441.0,399.0,1.0,2704.0,11,6.0,0.0,42.0,0.0,0.0,,,,0,,,,,,,,,,,,,,,,,,,,,,,,,,,,,,,,,,,,,,,,,,,,,N,0.0,12.0,9.0,13.0,2.0,4.0,38.0,68.0,9,13,2.0,0.0,38.0,64.0,3,3,0,0.0,0.0,N983JT,N983JT-B6-0,38.0,50.0,30.0,68.0,80.0,,,3.0,38,68,0.0,0.0
N983NN,1112.0,2019,2,5,2,4,2019-05-02,AA,AA,19805,AA,23,,,,,AA,19805,AA,23,11298,1129806,30194,DFW,"Dallas/Fort Worth, TX",TX,48,Texas,74,13487,1348702,31650,MSP,"Minneapolis, MN",MN,27,Minnesota,63,720,232.0,232.0,1.0,12.0,0700-0759,41.0,1153.0,1337.0,3.0,941,1340.0,239.0,239.0,1.0,12.0,0900-0959,0.0,,0.0,141.0,148.0,104.0,1.0,852.0,4,207.0,25.0,7.0,0.0,0.0,906.0,13.0,13.0,0,,,,,,,,,,,,,,,,,,,,,,,,,,,,,,,,,,,,,,,,,,,,,N,4.0,4.0,11.0,13.0,1.0,3.0,49.0,59.0,7,9,1.0,3.0,33.0,43.0,5,5,0,0.0,0.0,N983NN,N983NN-AA-0,49.0,61.0,10.0,59.0,71.0,,,0.0,49,59,0.0,0.0
N983SW,709.0,2019,2,5,2,4,2019-05-02,UA,UA_CODESHARE,19977,UA,5213,,,,,OO,20304,OO,5213,10785,1078502,30785,BTV,"Burlington, VT",VT,50,Vermont,16,13930,1393007,30977,ORD,"Chicago, IL",IL,17,Illinois,41,652,17.0,17.0,1.0,1.0,0600-0659,23.0,732.0,836.0,15.0,842,851.0,9.0,9.0,0.0,0.0,0800-0859,0.0,,0.0,170.0,162.0,124.0,1.0,763.0,4,,,0.0,,0.0,,,,0,,,,,,,,,,,,,,,,,,,,,,,,,,,,,,,,,,,,,,,,,,,,,N,0.0,4.0,7.0,8.0,1.0,3.0,29.0,39.0,6,8,3.0,3.0,27.0,39.0,4,4,0,0.0,0.0,N983SW,N983SW-UA-0,29.0,41.0,10.0,39.0,51.0,,,0.0,29,39,0.0,0.0
N983TW,757.0,2019,2,5,2,4,2019-05-02,AA,AA,19805,AA,375,,,,,AA,19805,AA,375,12451,1245102,31136,JAX,"Jacksonville, FL",FL,12,Florida,33,11298,1129806,30194,DFW,"Dallas/Fort Worth, TX",TX,48,Texas,74,804,-7.0,0.0,0.0,-1.0,0800-0859,16.0,813.0,951.0,12.0,954,1003.0,9.0,9.0,0.0,0.0,0900-0959,0.0,,0.0,170.0,186.0,158.0,1.0,918.0,4,,,0.0,,0.0,,,,0,,,,,,,,,,,,,,,,,,,,,,,,,,,,,,,,,,,,,,,,,,,,,N,0.0,4.0,7.0,10.0,4.0,0.0,32.0,44.0,8,9,0.0,4.0,32.0,44.0,5,5,0,0.0,0.0,N983TW,N983TW-AA-0,32.0,44.0,12.0,44.0,56.0,,,0.0,32,44,0.0,0.0
N984DL,728.0,2019,2,5,2,4,2019-05-02,DL,DL,19790,DL,1334,,,,,DL,19790,DL,1334,10397,1039707,30397,ATL,"Atlanta, GA",GA,13,Georgia,34,14524,1452401,34524,RIC,"Richmond, VA",VA,51,Virginia,38,730,-2.0,0.0,0.0,-1.0,0700-0759,17.0,745.0,849.0,4.0,901,853.0,-8.0,0.0,0.0,-1.0,0900-0959,0.0,,0.0,91.0,85.0,64.0,1.0,481.0,2,,,0.0,,0.0,,,,0,,,,,,,,,,,,,,,,,,,,,,,,,,,,,,,,,,,,,,,,,,,,,N,0.0,0.0,7.0,8.0,2.0,4.0,30.0,36.0,7,9,2.0,0.0,30.0,36.0,9,9,0,1.0,1.0,N984DL,N984DL-DL-0,30.0,42.0,6.0,36.0,48.0,,,0.0,30,36,0.0,0.0
N984DL,939.0,2019,2,5,2,4,2019-05-02,DL,DL,19790,DL,1334,,,,,DL,19790,DL,1334,14524,1452401,34524,RIC,"Richmond, VA",VA,51,Virginia,38,10397,1039707,30397,ATL,"Atlanta, GA",GA,13,Georgia,34,945,-6.0,0.0,0.0,-1.0,0900-0959,21.0,1000.0,1116.0,8.0,1127,1124.0,-3.0,0.0,0.0,-1.0,1100-1159,0.0,,0.0,102.0,105.0,76.0,1.0,481.0,2,,,0.0,,0.0,,,,0,,,,,,,,,,,,,,,,,,,,,,,,,,,,,,,,,,,,,,,,,,,,,N,0.0,0.0,9.0,11.0,3.0,2.0,39.0,46.0,9,11,3.0,2.0,39.0,46.0,8,8,1,1.0,0.0,N984DL,N984DL-DL-1,39.0,51.0,7.0,46.0,58.0,36.0,3.0,0.0,39,46,0.0,0.0
N984TW,706.0,2019,2,5,2,4,2019-05-02,AA,AA,19805,AA,1431,,,,,AA,19805,AA,1431,11298,1129806,30194,DFW,"Dallas/Fort Worth, TX",TX,48,Texas,74,10693,1069302,30693,BNA,"Nashville, TN",TN,47,Tennessee,54,705,1.0,1.0,0.0,0.0,0700-0759,21.0,727.0,850.0,6.0,854,856.0,2.0,2.0,0.0,0.0,0800-0859,0.0,,0.0,109.0,110.0,83.0,1.0,631.0,3,,,0.0,,0.0,,,,0,,,,,,,,,,,,,,,,,,,,,,,,,,,,,,,,,,,,,,,,,,,,,N,4.0,4.0,7.0,8.0,0.0,4.0,32.0,40.0,7,8,0.0,4.0,32.0,40.0,2,2,0,0.0,0.0,N984TW,N984TW-AA-0,32.0,44.0,8.0,40.0,52.0,,,0.0,32,40,0.0,0.0
N985AT,720.0,2019,2,5,2,4,2019-05-02,DL,DL,19790,DL,542,,,,,DL,19790,DL,542,13495,1349505,33495,MSY,"New Orleans, LA",LA,22,Louisiana,72,11433,1143302,31295,DTW,"Detroit, MI",MI,26,Michigan,43,730,-10.0,0.0,0.0,-1.0,0700-0759,14.0,734.0,1037.0,6.0,1108,1043.0,-25.0,0.0,0.0,-2.0,1100-1159,0.0,,0.0,158.0,143.0,123.0,1.0,926.0,4,,,0.0,,0.0,,,,0,,,,,,,,,,,,,,,,,,,,,,,,,,,,,,,,,,,,,,,,,,,,,N,4.0,0.0,7.0,10.0,1.0,3.0,33.0,43.0,7,11,2.0,1.0,34.0,45.0,7,7,0,0.0,0.0,N985AT,N985AT-DL-0,34.0,45.0,10.0,44.0,55.0,,,0.0,34,44,0.0,0.0
N985DL,556.0,2019,2,5,2,4,2019-05-02,DL,DL,19790,DL,1039,,,,,DL,19790,DL,1039,10874,1087402,30647,CAK,"Akron, OH",OH,39,Ohio,44,10397,1039707,30397,ATL,"Atlanta, GA",GA,13,Georgia,34,600,-4.0,0.0,0.0,-1.0,0600-0659,13.0,609.0,728.0,8.0,741,736.0,-5.0,0.0,0.0,-1.0,0700-0759,0.0,,0.0,101.0,100.0,79.0,1.0,528.0,3,,,0.0,,0.0,,,,0,,,,,,,,,,,,,,,,,,,,,,,,,,,,,,,,,,,,,,,,,,,,,N,0.0,0.0,5.0,7.0,4.0,2.0,24.0,30.0,6,7,0.0,3.0,24.0,31.0,8,8,0,1.0,1.0,N985DL,N985DL-DL-0,24.0,36.0,6.0,30.0,42.0,,,0.0,24,30,0.0,0.0
N985DL,828.0,2019,2,5,2,4,2019-05-02,DL,DL,19790,DL,2525,,,,,DL,19790,DL,2525,10397,1039707,30397,ATL,"Atlanta, GA",GA,13,Georgia,34,10821,1082106,30852,BWI,"Baltimore, MD",MD,24,Maryland,35,831,-3.0,0.0,0.0,-1.0,0800-0859,10.0,838.0,1002.0,5.0,1022,1007.0,-15.0,0.0,0.0,-1.0,1000-1059,0.0,,0.0,111.0,99.0,84.0,1.0,577.0,3,,,0.0,,0.0,,,,0,,,,,,,,,,,,,,,,,,,,,,,,,,,,,,,,,,,,,,,,,,,,,N,0.0,0.0,8.0,10.0,2.0,0.0,34.0,40.0,8,10,2.0,1.0,34.0,41.0,9,9,1,1.0,0.0,N985DL,N985DL-DL-1,34.0,46.0,6.0,40.0,52.0,30.0,4.0,0.0,34,40,0.0,0.0
N985JT,543.0,2019,2,5,2,4,2019-05-02,B6,B6,20409,B6,948,,,,,B6,20409,B6,948,12889,1288903,32211,LAS,"Las Vegas, NV",NV,32,Nevada,85,12478,1247805,31703,JFK,"New York, NY",NY,36,New York,22,550,-7.0,0.0,0.0,-1.0,0001-0559,11.0,554.0,1310.0,7.0,1359,1317.0,-42.0,0.0,0.0,-2.0,1300-1359,0.0,,0.0,309.0,274.0,256.0,1.0,2248.0,9,,,0.0,,0.0,,,,0,,,,,,,,,,,,,,,,,,,,,,,,,,,,,,,,,,,,,,,,,,,,,N,12.0,0.0,5.0,13.0,3.0,1.0,35.0,53.0,5,13,3.0,4.0,35.0,56.0,3,3,0,0.0,0.0,N985JT,N985JT-B6-0,35.0,47.0,18.0,53.0,65.0,,,0.0,35,53,0.0,0.0
N985NN,910.0,2019,2,5,2,4,2019-05-02,AA,AA,19805,AA,2582,,,,,AA,19805,AA,2582,10821,1082106,30852,BWI,"Baltimore, MD",MD,24,Maryland,35,13930,1393007,30977,ORD,"Chicago, IL",IL,17,Illinois,41,709,121.0,121.0,1.0,8.0,0700-0759,17.0,927.0,1013.0,27.0,835,1040.0,125.0,125.0,1.0,8.0,0800-0859,0.0,,0.0,146.0,150.0,106.0,1.0,621.0,3,121.0,0.0,4.0,0.0,0.0,,,,0,,,,,,,,,,,,,,,,,,,,,,,,,,,,,,,,,,,,,,,,,,,,,N,0.0,4.0,9.0,10.0,1.0,3.0,37.0,47.0,7,8,1.0,2.0,29.0,38.0,7,7,0,0.0,0.0,N985NN,N985NN-AA-0,37.0,49.0,10.0,47.0,59.0,,,0.0,37,47,0.0,0.0
N986AN,127.0,2019,2,5,2,4,2019-05-02,AA,AA,19805,AA,2526,,,,,AA,19805,AA,2526,12889,1288903,32211,LAS,"Las Vegas, NV",NV,32,Nevada,85,11298,1129806,30194,DFW,"Dallas/Fort Worth, TX",TX,48,Texas,74,128,-1.0,0.0,0.0,-1.0,0001-0559,18.0,145.0,551.0,6.0,600,557.0,-3.0,0.0,0.0,-1.0,0600-0659,0.0,,0.0,152.0,150.0,126.0,1.0,1055.0,5,,,0.0,,0.0,,,,0,,,,,,,,,,,,,,,,,,,,,,,,,,,,,,,,,,,,,,,,,,,,,N,12.0,4.0,1.0,5.0,2.0,4.0,18.0,28.0,1,6,2.0,0.0,18.0,28.0,3,3,0,1.0,1.0,N986AN,N986AN-AA-0,18.0,30.0,10.0,28.0,40.0,,,0.0,18,28,0.0,0.0
N986AN,655.0,2019,2,5,2,4,2019-05-02,AA,AA,19805,AA,1079,,,,,AA,19805,AA,1079,11298,1129806,30194,DFW,"Dallas/Fort Worth, TX",TX,48,Texas,74,14747,1474703,30559,SEA,"Seattle, WA",WA,53,Washington,93,655,0.0,0.0,0.0,0.0,0600-0659,24.0,719.0,914.0,11.0,924,925.0,1.0,1.0,0.0,0.0,0900-0959,0.0,,0.0,269.0,270.0,235.0,1.0,1660.0,7,,,0.0,,0.0,,,,0,,,,,,,,,,,,,,,,,,,,,,,,,,,,,,,,,,,,,,,,,,,,,N,4.0,12.0,6.0,9.0,4.0,2.0,32.0,50.0,6,9,4.0,2.0,32.0,50.0,6,6,1,1.0,0.0,N986AN,N986AN-AA-1,32.0,44.0,18.0,50.0,62.0,28.0,4.0,0.0,38,57,7.0,54.92
N986AT,600.0,2019,2,5,2,4,2019-05-02,DL,DL,19790,DL,2159,,,,,DL,19790,DL,2159,13244,1324402,33244,MEM,"Memphis, TN",TN,47,Tennessee,54,11433,1143302,31295,DTW,"Detroit, MI",MI,26,Michigan,43,600,0.0,0.0,0.0,0.0,0600-0659,11.0,611.0,852.0,6.0,855,858.0,3.0,3.0,0.0,0.0,0800-0859,0.0,,0.0,115.0,118.0,101.0,1.0,610.0,3,,,0.0,,0.0,,,,0,,,,,,,,,,,,,,,,,,,,,,,,,,,,,,,,,,,,,,,,,,,,,N,4.0,0.0,6.0,8.0,0.0,4.0,28.0,36.0,6,8,0.0,4.0,28.0,36.0,1,1,0,0.0,0.0,N986AT,N986AT-DL-0,28.0,40.0,8.0,36.0,48.0,,,0.0,28,36,0.0,0.0
N986DL,554.0,2019,2,5,2,4,2019-05-02,DL,DL,19790,DL,1738,,,,,DL,19790,DL,1738,13360,1336003,33360,MLB,"Melbourne, FL",FL,12,Florida,33,10397,1039707,30397,ATL,"Atlanta, GA",GA,13,Georgia,34,600,-6.0,0.0,0.0,-1.0,0600-0659,13.0,607.0,718.0,5.0,731,723.0,-8.0,0.0,0.0,-1.0,0700-0759,0.0,,0.0,91.0,89.0,71.0,1.0,442.0,2,,,0.0,,0.0,,,,0,,,,,,,,,,,,,,,,,,,,,,,,,,,,,,,,,,,,,,,,,,,,,N,0.0,0.0,5.0,7.0,4.0,2.0,24.0,30.0,6,7,0.0,2.0,24.0,30.0,2,2,0,1.0,1.0,N986DL,N986DL-DL-0,24.0,36.0,6.0,30.0,42.0,,,0.0,24,30,0.0,0.0
N986DL,818.0,2019,2,5,2,4,2019-05-02,DL,DL,19790,DL,1913,,,,,DL,19790,DL,1913,10397,1039707,30397,ATL,"Atlanta, GA",GA,13,Georgia,34,12992,1299206,32600,LIT,"Little Rock, AR",AR,5,Arkansas,71,821,-3.0,0.0,0.0,-1.0,0800-0859,12.0,830.0,834.0,4.0,854,838.0,-16.0,0.0,0.0,-2.0,0800-0859,0.0,,0.0,93.0,80.0,64.0,1.0,453.0,2,,,0.0,,0.0,,,,0,,,,,,,,,,,,,,,,,,,,,,,,,,,,,,,,,,,,,,,,,,,,,N,0.0,4.0,8.0,8.0,1.0,3.0,33.0,39.0,8,8,1.0,4.0,33.0,40.0,7,7,1,1.0,0.0,N986DL,N986DL-DL-1,33.0,45.0,6.0,39.0,51.0,30.0,3.0,0.0,33,39,0.0,0.0
N986JB,712.0,2019,2,5,2,4,2019-05-02,B6,B6,20409,B6,123,,,,,B6,20409,B6,123,12478,1247805,31703,JFK,"New York, NY",NY,36,New York,22,12892,1289208,32575,LAX,"Los Angeles, CA",CA,6,California,91,720,-8.0,0.0,0.0,-1.0,0700-0759,20.0,732.0,1033.0,4.0,1033,1037.0,4.0,4.0,0.0,0.0,1000-1059,0.0,,0.0,373.0,385.0,361.0,1.0,2475.0,10,,,0.0,,0.0,,,,0,,,,,,,,,,,,,,,,,,,,,,,,,,,,,,,,,,,,,,,,,,,,,N,0.0,12.0,7.0,10.0,1.0,2.0,29.0,54.0,7,10,1.0,2.0,29.0,54.0,4,4,0,0.0,0.0,N986JB,N986JB-B6-0,29.0,41.0,25.0,54.0,66.0,,,0.0,29,54,0.0,0.0
N986NN,757.0,2019,2,5,2,4,2019-05-02,AA,AA,19805,AA,1426,,,,,AA,19805,AA,1426,14122,1412202,30198,PIT,"Pittsburgh, PA",PA,42,Pennsylvania,23,13930,1393007,30977,ORD,"Chicago, IL",IL,17,Illinois,41,806,-9.0,0.0,0.0,-1.0,0800-0859,12.0,809.0,820.0,50.0,905,910.0,5.0,5.0,0.0,0.0,0900-0959,0.0,,0.0,119.0,133.0,71.0,1.0,413.0,2,,,0.0,,0.0,,,,0,,,,,,,,,,,,,,,,,,,,,,,,,,,,,,,,,,,,,,,,,,,,,N,0.0,4.0,7.0,9.0,4.0,1.0,32.0,41.0,8,9,0.0,0.0,32.0,40.0,3,3,0,0.0,0.0,N986NN,N986NN-AA-0,32.0,44.0,9.0,41.0,53.0,,,0.0,32,45,4.0,16.22
N986SW,514.0,2019,2,5,2,4,2019-05-02,UA,UA_CODESHARE,19977,UA,5069,,,,,OO,20304,OO,5069,11471,1147103,31471,EAU,"Eau Claire, WI",WI,55,Wisconsin,45,13930,1393007,30977,ORD,"Chicago, IL",IL,17,Illinois,41,530,-16.0,0.0,0.0,-2.0,0001-0559,12.0,526.0,615.0,13.0,705,628.0,-37.0,0.0,0.0,-2.0,0700-0759,0.0,,0.0,95.0,74.0,49.0,1.0,269.0,2,,,0.0,,0.0,,,,0,,,,,,,,,,,,,,,,,,,,,,,,,,,,,,,,,,,,,,,,,,,,,N,4.0,4.0,5.0,6.0,1.0,2.0,25.0,30.0,5,7,2.0,0.0,26.0,32.0,4,4,0,1.0,1.0,N986SW,N986SW-UA-0,26.0,37.0,5.0,31.0,42.0,,,0.0,26,32,1.0,4.22
N986SW,751.0,2019,2,5,2,4,2019-05-02,UA,UA_CODESHARE,19977,UA,5071,,,,,OO,20304,OO,5071,13930,1393007,30977,ORD,"Chicago, IL",IL,17,Illinois,41,14952,1495203,34952,SPI,"Springfield, IL",IL,17,Illinois,41,755,-4.0,0.0,0.0,-1.0,0700-0759,36.0,827.0,934.0,6.0,859,940.0,41.0,41.0,1.0,2.0,0800-0859,0.0,,0.0,64.0,109.0,67.0,1.0,174.0,1,0.0,0.0,41.0,0.0,0.0,,,,0,,,,,,,,,,,,,,,,,,,,,,,,,,,,,,,,,,,,,,,,,,,,,N,4.0,4.0,7.0,9.0,3.0,3.0,35.0,43.0,7,8,4.0,4.0,36.0,40.0,9,9,1,1.0,0.0,N986SW,N986SW-UA-1,36.0,47.0,8.0,44.0,55.0,30.0,5.0,3.0,36,44,0.0,0.0
N987AM,648.0,2019,2,5,2,4,2019-05-02,AA,AA,19805,AA,1495,,,,,AA,19805,AA,1495,13303,1330303,32467,MIA,"Miami, FL",FL,12,Florida,33,13930,1393007,30977,ORD,"Chicago, IL",IL,17,Illinois,41,650,-2.0,0.0,0.0,-1.0,0600-0659,21.0,709.0,900.0,15.0,920,915.0,-5.0,0.0,0.0,-1.0,0900-0959,0.0,,0.0,210.0,207.0,171.0,1.0,1197.0,5,,,0.0,,0.0,,,,0,,,,,,,,,,,,,,,,,,,,,,,,,,,,,,,,,,,,,,,,,,,,,N,0.0,4.0,6.0,9.0,3.0,1.0,27.0,41.0,6,9,3.0,1.0,27.0,41.0,2,2,0,0.0,0.0,N987AM,N987AM-AA-0,27.0,39.0,14.0,41.0,53.0,,,0.0,27,42,1.0,2.36
N987AN,629.0,2019,2,5,2,4,2019-05-02,AA,AA,19805,AA,2278,,,,,AA,19805,AA,2278,13303,1330303,32467,MIA,"Miami, FL",FL,12,Florida,33,11278,1127805,30852,DCA,"Washington, DC",VA,51,Virginia,38,633,-4.0,0.0,0.0,-1.0,0600-0659,14.0,643.0,843.0,7.0,907,850.0,-17.0,0.0,0.0,-2.0,0900-0959,0.0,,0.0,154.0,141.0,120.0,1.0,919.0,4,,,0.0,,0.0,,,,0,,,,,,,,,,,,,,,,,,,,,,,,,,,,,,,,,,,,,,,,,,,,,N,0.0,0.0,6.0,8.0,2.0,3.0,26.0,35.0,6,9,2.0,0.0,26.0,36.0,1,1,0,0.0,0.0,N987AN,N987AN-AA-0,26.0,38.0,9.0,35.0,47.0,,,0.0,26,36,1.0,1.22
N987DL,605.0,2019,2,5,2,4,2019-05-02,DL,DL,19790,DL,2261,,,,,DL,19790,DL,2261,11267,1126702,31267,DAY,"Dayton, OH",OH,39,Ohio,44,10397,1039707,30397,ATL,"Atlanta, GA",GA,13,Georgia,34,605,0.0,0.0,0.0,0.0,0600-0659,18.0,623.0,737.0,5.0,747,742.0,-5.0,0.0,0.0,-1.0,0700-0759,0.0,,0.0,102.0,97.0,74.0,1.0,432.0,2,,,0.0,,0.0,,,,0,,,,,,,,,,,,,,,,,,,,,,,,,,,,,,,,,,,,,,,,,,,,,N,0.0,0.0,6.0,7.0,0.0,3.0,24.0,31.0,6,7,0.0,3.0,24.0,31.0,5,5,0,1.0,1.0,N987DL,N987DL-DL-0,24.0,36.0,7.0,31.0,43.0,,,0.0,24,32,1.0,5.2
N987DL,840.0,2019,2,5,2,4,2019-05-02,DL,DL,19790,DL,2094,,,,,DL,19790,DL,2094,10397,1039707,30397,ATL,"Atlanta, GA",GA,13,Georgia,34,10599,1059904,30599,BHM,"Birmingham, AL",AL,1,Alabama,51,842,-2.0,0.0,0.0,-1.0,0800-0859,19.0,859.0,826.0,3.0,832,829.0,-3.0,0.0,0.0,-1.0,0800-0859,0.0,,0.0,50.0,49.0,27.0,1.0,134.0,1,,,0.0,,0.0,,,,0,,,,,,,,,,,,,,,,,,,,,,,,,,,,,,,,,,,,,,,,,,,,,N,0.0,4.0,8.0,8.0,3.0,2.0,35.0,38.0,8,8,3.0,2.0,35.0,38.0,1,1,1,1.0,0.0,N987DL,N987DL-DL-1,35.0,47.0,3.0,38.0,50.0,31.0,4.0,0.0,36,39,1.0,1.16
N987DN,607.0,2019,2,5,2,4,2019-05-02,DL,DL,19790,DL,1123,,,,,DL,19790,DL,1123,12953,1295304,31703,LGA,"New York, NY",NY,36,New York,22,13930,1393007,30977,ORD,"Chicago, IL",IL,17,Illinois,41,610,-3.0,0.0,0.0,-1.0,0600-0659,15.0,622.0,727.0,14.0,757,741.0,-16.0,0.0,0.0,-2.0,0700-0759,0.0,,0.0,167.0,154.0,125.0,1.0,733.0,3,,,0.0,,0.0,,,,0,,,,,,,,,,,,,,,,,,,,,,,,,,,,,,,,,,,,,,,,,,,,,N,0.0,4.0,6.0,7.0,0.0,3.0,24.0,35.0,6,7,1.0,4.0,25.0,36.0,5,5,0,1.0,1.0,N987DN,N987DN-DL-0,25.0,36.0,11.0,36.0,47.0,,,0.0,25,36,0.0,0.0
N987DN,837.0,2019,2,5,2,4,2019-05-02,DL,DL,19790,DL,315,,,,,DL,19790,DL,315,13930,1393007,30977,ORD,"Chicago, IL",IL,17,Illinois,41,12953,1295304,31703,LGA,"New York, NY",NY,36,New York,22,845,-8.0,0.0,0.0,-1.0,0800-0859,33.0,910.0,1147.0,6.0,1205,1153.0,-12.0,0.0,0.0,-1.0,1200-1259,0.0,,0.0,140.0,136.0,97.0,1.0,733.0,3,,,0.0,,0.0,,,,0,,,,,,,,,,,,,,,,,,,,,,,,,,,,,,,,,,,,,,,,,,,,,N,4.0,0.0,8.0,11.0,2.0,4.0,38.0,48.0,8,12,3.0,0.0,39.0,48.0,7,7,1,1.0,0.0,N987DN,N987DN-DL-1,39.0,50.0,10.0,49.0,60.0,35.0,3.0,0.0,40,50,1.0,7.24
N987NN,719.0,2019,2,5,2,4,2019-05-02,AA,AA,19805,AA,2827,,,,,AA,19805,AA,2827,13495,1349505,33495,MSY,"New Orleans, LA",LA,22,Louisiana,72,12892,1289208,32575,LAX,"Los Angeles, CA",CA,6,California,91,645,34.0,34.0,1.0,2.0,0600-0659,14.0,733.0,928.0,24.0,918,952.0,34.0,34.0,1.0,2.0,0900-0959,0.0,,0.0,273.0,273.0,235.0,1.0,1670.0,7,34.0,0.0,0.0,0.0,0.0,,,,0,,,,,,,,,,,,,,,,,,,,,,,,,,,,,,,,,,,,,,,,,,,,,N,4.0,12.0,7.0,9.0,1.0,3.0,33.0,51.0,6,9,3.0,1.0,31.0,49.0,7,7,0,0.0,0.0,N987NN,N987NN-AA-0,33.0,45.0,18.0,51.0,63.0,,,0.0,33,51,0.0,0.0
N987SW,834.0,2019,2,5,2,4,2019-05-02,UA,UA_CODESHARE,19977,UA,5790,,,,,OO,20304,OO,5790,13930,1393007,30977,ORD,"Chicago, IL",IL,17,Illinois,41,12278,1227805,30928,ICT,"Wichita, KS",KS,20,Kansas,62,840,-6.0,0.0,0.0,-1.0,0800-0859,26.0,900.0,1042.0,3.0,1044,1045.0,1.0,1.0,0.0,0.0,1000-1059,0.0,,0.0,124.0,131.0,102.0,1.0,588.0,3,,,0.0,,0.0,,,,0,,,,,,,,,,,,,,,,,,,,,,,,,,,,,,,,,,,,,,,,,,,,,N,4.0,4.0,8.0,10.0,2.0,3.0,38.0,47.0,8,10,3.0,3.0,39.0,47.0,1,1,0,0.0,0.0,N987SW,N987SW-UA-0,39.0,50.0,9.0,48.0,59.0,,,0.0,42,51,3.0,5.8
N988AT,601.0,2019,2,5,2,4,2019-05-02,DL,DL,19790,DL,2604,,,,,DL,19790,DL,2604,12197,1219702,31703,HPN,"White Plains, NY",NY,36,New York,22,10397,1039707,30397,ATL,"Atlanta, GA",GA,13,Georgia,34,600,1.0,1.0,0.0,0.0,0600-0659,16.0,617.0,808.0,8.0,818,816.0,-2.0,0.0,0.0,-1.0,0800-0859,0.0,,0.0,138.0,135.0,111.0,1.0,780.0,4,,,0.0,,0.0,,,,0,,,,,,,,,,,,,,,,,,,,,,,,,,,,,,,,,,,,,,,,,,,,,N,0.0,0.0,6.0,8.0,0.0,1.0,24.0,33.0,6,8,0.0,1.0,24.0,33.0,8,8,0,1.0,1.0,N988AT,N988AT-DL-0,24.0,36.0,9.0,33.0,45.0,,,0.0,24,33,0.0,0.0
N988AT,901.0,2019,2,5,2,4,2019-05-02,DL,DL,19790,DL,889,,,,,DL,19790,DL,889,10397,1039707,30397,ATL,"Atlanta, GA",GA,13,Georgia,34,11973,1197302,31973,GPT,"Gulfport/Biloxi, MS",MS,28,Mississippi,53,903,-2.0,0.0,0.0,-1.0,0900-0959,16.0,917.0,915.0,4.0,922,919.0,-3.0,0.0,0.0,-1.0,0900-0959,0.0,,0.0,79.0,78.0,58.0,1.0,352.0,2,,,0.0,,0.0,,,,0,,,,,,,,,,,,,,,,,,,,,,,,,,,,,,,,,,,,,,,,,,,,,N,0.0,4.0,9.0,9.0,0.0,1.0,36.0,41.0,9,9,0.0,1.0,36.0,41.0,4,4,1,1.0,0.0,N988AT,N988AT-DL-1,36.0,48.0,5.0,41.0,53.0,33.0,3.0,0.0,36,41,0.0,0.0
N988DL,554.0,2019,2,5,2,4,2019-05-02,DL,DL,19790,DL,1481,,,,,DL,19790,DL,1481,12992,1299206,32600,LIT,"Little Rock, AR",AR,5,Arkansas,71,10397,1039707,30397,ATL,"Atlanta, GA",GA,13,Georgia,34,600,-6.0,0.0,0.0,-1.0,0600-0659,10.0,604.0,807.0,8.0,828,815.0,-13.0,0.0,0.0,-1.0,0800-0859,0.0,,0.0,88.0,81.0,63.0,1.0,453.0,2,,,0.0,,0.0,,,,0,,,,,,,,,,,,,,,,,,,,,,,,,,,,,,,,,,,,,,,,,,,,,N,4.0,0.0,5.0,8.0,4.0,1.0,28.0,33.0,6,8,0.0,2.0,28.0,34.0,2,2,0,1.0,1.0,N988DL,N988DL-DL-0,28.0,40.0,5.0,33.0,45.0,,,0.0,28,33,0.0,0.0
N988DL,915.0,2019,2,5,2,4,2019-05-02,DL,DL,19790,DL,2401,,,,,DL,19790,DL,2401,10397,1039707,30397,ATL,"Atlanta, GA",GA,13,Georgia,34,10257,1025702,30257,ALB,"Albany, NY",NY,36,New York,22,918,-3.0,0.0,0.0,-1.0,0900-0959,17.0,932.0,1119.0,4.0,1132,1123.0,-9.0,0.0,0.0,-1.0,1100-1159,0.0,,0.0,134.0,128.0,107.0,1.0,853.0,4,,,0.0,,0.0,,,,0,,,,,,,,,,,,,,,,,,,,,,,,,,,,,,,,,,,,,,,,,,,,,N,0.0,0.0,9.0,11.0,1.0,2.0,37.0,46.0,9,11,1.0,2.0,37.0,46.0,5,5,1,1.0,0.0,N988DL,N988DL-DL-1,37.0,49.0,9.0,46.0,58.0,33.0,4.0,0.0,37,46,0.0,0.0
N989AT,652.0,2019,2,5,2,4,2019-05-02,DL,DL,19790,DL,970,,,,,DL,19790,DL,970,12217,1221702,30255,HSV,"Huntsville, AL",AL,1,Alabama,51,10397,1039707,30397,ATL,"Atlanta, GA",GA,13,Georgia,34,700,-8.0,0.0,0.0,-1.0,0700-0759,15.0,707.0,838.0,11.0,905,849.0,-16.0,0.0,0.0,-2.0,0900-0959,0.0,,0.0,65.0,57.0,31.0,1.0,151.0,1,,,0.0,,0.0,,,,0,,,,,,,,,,,,,,,,,,,,,,,,,,,,,,,,,,,,,,,,,,,,,N,4.0,0.0,6.0,8.0,3.0,3.0,31.0,35.0,7,9,0.0,0.0,32.0,36.0,2,2,0,0.0,0.0,N989AT,N989AT-DL-0,32.0,43.0,4.0,36.0,47.0,,,0.0,32,36,0.0,0.0
N989AU,741.0,2019,2,5,2,4,2019-05-02,AA,AA,19805,AA,2304,,,,,AA,19805,AA,2304,11278,1127805,30852,DCA,"Washington, DC",VA,51,Virginia,38,13930,1393007,30977,ORD,"Chicago, IL",IL,17,Illinois,41,744,-3.0,0.0,0.0,-1.0,0700-0759,23.0,804.0,849.0,15.0,907,904.0,-3.0,0.0,0.0,-1.0,0900-0959,0.0,,0.0,143.0,143.0,105.0,1.0,612.0,3,,,0.0,,0.0,,,,0,,,,,,,,,,,,,,,,,,,,,,,,,,,,,,,,,,,,,,,,,,,,,N,0.0,4.0,7.0,9.0,3.0,0.0,31.0,40.0,7,9,3.0,0.0,31.0,40.0,9,9,0,0.0,0.0,N989AU,N989AU-AA-0,31.0,43.0,9.0,40.0,52.0,,,0.0,31,40,0.0,0.0
N989DL,728.0,2019,2,5,2,4,2019-05-02,DL,DL,19790,DL,1614,,,,,DL,19790,DL,1614,12992,1299206,32600,LIT,"Little Rock, AR",AR,5,Arkansas,71,10397,1039707,30397,ATL,"Atlanta, GA",GA,13,Georgia,34,734,-6.0,0.0,0.0,-1.0,0700-0759,9.0,737.0,942.0,8.0,1004,950.0,-14.0,0.0,0.0,-1.0,1000-1059,0.0,,0.0,90.0,82.0,65.0,1.0,453.0,2,,,0.0,,0.0,,,,0,,,,,,,,,,,,,,,,,,,,,,,,,,,,,,,,,,,,,,,,,,,,,N,4.0,0.0,7.0,9.0,2.0,3.0,34.0,39.0,7,10,2.0,0.0,34.0,40.0,6,6,0,0.0,0.0,N989DL,N989DL-DL-0,34.0,46.0,5.0,39.0,51.0,,,0.0,34,39,0.0,0.0
N989DN,645.0,2019,2,5,2,4,2019-05-02,DL,DL,19790,DL,2250,,,,,DL,19790,DL,2250,13487,1348702,31650,MSP,"Minneapolis, MN",MN,27,Minnesota,63,12339,1233904,32337,IND,"Indianapolis, IN",IN,18,Indiana,42,650,-5.0,0.0,0.0,-1.0,0600-0659,14.0,659.0,914.0,4.0,920,918.0,-2.0,0.0,0.0,-1.0,0900-0959,0.0,,0.0,90.0,93.0,75.0,1.0,503.0,3,,,0.0,,0.0,,,,0,,,,,,,,,,,,,,,,,,,,,,,,,,,,,,,,,,,,,,,,,,,,,N,4.0,0.0,6.0,9.0,3.0,1.0,31.0,37.0,6,9,3.0,1.0,31.0,37.0,6,6,0,0.0,0.0,N989DN,N989DN-DL-0,31.0,43.0,6.0,37.0,49.0,,,0.0,31,37,0.0,0.0
N989JT,611.0,2019,2,5,2,4,2019-05-02,B6,B6,20409,B6,1611,,,,,B6,20409,B6,1611,12478,1247805,31703,JFK,"New York, NY",NY,36,New York,22,12889,1288903,32211,LAS,"Las Vegas, NV",NV,32,Nevada,85,620,-9.0,0.0,0.0,-1.0,0600-0659,18.0,629.0,851.0,9.0,851,900.0,9.0,9.0,0.0,0.0,0800-0859,0.0,,0.0,331.0,349.0,322.0,1.0,2248.0,9,,,0.0,,0.0,,,,0,,,,,,,,,,,,,,,,,,,,,,,,,,,,,,,,,,,,,,,,,,,,,N,0.0,12.0,6.0,9.0,1.0,0.0,25.0,48.0,6,8,1.0,3.0,25.0,47.0,4,4,0,0.0,0.0,N989JT,N989JT-B6-0,25.0,37.0,23.0,48.0,60.0,,,0.0,25,48,0.0,0.0
N989NN,713.0,2019,2,5,2,4,2019-05-02,AA,AA,19805,AA,252,,,,,AA,19805,AA,252,12264,1226402,30852,IAD,"Washington, DC",VA,51,Virginia,38,12892,1289208,32575,LAX,"Los Angeles, CA",CA,6,California,91,715,-2.0,0.0,0.0,-1.0,0700-0759,16.0,729.0,1011.0,10.0,1020,1021.0,1.0,1.0,0.0,0.0,1000-1059,0.0,,0.0,365.0,368.0,342.0,1.0,2288.0,10,,,0.0,,0.0,,,,0,,,,,,,,,,,,,,,,,,,,,,,,,,,,,,,,,,,,,,,,,,,,,N,0.0,12.0,7.0,10.0,1.0,1.0,29.0,53.0,7,10,1.0,1.0,29.0,53.0,7,7,0,0.0,0.0,N989NN,N989NN-AA-0,29.0,41.0,24.0,53.0,65.0,,,0.0,29,53,0.0,0.0
N990AN,527.0,2019,2,5,2,4,2019-05-02,AA,AA,19805,AA,159,,,,,AA,19805,AA,159,13495,1349505,33495,MSY,"New Orleans, LA",LA,22,Louisiana,72,13303,1330303,32467,MIA,"Miami, FL",FL,12,Florida,33,531,-4.0,0.0,0.0,-1.0,0001-0559,15.0,542.0,808.0,7.0,828,815.0,-13.0,0.0,0.0,-1.0,0800-0859,0.0,,0.0,117.0,108.0,86.0,1.0,675.0,3,,,0.0,,0.0,,,,0,,,,,,,,,,,,,,,,,,,,,,,,,,,,,,,,,,,,,,,,,,,,,N,4.0,0.0,5.0,8.0,2.0,1.0,26.0,33.0,5,8,2.0,2.0,26.0,34.0,1,1,0,0.0,0.0,N990AN,N990AN-AA-0,26.0,38.0,7.0,33.0,45.0,,,0.0,26,33,0.0,0.0
N990AT,453.0,2019,2,5,2,4,2019-05-02,DL,DL,19790,DL,2896,,,,,DL,19790,DL,2896,11637,1163703,31637,FAR,"Fargo, ND",ND,38,North Dakota,66,13487,1348702,31650,MSP,"Minneapolis, MN",MN,27,Minnesota,63,500,-7.0,0.0,0.0,-1.0,0001-0559,11.0,504.0,545.0,12.0,559,557.0,-2.0,0.0,0.0,-1.0,0001-0559,0.0,,0.0,59.0,64.0,41.0,1.0,223.0,1,,,0.0,,0.0,,,,0,,,,,,,,,,,,,,,,,,,,,,,,,,,,,,,,,,,,,,,,,,,,,N,4.0,4.0,4.0,5.0,4.0,4.0,24.0,28.0,5,5,0.0,4.0,24.0,28.0,6,6,0,1.0,1.0,N990AT,N990AT-DL-0,24.0,36.0,4.0,28.0,40.0,,,0.0,24,28,0.0,0.0
N990AT,650.0,2019,2,5,2,4,2019-05-02,DL,DL,19790,DL,2656,,,,,DL,19790,DL,2656,13487,1348702,31650,MSP,"Minneapolis, MN",MN,27,Minnesota,63,13198,1319801,33198,MCI,"Kansas City, MO",MO,29,Missouri,64,655,-5.0,0.0,0.0,-1.0,0600-0659,13.0,703.0,810.0,6.0,823,816.0,-7.0,0.0,0.0,-1.0,0800-0859,0.0,,0.0,88.0,86.0,67.0,1.0,393.0,2,,,0.0,,0.0,,,,0,,,,,,,,,,,,,,,,,,,,,,,,,,,,,,,,,,,,,,,,,,,,,N,4.0,4.0,6.0,8.0,3.0,1.0,31.0,37.0,6,8,4.0,2.0,32.0,38.0,7,7,1,1.0,0.0,N990AT,N990AT-DL-1,32.0,43.0,6.0,38.0,49.0,28.0,3.0,0.0,32,38,0.0,0.0
N990DL,522.0,2019,2,5,2,4,2019-05-02,DL,DL,19790,DL,2303,,,,,DL,19790,DL,2303,10994,1099402,30994,CHS,"Charleston, SC",SC,45,South Carolina,37,10397,1039707,30397,ATL,"Atlanta, GA",GA,13,Georgia,34,530,-8.0,0.0,0.0,-1.0,0001-0559,10.0,532.0,614.0,6.0,639,620.0,-19.0,0.0,0.0,-2.0,0600-0659,0.0,,0.0,69.0,58.0,42.0,1.0,259.0,2,,,0.0,,0.0,,,,0,,,,,,,,,,,,,,,,,,,,,,,,,,,,,,,,,,,,,,,,,,,,,N,0.0,0.0,5.0,6.0,1.0,1.0,21.0,25.0,5,6,2.0,3.0,22.0,27.0,6,6,0,1.0,1.0,N990DL,N990DL-DL-0,22.0,33.0,4.0,26.0,37.0,,,0.0,22,26,0.0,0.0
N990DL,814.0,2019,2,5,2,4,2019-05-02,DL,DL,19790,DL,1069,,,,,DL,19790,DL,1069,10397,1039707,30397,ATL,"Atlanta, GA",GA,13,Georgia,34,11066,1106606,31066,CMH,"Columbus, OH",OH,39,Ohio,44,820,-6.0,0.0,0.0,-1.0,0800-0859,18.0,832.0,938.0,5.0,955,943.0,-12.0,0.0,0.0,-1.0,0900-0959,0.0,,0.0,95.0,89.0,66.0,1.0,447.0,2,,,0.0,,0.0,,,,0,,,,,,,,,,,,,,,,,,,,,,,,,,,,,,,,,,,,,,,,,,,,,N,0.0,0.0,8.0,9.0,1.0,3.0,33.0,39.0,8,9,1.0,4.0,33.0,40.0,9,9,1,1.0,0.0,N990DL,N990DL-DL-1,33.0,45.0,6.0,39.0,51.0,25.0,8.0,0.0,34,40,1.0,9.12
N990JL,526.0,2019,2,5,2,4,2019-05-02,B6,B6,20409,B6,23,,,,,B6,20409,B6,23,12478,1247805,31703,JFK,"New York, NY",NY,36,New York,22,12892,1289208,32575,LAX,"Los Angeles, CA",CA,6,California,91,533,-7.0,0.0,0.0,-1.0,0001-0559,10.0,536.0,832.0,9.0,839,841.0,2.0,2.0,0.0,0.0,0800-0859,0.0,,0.0,366.0,375.0,356.0,1.0,2475.0,10,,,0.0,,0.0,,,,0,,,,,,,,,,,,,,,,,,,,,,,,,,,,,,,,,,,,,,,,,,,,,N,0.0,12.0,5.0,8.0,2.0,3.0,22.0,47.0,5,8,2.0,3.0,22.0,47.0,1,1,0,0.0,0.0,N990JL,N990JL-B6-0,22.0,34.0,25.0,47.0,59.0,,,0.0,22,47,0.0,0.0
N990NN,926.0,2019,2,5,2,4,2019-05-02,AA,AA,19805,AA,129,,,,,AA,19805,AA,129,12953,1295304,31703,LGA,"New York, NY",NY,36,New York,22,13930,1393007,30977,ORD,"Chicago, IL",IL,17,Illinois,41,930,-4.0,0.0,0.0,-1.0,0900-0959,30.0,956.0,1054.0,18.0,1123,1112.0,-11.0,0.0,0.0,-1.0,1100-1159,0.0,,0.0,173.0,166.0,118.0,1.0,733.0,3,,,0.0,,0.0,,,,0,,,,,,,,,,,,,,,,,,,,,,,,,,,,,,,,,,,,,,,,,,,,,N,0.0,4.0,9.0,11.0,2.0,1.0,38.0,49.0,9,11,2.0,2.0,38.0,50.0,8,8,0,0.0,0.0,N990NN,N990NN-AA-0,38.0,50.0,11.0,49.0,61.0,,,0.0,38,49,0.0,0.0
N991AT,842.0,2019,2,5,2,4,2019-05-02,DL,DL,19790,DL,514,,,,,DL,19790,DL,514,10397,1039707,30397,ATL,"Atlanta, GA",GA,13,Georgia,34,11995,1199502,31995,GSO,"Greensboro/High Point, NC",NC,37,North Carolina,36,815,27.0,27.0,1.0,1.0,0800-0859,15.0,857.0,950.0,5.0,929,955.0,26.0,26.0,1.0,1.0,0900-0959,0.0,,0.0,74.0,73.0,53.0,1.0,306.0,2,26.0,0.0,0.0,0.0,0.0,,,,0,,,,,,,,,,,,,,,,,,,,,,,,,,,,,,,,,,,,,,,,,,,,,N,0.0,0.0,8.0,9.0,3.0,4.0,35.0,40.0,8,9,1.0,2.0,33.0,38.0,1,1,0,0.0,0.0,N991AT,N991AT-DL-0,35.0,47.0,5.0,40.0,52.0,,,0.0,35,40,0.0,0.0
N991AU,914.0,2019,2,5,2,4,2019-05-02,AA,AA,19805,AA,1316,,,,,AA,19805,AA,1316,11298,1129806,30194,DFW,"Dallas/Fort Worth, TX",TX,48,Texas,74,14057,1405702,34057,PDX,"Portland, OR",OR,41,Oregon,92,845,29.0,29.0,1.0,1.0,0800-0859,24.0,938.0,1113.0,4.0,1100,1117.0,17.0,17.0,1.0,1.0,1100-1159,0.0,,0.0,255.0,243.0,215.0,1.0,1616.0,7,0.0,0.0,0.0,0.0,17.0,,,,0,,,,,,,,,,,,,,,,,,,,,,,,,,,,,,,,,,,,,,,,,,,,,N,4.0,12.0,9.0,11.0,1.0,1.0,41.0,57.0,8,11,3.0,0.0,39.0,56.0,3,3,0,0.0,0.0,N991AU,N991AU-AA-0,40.0,53.0,16.0,56.0,69.0,,,1.0,40,56,0.0,0.0
N991DL,739.0,2019,2,5,2,4,2019-05-02,DL,DL,19790,DL,1209,,,,,DL,19790,DL,1209,14193,1419306,33728,PNS,"Pensacola, FL",FL,12,Florida,33,10397,1039707,30397,ATL,"Atlanta, GA",GA,13,Georgia,34,740,-1.0,0.0,0.0,-1.0,0700-0759,9.0,748.0,929.0,8.0,952,937.0,-15.0,0.0,0.0,-1.0,0900-0959,0.0,,0.0,72.0,58.0,41.0,1.0,271.0,2,,,0.0,,0.0,,,,0,,,,,,,,,,,,,,,,,,,,,,,,,,,,,,,,,,,,,,,,,,,,,N,4.0,0.0,7.0,9.0,3.0,2.0,35.0,38.0,7,9,3.0,3.0,35.0,39.0,6,6,0,0.0,0.0,N991DL,N991DL-DL-0,35.0,47.0,3.0,38.0,50.0,,,0.0,35,38,0.0,0.0
N991NN,756.0,2019,2,5,2,4,2019-05-02,AA,AA,19805,AA,1591,,,,,AA,19805,AA,1591,14843,1484306,34819,SJU,"San Juan, PR",PR,72,Puerto Rico,3,11298,1129806,30194,DFW,"Dallas/Fort Worth, TX",TX,48,Texas,74,756,0.0,0.0,0.0,0.0,0700-0759,17.0,813.0,1156.0,12.0,1230,1208.0,-22.0,0.0,0.0,-2.0,1200-1259,0.0,,0.0,334.0,312.0,283.0,1.0,2165.0,9,,,0.0,,0.0,,,,0,,,,,,,,,,,,,,,,,,,,,,,,,,,,,,,,,,,,,,,,,,,,,N,-4.0,4.0,7.0,12.0,4.0,1.0,28.0,53.0,7,12,4.0,2.0,28.0,54.0,5,5,0,0.0,0.0,N991NN,N991NN-AA-0,28.0,40.0,25.0,53.0,65.0,,,0.0,28,53,0.0,0.0
N992AT,703.0,2019,2,5,2,4,2019-05-02,DL,DL,19790,DL,2314,,,,,DL,19790,DL,2314,13851,1385103,33851,OKC,"Oklahoma City, OK",OK,40,Oklahoma,73,10397,1039707,30397,ATL,"Atlanta, GA",GA,13,Georgia,34,705,-2.0,0.0,0.0,-1.0,0700-0759,11.0,714.0,1001.0,10.0,1009,1011.0,2.0,2.0,0.0,0.0,1000-1059,0.0,,0.0,124.0,128.0,107.0,1.0,761.0,4,,,0.0,,0.0,,,,0,,,,,,,,,,,,,,,,,,,,,,,,,,,,,,,,,,,,,,,,,,,,,N,4.0,0.0,7.0,10.0,0.0,1.0,32.0,41.0,7,10,0.0,1.0,32.0,41.0,3,3,0,0.0,0.0,N992AT,N992AT-DL-0,32.0,44.0,9.0,41.0,53.0,,,0.0,32,41,0.0,0.0
N992AU,726.0,2019,2,5,2,4,2019-05-02,AA,AA,19805,AA,1351,,,,,AA,19805,AA,1351,11298,1129806,30194,DFW,"Dallas/Fort Worth, TX",TX,48,Texas,74,15304,1530402,33195,TPA,"Tampa, FL",FL,12,Florida,33,715,11.0,11.0,0.0,0.0,0700-0759,16.0,742.0,1129.0,4.0,1036,1133.0,57.0,57.0,1.0,3.0,1000-1059,0.0,,0.0,141.0,187.0,167.0,1.0,929.0,4,11.0,0.0,46.0,0.0,0.0,,,,0,,,,,,,,,,,,,,,,,,,,,,,,,,,,,,,,,,,,,,,,,,,,,N,4.0,0.0,7.0,11.0,2.0,2.0,34.0,46.0,7,10,1.0,2.0,33.0,42.0,2,2,0,0.0,0.0,N992AU,N992AU-AA-0,33.0,46.0,12.0,45.0,58.0,,,3.0,33,45,0.0,0.0
N992DL,754.0,2019,2,5,2,4,2019-05-02,DL,DL,19790,DL,2366,,,,,DL,19790,DL,2366,12191,1219102,31453,HOU,"Houston, TX",TX,48,Texas,74,10397,1039707,30397,ATL,"Atlanta, GA",GA,13,Georgia,34,800,-6.0,0.0,0.0,-1.0,0800-0859,8.0,802.0,1036.0,8.0,1101,1044.0,-17.0,0.0,0.0,-2.0,1100-1159,0.0,,0.0,121.0,110.0,94.0,1.0,696.0,3,,,0.0,,0.0,,,,0,,,,,,,,,,,,,,,,,,,,,,,,,,,,,,,,,,,,,,,,,,,,,N,4.0,0.0,7.0,10.0,4.0,3.0,36.0,43.0,8,11,0.0,0.0,36.0,44.0,1,1,0,0.0,0.0,N992DL,N992DL-DL-0,36.0,48.0,7.0,43.0,55.0,,,0.0,36,46,3.0,4.9
N992JB,836.0,2019,2,5,2,4,2019-05-02,B6,B6,20409,B6,63,,,,,B6,20409,B6,63,12478,1247805,31703,JFK,"New York, NY",NY,36,New York,22,14747,1474703,30559,SEA,"Seattle, WA",WA,53,Washington,93,831,5.0,5.0,0.0,0.0,0800-0859,30.0,906.0,1126.0,4.0,1143,1130.0,-13.0,0.0,0.0,-1.0,1100-1159,0.0,,0.0,372.0,354.0,320.0,1.0,2422.0,10,,,0.0,,0.0,,,,0,,,,,,,,,,,,,,,,,,,,,,,,,,,,,,,,,,,,,,,,,,,,,N,0.0,12.0,8.0,11.0,2.0,2.0,34.0,58.0,8,11,2.0,3.0,34.0,59.0,8,8,0,0.0,0.0,N992JB,N992JB-B6-0,34.0,46.0,24.0,58.0,70.0,,,0.0,34,58,0.0,0.0
N992NN,543.0,2019,2,5,2,4,2019-05-02,AA,AA,19805,AA,1585,,,,,AA,19805,AA,1585,11066,1106606,31066,CMH,"Columbus, OH",OH,39,Ohio,44,13930,1393007,30977,ORD,"Chicago, IL",IL,17,Illinois,41,545,-2.0,0.0,0.0,-1.0,0001-0559,16.0,559.0,554.0,15.0,614,609.0,-5.0,0.0,0.0,-1.0,0600-0659,0.0,,0.0,89.0,86.0,55.0,1.0,296.0,2,,,0.0,,0.0,,,,0,,,,,,,,,,,,,,,,,,,,,,,,,,,,,,,,,,,,,,,,,,,,,N,0.0,4.0,5.0,6.0,3.0,1.0,23.0,29.0,5,6,3.0,1.0,23.0,29.0,9,9,0,1.0,1.0,N992NN,N992NN-AA-0,23.0,35.0,6.0,29.0,41.0,,,0.0,23,29,0.0,0.0
N992NN,834.0,2019,2,5,2,4,2019-05-02,AA,AA,19805,AA,2723,,,,,AA,19805,AA,2723,13930,1393007,30977,ORD,"Chicago, IL",IL,17,Illinois,41,10721,1072102,30721,BOS,"Boston, MA",MA,25,Massachusetts,13,840,-6.0,0.0,0.0,-1.0,0800-0859,23.0,857.0,1149.0,4.0,1200,1153.0,-7.0,0.0,0.0,-1.0,1200-1259,0.0,,0.0,140.0,139.0,112.0,1.0,867.0,4,,,0.0,,0.0,,,,0,,,,,,,,,,,,,,,,,,,,,,,,,,,,,,,,,,,,,,,,,,,,,N,4.0,0.0,8.0,11.0,2.0,4.0,38.0,48.0,8,12,3.0,0.0,39.0,48.0,3,3,1,1.0,0.0,N992NN,N992NN-AA-1,39.0,50.0,10.0,49.0,60.0,29.0,9.0,0.0,40,50,1.0,3.24
N993AN,631.0,2019,2,5,2,4,2019-05-02,AA,AA,19805,AA,2498,,,,,AA,19805,AA,2498,13930,1393007,30977,ORD,"Chicago, IL",IL,17,Illinois,41,13303,1330303,32467,MIA,"Miami, FL",FL,12,Florida,33,633,-2.0,0.0,0.0,-1.0,0600-0659,14.0,645.0,1021.0,22.0,1039,1043.0,4.0,4.0,0.0,0.0,1000-1059,0.0,,0.0,186.0,192.0,156.0,1.0,1197.0,5,,,0.0,,0.0,,,,0,,,,,,,,,,,,,,,,,,,,,,,,,,,,,,,,,,,,,,,,,,,,,N,4.0,0.0,6.0,10.0,2.0,3.0,30.0,43.0,6,10,2.0,3.0,30.0,43.0,8,8,0,0.0,0.0,N993AN,N993AN-AA-0,30.0,42.0,13.0,43.0,55.0,,,0.0,30,43,0.0,0.0
N993AT,607.0,2019,2,5,2,4,2019-05-02,DL,DL,19790,DL,1232,,,,,DL,19790,DL,1232,11278,1127805,30852,DCA,"Washington, DC",VA,51,Virginia,38,12478,1247805,31703,JFK,"New York, NY",NY,36,New York,22,605,2.0,2.0,0.0,0.0,0600-0659,16.0,623.0,710.0,9.0,720,719.0,-1.0,0.0,0.0,-1.0,0700-0759,0.0,,0.0,75.0,72.0,47.0,1.0,213.0,1,,,0.0,,0.0,,,,0,,,,,,,,,,,,,,,,,,,,,,,,,,,,,,,,,,,,,,,,,,,,,N,0.0,0.0,6.0,7.0,0.0,1.0,24.0,29.0,6,7,0.0,1.0,24.0,29.0,3,3,0,1.0,1.0,N993AT,N993AT-DL-0,24.0,36.0,5.0,29.0,41.0,,,0.0,24,29,0.0,0.0
N993AT,810.0,2019,2,5,2,4,2019-05-02,DL,DL,19790,DL,1664,,,,,DL,19790,DL,1664,12478,1247805,31703,JFK,"New York, NY",NY,36,New York,22,12451,1245102,31136,JAX,"Jacksonville, FL",FL,12,Florida,33,810,0.0,0.0,0.0,0.0,0800-0859,15.0,825.0,1028.0,6.0,1048,1034.0,-14.0,0.0,0.0,-1.0,1000-1059,0.0,,0.0,158.0,144.0,123.0,1.0,828.0,4,,,0.0,,0.0,,,,0,,,,,,,,,,,,,,,,,,,,,,,,,,,,,,,,,,,,,,,,,,,,,N,0.0,0.0,8.0,10.0,1.0,2.0,33.0,42.0,8,10,1.0,3.0,33.0,43.0,3,3,1,1.0,0.0,N993AT,N993AT-DL-1,33.0,45.0,9.0,42.0,54.0,29.0,4.0,0.0,34,43,1.0,3.2
N993NN,720.0,2019,2,5,2,4,2019-05-02,AA,AA,19805,AA,2190,,,,,AA,19805,AA,2190,14683,1468305,33214,SAT,"San Antonio, TX",TX,48,Texas,74,13930,1393007,30977,ORD,"Chicago, IL",IL,17,Illinois,41,718,2.0,2.0,0.0,0.0,0700-0759,18.0,738.0,948.0,18.0,1009,1006.0,-3.0,0.0,0.0,-1.0,1000-1059,0.0,,0.0,171.0,166.0,130.0,1.0,1041.0,5,,,0.0,,0.0,,,,0,,,,,,,,,,,,,,,,,,,,,,,,,,,,,,,,,,,,,,,,,,,,,N,4.0,4.0,7.0,10.0,1.0,0.0,33.0,44.0,7,10,1.0,1.0,33.0,45.0,3,3,0,0.0,0.0,N993NN,N993NN-AA-0,33.0,45.0,11.0,44.0,56.0,,,0.0,33,44,0.0,0.0
N994AN,727.0,2019,2,5,2,4,2019-05-02,AA,AA,19805,AA,2603,,,,,AA,19805,AA,2603,13303,1330303,32467,MIA,"Miami, FL",FL,12,Florida,33,13204,1320402,31454,MCO,"Orlando, FL",FL,12,Florida,33,730,-3.0,0.0,0.0,-1.0,0700-0759,14.0,741.0,815.0,13.0,835,828.0,-7.0,0.0,0.0,-1.0,0800-0859,0.0,,0.0,65.0,61.0,34.0,1.0,192.0,1,,,0.0,,0.0,,,,0,,,,,,,,,,,,,,,,,,,,,,,,,,,,,,,,,,,,,,,,,,,,,N,0.0,0.0,7.0,8.0,2.0,2.0,30.0,34.0,7,8,2.0,2.0,30.0,34.0,8,8,0,1.0,1.0,N994AN,N994AN-AA-0,30.0,42.0,4.0,34.0,46.0,,,0.0,30,34,0.0,0.0
N994AN,927.0,2019,2,5,2,4,2019-05-02,AA,AA,19805,AA,2458,,,,,AA,19805,AA,2458,13204,1320402,31454,MCO,"Orlando, FL",FL,12,Florida,33,13303,1330303,32467,MIA,"Miami, FL",FL,12,Florida,33,932,-5.0,0.0,0.0,-1.0,0900-0959,14.0,941.0,1023.0,18.0,1040,1041.0,1.0,1.0,0.0,0.0,1000-1059,0.0,,0.0,68.0,74.0,42.0,1.0,192.0,1,,,0.0,,0.0,,,,0,,,,,,,,,,,,,,,,,,,,,,,,,,,,,,,,,,,,,,,,,,,,,N,0.0,0.0,9.0,10.0,2.0,3.0,38.0,43.0,9,10,2.0,3.0,38.0,43.0,7,7,1,1.0,0.0,N994AN,N994AN-AA-1,38.0,50.0,5.0,43.0,55.0,34.0,4.0,0.0,38,43,0.0,0.0
N994AT,718.0,2019,2,5,2,4,2019-05-02,DL,DL,19790,DL,2616,,,,,DL,19790,DL,2616,12478,1247805,31703,JFK,"New York, NY",NY,36,New York,22,11057,1105703,31057,CLT,"Charlotte, NC",NC,37,North Carolina,36,725,-7.0,0.0,0.0,-1.0,0700-0759,16.0,734.0,855.0,10.0,938,905.0,-33.0,0.0,0.0,-2.0,0900-0959,0.0,,0.0,133.0,107.0,81.0,1.0,541.0,3,,,0.0,,0.0,,,,0,,,,,,,,,,,,,,,,,,,,,,,,,,,,,,,,,,,,,,,,,,,,,N,0.0,0.0,7.0,9.0,1.0,0.0,29.0,36.0,7,9,2.0,3.0,30.0,39.0,2,2,0,0.0,0.0,N994AT,N994AT-DL-0,30.0,41.0,7.0,37.0,48.0,,,0.0,30,39,2.0,5.06
N994DL,531.0,2019,2,5,2,4,2019-05-02,DL,DL,19790,DL,1100,,,,,DL,19790,DL,1100,10599,1059904,30599,BHM,"Birmingham, AL",AL,1,Alabama,51,10397,1039707,30397,ATL,"Atlanta, GA",GA,13,Georgia,34,530,1.0,1.0,0.0,0.0,0001-0559,9.0,540.0,717.0,6.0,729,723.0,-6.0,0.0,0.0,-1.0,0700-0759,0.0,,0.0,59.0,52.0,37.0,1.0,134.0,1,,,0.0,,0.0,,,,0,,,,,,,,,,,,,,,,,,,,,,,,,,,,,,,,,,,,,,,,,,,,,N,4.0,0.0,5.0,7.0,2.0,2.0,26.0,30.0,5,7,2.0,2.0,26.0,30.0,2,2,0,1.0,1.0,N994DL,N994DL-DL-0,26.0,38.0,4.0,30.0,42.0,,,0.0,26,30,0.0,0.0
N994DL,835.0,2019,2,5,2,4,2019-05-02,DL,DL,19790,DL,1638,,,,,DL,19790,DL,1638,10397,1039707,30397,ATL,"Atlanta, GA",GA,13,Georgia,34,12191,1219102,31453,HOU,"Houston, TX",TX,48,Texas,74,837,-2.0,0.0,0.0,-1.0,0800-0859,19.0,854.0,945.0,2.0,950,947.0,-3.0,0.0,0.0,-1.0,0900-0959,0.0,,0.0,133.0,132.0,111.0,1.0,696.0,3,,,0.0,,0.0,,,,0,,,,,,,,,,,,,,,,,,,,,,,,,,,,,,,,,,,,,,,,,,,,,N,0.0,4.0,8.0,9.0,2.0,3.0,34.0,43.0,8,9,2.0,3.0,34.0,43.0,8,8,1,1.0,0.0,N994DL,N994DL-DL-1,34.0,46.0,9.0,43.0,55.0,30.0,4.0,0.0,34,43,0.0,0.0
N994NN,954.0,2019,2,5,2,4,2019-05-02,AA,AA,19805,AA,9,,,,,AA,19805,AA,9,13495,1349505,33495,MSY,"New Orleans, LA",LA,22,Louisiana,72,11298,1129806,30194,DFW,"Dallas/Fort Worth, TX",TX,48,Texas,74,749,125.0,125.0,1.0,8.0,0700-0759,61.0,1055.0,1215.0,10.0,940,1225.0,165.0,165.0,1.0,11.0,0900-0959,0.0,,0.0,111.0,151.0,80.0,1.0,447.0,2,125.0,0.0,40.0,0.0,0.0,,,,0,,,,,,,,,,,,,,,,,,,,,,,,,,,,,,,,,,,,,,,,,,,,,N,4.0,4.0,9.0,12.0,4.0,2.0,44.0,54.0,7,9,3.0,3.0,35.0,43.0,8,8,0,0.0,0.0,N994NN,N994NN-AA-0,41.0,56.0,10.0,51.0,66.0,,,3.0,41,51,0.0,0.0
N995AN,633.0,2019,2,5,2,4,2019-05-02,AA,AA,19805,AA,2374,,,,,AA,19805,AA,2374,14771,1477104,32457,SFO,"San Francisco, CA",CA,6,California,91,11298,1129806,30194,DFW,"Dallas/Fort Worth, TX",TX,48,Texas,74,636,-3.0,0.0,0.0,-1.0,0600-0659,21.0,654.0,1151.0,11.0,1207,1202.0,-5.0,0.0,0.0,-1.0,1200-1259,0.0,,0.0,211.0,209.0,177.0,1.0,1464.0,6,,,0.0,,0.0,,,,0,,,,,,,,,,,,,,,,,,,,,,,,,,,,,,,,,,,,,,,,,,,,,N,12.0,4.0,6.0,12.0,2.0,0.0,38.0,52.0,6,12,2.0,0.0,38.0,52.0,2,2,0,0.0,0.0,N995AN,N995AN-AA-0,38.0,50.0,14.0,52.0,64.0,,,0.0,38,52,0.0,0.0
N995DL,907.0,2019,2,5,2,4,2019-05-02,DL,DL,19790,DL,2572,,,,,DL,19790,DL,2572,10821,1082106,30852,BWI,"Baltimore, MD",MD,24,Maryland,35,10397,1039707,30397,ATL,"Atlanta, GA",GA,13,Georgia,34,900,7.0,7.0,0.0,0.0,0900-0959,13.0,920.0,1043.0,9.0,1052,1052.0,0.0,0.0,0.0,0.0,1000-1059,0.0,,0.0,112.0,105.0,83.0,1.0,577.0,3,,,0.0,,0.0,,,,0,,,,,,,,,,,,,,,,,,,,,,,,,,,,,,,,,,,,,,,,,,,,,N,0.0,0.0,9.0,10.0,0.0,3.0,36.0,43.0,9,10,0.0,3.0,36.0,43.0,9,9,0,0.0,0.0,N995DL,N995DL-DL-0,36.0,48.0,7.0,43.0,55.0,,,0.0,37,44,1.0,9.3
N995JL,608.0,2019,2,5,2,4,2019-05-02,B6,B6,20409,B6,583,,,,,B6,20409,B6,583,12478,1247805,31703,JFK,"New York, NY",NY,36,New York,22,13204,1320402,31454,MCO,"Orlando, FL",FL,12,Florida,33,617,-9.0,0.0,0.0,-1.0,0600-0659,11.0,619.0,830.0,12.0,900,842.0,-18.0,0.0,0.0,-2.0,0900-0959,0.0,,0.0,163.0,154.0,131.0,1.0,944.0,4,,,0.0,,0.0,,,,0,,,,,,,,,,,,,,,,,,,,,,,,,,,,,,,,,,,,,,,,,,,,,N,0.0,0.0,6.0,8.0,1.0,3.0,25.0,35.0,6,9,1.0,0.0,25.0,36.0,6,6,0,0.0,0.0,N995JL,N995JL-B6-0,25.0,37.0,10.0,35.0,47.0,,,0.0,25,35,0.0,0.0
N996AN,836.0,2019,2,5,2,4,2019-05-02,AA,AA,19805,AA,1228,,,,,AA,19805,AA,1228,13303,1330303,32467,MIA,"Miami, FL",FL,12,Florida,33,12892,1289208,32575,LAX,"Los Angeles, CA",CA,6,California,91,840,-4.0,0.0,0.0,-1.0,0800-0859,21.0,857.0,1115.0,21.0,1137,1136.0,-1.0,0.0,0.0,-1.0,1100-1159,0.0,,0.0,357.0,360.0,318.0,1.0,2342.0,10,,,0.0,,0.0,,,,0,,,,,,,,,,,,,,,,,,,,,,,,,,,,,,,,,,,,,,,,,,,,,N,0.0,12.0,8.0,11.0,2.0,2.0,34.0,58.0,8,11,3.0,2.0,35.0,58.0,8,8,0,0.0,0.0,N996AN,N996AN-AA-0,35.0,46.0,24.0,59.0,70.0,,,0.0,35,59,0.0,0.0
N996DL,606.0,2019,2,5,2,4,2019-05-02,DL,DL,19790,DL,1284,,,,,DL,19790,DL,1284,15370,1537002,34653,TUL,"Tulsa, OK",OK,40,Oklahoma,73,10397,1039707,30397,ATL,"Atlanta, GA",GA,13,Georgia,34,600,6.0,6.0,0.0,0.0,0600-0659,10.0,616.0,854.0,14.0,857,908.0,11.0,11.0,0.0,0.0,0800-0859,0.0,,0.0,117.0,122.0,98.0,1.0,674.0,3,,,0.0,,0.0,,,,0,,,,,,,,,,,,,,,,,,,,,,,,,,,,,,,,,,,,,,,,,,,,,N,4.0,0.0,6.0,9.0,0.0,1.0,28.0,37.0,6,8,0.0,4.0,28.0,36.0,8,8,0,1.0,1.0,N996DL,N996DL-DL-0,28.0,40.0,9.0,37.0,49.0,,,0.0,28,37,0.0,0.0
N996DL,949.0,2019,2,5,2,4,2019-05-02,DL,DL,19790,DL,1350,,,,,DL,19790,DL,1350,10397,1039707,30397,ATL,"Atlanta, GA",GA,13,Georgia,34,10994,1099402,30994,CHS,"Charleston, SC",SC,45,South Carolina,37,950,-1.0,0.0,0.0,-1.0,0900-0959,21.0,1010.0,1048.0,4.0,1103,1052.0,-11.0,0.0,0.0,-1.0,1100-1159,0.0,,0.0,73.0,63.0,38.0,1.0,259.0,2,,,0.0,,0.0,,,,0,,,,,,,,,,,,,,,,,,,,,,,,,,,,,,,,,,,,,,,,,,,,,N,0.0,0.0,9.0,10.0,3.0,3.0,39.0,43.0,9,11,3.0,0.0,39.0,44.0,5,5,1,1.0,0.0,N996DL,N996DL-DL-1,39.0,51.0,4.0,43.0,55.0,37.0,2.0,0.0,39,43,0.0,0.0
N996JL,317.0,2019,2,5,2,4,2019-05-02,B6,B6,20409,B6,630,,,,,B6,20409,B6,630,10732,1073203,30732,BQN,"Aguadilla, PR",PR,72,Puerto Rico,3,13204,1320402,31454,MCO,"Orlando, FL",FL,12,Florida,33,322,-5.0,0.0,0.0,-1.0,0001-0559,11.0,328.0,553.0,14.0,612,607.0,-5.0,0.0,0.0,-1.0,0600-0659,0.0,,0.0,170.0,170.0,145.0,1.0,1129.0,5,,,0.0,,0.0,,,,0,,,,,,,,,,,,,,,,,,,,,,,,,,,,,,,,,,,,,,,,,,,,,N,-4.0,0.0,3.0,6.0,1.0,0.0,9.0,24.0,3,6,1.0,1.0,9.0,25.0,2,2,0,1.0,1.0,N996JL,N996JL-B6-0,9.0,21.0,15.0,24.0,36.0,,,0.0,9,24,0.0,0.0
N996JL,739.0,2019,2,5,2,4,2019-05-02,B6,B6,20409,B6,52,,,,,B6,20409,B6,52,13204,1320402,31454,MCO,"Orlando, FL",FL,12,Florida,33,10721,1072102,30721,BOS,"Boston, MA",MA,25,Massachusetts,13,742,-3.0,0.0,0.0,-1.0,0700-0759,15.0,754.0,1017.0,9.0,1036,1026.0,-10.0,0.0,0.0,-1.0,1000-1059,0.0,,0.0,174.0,167.0,143.0,1.0,1121.0,5,,,0.0,,0.0,,,,0,,,,,,,,,,,,,,,,,,,,,,,,,,,,,,,,,,,,,,,,,,,,,N,0.0,0.0,7.0,10.0,3.0,2.0,31.0,42.0,7,10,3.0,2.0,31.0,42.0,4,4,1,1.0,0.0,N996JL,N996JL-B6-1,31.0,43.0,11.0,42.0,54.0,24.0,7.0,0.0,31,42,0.0,0.0
N997AA,323.0,2019,2,5,2,4,2019-05-02,AA,AA,19805,AA,1383,,,,,AA,19805,AA,1383,12892,1289208,32575,LAX,"Los Angeles, CA",CA,6,California,91,11298,1129806,30194,DFW,"Dallas/Fort Worth, TX",TX,48,Texas,74,105,138.0,138.0,1.0,9.0,0001-0559,18.0,341.0,811.0,6.0,601,817.0,136.0,136.0,1.0,9.0,0600-0659,0.0,,0.0,176.0,174.0,150.0,1.0,1235.0,5,136.0,0.0,0.0,0.0,0.0,,,,0,,,,,,,,,,,,,,,,,,,,,,,,,,,,,,,,,,,,,,,,,,,,,N,12.0,4.0,3.0,8.0,2.0,1.0,26.0,37.0,1,6,0.0,0.0,16.0,28.0,2,2,0,0.0,0.0,N997AA,N997AA-AA-0,26.0,38.0,11.0,37.0,49.0,,,0.0,26,37,0.0,0.0
N997AT,523.0,2019,2,5,2,4,2019-05-02,DL,DL,19790,DL,2023,,,,,DL,19790,DL,2023,12217,1221702,30255,HSV,"Huntsville, AL",AL,1,Alabama,51,10397,1039707,30397,ATL,"Atlanta, GA",GA,13,Georgia,34,530,-7.0,0.0,0.0,-1.0,0001-0559,14.0,537.0,705.0,5.0,726,710.0,-16.0,0.0,0.0,-2.0,0700-0759,0.0,,0.0,56.0,47.0,28.0,1.0,151.0,1,,,0.0,,0.0,,,,0,,,,,,,,,,,,,,,,,,,,,,,,,,,,,,,,,,,,,,,,,,,,,N,4.0,0.0,5.0,7.0,2.0,1.0,26.0,29.0,5,7,2.0,2.0,26.0,30.0,3,3,0,1.0,1.0,N997AT,N997AT-DL-0,26.0,38.0,3.0,29.0,41.0,,,0.0,26,29,0.0,0.0
N997AT,806.0,2019,2,5,2,4,2019-05-02,DL,DL,19790,DL,1186,,,,,DL,19790,DL,1186,10397,1039707,30397,ATL,"Atlanta, GA",GA,13,Georgia,34,11259,1125904,30194,DAL,"Dallas, TX",TX,48,Texas,74,812,-6.0,0.0,0.0,-1.0,0800-0859,14.0,820.0,943.0,6.0,921,949.0,28.0,28.0,1.0,1.0,0900-0959,0.0,,0.0,129.0,163.0,143.0,1.0,721.0,3,0.0,0.0,28.0,0.0,0.0,,,,0,,,,,,,,,,,,,,,,,,,,,,,,,,,,,,,,,,,,,,,,,,,,,N,0.0,4.0,8.0,9.0,0.0,3.0,32.0,43.0,8,9,1.0,1.0,33.0,41.0,5,5,1,1.0,0.0,N997AT,N997AT-DL-1,33.0,44.0,11.0,44.0,55.0,29.0,3.0,2.0,33,44,0.0,0.0
N997NN,637.0,2019,2,5,2,4,2019-05-02,AA,AA,19805,AA,2660,,,,,AA,19805,AA,2660,14100,1410005,34100,PHL,"Philadelphia, PA",PA,42,Pennsylvania,23,10721,1072102,30721,BOS,"Boston, MA",MA,25,Massachusetts,13,645,-8.0,0.0,0.0,-1.0,0600-0659,15.0,652.0,747.0,14.0,806,801.0,-5.0,0.0,0.0,-1.0,0800-0859,0.0,,0.0,81.0,84.0,55.0,1.0,280.0,2,,,0.0,,0.0,,,,0,,,,,,,,,,,,,,,,,,,,,,,,,,,,,,,,,,,,,,,,,,,,,N,0.0,0.0,6.0,8.0,2.0,0.0,26.0,32.0,6,8,3.0,0.0,27.0,32.0,4,4,0,1.0,1.0,N997NN,N997NN-AA-0,27.0,38.0,6.0,33.0,44.0,,,0.0,27,35,2.0,9.04
N997NN,847.0,2019,2,5,2,4,2019-05-02,AA,AA,19805,AA,88,,,,,AA,19805,AA,88,10721,1072102,30721,BOS,"Boston, MA",MA,25,Massachusetts,13,13930,1393007,30977,ORD,"Chicago, IL",IL,17,Illinois,41,851,-4.0,0.0,0.0,-1.0,0800-0859,70.0,957.0,1121.0,17.0,1054,1138.0,44.0,44.0,1.0,2.0,1000-1059,0.0,,0.0,183.0,231.0,144.0,1.0,867.0,4,0.0,0.0,44.0,0.0,0.0,,,,0,,,,,,,,,,,,,,,,,,,,,,,,,,,,,,,,,,,,,,,,,,,,,N,0.0,4.0,8.0,11.0,3.0,3.0,35.0,51.0,8,10,3.0,4.0,35.0,48.0,8,8,1,1.0,0.0,N997NN,N997NN-AA-1,35.0,47.0,16.0,51.0,63.0,32.0,3.0,3.0,35,51,0.0,0.0
N998AN,827.0,2019,2,5,2,4,2019-05-02,AA,AA,19805,AA,1048,,,,,AA,19805,AA,1048,13303,1330303,32467,MIA,"Miami, FL",FL,12,Florida,33,11278,1127805,30852,DCA,"Washington, DC",VA,51,Virginia,38,827,0.0,0.0,0.0,0.0,0800-0859,9.0,836.0,1040.0,5.0,1059,1045.0,-14.0,0.0,0.0,-1.0,1000-1059,0.0,,0.0,152.0,138.0,124.0,1.0,919.0,4,,,0.0,,0.0,,,,0,,,,,,,,,,,,,,,,,,,,,,,,,,,,,,,,,,,,,,,,,,,,,N,0.0,0.0,8.0,10.0,2.0,3.0,34.0,43.0,8,10,2.0,4.0,34.0,44.0,2,2,0,0.0,0.0,N998AN,N998AN-AA-0,34.0,46.0,9.0,43.0,55.0,,,0.0,34,43,0.0,0.0
N998AT,604.0,2019,2,5,2,4,2019-05-02,DL,DL,19790,DL,480,,,,,DL,19790,DL,480,11003,1100303,31003,CID,"Cedar Rapids/Iowa City, IA",IA,19,Iowa,61,10397,1039707,30397,ATL,"Atlanta, GA",GA,13,Georgia,34,600,4.0,4.0,0.0,0.0,0600-0659,16.0,620.0,904.0,10.0,905,914.0,9.0,9.0,0.0,0.0,0900-0959,0.0,,0.0,125.0,130.0,104.0,1.0,694.0,3,,,0.0,,0.0,,,,0,,,,,,,,,,,,,,,,,,,,,,,,,,,,,,,,,,,,,,,,,,,,,N,4.0,0.0,6.0,9.0,0.0,1.0,28.0,37.0,6,9,0.0,0.0,28.0,36.0,5,5,0,0.0,0.0,N998AT,N998AT-DL-0,28.0,40.0,9.0,37.0,49.0,,,0.0,28,37,0.0,0.0
N998DL,525.0,2019,2,5,2,4,2019-05-02,DL,DL,19790,DL,689,,,,,DL,19790,DL,689,11996,1199603,31871,GSP,"Greer, SC",SC,45,South Carolina,37,10397,1039707,30397,ATL,"Atlanta, GA",GA,13,Georgia,34,530,-5.0,0.0,0.0,-1.0,0001-0559,11.0,536.0,607.0,9.0,628,616.0,-12.0,0.0,0.0,-1.0,0600-0659,0.0,,0.0,58.0,51.0,31.0,1.0,153.0,1,,,0.0,,0.0,,,,0,,,,,,,,,,,,,,,,,,,,,,,,,,,,,,,,,,,,,,,,,,,,,N,0.0,0.0,5.0,6.0,2.0,1.0,22.0,25.0,5,6,2.0,2.0,22.0,26.0,9,9,0,1.0,1.0,N998DL,N998DL-DL-0,22.0,34.0,3.0,25.0,37.0,,,0.0,22,25,0.0,0.0
N998DL,731.0,2019,2,5,2,4,2019-05-02,DL,DL,19790,DL,1478,,,,,DL,19790,DL,1478,10397,1039707,30397,ATL,"Atlanta, GA",GA,13,Georgia,34,14100,1410005,34100,PHL,"Philadelphia, PA",PA,42,Pennsylvania,23,728,3.0,3.0,0.0,0.0,0700-0759,17.0,748.0,936.0,2.0,930,938.0,8.0,8.0,0.0,0.0,0900-0959,0.0,,0.0,122.0,127.0,108.0,1.0,666.0,3,,,0.0,,0.0,,,,0,,,,,,,,,,,,,,,,,,,,,,,,,,,,,,,,,,,,,,,,,,,,,N,0.0,0.0,7.0,9.0,2.0,3.0,30.0,39.0,7,9,2.0,2.0,30.0,38.0,7,7,1,1.0,0.0,N998DL,N998DL-DL-1,30.0,42.0,9.0,39.0,51.0,25.0,5.0,0.0,31,40,1.0,7.16
N999DN,759.0,2019,2,5,2,4,2019-05-02,DL,DL,19790,DL,2242,,,,,DL,19790,DL,2242,10599,1059904,30599,BHM,"Birmingham, AL",AL,1,Alabama,51,10397,1039707,30397,ATL,"Atlanta, GA",GA,13,Georgia,34,800,-1.0,0.0,0.0,-1.0,0800-0859,11.0,810.0,945.0,6.0,1007,951.0,-16.0,0.0,0.0,-2.0,1000-1059,0.0,,0.0,67.0,52.0,35.0,1.0,134.0,1,,,0.0,,0.0,,,,0,,,,,,,,,,,,,,,,,,,,,,,,,,,,,,,,,,,,,,,,,,,,,N,4.0,0.0,7.0,9.0,4.0,3.0,36.0,39.0,8,10,0.0,0.0,36.0,40.0,5,5,0,0.0,0.0,N999DN,N999DN-DL-0,36.0,48.0,3.0,39.0,51.0,,,0.0,36,39,0.0,0.0
N999JQ,601.0,2019,2,5,2,4,2019-05-02,B6,B6,20409,B6,51,,,,,B6,20409,B6,51,10721,1072102,30721,BOS,"Boston, MA",MA,25,Massachusetts,13,13204,1320402,31454,MCO,"Orlando, FL",FL,12,Florida,33,606,-5.0,0.0,0.0,-1.0,0600-0659,20.0,621.0,855.0,9.0,915,904.0,-11.0,0.0,0.0,-1.0,0900-0959,0.0,,0.0,189.0,183.0,154.0,1.0,1121.0,5,,,0.0,,0.0,,,,0,,,,,,,,,,,,,,,,,,,,,,,,,,,,,,,,,,,,,,,,,,,,,N,0.0,0.0,6.0,9.0,0.0,0.0,24.0,36.0,6,9,0.0,1.0,24.0,37.0,2,2,0,0.0,0.0,N999JQ,N999JQ-B6-0,24.0,36.0,12.0,36.0,48.0,,,0.0,24,36,0.0,0.0
